1.069517327937660230e+04 7.958804138919335582e-20 2.007511387529373279e-20
1.070152207100015039e+04 8.703644693387867992e-20 1.626798211360217298e-20
1.070787081427911471e+04 9.730658911686035146e-20 1.544855806509456307e-20
1.071421952954581138e+04 1.315589292262533278e-19 1.558975517312320653e-20
1.072056821678644337e+04 8.010613922496566423e-20 1.562216817825868333e-20
1.072691687598288081e+04 9.227948705438835259e-20 1.581906833860928589e-20
1.073326550711699747e+04 7.094472873393105772e-20 1.684160692515851158e-20
1.073961411017499267e+04 9.838032214543851792e-20 1.717117407412484185e-20
1.074596268513874202e+04 1.037568788255696006e-19 1.779964247260243875e-20
1.075231123199155081e+04 1.084916345030412409e-19 1.840002579494180131e-20
1.075865975071528010e+04 9.428430055953821220e-20 1.719565504830636779e-20
1.076500824129614739e+04 9.380071916685500040e-20 1.580163371540299441e-20
1.077135670371599736e+04 8.767559482926259761e-20 1.587894898779499517e-20
1.077770513795813167e+04 1.209116539780011807e-19 1.546275254797850694e-20
1.078405354400585202e+04 1.470226730258758854e-19 1.639721224551830466e-20
1.079040192184248372e+04 1.389925016421206651e-19 1.537632838700282097e-20
1.079675027145138120e+04 1.268297991566540588e-19 1.522607414167557367e-20
1.080297732713587902e+04 1.255078575430640960e-19 1.510473010913672908e-20
1.080932561252848063e+04 8.085547277851917346e-20 1.503825464088420379e-20
1.081567386663000434e+04 9.253211379969187839e-20 1.477287592995230528e-20
1.082202209240782940e+04 1.053766754635896326e-19 1.492098823398746992e-20
1.082837028987458689e+04 9.554323235574571266e-20 1.560419110316373582e-20
1.083471845901356755e+04 1.034996769012475973e-19 1.520868766512167813e-20
1.084106659980805853e+04 1.078326912756330813e-19 1.516471951334952357e-20
1.084741471224135421e+04 9.252240719361118631e-20 1.524378740317057895e-20
1.085376279629677265e+04 8.506809665490344766e-20 1.500629435042823137e-20
1.086011085195757187e+04 8.245745103120302988e-20 1.541325370975630446e-20
1.086645887920707901e+04 7.439875195453212123e-20 1.386424282989314541e-20
1.087280687803000001e+04 8.331432292957755339e-20 1.398493753246546131e-20
1.087915484840672616e+04 8.219515693852248473e-20 1.436712154176059635e-20
1.088550279032200160e+04 9.203623275747358904e-20 1.523614667935105492e-20
1.089185070375913165e+04 8.353825750762719957e-20 1.622349797081562289e-20
1.089819858870279131e+04 1.493752249386109980e-19 1.527595886460401055e-20
1.090454644513345011e+04 5.475238993093997547e-20 1.621706910726938838e-20
1.091089427303721459e+04 1.214497881776333469e-19 1.812248437040954013e-20
1.091724207239452880e+04 1.139617447839942986e-19 1.607331241358818203e-20
1.092358984319008050e+04 8.734709124884100084e-20 1.443009259558817167e-20
1.092993758540718409e+04 6.050943693871232263e-20 1.452909825816353812e-20
1.093628529903054005e+04 7.287397820673599775e-20 1.351891005084247034e-20
1.094263298404197121e+04 1.113711609794515530e-19 1.400336912567476680e-20
1.094898064042189071e+04 1.075809884602370856e-19 1.382186715224412429e-20
1.095532826815931367e+04 7.435181571802845430e-20 1.297344005700804020e-20
1.096167586723465683e+04 7.733153715478357572e-20 1.336549736536900200e-20
1.096802343762974306e+04 8.009808218889400076e-20 1.337669373667138478e-20
1.097437097933068799e+04 1.354647457450542086e-19 1.414511484171653700e-20
1.098071849231791202e+04 3.972649287616217109e-19 1.654373733048146189e-20
1.098706597657751627e+04 4.845593897387624579e-19 1.858989457068751601e-20
1.099341343208991202e+04 1.159256259804822965e-19 1.290159375794029246e-20
1.099976085883980886e+04 9.739113844876340387e-20 1.363368410774872142e-20
1.100610825681334427e+04 1.199745634684044078e-19 1.357509677831172602e-20
1.101245562598947436e+04 7.304403641427698368e-20 1.367616963332774027e-20
1.101880296635288323e+04 6.961958407471019552e-20 1.412459834977986493e-20
1.102515027788824955e+04 9.811802054686367650e-20 1.367386880144692358e-20
1.103149756057449667e+04 8.307092304074156814e-20 1.350269072909969348e-20
1.103784481439778392e+04 1.080282783162457797e-19 1.296356928504373450e-20
1.104419203934424877e+04 8.789923184960052072e-20 1.267530778880234141e-20
1.105053923539137031e+04 7.447342426909996218e-20 1.267570903183353491e-20
1.105688640252671939e+04 1.100238118708633696e-19 1.378250033058067568e-20
1.106323354073355404e+04 1.145774696959266535e-19 1.362219944835222300e-20
1.106958064999075577e+04 8.363392200638246045e-20 1.416748480347984568e-20
1.107592773028589545e+04 9.256834622206871871e-20 1.413389690856902240e-20
1.108227478160078135e+04 9.201675821028941984e-20 1.280021057042088520e-20
1.108862180391865513e+04 8.351917647339686725e-20 1.328852040672121219e-20
1.109496879722273297e+04 9.263378565877731101e-20 1.383376446148628903e-20
1.110131576149626380e+04 7.200737859539255459e-20 1.293936667773928107e-20
1.110766269672250019e+04 6.623004072621556076e-20 1.378549663026054223e-20
1.111400960288612259e+04 5.648381538518467687e-20 1.476969663576846850e-20
1.112035647996745320e+04 9.324883555423468556e-20 1.351216501307093311e-20
1.112670332795260765e+04 1.261009185146484637e-19 1.254485348135547610e-20
1.113305014682190267e+04 7.123608936789552851e-20 1.212973483645662804e-20
1.113939693656001691e+04 9.590941526387859263e-20 1.225793492931150785e-20
1.114574369715017201e+04 1.336620006647086229e-19 1.372727405289862911e-20
1.115209042857559143e+04 1.148189373177744376e-19 1.325518554397318608e-20
1.115843713081950227e+04 1.063400592679863679e-19 1.364091813847073453e-20
1.116478380386510435e+04 7.418808488953288002e-20 1.403909049539652754e-20
1.117113044769707267e+04 6.423298253754950778e-20 1.374357612060151122e-20
1.117747706229716459e+04 1.104527416233750944e-19 1.399585640795904103e-20
1.118382364764708291e+04 8.687647272026261949e-20 1.312147528496015747e-20
1.119017020373299420e+04 1.008177135955391433e-19 1.293890907456394559e-20
1.119651673053520244e+04 8.874310335713901780e-20 1.345130666546761670e-20
1.120286322804128031e+04 8.972610822378377115e-20 1.391582552359053773e-20
1.120920969622854500e+04 8.735398568517018187e-20 1.340530406240529268e-20
1.121555613508167880e+04 9.638357488189791713e-20 1.458552091228480718e-20
1.122190254458975869e+04 8.742153774349661014e-20 1.457058755881837905e-20
1.122824892472864303e+04 6.027420894900768071e-20 1.391444327404451981e-20
1.123459527548444385e+04 7.847808355972401148e-20 1.379742978691521642e-20
1.124094159684328588e+04 8.852365186787066166e-20 1.463693089153654232e-20
1.124728788878098567e+04 9.024882825856809778e-20 1.351043879700825601e-20
1.125363415128810630e+04 9.134222347799319629e-20 1.342681186831013911e-20
1.125998038434636328e+04 1.295112307588355805e-19 1.310273718373369619e-20
1.126632658793448536e+04 8.731128411385465231e-20 1.316854981652682407e-20
1.127267276204009067e+04 7.263715464140973675e-20 1.289995901948745926e-20
1.127901890664490566e+04 1.023143822714384836e-19 1.463078644618902680e-20
1.128536502173207373e+04 7.593616235481024521e-20 1.363280825730854127e-20
1.129171110728329404e+04 1.010076212482183200e-19 1.317405922520104898e-20
1.129805716328470044e+04 8.077789744587615770e-20 1.276480634053197088e-20
1.130440318971800480e+04 5.368298492391399041e-20 1.376342698255761285e-20
1.131074918656631598e+04 9.209986803393591156e-20 1.363741076919594657e-20
1.131709515381135316e+04 8.534960548641320777e-20 1.380008360589517627e-20
1.132344109144068534e+04 8.420896287394187210e-20 1.349986896713320920e-20
1.132978699943305583e+04 8.728474357552773278e-20 1.387288859973416790e-20
1.133613287777451660e+04 7.284135024618388660e-20 1.255932828252944362e-20
1.134247872644381459e+04 1.023419126620045166e-19 1.302509583694890772e-20
1.134882454543003041e+04 6.625195704718745357e-20 1.263674704644725953e-20
1.135517033471038849e+04 7.718148741264938633e-20 1.219193476924201471e-20
1.136151609427395852e+04 9.024984090682211320e-20 1.342544003963527492e-20
1.136786182409795583e+04 4.943005222209676333e-20 1.296251780186752689e-20
1.137420752417146832e+04 9.968087672080650817e-20 1.343699645102018048e-20
1.138055319447464899e+04 7.612739626456325298e-20 1.270657606490304980e-20
1.138689883498763811e+04 6.805235980079340309e-20 1.234547966493356548e-20
1.139324444570100968e+04 7.416872007078492079e-20 1.427961948812305296e-20
1.139959002659041107e+04 9.499568177640216306e-20 1.364364494831320079e-20
1.140593557764043726e+04 9.473865384298062036e-20 1.233147887147208820e-20
1.141228109883725847e+04 1.034974368905481523e-19 1.325338272960154554e-20
1.141862659016401994e+04 1.236877715387893202e-19 1.336319631444452319e-20
1.142497205160230624e+04 9.634642009091614232e-20 1.264806707631190343e-20
1.143131748313224671e+04 4.292727595070878997e-20 1.301385839122581975e-20
1.143766288474444991e+04 6.353323079947866934e-20 1.291880481952020506e-20
1.144400825641602023e+04 8.400813066688365436e-20 1.309177244813346412e-20
1.145035359812854585e+04 9.080569300096017479e-20 1.396467777205898433e-20
1.145669890987266444e+04 9.621557305523723452e-20 1.273683928931226480e-20
1.146304419162539489e+04 1.079547052227622804e-19 1.469998999942055277e-20
1.146938944336687018e+04 1.054408564378987023e-19 1.392237246048874623e-20
1.147573466509219725e+04 1.124172780492928499e-19 1.359393679784115533e-20
1.148207985677245779e+04 1.148074534499792562e-19 1.313635369554080410e-20
1.148842501839374199e+04 8.545238319783784877e-20 1.214585435233813754e-20
1.149477014994671299e+04 9.660775845461273252e-20 1.327753889052222751e-20
1.150111525140384401e+04 3.171237664401910840e-20 1.326605410444601234e-20
1.150746032275124708e+04 7.357529657047636126e-20 1.182413110336056668e-20
1.151380536397957439e+04 9.951056732610090430e-20 1.244827476598756374e-20
1.152015037506132830e+04 8.523787241482271743e-20 1.285000615935990138e-20
1.152649535598704279e+04 8.306154059704739694e-20 1.237051730426102755e-20
1.153284030673378766e+04 1.002591875092023203e-19 1.386286752731458626e-20
1.153918522728761309e+04 9.607589819057483100e-20 1.435936147296076265e-20
1.154553011763468749e+04 1.214074467935694477e-19 1.295354505363040964e-20
1.155187497775348311e+04 5.580644435846000972e-20 1.328567033973184447e-20
1.155821980762556996e+04 7.612716729236921167e-20 1.273988709201230779e-20
1.156456460724459794e+04 7.665882637536882029e-20 1.298792842636461085e-20
1.157090937657846189e+04 9.862557713496915857e-20 1.303416802948413423e-20
1.157725411562231056e+04 6.870661088949058626e-20 1.237658811329994712e-20
1.158359882435314103e+04 8.776764654655960740e-20 1.253511516000257514e-20
1.158994350275392935e+04 6.537590586641170899e-20 1.303176014370772759e-20
1.159628815081232642e+04 8.285132198091223792e-20 1.333678632419029869e-20
1.160263276850679176e+04 9.662530469722423851e-20 1.270408229339292855e-20
1.160897735582339737e+04 9.559495341429751613e-20 1.288328255859715250e-20
1.161532191274214892e+04 2.555937532029262490e-19 1.418974644191060600e-20
1.162166643924907476e+04 8.135368178563207514e-19 1.980506284435768283e-20
1.162801093532263621e+04 6.402733290950822662e-19 1.811903220481175919e-20
1.163435540095044416e+04 1.342522732147109644e-19 1.326297953504386495e-20
1.164069983611552198e+04 7.738801614160668784e-20 1.486080451851470571e-20
1.164704424079778437e+04 7.709921990737984006e-20 1.341026184295199005e-20
1.165338861498330880e+04 9.989146491766298047e-20 1.300173901262995042e-20
1.165973295865352338e+04 7.288286923066470555e-20 1.341424513101749266e-20
1.166607727178992172e+04 7.424484979465567674e-20 1.256203370408622815e-20
1.167242155437704423e+04 1.199023083029775814e-19 1.300568634253988335e-20
1.167876580639789245e+04 1.359108616511724186e-19 1.290902329157904225e-20
1.168511002783547337e+04 2.088614575802110508e-19 1.423513433370075621e-20
1.169145421867431469e+04 1.533828533522786328e-19 1.295716856830963955e-20
1.169779837889585360e+04 8.667660345920457245e-20 1.299174864088735076e-20
1.170414250848302618e+04 9.818381669733379623e-20 1.390288253837597125e-20
1.171048660741878848e+04 8.672410371766944498e-20 1.337181478330717096e-20
1.171683067568304614e+04 9.914552592770647369e-20 1.363789376462444482e-20
1.172317471326802479e+04 9.169446798768025392e-20 1.324504611572539823e-20
1.172951872014440596e+04 8.652406759550122021e-20 1.249258805003702269e-20
1.173586269630586139e+04 7.446680217654501098e-20 1.188801673172337675e-20
1.174220664172619399e+04 1.107960089088455212e-19 1.262701155360422740e-20
1.174855055639907187e+04 9.830839724005209999e-20 1.211907847941082593e-20
1.175489444029360675e+04 8.836121576617835166e-20 1.274997509457177673e-20
1.176123829340655357e+04 6.800012993446228663e-20 1.262916352469416737e-20
1.176758211571168613e+04 3.426588505506125074e-20 1.222057697702677647e-20
1.177392590719803047e+04 7.352615675727670518e-20 1.227171769418429228e-20
1.178026966784241995e+04 8.729435281550294226e-20 1.304552416507385177e-20
1.178661339763393880e+04 8.939452279245970298e-20 1.211362444696333972e-20
1.179295709654935490e+04 7.250175496905847045e-20 1.246522578868591947e-20
1.179930076457775431e+04 7.934388247340853157e-20 1.212910742242959385e-20
1.180564440169589216e+04 1.086499079967393935e-19 1.277231184646017307e-20
1.181198800789283268e+04 1.219877459801419559e-19 1.291002831241254429e-20
1.181833158314530920e+04 8.437704898755840223e-20 1.243941334223499936e-20
1.182467512744393025e+04 7.427793053647250133e-20 1.190848470668126075e-20
1.183101864076080710e+04 8.430209227573360404e-20 1.244181572431603906e-20
1.183736212309123766e+04 6.001979826924290114e-20 1.183056046517465599e-20
1.184370557440728771e+04 8.731005904228330731e-20 1.255739529011092270e-20
1.185004899473225669e+04 6.154283619812601600e-20 1.278756607636900576e-20
1.185626933781669686e+04 3.983641744805330227e-20 1.274777485176761657e-20
1.186261268526445565e+04 5.005430255079867124e-20 1.272572888636525249e-20
1.186895600163025119e+04 7.275718875822462322e-20 1.253723738735012527e-20
1.187529928690066845e+04 7.132931525537571623e-20 1.188641530127214930e-20
1.188164254106181943e+04 7.157227099098218770e-20 1.230564356861536236e-20
1.188798576408849294e+04 5.502011065631336919e-20 1.167110294225361695e-20
1.189432895597162678e+04 6.537416915332116892e-20 1.212240647836640150e-20
1.190067211668761411e+04 9.631269891745800152e-20 1.220830472874715811e-20
1.190701524622739453e+04 9.347196967498618424e-20 1.243631301808880162e-20
1.191335834456410521e+04 1.367744141077412257e-19 1.357995394022885186e-20
1.191970141168858754e+04 6.613251374068743433e-20 1.199866691666311157e-20
1.192604444758055070e+04 7.836456761632771886e-20 1.298717818865494004e-20
1.193238745222283615e+04 7.746725098972050846e-20 1.248696055411692443e-20
1.193873042559828900e+04 6.504798749838110212e-20 1.275428148669605323e-20
1.194507336768809728e+04 5.750234590798815065e-20 1.336119530185862789e-20
1.195141627847834752e+04 8.161885468300033617e-20 1.181067322521810347e-20
1.195775915794698631e+04 5.666463262854354675e-20 1.147527333179282597e-20
1.196410200608491141e+04 9.469697959312929879e-20 1.186479039579534412e-20
1.197044482286676794e+04 1.216607036338506417e-19 1.206813564395037044e-20
1.197678760828032864e+04 1.398992612774475317e-19 1.299895410760531912e-20
1.198313036230840771e+04 4.324441324657738165e-20 1.133277920806886234e-20
1.198947308492889715e+04 8.210224478143037370e-20 1.284639778404511295e-20
1.199581577612950787e+04 6.763467053588932088e-20 1.124581197394973138e-20
1.200215843589138422e+04 5.250944783083937750e-20 1.123292850344404168e-20
1.200850106419568510e+04 5.863853056171184131e-20 1.160925718411043078e-20
1.201484366103000866e+04 5.191134326609199251e-20 1.150080986262615225e-20
1.202118622636900545e+04 7.412733127185780124e-20 1.184840507880679776e-20
1.202752876020530312e+04 8.044955218524027364e-20 1.168393665123430587e-20
1.203387126251678274e+04 4.935155765874962560e-20 1.134244336488826371e-20
1.204021373328290429e+04 8.369749339435187935e-20 1.166134117010422747e-20
1.204655617249137140e+04 6.753953729244296358e-20 1.211574755635990305e-20
1.205289858012491823e+04 7.077707791037826593e-20 1.158873061417292779e-20
1.205924095616298655e+04 9.703403808869709767e-20 1.181995854419509493e-20
1.206558330058991669e+04 7.360885716631115614e-20 1.297174519914808241e-20
1.207192561339018903e+04 7.883181983862174474e-20 1.204776970761997104e-20
1.207826789454324353e+04 6.728676404894614551e-20 1.157446345611109094e-20
1.208461014403347326e+04 5.866329387968970777e-20 1.163203800618312341e-20
1.209095236184359965e+04 3.179938712528149266e-20 1.191837368446884036e-20
1.209729454795634047e+04 7.315987573679654578e-20 1.162906488104481006e-20
1.210363670235606514e+04 6.860964646218803077e-20 1.185944338388151586e-20
1.210997882502207904e+04 5.072007207002976969e-20 1.160301364305028380e-20
1.211632091593885707e+04 8.328484288098566330e-20 1.093468710927765144e-20
1.212266297509076321e+04 9.182733411989614610e-20 1.113320661187342914e-20
1.212900500245719559e+04 7.650035925464351489e-20 1.145627608417991156e-20
1.213534699802416435e+04 6.860403606525550731e-20 1.194720307486042578e-20
1.214168896177104216e+04 6.515886922841809789e-20 1.083156536591697681e-20
1.214803089368217297e+04 5.781726468963109013e-20 1.126933130909819198e-20
1.215437279374177160e+04 6.351096088337310613e-20 1.142725994322440093e-20
1.216071466192932348e+04 8.352248275709320848e-20 1.071407083448379052e-20
1.216705649823082422e+04 7.350263982791150535e-20 1.115138106303969320e-20
1.217339830262895521e+04 8.667495766179701169e-20 1.125997561100653949e-20
1.217974007510138654e+04 6.230943343390723626e-20 1.165412251313567034e-20
1.218608181563576363e+04 4.577021233888594547e-20 1.133449578061232629e-20
1.219242352421306532e+04 8.498836021366986561e-20 1.151923372670359881e-20
1.219876520081416311e+04 7.753346318726587613e-20 1.114272680054366811e-20
1.220510684542682066e+04 5.649539756467226204e-20 1.176842370307357500e-20
1.221144845802702548e+04 8.733238871088161657e-20 1.253621140844849621e-20
1.221779003860239573e+04 6.646814468856473504e-20 1.140838115423556705e-20
1.222413158713391749e+04 4.673025805615635014e-20 1.097469092549573852e-20
1.223047310360252231e+04 6.739398141653082641e-20 1.141564243237753735e-20
1.223681458799412940e+04 9.549354685771078370e-20 1.134314897494333492e-20
1.224315604029130918e+04 5.911905392223833518e-20 1.167670087607231605e-20
1.224949746047343069e+04 7.400335727609560482e-20 1.150170798805770325e-20
1.225583884852308620e+04 6.907881346052038788e-20 1.162892738182197277e-20
1.226218020442790839e+04 5.809964489758459120e-20 1.149638207276511298e-20
1.226852152816378293e+04 8.196478777799327425e-20 1.074323442866416966e-20
1.227486281972000324e+04 7.595398392751064531e-20 1.180496497283440650e-20
1.228120407907235858e+04 7.434075323358779754e-20 1.172909707231975169e-20
1.228754530620850346e+04 5.757458399479983503e-20 1.198654185917844217e-20
1.229388650111105926e+04 4.703259931243328219e-20 1.122399883928606180e-20
1.230022766375924948e+04 4.841637860998261620e-20 1.106703112990755028e-20
1.230656879413730167e+04 5.791702631833770754e-20 1.055024284086006700e-20
1.231290989222946882e+04 6.314141106210652765e-20 1.145676574102187994e-20
1.231925095801323005e+04 6.622833468546490015e-20 1.151882189189539591e-20
1.232559199147944491e+04 7.509431720806927367e-20 1.167586818471355001e-20
1.233193299260068670e+04 8.894037434038926064e-20 1.197687778043795303e-20
1.233827396136791140e+04 5.723418385475263829e-20 1.150523279329280614e-20
1.234461489776028429e+04 7.268501237918565811e-20 1.128095261152324078e-20
1.235095580175864234e+04 8.409763449459776373e-20 1.089370665427320972e-20
1.235729667334720216e+04 5.252109988556236136e-20 1.107431787273433413e-20
1.236363751251005124e+04 4.393367246849730330e-20 1.025229834852364232e-20
1.236997831922808473e+04 6.839319955313020929e-20 1.141291784060793546e-20
1.237631909348215959e+04 6.117388248742919429e-20 1.081562634444908844e-20
1.238265983525647243e+04 1.718834157926199099e-20 1.064310803148214733e-20
1.238900054453351549e+04 4.983713033237094690e-20 1.081002582463925396e-20
1.239534122129746538e+04 8.983890817210486375e-20 1.180235116225022723e-20
1.240168186553075066e+04 7.271995444536996641e-20 1.200428145626047918e-20
1.240802247721075037e+04 8.222087399586732517e-20 1.167559876733694222e-20
1.241436305632340009e+04 5.007427874830073511e-20 1.081377176727753082e-20
1.242070360285457537e+04 8.643119322188355845e-20 1.145028978498763698e-20
1.242704411677994358e+04 4.905596670551637086e-20 1.147429325460001848e-20
1.243338459808536027e+04 1.028219602105893740e-19 1.248386189006237462e-20
1.243972504675664459e+04 6.710416776723360057e-20 1.203147643461204800e-20
1.244606546277105008e+04 6.027432555732753819e-20 1.167689018146024644e-20
1.245240584611115264e+04 6.591601580100451685e-20 1.147050332703091155e-20
1.245874619676447401e+04 6.795768030561594818e-20 1.219452299656489656e-20
1.246508651470835139e+04 5.140005010310320827e-20 1.137146103537937127e-20
1.247142679992520789e+04 5.444205954701229063e-20 1.094688463830711336e-20
1.247776705240424781e+04 6.782372970540749858e-20 1.136009419883228967e-20
1.248410727211754420e+04 7.348923175690108115e-20 1.133674163877836890e-20
1.249044745905447053e+04 7.707228985559524898e-20 1.112658930552808244e-20
1.249678761319571640e+04 7.955162635932461064e-20 1.038317436091083353e-20
1.250312773452367401e+04 5.193766289856675490e-20 1.073154512006928044e-20
1.250946782301903113e+04 7.750239139393926383e-20 1.125703876317141334e-20
1.251580787866927676e+04 5.846184751092113429e-20 1.140497450426957527e-20
1.252214790145154075e+04 8.238396701752996454e-20 1.190784368448242205e-20
1.252848789135004881e+04 8.553554571895772363e-20 1.133849387626180878e-20
1.253482784834889208e+04 7.746229757586848679e-20 1.129925153046366445e-20
1.254116777242699391e+04 6.362681804601805469e-20 1.125524186646877085e-20
1.254750766357012799e+04 8.772938189343744572e-20 1.187117052288100645e-20
1.255384752175719404e+04 8.831936617555098635e-20 1.174759327231680790e-20
1.256018734697386935e+04 1.133980763048131272e-19 1.267769518490362657e-20
1.256652713920091992e+04 9.284924093305737290e-20 1.168039883841459986e-20
1.257286689841721818e+04 9.728011238101737368e-20 1.133409790143034616e-20
1.257920662461197753e+04 8.828212558902729876e-20 1.181332246975756005e-20
1.258554631776236238e+04 7.075441833886833686e-20 1.080131726557015723e-20
1.259188597785405000e+04 5.993220534388907204e-20 1.116322229569375992e-20
1.259822560486588554e+04 8.822116220364953227e-20 1.178521577582253906e-20
1.260456519878199106e+04 5.417099146580111634e-20 1.128972642837408380e-20
1.261090475958639217e+04 6.398739864272136033e-20 1.206757115811466779e-20
1.261724428725791768e+04 5.749525114873789034e-20 1.094363254024706959e-20
1.262358378178403837e+04 6.410557353420576866e-20 1.116534907504128085e-20
1.262992324314174039e+04 4.736617044698258629e-20 1.090245799348438916e-20
1.263626267131335044e+04 6.516309496300279504e-20 1.108702856599518828e-20
1.264260206628465676e+04 5.958095058081144173e-20 1.147541827155368184e-20
1.264894142803618888e+04 6.453447438992390670e-20 1.057064762515911869e-20
1.265528075655192333e+04 6.572840473731115167e-20 1.091972558759460529e-20
1.266162005180717279e+04 5.901742719407878602e-20 1.087777548007156392e-20
1.266795931379443391e+04 5.350790943607276685e-20 1.060489941541188359e-20
1.267429854248916490e+04 7.642627908063752783e-20 1.132848605281568079e-20
1.268063773787358878e+04 6.345669169257243295e-20 1.076603775066068487e-20
1.268697689993340646e+04 3.575882240963875930e-20 1.055013607348494848e-20
1.269331602864910383e+04 6.611864223310587452e-20 1.191157310961106804e-20
1.269965512400455009e+04 7.953240711447409385e-20 1.087233019087520908e-20
1.270599418597845397e+04 5.491330536271095839e-20 1.090237819551836651e-20
1.271233321455485202e+04 7.121163260985289979e-20 1.093117193952664955e-20
1.271867220971418647e+04 7.489485473995955654e-20 1.104482088889812674e-20
1.272501117144388263e+04 3.943677967849432606e-20 1.061758768681213707e-20
1.273135009972088483e+04 5.014194010631236164e-20 1.036792760764710877e-20
1.273768899452894402e+04 5.517983719231749548e-20 1.101096683574062654e-20
1.274402785585039419e+04 6.803141468055226655e-20 1.256522673608176307e-20
1.275036668366739650e+04 5.616745145787995220e-20 1.253396689387649892e-20
1.275670547796385472e+04 6.066483093432189357e-20 1.098186454191246868e-20
1.276304423871667677e+04 4.838408404015031931e-20 1.060889829146570851e-20
1.276938296591489780e+04 8.440373858875890877e-20 1.109227840106471171e-20
1.277572165953717740e+04 7.495785435850742695e-20 1.173218236828177233e-20
1.278206031956397783e+04 4.886406576218492838e-20 1.085559795366908207e-20
1.278839894598091269e+04 3.938443069457138179e-20 1.152353410061270578e-20
1.279473753876660157e+04 5.506867828264939930e-20 1.129845352431618963e-20
1.280107609790837887e+04 6.152429312363271867e-20 1.053270123293230039e-20
1.280741462337946359e+04 5.330767833809244224e-20 1.078816952866717534e-20
1.281375311517262890e+04 6.423728543052391477e-20 1.130821579320224137e-20
1.282009157325943306e+04 3.935604076841314112e-20 1.089104384051510352e-20
1.282642999763074113e+04 4.659751560964216854e-20 1.086331513930260513e-20
1.283276838826335552e+04 5.127957910313111364e-20 1.057282963330600948e-20
1.283910674514094535e+04 5.922076383254116647e-20 1.104791227508195710e-20
1.284544506824923883e+04 5.928675483644084781e-20 1.118167982805023755e-20
1.285178335756327033e+04 5.034628016635317221e-20 1.133264817280070946e-20
1.285812161307214410e+04 6.284839480519232469e-20 1.197037354323413103e-20
1.286445983475260255e+04 7.218538510439789634e-20 1.038078074898767417e-20
1.287079802258832933e+04 5.338108092879366588e-20 1.161919308662891870e-20
1.287713617655965209e+04 5.812540213827899197e-20 1.168198164905757735e-20
1.288347429665219170e+04 5.971559141269851185e-20 1.096944562562271193e-20
1.288981238284796200e+04 7.324060368193862455e-20 1.038639770729362315e-20
1.289615043512189550e+04 5.522783634352610714e-20 1.046868590587700966e-20
1.290248845346653252e+04 5.615163289726926045e-20 1.108037249297721551e-20
1.290882643785854634e+04 5.304862175271308422e-20 1.138272417456030567e-20
1.291516438827648017e+04 4.891402017560505649e-20 1.109795397620512632e-20
1.292150230470586757e+04 6.241890712637942675e-20 1.135769443526504071e-20
1.292784018713223486e+04 5.533695509090482073e-20 1.009658824743678350e-20
1.293417803553214435e+04 6.055192207876275072e-20 1.054248497236851245e-20
1.294051584988929972e+04 5.724754811512506160e-20 1.103416523823510395e-20
1.294685363018754833e+04 7.224482092004712354e-20 1.144861343812461578e-20
1.295319137640528606e+04 6.013310669579116265e-20 1.106190572620220101e-20
1.295952908852622568e+04 9.436913361433166107e-20 1.157973518974723674e-20
1.296586676653046925e+04 6.607364996576817912e-20 1.109672348213854133e-20
1.297220441040699734e+04 5.133001250399592015e-20 1.091482595487600143e-20
1.297854202012895621e+04 5.133251308702944951e-20 1.117778554926013328e-20
1.298487959568003680e+04 6.680297703106357083e-20 1.128746631076850930e-20
1.299121713704929061e+04 9.157897933594382166e-20 1.208746022753786238e-20
1.299755464420782846e+04 2.189581607854402917e-20 1.155661824667655521e-20
1.300389211714643534e+04 4.673697319640418790e-20 1.102809874995334735e-20
1.301022955584352894e+04 4.573043128971766157e-19 1.526137169415230012e-20
1.301656696027921134e+04 1.613601194899250211e-18 2.246420000975940989e-20
1.302290433043893427e+04 1.283980919490814778e-18 2.075166011843193882e-20
1.302924166630089894e+04 2.225378261725567102e-19 1.248423693908975508e-20
1.303557896785050980e+04 4.187234009934519294e-20 1.038703477956263442e-20
1.304191623506819997e+04 4.372533925261580364e-20 1.005486902185684835e-20
1.304825346919292315e+04 4.993803065657984963e-20 1.054022638305620023e-20
1.305459074741970107e+04 5.142838333886431093e-20 1.105305563783580798e-20
1.306092799125841884e+04 4.510759210377341396e-20 1.109430472952385728e-20
1.306726520069089020e+04 5.598623907131892169e-20 1.093518038613941572e-20
1.307360237569903438e+04 9.011409956498948164e-20 1.172159718890605995e-20
1.307993951626284979e+04 5.526131698113214291e-20 1.139963035600822656e-20
1.308627662236594006e+04 6.051218958094737833e-20 1.064670830967369872e-20
1.309261369399357864e+04 4.900728683672317831e-20 1.061089767991044304e-20
1.309895073112219870e+04 6.556257632723554936e-20 1.084942935445105991e-20
1.310528773373544755e+04 6.486978030947700568e-20 1.110804686836104418e-20
1.311162470181329809e+04 5.727204187065017184e-20 1.098117264144069979e-20
1.311796163534111474e+04 6.357821605632422529e-20 1.136483437769995139e-20
1.312429853430230469e+04 7.468059325026891941e-20 1.043424155212045033e-20
1.313063539866790052e+04 6.541450011439983292e-20 1.096475433818850037e-20
1.313697222843234158e+04 6.927212697694606709e-20 1.156160135092456399e-20
1.314330902357011473e+04 6.242856442126833543e-20 1.136900864361915629e-20
1.314964578406654982e+04 6.716931299616285019e-20 1.083126554541125938e-20
1.315598250989776352e+04 4.859484049650243663e-20 1.117069453742222044e-20
1.316231920105291647e+04 6.724855761474835602e-20 1.074811556378411929e-20
1.316865585750643731e+04 6.360127929879924801e-20 1.119238778310646186e-20
1.317499247924911288e+04 7.521518901386493614e-20 1.034036178423822913e-20
1.318132906625347277e+04 1.173736243062384518e-19 1.294567363769229467e-20
1.318766561850295875e+04 1.000839626445189075e-19 1.210849648165184101e-20
1.319400213598482151e+04 7.483008064651732070e-20 1.134539077812200208e-20
1.320033861867711494e+04 7.520733244996098280e-20 1.098108889931617715e-20
1.320667506655783654e+04 7.943096787546104347e-20 1.119618511081937797e-20
1.321301147961576680e+04 9.319652397304376142e-20 1.100219814150547893e-20
1.321934785782901417e+04 7.258608241721815960e-20 1.085257953576911240e-20
1.322568420117744427e+04 6.981761794564016797e-20 1.091645573053967812e-20
1.323202050964815498e+04 6.676364318647147718e-20 1.192971163609841965e-20
1.323835678321385785e+04 9.425293046829718239e-20 1.193772200390966074e-20
1.324456759149219761e+04 6.436433052147356205e-20 1.161218151356182234e-20
1.325090378444574162e+04 7.108916525375478403e-20 1.096024459941310072e-20
1.325723994241234686e+04 8.807466233728741135e-20 1.078806525367876889e-20
1.326357606540344568e+04 8.849962781381919765e-20 1.137318521201262873e-20
1.326991215340408598e+04 5.338298335015935940e-19 1.477307717889515653e-20
1.327624820639414793e+04 2.610784845367267353e-18 2.872805054786067542e-20
1.328258422435522698e+04 2.962673721871896532e-18 3.086468185870760365e-20
1.328892020726886585e+04 7.900536594140379704e-19 1.726633191157235446e-20
1.329525615511475917e+04 1.088234142308115613e-19 1.118798552481966089e-20
1.330159206787797666e+04 7.540631053234710569e-20 1.114877885752908214e-20
1.330792794553842032e+04 6.489581937551741775e-20 1.160238499968423389e-20
1.331426378807758920e+04 8.458819830336256835e-20 1.119683358121600320e-20
1.332059959547698236e+04 6.222751330977948375e-20 1.035981796252709712e-20
1.332693536771979598e+04 6.956398651703826235e-20 1.039965733728043388e-20
1.333327110478401664e+04 6.456465191653278404e-20 1.095296962782971050e-20
1.333960680665118707e+04 5.154263639614693382e-20 1.095058938794459755e-20
1.334594247330640974e+04 7.998709695065678930e-20 1.172854562560059862e-20
1.335227810473102181e+04 8.264756693357030662e-20 1.103539757446559292e-20
1.335861370090116725e+04 7.377967269347943263e-20 1.063279572415644305e-20
1.336494926180554467e+04 8.524024839641850608e-20 1.116112043488020986e-20
1.337128478742204788e+04 8.046239928877503489e-20 1.117539940646455435e-20
1.337762027773024965e+04 7.882989546124936362e-20 1.154362689873962970e-20
1.338395573271329704e+04 7.843640267101551569e-20 1.174320145476275556e-20
1.339029115235276913e+04 1.170152756788472460e-19 1.131595546878339779e-20
1.339662653663366473e+04 8.131335200712807988e-19 1.749760380509538474e-20
1.340296188552842614e+04 5.388151828316066503e-18 4.063037952915896733e-20
1.340929719902550096e+04 1.014221190204467945e-17 6.048647527848240170e-20
1.341563247710640280e+04 3.147266913585575022e-18 3.347966378951317864e-20
1.342196771975076263e+04 4.241243892945915533e-19 1.581226167471463225e-20
1.342830292693814772e+04 7.380565464817024273e-20 1.235406118525154541e-20
1.343463809865168150e+04 1.458647284236760627e-19 1.247242194365278926e-20
1.344097323487628091e+04 5.248030102782013909e-20 1.110647307520220938e-20
1.344730833558797713e+04 4.832561641100483188e-20 1.067133934658303699e-20
1.345364340076455846e+04 5.864575147210353690e-20 1.047138499423936351e-20
1.345997843039989857e+04 4.032253816764340399e-20 1.063962888979288644e-20
1.346631342446452618e+04 7.815595185192921612e-20 1.135784153858323146e-20
1.347264838294516449e+04 9.730906009098289429e-20 1.138125653622087992e-20
1.347898330581964001e+04 5.184230438070793145e-20 1.134132271139462857e-20
1.348531819307459045e+04 6.181772041698952783e-20 1.163039140179248119e-20
1.349165304468403156e+04 5.822375194157362667e-20 1.144408693620675098e-20
1.349798786063468833e+04 5.776228122861931493e-20 1.163091546595417428e-20
1.350432264090614808e+04 7.693175345601910648e-20 1.149735215152213056e-20
1.351065738547966976e+04 4.447547738484577723e-20 1.041628735019531598e-20
1.351699209433638498e+04 8.086202626191330560e-20 1.090946788626144418e-20
1.352332676745759090e+04 4.557174679200809082e-20 1.131769280545153525e-20
1.352966140482462470e+04 7.939421051195657969e-20 1.093313388134710003e-20
1.353599600641873076e+04 6.245029922445713226e-20 1.075899868653721302e-20
1.354233057222107709e+04 4.113542187382280226e-20 1.170501257586405998e-20
1.354866510221461431e+04 4.399757371099111558e-20 1.109106590418698662e-20
1.355499959637529173e+04 6.411090437783030106e-20 1.077713427144754820e-20
1.356133405469334321e+04 6.208151579546455222e-20 1.102305386679418985e-20
1.356766847713905372e+04 6.809998744558374646e-20 1.219478940728313522e-20
1.357400286370257891e+04 7.340587672375447539e-20 1.109006125838320527e-20
1.358033721435978805e+04 6.419197141779559249e-20 1.043697678199850076e-20
1.358667152909366087e+04 3.873177739680430153e-20 1.157491194248170186e-20
1.359300580788357183e+04 2.329670135085138748e-20 1.270754696812343219e-20
1.359934005071963657e+04 7.039040154263413669e-20 1.168095236324815374e-20
1.360567425756854209e+04 7.439862038327575093e-20 1.097695084035775146e-20
1.361200842842053316e+04 7.346578104668243490e-20 1.155327871166415071e-20
1.361834256325676688e+04 5.623521452091243347e-20 1.168906323357266541e-20
1.362467666205458045e+04 9.067770024974279131e-20 1.116755098939449132e-20
1.363101072479699906e+04 5.454304780778649792e-20 1.117349135491700149e-20
1.363734475150122125e+04 6.700717259224371861e-20 1.161766265019678297e-20
1.364355263102048411e+04 9.253307589637467420e-20 1.051758248078406787e-20
1.364988657466557197e+04 6.111366629833704132e-20 1.098106691982276996e-20
1.365622048218113378e+04 6.122228265442024381e-20 1.053929306132021662e-20
1.366255435354634392e+04 6.712084229866554494e-20 1.057911039195056100e-20
1.366888818874221943e+04 5.746528061443594039e-20 1.110320054019841168e-20
1.367522198774965545e+04 7.834190174791231794e-20 1.102860421723106388e-20
1.368155575054989458e+04 5.718321674004780310e-20 1.090832775879629167e-20
1.368788947712017398e+04 6.022754858510577873e-20 1.097830557548323356e-20
1.369422316745094759e+04 4.485386257130885910e-20 1.109857380498625238e-20
1.370055682151549263e+04 6.226976440459080876e-20 1.109651643823845142e-20
1.370689043929880972e+04 5.706533032807035668e-20 1.117444068967996881e-20
1.371322402077430525e+04 7.966590676578533937e-20 1.065101594234781109e-20
1.371955756593431215e+04 3.115711786539414529e-20 9.923155614527254708e-21
1.372589107475014680e+04 3.816505352893091579e-20 9.947132808662674584e-21
1.373222454721060240e+04 6.122220188541301522e-20 1.067092487921775202e-20
1.373855798329091340e+04 6.540660561254226448e-20 1.058201641027378855e-20
1.374489138297579302e+04 6.306162980620644978e-20 1.113829597356284291e-20
1.375122474624033566e+04 3.364128415992212237e-20 1.052667689288888790e-20
1.375755807306948009e+04 6.171396437156962661e-20 1.003420985629351676e-20
1.376389136344794679e+04 5.500601978037597227e-20 1.040846331770863126e-20
1.377022461735278375e+04 3.876669888186774362e-20 1.117739017744703386e-20
1.377655783476478064e+04 4.443539635079550374e-20 1.134474659018211569e-20
1.378289101566311183e+04 4.499147324292333649e-20 1.077168533910341032e-20
1.378922416002865975e+04 6.195906680675827400e-20 1.097295181294867022e-20
1.379555726784794388e+04 4.252889944015689180e-20 1.129715666932735825e-20
1.380189033909603313e+04 6.663382890714364319e-20 1.100990754131864098e-20
1.380822337375586358e+04 6.827094724968659259e-20 1.142548975741353517e-20
1.381455637181211023e+04 4.538010955087557850e-20 1.047699938031015431e-20
1.382088933323975471e+04 5.862060768156156277e-20 1.105412562245586720e-20
1.382722225801962304e+04 8.969297014685378790e-20 1.123756721207751656e-20
1.383355514613265586e+04 4.368365706266159417e-20 1.165828737150689276e-20
1.383988799756351182e+04 1.163946572220082274e-20 1.073003233756441558e-20
1.384622081229285141e+04 1.578700885267566620e-20 1.012674826470870902e-20
1.385255359029959072e+04 4.677371267981811238e-20 1.036435298351303444e-20
1.385888633156654396e+04 5.707756268862706511e-20 1.081117691070690370e-20
1.386521903607064814e+04 6.276729019742640436e-20 1.028357484877206101e-20
1.387155170379439733e+04 5.843778621186458989e-20 1.095342460993264678e-20
1.387788433471485041e+04 3.408373019453900018e-20 1.112472860570183668e-20
1.388421692882049138e+04 7.569307793238759590e-20 1.191521078624555144e-20
1.389054948608436644e+04 5.346912684255845637e-20 1.085375946111576285e-20
1.389688200649659666e+04 7.140540015315177289e-20 1.116116539085637007e-20
1.390321449003236376e+04 6.194985653574787242e-20 1.112146478189549699e-20
1.390954693667238098e+04 6.610116445735695087e-20 1.063553224540141432e-20
1.391587934639731975e+04 6.617363537659163372e-20 1.132895927373573564e-20
1.392221171918189793e+04 6.110398965132358398e-20 1.051676184233495827e-20
1.392854405501667679e+04 6.108477661227289247e-20 1.081052581751814570e-20
1.393487635387845876e+04 4.285725152001454725e-20 1.074059281471235957e-20
1.394120861574588162e+04 5.928820815194212664e-20 1.072688822282554857e-20
1.394754084060340574e+04 4.100413753838754020e-20 9.904200925208281883e-21
1.395387302843183534e+04 6.258713358260850458e-20 1.064841314934534876e-20
1.396020517920988823e+04 4.236297114003393190e-20 9.987173913538208823e-21
1.396653729291799937e+04 6.624695315611844523e-20 1.102531894695913183e-20
1.397286936953493750e+04 5.848550589939489657e-20 1.134227964143691743e-20
1.397920140904333675e+04 6.567434693560754462e-20 1.138456572484390058e-20
1.398553341142573663e+04 7.895279241343923999e-20 1.065416026951389366e-20
1.399186537665859578e+04 7.053558825767908475e-20 1.153460827248895919e-20
1.399819730472078299e+04 3.798080810233683113e-20 1.086845446854915478e-20
1.400452919560064583e+04 7.056814354585631189e-20 1.098453489113693562e-20
1.401086104927673659e+04 5.241122669117846578e-20 1.133123797172289879e-20
1.401719286572754390e+04 4.647025211528636929e-20 1.119217061826418547e-20
1.402352464493378466e+04 7.600692827954314304e-20 1.175600825853025351e-20
1.402985638687600294e+04 5.115374885206988931e-20 1.089539393725378042e-20
1.403618809153457005e+04 3.801620498317994369e-20 1.009433826844497784e-20
1.404251975889196910e+04 3.954367939273384501e-20 1.085139892101044618e-20
1.404885138892493705e+04 4.499034135521196493e-20 1.070869023241845358e-20
1.405518298161588609e+04 4.346173603345392791e-20 1.064982318719092185e-20
1.406151453693921212e+04 4.316127703359607060e-20 1.089775955302550903e-20
1.406784605488732996e+04 5.176958569286076348e-20 1.100880887993651470e-20
1.407417753543289473e+04 4.379914562809575146e-20 9.963436219679838117e-21
1.408050897855824405e+04 6.452684138433478748e-20 1.104015810630286542e-20
1.408684038424370010e+04 8.179656040393904989e-20 1.037571341402819751e-20
1.409317175247381056e+04 5.653159194063623687e-20 1.073420094167442606e-20
1.409950308322506862e+04 5.670317929767248885e-20 1.052826934994915471e-20
1.410583437647576466e+04 3.768892523409321992e-20 9.536375515225239812e-21
1.411216563220833814e+04 5.480133683915503815e-20 1.033946015821748142e-20
1.411849685040327313e+04 4.262479282003791045e-20 1.040159904613704574e-20
1.412482803104289087e+04 6.032294793084791798e-20 1.060073322055980790e-20
1.413115917410341899e+04 4.363455330221098037e-20 1.060402492552773726e-20
1.413749027956939062e+04 4.232035310638162951e-20 1.011446777949371258e-20
1.414382134741722075e+04 6.935049687237245271e-20 9.916433013132309424e-21
1.415015237763104960e+04 6.957811594062982430e-20 1.018125687884083714e-20
1.415648337018924940e+04 3.965436699280860536e-20 1.065231338263979171e-20
1.416281432507031059e+04 4.456461064273950214e-20 1.070949293885727482e-20
1.416914524225848072e+04 2.360946457123406320e-20 1.058039470259775732e-20
1.417547612173182097e+04 4.505055273685615843e-20 1.068301831251340847e-20
1.418180696346694094e+04 4.543957782220570378e-20 1.025966831339061098e-20
1.418813776745003452e+04 3.791911740119372589e-20 1.063891254198440101e-20
1.419446853365139941e+04 4.035704376425954207e-20 1.009088961760174978e-20
1.420079926207098652e+04 6.138523391965011054e-20 1.044851863690131946e-20
1.420712995266948201e+04 5.956259340875202602e-20 1.130150025821972781e-20
1.421346060544091961e+04 6.726711733416648953e-20 1.103084297738412157e-20
1.421979122035739420e+04 5.324785320358934723e-20 9.969774778946391004e-21
1.422612179740331339e+04 7.055698577990765077e-20 1.149495739762341184e-20
1.423245233655692209e+04 5.369023707054280083e-20 1.099417562840092834e-20
1.423878283779830781e+04 4.915805208408827760e-20 1.099222908348304755e-20
1.424511330110564086e+04 5.604483997115040262e-20 1.061265317508622745e-20
1.425144372646519150e+04 4.929515415272518320e-20 1.025601356342006637e-20
1.425777411384921288e+04 4.254610471085175654e-20 1.023003945092540701e-20
1.426410446324352961e+04 4.536930805640704096e-20 9.897006672824150358e-21
1.427043477462658120e+04 6.657837358038698379e-20 1.099367293290796182e-20
1.427676504797849884e+04 6.566469211782837666e-20 1.142965466637049021e-20
1.428309528327927728e+04 4.522012804674144989e-20 1.021615181176383686e-20
1.428942548050903315e+04 4.832241958118232219e-20 1.038635645845369511e-20
1.429575563964801768e+04 3.470459604526895907e-20 1.024113543352475377e-20
1.430208576067629110e+04 5.822936326226511089e-20 1.023345921112733819e-20
1.430841584357371175e+04 3.587147207120182282e-20 1.034202592915824173e-20
1.431474588832060726e+04 4.958862167380182490e-20 1.093755758100400785e-20
1.432107589489705060e+04 5.039469297593442092e-20 1.061329793035446112e-20
1.432740586328290738e+04 5.571860031115435708e-20 9.833344218781732805e-21
1.433373579345829967e+04 5.888864207432197672e-20 1.014493800878019209e-20
1.434006568540336411e+04 5.597112819887382905e-20 1.076588342086919499e-20
1.434639553909805181e+04 4.541211554692775011e-20 1.050006949085187210e-20
1.435272535452623924e+04 6.140581123811207427e-20 1.080207002667635794e-20
1.435905513166012497e+04 4.327703016736416847e-20 1.091908376863041756e-20
1.436538487048772549e+04 8.319024375366034719e-20 1.040670492630610757e-20
1.437171457098274186e+04 5.638798079860456959e-20 1.013719379964706633e-20
1.437804423312537619e+04 3.445090282178757418e-20 1.014507729894303181e-20
1.438437385690161500e+04 7.080125358956682238e-20 1.030858204942463638e-20
1.439070344228326212e+04 6.396754408564457845e-20 1.094281932467290340e-20
1.439703298925625495e+04 6.549999050900495199e-20 1.025519092638954378e-20
1.440336249779666650e+04 5.532219462561915972e-20 1.104075984894769113e-20
1.440969196788635782e+04 4.993379489891021426e-20 1.086473358035181177e-20
1.441602139950504534e+04 3.636846245048451643e-20 1.070106342047644691e-20
1.442235079263487023e+04 8.248776059236315993e-20 1.092005507918874025e-20
1.442868014725169814e+04 5.970460604878232573e-20 1.120279745637824642e-20
1.443500946333918728e+04 7.307256673281826155e-20 1.240189138299292636e-20
1.444133874087336699e+04 5.048080503422834910e-20 1.149296397631479478e-20
1.444766797983815741e+04 3.921050502606308726e-20 1.083048699420541082e-20
1.445399718020922410e+04 3.064992774670141762e-20 1.027019571963912659e-20
1.446032634197042717e+04 4.977869355380859045e-20 1.075307726237664215e-20
1.446665546509770866e+04 3.641375779843118901e-20 1.057095847679736304e-20
1.447298454957282047e+04 3.392510668013585832e-20 1.186808801465631284e-20
1.447931359537539356e+04 6.521188640414922593e-20 1.048523184309103653e-20
1.448564260249150357e+04 6.094247818785754775e-20 1.088627008510634913e-20
1.449197157088880704e+04 5.097127147125063068e-20 1.085436566558680559e-20
1.449817289703503593e+04 7.947853618477021272e-20 1.168640753809767242e-20
1.450450177708993033e+04 5.711384876732601884e-20 1.154146507451580936e-20
1.451083061833411011e+04 5.676944575712064275e-20 1.200057410152011198e-20
1.451715942078369699e+04 6.363581736620159348e-20 1.069018175529897010e-20
1.452348818441854746e+04 5.066254407275451718e-20 1.058070829541646850e-20
1.452981690921648260e+04 5.446975904761042708e-20 1.031622894666238816e-20
1.453614559516092777e+04 6.050798290634148416e-20 1.055767714917913208e-20
1.454247424222971131e+04 4.799702290771477083e-20 1.004727845031226992e-20
1.454880285040065064e+04 6.597240217292095053e-20 1.102897347995141470e-20
1.455513141965918476e+04 6.216667328977713817e-20 1.084414692352679568e-20
1.456145994998100650e+04 3.126746158239888793e-20 1.076393049567804513e-20
1.456778844134391693e+04 3.041222330475497034e-20 1.101866076709583014e-20
1.457411689373145236e+04 7.388641038252765937e-20 1.097154250677273776e-20
1.458044530712504638e+04 5.271411017559311200e-20 1.077432431813372079e-20
1.458677368149460926e+04 6.152868891657329519e-20 1.064534655835776955e-20
1.459310201682554543e+04 5.017836098650823855e-20 9.969074719877405993e-21
1.459943031309542312e+04 4.605152257878248867e-20 1.026900466809973803e-20
1.460575857028989049e+04 4.939115022670239067e-20 1.041498679102156102e-20
1.461208678838267042e+04 5.437596038531941813e-20 1.127009129838939816e-20
1.461841496736094268e+04 4.998680664834010363e-20 1.091769635191502932e-20
1.462474310719056120e+04 5.607742821027975151e-20 1.162553451484515975e-20
1.463107120786296946e+04 5.687261797280168435e-20 1.059821992053706254e-20
1.463739926935362564e+04 5.951591808478422184e-20 1.162102044026425023e-20
1.464372729164599878e+04 6.212939208065580802e-20 1.199747713599916752e-20
1.465005527470778543e+04 4.679706744115327706e-20 1.169337581901841731e-20
1.465638321852821900e+04 4.717384812225726996e-20 1.080978256533253957e-20
1.466271112308684678e+04 5.261578345572122892e-20 1.122877779434364086e-20
1.466903898835933614e+04 5.358568717037045521e-20 1.115080772145836428e-20
1.467536681433291960e+04 4.073560392427904130e-20 1.158765581083230874e-20
1.468169460097505544e+04 5.362580395070836533e-20 1.158878311701044047e-20
1.468802234827523534e+04 6.269176486128130235e-20 1.167144698452784844e-20
1.469435005620688571e+04 7.250871050041557559e-20 1.181929912322647592e-20
1.470067772475121455e+04 6.966217488294921835e-20 1.147646349069603642e-20
1.470700535388587195e+04 3.716088729881301492e-20 1.097735781079147495e-20
1.471333294359617503e+04 5.398939997347629064e-20 1.088794637059758290e-20
1.471966049385737824e+04 7.893091091352171165e-20 1.195776758309932257e-20
1.472598800464893975e+04 4.202562289906407028e-20 1.161554991322445364e-20
1.473231547594624135e+04 6.556805196068411970e-20 1.088348099094870554e-20
1.473864290773840366e+04 9.704972968831254770e-20 1.108402115387865560e-20
1.474497029999295592e+04 4.210110772916772060e-20 1.155913027959983582e-20
1.475129765269717427e+04 3.383905356729121081e-20 1.127514691000217026e-20
1.475762496582829044e+04 7.426117364176847785e-20 1.151855326953452158e-20
1.476395223936969160e+04 6.991906339995646068e-20 1.192485346835847016e-20
1.477027947329465678e+04 4.573593410123220536e-20 1.147311340301468386e-20
1.477660666758024308e+04 7.693230772849327066e-20 1.215132394024672567e-20
1.478293382224617562e+04 5.768512895551288976e-20 1.116678158920886095e-20
1.478926094031204957e+04 7.828255126986734803e-20 1.139808912318594443e-20
1.479545989619938337e+04 7.137159250476955548e-20 1.156039196654598059e-20
1.480178692081568261e+04 2.848448627207645487e-20 1.169876993154832237e-20
1.480811390569232208e+04 4.834029630965939303e-20 1.086317876281461147e-20
1.481444085080819059e+04 4.630901490822525683e-20 1.154496562743533191e-20
1.482076775614069447e+04 5.269685034711981499e-20 1.173327444989632245e-20
1.482709462167107449e+04 6.675371097377956795e-20 1.101935062080152080e-20
1.483342144738445313e+04 6.293390020250713030e-20 1.139382361078767454e-20
1.483974823324776116e+04 5.746445613500329283e-20 1.073427849058673070e-20
1.484607497924847121e+04 2.902682554976394692e-20 1.054905684554230731e-20
1.485240168536334204e+04 7.067854992806770992e-20 1.031405782535900946e-20
1.485872835157173722e+04 3.803004246447678528e-20 1.119225776952610092e-20
1.486505497785279658e+04 3.408518738656911555e-20 1.081449121535372883e-20
1.487138156418322069e+04 3.291387782498754163e-20 1.055445318569921345e-20
1.487770811055069316e+04 4.293208901458185875e-20 1.059820586621878212e-20
1.488403461692177916e+04 4.276377135536563919e-20 1.063483032645767656e-20
1.489036108328360024e+04 4.131370862774072580e-20 1.075418586574753176e-20
1.489668750961544720e+04 5.514155609273408763e-20 1.022703113680070734e-20
1.490301389589010250e+04 4.985810647249449545e-20 1.059349584792818102e-20
1.490934024209676863e+04 5.663493168343431343e-20 1.092900621001476240e-20
1.491566654820212716e+04 4.269728251982977023e-20 1.095367565851275808e-20
1.492199281419568615e+04 6.685148683729158958e-20 1.097214994658832276e-20
1.492831904005193428e+04 5.285904891948993105e-20 1.028524896317928877e-20
1.493464522574799958e+04 3.528101534884649419e-20 1.054329316901449840e-20
1.494097137126706912e+04 2.175658642231730756e-20 1.053177723005938261e-20
1.494729747658149608e+04 4.413022376037570507e-20 1.027101602724051000e-20
1.495362354167886406e+04 5.601930400436022046e-20 1.127406996853456245e-20
1.495994956653392728e+04 2.860592328667787105e-20 1.084411291760806741e-20
1.496627555112318987e+04 2.272953908612622922e-20 1.031585217729812400e-20
1.497260149543213265e+04 4.485136031397152704e-20 1.160482898242025028e-20
1.497892739943124980e+04 4.698684380877262555e-20 9.601372076088339274e-21
1.498525326310327910e+04 3.971725217868063510e-20 9.682673963173870344e-21
1.499157908642952316e+04 4.034699901793935964e-20 1.014979417834589125e-20
1.499790486938880895e+04 2.499466410510745179e-20 1.083370608170068231e-20
1.500423061195545597e+04 3.993281845925404313e-20 1.136125201256162752e-20
1.501055631410648493e+04 5.838776883321433315e-20 1.081169810309321882e-20
1.501688197583121291e+04 4.213697101006389699e-20 1.026896562205605659e-20
1.502320759710186940e+04 4.166293092339300017e-20 1.054382075145215982e-20
1.502953317789116954e+04 6.966631680267943359e-20 1.058880593836454381e-20
1.503585871818839587e+04 5.324004738395670769e-20 1.010889570704186177e-20
1.504218421796999610e+04 2.930103956615349269e-20 9.837033734309142413e-21
1.504850967721286179e+04 4.119558708238336931e-20 1.035365680310970763e-20
1.505483509589140158e+04 1.112101150698735437e-20 1.003020640463490072e-20
1.506116047399054878e+04 4.337399615012497683e-20 1.029057232202938100e-20
1.506748581148712947e+04 3.993520104997473425e-20 1.200261495557316411e-20
1.507381110836182779e+04 4.982991868047781967e-20 9.993239753904063310e-21
1.508013636459113877e+04 4.797093052914349971e-20 9.512919930734376497e-21
1.508646158014970388e+04 5.756109740717389945e-20 1.057348311941740534e-20
1.509278675502447732e+04 6.462571380646583165e-20 1.078802492033210902e-20
1.509911188918777589e+04 4.731200718937970801e-20 1.001189960301250432e-20
1.510543698262049111e+04 4.636689691121953735e-20 1.023573067029051591e-20
1.511176203530530074e+04 5.455935902206539149e-20 1.050277066033147052e-20
1.511808704721452705e+04 3.142060380200202249e-20 1.038144103616875459e-20
1.512441201832475235e+04 3.846223368898460664e-20 1.027824518457661449e-20
1.513073694862068442e+04 5.003765659375539792e-20 1.094477184081659284e-20
1.513706183808109017e+04 5.026853177885838877e-20 1.005096543550704083e-20
1.514338668668034188e+04 4.301117171521771373e-20 1.054369849710127696e-20
1.514971149440092813e+04 3.781097558005467459e-20 1.036689646168010208e-20
1.515603626121955676e+04 2.133537473518234900e-20 1.054520085534629781e-20
1.516236098711686464e+04 4.163881861399863636e-20 9.949615138541104191e-21
1.516868567206253829e+04 4.112726522851813147e-20 1.056201954155722639e-20
1.517501031604821947e+04 4.442277790274190584e-20 1.111071769233778689e-20
1.518133491904158473e+04 4.917557463996323287e-20 1.045215644900652766e-20
1.518765948102738002e+04 2.448807137879118178e-20 1.029623666411665398e-20
1.519398400198217314e+04 3.007909340662608761e-20 9.604850302094334495e-21
1.520030848188425443e+04 4.424011241006839128e-20 9.984356590842203885e-21
1.520663292071201977e+04 4.389465835744774388e-20 1.049988247685966889e-20
1.521295731844407965e+04 3.341351222751705277e-20 1.050847410757020346e-20
1.521928167506077443e+04 5.607822243206535617e-20 1.062622884199113209e-20
1.522560599053412989e+04 5.370402861560293838e-20 1.015616745455149172e-20
1.523193026484911752e+04 2.631682864893427667e-20 9.538555181972399425e-21
1.523825449798166301e+04 2.711438535317200610e-20 1.066311622865979648e-20
1.524457868991249416e+04 5.338269491212742282e-20 1.182156426335362472e-20
1.525090284061571583e+04 2.177582330064786714e-20 1.024088763568919472e-20
1.525722695007362563e+04 3.060652028854317984e-20 1.018982283138406088e-20
1.526355101825841666e+04 4.281654955857281852e-20 9.633065871471131401e-21
1.526987504515476758e+04 4.996261922209889291e-20 1.015160431857606237e-20
1.527619903074295871e+04 4.499375182979005645e-20 1.021858302791453319e-20
1.528252297499290216e+04 3.307955673295121869e-20 1.041295666858274455e-20
1.528884687788700103e+04 4.505453079436290358e-20 1.008751040375403541e-20
1.529517073940567388e+04 2.031468941092135652e-20 1.062476750704148037e-20
1.530149455952299650e+04 5.314798337966943002e-20 1.002274120224346865e-20
1.530781833821911641e+04 6.428693665505061154e-20 9.924184070680317260e-21
1.531414207547672595e+04 4.349832885822743090e-20 1.028058029780104003e-20
1.532046577126547163e+04 4.340329349222805227e-20 1.068402564211779988e-20
1.532678942556752008e+04 3.518305263572011326e-20 9.844504168111548401e-21
1.533311303836355728e+04 3.710361742315210096e-20 1.146568705240760163e-20
1.533943660962949252e+04 4.588413511766160931e-20 1.174774122285998907e-20
1.534576013934328330e+04 2.671096208642598283e-20 1.024039914516015754e-20
1.535208362748334912e+04 5.299112510047275734e-20 9.963059644919705699e-21
1.535840707402980661e+04 7.320263038462275952e-20 9.676652540867160885e-21
1.536473047895421769e+04 5.232642217228753496e-20 1.004077361590949144e-20
1.537105384223924011e+04 2.802591948795684742e-20 1.078142651189383744e-20
1.537737716386699867e+04 5.556329854770110301e-20 1.105306962497015285e-20
1.538370044380707077e+04 4.770964187665676181e-20 1.098975427992434167e-20
1.539002368204846061e+04 3.545251237180302113e-20 1.039100752672045796e-20
1.539634687855354241e+04 4.207831991688092214e-20 1.027567619386635372e-20
1.540267002097374461e+04 6.173397274031999371e-20 1.051131548888575254e-20
1.540899311664942979e+04 5.528324903578649374e-20 9.918337933834397705e-21
1.541531617052985530e+04 1.610190709660546499e-20 9.646692464222351835e-21
1.542163918259549973e+04 6.146886703281572593e-20 1.065106577727958506e-20
1.542796215282411868e+04 4.003069750415901986e-20 1.100031495858525924e-20
1.543428508119595972e+04 4.532921100564882308e-20 1.021694728591432044e-20
1.544060796768691034e+04 3.864644835853304252e-20 1.148671621779597120e-20
1.544693081227238326e+04 3.919950724635075757e-20 1.109835659890977976e-20
1.545325361493320270e+04 2.225324599804654430e-20 1.017719123498890276e-20
1.545944708038704084e+04 2.059263480663747988e-20 9.603858813280518348e-21
1.546576978815938855e+04 3.493925919184698850e-20 1.064171973390212058e-20
1.547209245390797150e+04 6.102189801388269411e-20 1.078191709789862057e-20
1.547841507763990194e+04 5.036122444045613075e-20 1.100535393287698474e-20
1.548473765933319009e+04 6.160826173106021098e-20 1.081637341183458961e-20
1.549106019896987709e+04 5.231151435925876512e-20 9.435881492372584917e-21
1.549738269651921655e+04 1.140282425590398150e-20 1.022757195324010794e-20
1.550370515197413260e+04 2.945591979394451815e-20 1.064714049571032427e-20
1.551002756530162515e+04 5.267548542834719891e-20 1.093975054259885954e-20
1.551634993647946976e+04 2.479151301921885863e-20 1.016157425136617069e-20
1.552267226548986218e+04 5.199927322792223396e-20 1.102732532196106005e-20
1.552899455231035972e+04 5.257644251268019655e-20 1.179687151616923950e-20
1.553531679691671161e+04 3.435310656387173472e-20 1.038249242763105880e-20
1.554163899928231876e+04 4.249291201680426154e-20 9.840908637390357255e-21
1.554796115938902039e+04 4.166269317908685396e-20 1.070389608184556184e-20
1.555428327721700043e+04 5.787027113669866516e-20 1.038887543165849345e-20
1.556060535274368340e+04 5.928396168744206254e-20 1.085308581058662903e-20
1.556692738594043294e+04 4.501258697498915226e-20 1.123510518411098888e-20
1.557324937679352297e+04 3.462341092463331032e-20 1.105846824191300661e-20
1.557957132527404247e+04 5.955719251883179172e-20 1.053808015732272748e-20
1.558589323136402163e+04 6.501034561336912847e-20 1.129728376409840108e-20
1.559221509503463130e+04 4.273816917022532966e-20 1.057498564056244084e-20
1.559853691627196531e+04 3.348984603854809442e-20 1.077265752291212624e-20
1.560485869504954098e+04 4.333668586713900754e-20 1.056391523411986313e-20
1.561118043134038635e+04 5.962718597335418539e-20 1.105120171395079168e-20
1.561750212513080805e+04 4.040399118371533996e-20 1.083522889083593433e-20
1.562382377639200240e+04 3.644918324489799323e-20 1.035967464029602306e-20
1.563014538510553029e+04 5.029962503907282656e-20 1.115376250433277157e-20
1.563646695124282451e+04 3.277419776150004120e-20 1.140398677190557800e-20
1.564278847479401338e+04 7.286831020698767835e-20 1.151767639094376355e-20
1.564910995571955209e+04 5.496248071220667036e-20 1.198868003849722466e-20
1.565543139401410372e+04 4.905798655890837422e-20 1.074310238660457525e-20
1.566175278963778692e+04 5.954479271028685418e-20 1.119757609133747351e-20
1.566807414258112294e+04 4.037034208740010001e-20 1.023910697261450652e-20
1.567439545281509891e+04 4.821057084616931627e-20 1.105908300763983850e-20
1.568071672032345123e+04 4.764020410883084930e-20 1.187986121091151888e-20
1.568703794507092789e+04 7.544877773402167381e-20 1.103759705137954823e-20
1.569335912705403462e+04 3.269871511915428435e-20 1.124226522616849458e-20
1.569968026626703795e+04 3.899448180663123957e-20 1.079617733989910966e-20
1.570587163747428531e+04 3.694772083988000226e-20 1.131205966281978497e-20
1.571219267995313021e+04 3.229069248704717126e-20 1.069052493494205356e-20
1.571851367956572722e+04 5.193400231817215168e-20 1.062274639526377696e-20
1.572483463628906975e+04 5.831522538575884114e-20 1.103899685837522113e-20
1.573115555010306889e+04 1.615669634355006478e-19 1.243498960840111352e-20
1.573747642097811513e+04 2.496388493770331527e-19 1.359407075587946076e-20
1.574379724890047510e+04 1.075556635668904675e-19 1.179329175820510018e-20
1.575011803384086306e+04 4.641325378160418025e-20 9.703155254200165581e-21
1.575643877577844250e+04 5.011812506333938304e-20 1.107481939002488770e-20
1.576275947469079256e+04 4.445366117595768492e-20 1.145153951288758921e-20
1.576908013055499941e+04 6.534479862383859463e-20 1.105263187440925347e-20
1.577540074335048121e+04 4.425700098740368272e-20 1.188782761891609829e-20
1.578172131305016046e+04 6.071721129739818420e-20 1.157370564854899759e-20
1.578804183963312244e+04 5.759152031328898814e-20 1.137598510259435871e-20
1.579436232307686441e+04 4.832913860587716254e-20 1.032388393181495070e-20
1.580068276336293457e+04 4.940769911978038404e-20 1.172249629856749337e-20
1.580700316046163607e+04 3.708002438142798542e-20 1.206741367066436896e-20
1.581332351435033706e+04 3.441290928384894366e-20 1.082748602210419617e-20
1.581964382500805186e+04 5.705634381733910599e-20 1.021047238472700701e-20
1.582596409241446418e+04 6.625045833263195128e-20 1.165682133429725719e-20
1.583228431654655469e+04 4.076187162087437073e-20 1.104520936740186235e-20
1.583860449737451381e+04 6.263945204325206514e-20 1.130226051571496004e-20
1.584492463488018257e+04 6.318068924087629839e-20 1.165380826630633439e-20
1.585124472904477261e+04 4.876592840605481886e-20 1.103111028539847330e-20
1.585756477983657351e+04 2.378339621536762683e-20 1.095910013947573858e-20
1.586388478723700973e+04 3.720625046604035709e-20 1.112785441259258194e-20
1.587020475122982316e+04 3.329874382503394041e-20 1.069034293991548390e-20
1.587652467178088045e+04 3.113426657122818420e-20 1.002396448889184670e-20
1.588284454886680760e+04 2.531863195527024384e-20 1.004549287522024330e-20
1.588916438247623955e+04 2.819347500385891734e-20 9.666654368922578664e-21
1.589548417257689471e+04 4.502793873053321012e-20 1.068811785676523510e-20
1.590180391914792745e+04 2.773961223908027159e-20 1.126701667608206655e-20
1.590812362216648580e+04 5.002921712554457700e-20 1.078532467392974782e-20
1.591444328161135309e+04 5.624239184690275945e-20 1.087533268377033599e-20
1.592076289745295981e+04 2.202554248636317511e-20 1.077038206513136684e-20
1.592708246967482955e+04 4.592302672108419398e-20 1.092274370056327552e-20
1.593340199825382479e+04 3.356154321188732714e-20 1.023479005096473223e-20
1.593972148316468156e+04 6.035577018548064959e-20 1.073998372376214684e-20
1.594604092438159932e+04 4.705512614829152811e-20 1.163492761231492618e-20
1.595236032188175523e+04 2.792724019101431721e-20 9.833378034749383605e-21
1.595867967565085928e+04 3.249077328321592890e-20 1.000520225247299425e-20
1.596499898565434887e+04 5.441539065473301000e-20 1.140048121918529660e-20
1.597131825187822506e+04 3.674268587395008231e-20 1.054882190884302451e-20
1.597763747428755232e+04 2.516426240057961389e-20 1.024383042738612114e-20
1.598395665286855365e+04 5.803211141145011666e-20 1.189774149338813455e-20
1.599027578759765493e+04 4.424853931944253637e-20 1.065148390436701810e-20
1.599659487844947580e+04 3.747595468154886726e-20 1.038669940478489454e-20
1.600291392540069319e+04 2.648595436543332659e-20 1.052482131169595378e-20
1.600923292842554110e+04 3.589851658734955587e-20 1.030126133002486039e-20
1.601555188750555681e+04 5.195332441148495900e-20 1.108095873660118902e-20
1.602187080261473056e+04 7.772015990142971135e-21 1.104631047270186750e-20
1.602818967372772568e+04 4.955673445995078407e-20 1.128751574862827631e-20
1.603450850082791294e+04 2.536644382739086954e-20 1.111851721919207198e-20
1.604082728388498799e+04 1.323480182328586600e-20 1.032004622725456208e-20
1.604714602287801790e+04 4.235255148923607953e-20 1.067567906549773807e-20
1.605346471778555679e+04 5.049834276145666132e-20 1.097390208164261848e-20
1.605978336857991235e+04 4.717232784470981527e-20 1.074473363014577648e-20
1.606610197523736497e+04 2.711833126067476735e-20 1.041072671037735205e-20
1.607242053773921361e+04 -8.658131528269907627e-22 1.054433887380508793e-20
1.607873905606198423e+04 2.222178428213099800e-20 9.988792427705378168e-21
1.608505753017277493e+04 4.616562496734871145e-20 1.155522567902602138e-20
1.609137596006454623e+04 5.777903912312152820e-20 1.159674729994781292e-20
1.609769434569951773e+04 2.861966177488513488e-20 1.087595606820426578e-20
1.610401268705911571e+04 4.766145028249528189e-20 1.030442020062700457e-20
1.611033098411961328e+04 2.998870090577328884e-20 1.112792970929857473e-20
1.611664923686208022e+04 6.470599842867008738e-20 1.174169599651323958e-20
1.612296744525380200e+04 4.028774602443742592e-20 1.018885797400646053e-20
1.612928560927553008e+04 2.350911817666149289e-20 1.048637918996165028e-20
1.613560372890399594e+04 6.550347312790622666e-20 1.078150404573278066e-20
1.614192180411523987e+04 5.430228565972802134e-20 1.010557634843744374e-20
1.614823983489049897e+04 6.773511613238062459e-21 1.007981729988140026e-20
1.615455782119674041e+04 2.508630067213748113e-20 1.028930296701152219e-20
1.616087576301486115e+04 4.420001151258315875e-20 1.126970082036037989e-20
1.616719366032604376e+04 7.725387896463255287e-22 1.067416183655567452e-20
1.617351151309690795e+04 3.192316759596923705e-20 1.117083890887117317e-20
1.617982932131344205e+04 5.468205719654039136e-20 1.238808158780097776e-20
1.618614708494695151e+04 3.567298565187149502e-20 1.292404407712601378e-20
1.619246480396918923e+04 2.764939522136267286e-20 1.066793539287841299e-20
1.619878247836102673e+04 6.453347728727703282e-20 1.055502194117966026e-20
1.620510010810323911e+04 6.176987845317814115e-20 1.096527138222327197e-20
1.621141769316293539e+04 5.676389620194787792e-20 1.172549516089365296e-20
1.621773523352526536e+04 6.234555875418249924e-20 1.077556187749469604e-20
1.622405272915744172e+04 4.203853888534584735e-20 1.015093943268937735e-20
1.623037018004469974e+04 3.738288072054169424e-20 1.034436891166935033e-20
1.623668758615630941e+04 1.775886009429799350e-20 1.026771378257277261e-20
1.624300494746839649e+04 2.565604614441525823e-20 1.059293786357766482e-20
1.624932226396395163e+04 3.756067075907080134e-20 1.072823005123250353e-20
1.625563953561465496e+04 5.824041414617601587e-20 1.117699174261287942e-20
1.626195676239151544e+04 3.676589387058841950e-20 1.053737349227034169e-20
1.626814320104841318e+04 4.492910981801276654e-20 1.018159880876163121e-20
1.627446033006471043e+04 3.780052559717480180e-20 1.082766397063568668e-20
1.628077741100212552e+04 1.532557655744814771e-20 1.129286442374299788e-20
1.628709444694517879e+04 2.886535550165378836e-20 1.061057073811919573e-20
1.629341143789397938e+04 4.083945466752083550e-20 1.210341645989694966e-20
1.629972838382678674e+04 2.925219227204499102e-20 1.106949127094956392e-20
1.630604528472633319e+04 4.239192115380835942e-20 1.087480646704648422e-20
1.631236214056424978e+04 5.781014008303720043e-20 1.082333220305113176e-20
1.631867895131618207e+04 3.964164674198358442e-20 1.090568520308517771e-20
1.632499571695828854e+04 1.796869699131646149e-20 1.166868125027368000e-20
1.633131243746393920e+04 3.571312598050818554e-20 1.132819351076229560e-20
1.633762911281154993e+04 3.335422613859713847e-20 1.107608899434635962e-20
1.634394574298147745e+04 6.564472223433641386e-20 1.157935577638652115e-20
1.635026232794043972e+04 3.906552360770408423e-20 1.075014505643540746e-20
1.635657886767348646e+04 3.434988474228793702e-20 1.010210675148465110e-20
1.636289536214714462e+04 5.664636515472796738e-20 1.071983852405153458e-20
1.636921181134664039e+04 5.221166376695413819e-20 1.114990987874230467e-20
1.637552821524290630e+04 4.050929742295960706e-20 1.096834459686240074e-20
1.638184457380737513e+04 2.254769214643698393e-20 1.050313764565636202e-20
1.638816088702476191e+04 4.998817377266206686e-20 1.235329209792753496e-20
1.639447715486179368e+04 6.972344073637985984e-20 1.092487298235233135e-20
1.640079337729881809e+04 3.590158345052702662e-20 1.050005338662975529e-20
1.640710955431834736e+04 2.631294892705686410e-20 1.145700713121951306e-20
1.641342568588479116e+04 5.192145544784903622e-20 1.172069096346007490e-20
1.641974177197811514e+04 2.968982050342630996e-20 1.115883343497534335e-20
1.642605781257429771e+04 2.766835287132303789e-20 1.112770570144776944e-20
1.643237380764877889e+04 4.892090586770311023e-20 1.106168806971140828e-20
1.643868975717972353e+04 4.018664497289755057e-20 1.050252815068354993e-20
1.644500566114024332e+04 1.419603299158811079e-20 1.010957013456491633e-20
1.645132151950148545e+04 4.193125985642047704e-21 1.116374201325738681e-20
1.645763733225283067e+04 2.796814956402749814e-20 1.178015141133508415e-20
1.646395309935133992e+04 3.785407599102958022e-20 1.088777083600250072e-20
1.647026882078652125e+04 7.976316718112913354e-20 1.130830117262682006e-20
1.647658449652686613e+04 4.383871047783826754e-20 1.030692762562795776e-20
1.648290012659010972e+04 2.399376828038618794e-20 1.086281636486420752e-20
1.648908458090347995e+04 5.840646561010227750e-20 1.158513636590490300e-20
1.649540010826262369e+04 4.623477549305144663e-20 1.168562710383952138e-20
1.650171558983496652e+04 4.524937875976402105e-20 1.207323724159397685e-20
1.650803102558915270e+04 4.449229239450887692e-21 1.089097725678581655e-20
1.651434641550517335e+04 3.071358020283549579e-20 1.055776804237457418e-20
1.652066175954902428e+04 6.914170975898104714e-20 1.158279174332690526e-20
1.652697705771525216e+04 4.540035510557594346e-20 1.061417878553075809e-20
1.653329230995523540e+04 3.247616519747991498e-20 1.147918456079045328e-20
1.653960751625888588e+04 1.503667697831086800e-20 1.080345835756160707e-20
1.654592267660615471e+04 4.357156129484193562e-20 1.105640147984551663e-20
1.655223779095830105e+04 2.358404009293533167e-20 1.106080911153661593e-20
1.655855285930468381e+04 3.989489478431882097e-20 1.173724298572451875e-20
1.656486788160659853e+04 3.183323075265098964e-20 1.093228470644157943e-20
1.657118285784622640e+04 7.394481097234112508e-22 1.085965405848558972e-20
1.657749778800154672e+04 2.948763498448146305e-20 1.108124411322038820e-20
1.658381267205005133e+04 5.549311273718357623e-20 1.188440479204395333e-20
1.659012750995986789e+04 6.498071990961037915e-20 1.057401018443717593e-20
1.659644230170623268e+04 4.986818429591442858e-20 1.077296778435753649e-20
1.660275704726911499e+04 2.961703614309087300e-20 1.164548093822866495e-20
1.660907174661904355e+04 2.036365249082497238e-20 1.115090597127104512e-20
1.661538639973098543e+04 2.533879586439072924e-20 1.048537014489336161e-20
1.662170100658767842e+04 4.074514520005751819e-20 1.109546549483860293e-20
1.662801556716150299e+04 3.919803607869484219e-20 1.016947074645657383e-20
1.663433008142071048e+04 3.842076921891380447e-20 1.111966481834144231e-20
1.664064454934734385e+04 6.170838884998691146e-20 1.130581402199958715e-20
1.664695897091683946e+04 3.700576995141856291e-20 1.117853727711885022e-20
1.665327334609676473e+04 3.871471147530357006e-20 1.058654941588371927e-20
1.665958767486478246e+04 4.004442827896465769e-20 1.116518035701494288e-20
1.666590195720316478e+04 3.942042256503713542e-20 1.034785824613323301e-20
1.667221619308453955e+04 4.638018793938500392e-20 1.091274127837723893e-20
1.667853038248157100e+04 7.375338723494388912e-20 1.137094023999839735e-20
1.668484452536913523e+04 3.311164099542672317e-20 1.048687399583112763e-20
1.669115862171514163e+04 2.811347586332649167e-20 1.064712281975936288e-20
1.669747267150888729e+04 2.951920220552235784e-20 1.152926266090511036e-20
1.670378667471839799e+04 3.011510144910768514e-20 1.143895524118583469e-20
1.671010063131575225e+04 4.582857279886974527e-20 1.091481934470430940e-20
1.671641454127631732e+04 3.294001605834238433e-20 1.048095209386350785e-20
1.672272840457949496e+04 4.330588549691721704e-20 1.103340759673108242e-20
1.672904222120053237e+04 4.446476008169793025e-20 1.090661549812605502e-20
1.673535599111158808e+04 7.458633856901541933e-20 1.157404554521761629e-20
1.674166971428284160e+04 3.589470703200237872e-20 1.154365030172509393e-20
1.674798339069635040e+04 4.989887596907382034e-20 1.131846944278710266e-20
1.675429702032701243e+04 2.289491435269755834e-20 1.124107742541376726e-20
1.676061060314720089e+04 5.168929243568466214e-20 1.203436160540836981e-20
1.676692413913164637e+04 7.935651286914634493e-20 1.221948740687672951e-20
1.677323762825526137e+04 6.739846502460415829e-20 1.149159571578633665e-20
1.677955107049017170e+04 4.465541243896777390e-20 1.162360527612610335e-20
1.678586446581137716e+04 3.976936627702206133e-20 1.169170132481459063e-20
1.679217781419820676e+04 6.063278743546877729e-20 1.121198510370254948e-20
1.679849111563063707e+04 6.312593579175880885e-20 1.140179100107899493e-20
1.680480437007072032e+04 3.584639981804033536e-20 1.163351704395003493e-20
1.681111757749844764e+04 2.310367117394723376e-20 1.135570988947676283e-20
1.681743073788806942e+04 2.582672088024053453e-20 1.121413729977572255e-20
1.682374385121464002e+04 3.212448999760068542e-20 1.097264181550656648e-20
1.683005691745490185e+04 3.384217271160542888e-20 1.034132885799554563e-20
1.683636993656898994e+04 2.395574942441872361e-20 1.172856532681166026e-20
1.684268290855835949e+04 5.751473077857621174e-20 1.160988205098660542e-20
1.684899583337806689e+04 5.141163814067342237e-20 1.078985435893444454e-20
1.685530871100748845e+04 2.943095410100885287e-20 1.042767818648265821e-20
1.686162154142618238e+04 8.456084801334364927e-20 1.126554531494246679e-20
1.686793432459629912e+04 1.221503813133658134e-19 1.233703149715989856e-20
1.687424706050716850e+04 1.328288250480515428e-19 1.264909813867741786e-20
1.688055974912099919e+04 4.299840934761985207e-20 1.112369326824934694e-20
1.688687239041709108e+04 3.304442290760999805e-20 1.061530644243980242e-20
1.689318498437007656e+04 4.654102242800236295e-20 1.130951954420261258e-20
1.689949753095916094e+04 8.194676118282153275e-20 1.167328103575608369e-20
1.690581003014166345e+04 8.190813587636113850e-20 1.307184309162062365e-20
1.691212248191651088e+04 2.131336056826067750e-20 1.046356147213419208e-20
1.691843488624105885e+04 4.065009798088363378e-20 1.054314880797152422e-20
1.692474724309926387e+04 5.943438240371477720e-20 1.098788646343946247e-20
1.693105955245595032e+04 3.017629103181073325e-20 1.084331164585520678e-20
1.693737181429497286e+04 5.530598622227810478e-20 1.122085729210735665e-20
1.694368402858116315e+04 5.165890388383639359e-20 1.228767760980656204e-20
1.694999619529834308e+04 6.475933719396558475e-20 1.136276892520549141e-20
1.695630831441127157e+04 5.282575671916394828e-20 1.127693484543725611e-20
1.696262038589881558e+04 2.953791229533584401e-20 1.148722481454637201e-20
1.696893240974058062e+04 2.555107296257534304e-20 1.078032306064143745e-20
1.697524438589553392e+04 1.132632868567022682e-20 1.117183687470583096e-20
1.698142428155491507e+04 2.779963295059649630e-20 1.124091464855963530e-20
1.698773615107830119e+04 1.310002794573847215e-20 1.089671669899881705e-20
1.699404797281862193e+04 3.514926485006336637e-20 1.170208286053030159e-20
1.700035974677310514e+04 3.963192327412254536e-20 1.213114655139681475e-20
1.700667147292083973e+04 3.588748109094580005e-20 1.037082065662512792e-20
1.701298315123104476e+04 4.823635684448305188e-20 1.154234106962666046e-20
1.701929478169499271e+04 6.561661247364467624e-20 1.106262978510283052e-20
1.702560636426724886e+04 3.991452410888103246e-20 1.154887816065553767e-20
1.703191789893403984e+04 5.872935350122806752e-20 1.207886646982966077e-20
1.703822938565480945e+04 6.980251070503043188e-20 1.069855835583764524e-20
1.704454082442312574e+04 4.693595846470930609e-20 1.049843033417260625e-20
1.705085221519359402e+04 3.123333757591068609e-20 1.249622040040089003e-20
1.705716355796212156e+04 6.594161218219662152e-20 1.178717236221781299e-20
1.706347485268079254e+04 1.807989613646508140e-20 1.089358660479769008e-20
1.706978609933824555e+04 5.929620194006939336e-20 1.137368599687107803e-20
1.707609729790592974e+04 3.205248978052880387e-20 1.141474647949146926e-20
1.708240844835056487e+04 2.859350991326893639e-20 1.152443767011014536e-20
1.708871955065081420e+04 6.061370023379135990e-20 1.272405912072479788e-20
1.709503060478079715e+04 4.920123839493084933e-20 1.114612318992321779e-20
1.710134161071916242e+04 3.354054945902617582e-20 1.201796002483471650e-20
1.710765256843012685e+04 5.971222949290554121e-20 1.185248469875741417e-20
1.711396347789479114e+04 4.741532771243990890e-20 1.190613068293013423e-20
1.712027433908706007e+04 5.373280431923020775e-20 1.250984733651761996e-20
1.712658515197338056e+04 3.830568897231491179e-20 1.182958859453148077e-20
1.713289591653493699e+04 2.536015484315783157e-20 1.078606007720053943e-20
1.713920663274545223e+04 4.497164049763376037e-20 1.101864934697957458e-20
1.714551730056660017e+04 4.120509671372149632e-20 1.060032634375258520e-20
1.715182791999651454e+04 3.990121807998228068e-20 1.089059213419649905e-20
1.715813849098459832e+04 4.263178065524644828e-20 1.204370740029966108e-20
1.716444901352152738e+04 8.185421458057846556e-20 1.255464193059312317e-20
1.717075948760093524e+04 3.635950639725335479e-20 1.211009680730691863e-20
1.717706991634661608e+04 3.321081869735025950e-20 1.104873176147265019e-20
1.718324789708308526e+04 3.012955939981908565e-20 1.139789725041817791e-20
1.718955821423781890e+04 3.736580401447911073e-20 1.103164753282905597e-20
1.719586848281168204e+04 4.969236509882460749e-20 1.164420745712828200e-20
1.720217870276284157e+04 3.998815666660594905e-20 1.113798499037813508e-20
1.720848887407272923e+04 1.159423552013462710e-20 1.056063314451017819e-20
1.721479899670963641e+04 3.338713909467787923e-20 1.181986838279361825e-20
1.722110907065242645e+04 6.381571246278320097e-20 1.141484681420662341e-20
1.722741909587444025e+04 1.665268768553433387e-20 1.113138739607569832e-20
1.723372907233667866e+04 1.238849105238395068e-20 1.087405477514594011e-20
1.724003900003538365e+04 4.584222295014772658e-20 1.166660898473540608e-20
1.724634887892386541e+04 2.431122779798351103e-20 1.050288499790616045e-20
1.725265870898814319e+04 5.058042091242949541e-20 1.125312569799553238e-20
1.725896849019168803e+04 7.087580331370548434e-20 1.209671205709922676e-20
1.726527822251536054e+04 4.520361881080815040e-20 1.114909228508154502e-20
1.727158790593285448e+04 2.541507380675546873e-20 1.183044071530870616e-20
1.727789754040706976e+04 2.105145801931026622e-20 1.120914009440382575e-20
1.728420712592703421e+04 3.746269698844401369e-20 1.124042609724496145e-20
1.729051666245301385e+04 5.342503796462612999e-20 1.103943517244537278e-20
1.729682614996636039e+04 5.451958052674351917e-20 1.091855538507527941e-20
1.730313558844009822e+04 4.007013597621167935e-20 1.106448126677003596e-20
1.730944497784274063e+04 1.833449276390912125e-20 1.140440835486287577e-20
1.731575431815751290e+04 3.833594231102908300e-20 1.135236069087150237e-20
1.732206360933751785e+04 5.797471722378028024e-20 1.127861905592186003e-20
1.732837285137617073e+04 1.879421852912574532e-20 1.132364855015377442e-20
1.733468204423429415e+04 4.332720498761492687e-20 1.087676026792111177e-20
1.734099118789754721e+04 4.872964180441628049e-20 1.191129733949574667e-20
1.734730028232412587e+04 3.010022847637781575e-20 1.134511562654073251e-20
1.735360932749707354e+04 3.520873477716156077e-20 1.156083681183383569e-20
1.735991832339518805e+04 2.873253585386089355e-20 1.031400258744043956e-20
1.736622726997055724e+04 4.354560349999165088e-20 1.138589963724826503e-20
1.737253616721735307e+04 4.383964805318247031e-20 1.107530311859464921e-20
1.737884501510317205e+04 6.437566717398988652e-20 1.176484424059549620e-20
1.738515381359630919e+04 4.270342718218366306e-20 1.102436315931813667e-20
1.739146256266949786e+04 5.254439761960169390e-20 1.047029078699749366e-20
1.739777126230129943e+04 3.094336311662821330e-20 1.064574586909266765e-20
1.740407991245929952e+04 5.387980497792813177e-20 1.078083820598619048e-20
1.741038851312195766e+04 3.893650342843313379e-20 1.053949673792416606e-20
1.741669706426207631e+04 5.087338821233361556e-20 1.153763057584424606e-20
1.742300556585024970e+04 3.002020614868077292e-20 1.116783804396995465e-20
1.742931401785149865e+04 3.766057769069604856e-20 1.054736138464273515e-20
1.743562242025188971e+04 2.390688721273236256e-20 1.082877210801659868e-20
1.744193077302166785e+04 6.222384159520695549e-20 1.125356831495084303e-20
1.744823907613123447e+04 4.896573025836708855e-20 1.071855578282600001e-20
1.745454732955086365e+04 4.015602061752330008e-20 1.181529856842562108e-20
1.746085553325341971e+04 3.548006713477474429e-20 9.750597055409867139e-21
1.746716368721962863e+04 2.439854384554469127e-20 1.010382395022543458e-20
1.747347179141443848e+04 6.043181407808402192e-20 1.054441054455400091e-20
1.747977984581602868e+04 5.875804790430882517e-20 1.118569755053665902e-20
1.748608785039443683e+04 4.830835645844611949e-20 1.095909774046547088e-20
1.749239580512005341e+04 1.867999021929107893e-20 1.117183494184593473e-20
1.749870370996538986e+04 3.204322742403197894e-20 1.022286546165514264e-20
1.750501156490874200e+04 4.095113106204622121e-20 1.030185377643494595e-20
1.751131936992250121e+04 4.143862958250457393e-20 1.065053573638590981e-20
1.751762712497716348e+04 2.454689266627743446e-20 1.043915681601796546e-20
1.752393483004500740e+04 6.108418433081986220e-20 1.124712778517699131e-20
1.753024248510176767e+04 7.711614927252124146e-20 1.209026001124085339e-20
1.753655009011969014e+04 1.292974844656815042e-19 1.215311957496316465e-20
1.754285764505348197e+04 8.172058640039045415e-20 1.216095981880097222e-20
1.754916514990424184e+04 7.356760561051990981e-20 1.165627343957322232e-20
1.755547260462391569e+04 9.590213642530088518e-20 1.080641143914841045e-20
1.756178000919795886e+04 3.633409499229032181e-19 1.443410002363159210e-20
1.756808736359652903e+04 1.839628366705136088e-18 2.497015354673413279e-20
1.757439466778677161e+04 5.126029916128330422e-18 4.034007377924961908e-20
1.758070192174920521e+04 3.021756632093804885e-18 3.191580985485243429e-20
1.758700912544581297e+04 4.924456931714056165e-19 1.566198811311608053e-20
1.759331627884903719e+04 1.010825800939341354e-19 1.141951586562367635e-20
1.759962338194462427e+04 8.902973160978703469e-20 1.135517656248898947e-20
1.760593043469963959e+04 5.610092681628905661e-20 1.149278602513770997e-20
1.761223743707880567e+04 4.803300457612545264e-20 1.118608918427699309e-20
1.761854438905428469e+04 7.854547753807586631e-20 1.223524310525203276e-20
1.762471807550740778e+04 1.609786147796515661e-19 1.240369983429063057e-20
1.763102491528698738e+04 2.358570985779297400e-19 1.279749217681195863e-20
1.763733170455567233e+04 1.133491046099015998e-19 1.183307577300716646e-20
1.764363844330930078e+04 8.893193395039998494e-20 1.185291269853462775e-20
1.764994513152281797e+04 7.251683060725763649e-20 1.202153938698176224e-20
1.765625176917363569e+04 6.433422062960097155e-20 1.106826887872436667e-20
1.766255835623152961e+04 3.226958616842283524e-20 1.256621131562911393e-20
1.766886489266883291e+04 3.548738732367520623e-20 1.105154887715979520e-20
1.767517137846013429e+04 2.309276027768264534e-20 1.154791469629108621e-20
1.768147781356509586e+04 5.363440588632194094e-20 1.132007237681280818e-20
1.768778419797369861e+04 5.506535869162090429e-20 1.032053683612920357e-20
1.769409053165327350e+04 1.713746227761948832e-20 1.097459763169106450e-20
1.770039681456550534e+04 5.138529368645921376e-20 1.170732581031220618e-20
1.770670304670070618e+04 5.967736247204625791e-20 1.185843197392056019e-20
1.771300922801286652e+04 5.290933079215291914e-20 1.203874013698131431e-20
1.771931535848459680e+04 2.404468179387410179e-20 1.110450553175017454e-20
1.772562143809036570e+04 3.793007024872358771e-20 1.141743165227798913e-20
1.773192746678952972e+04 3.507046087554064688e-20 1.081329634201689084e-20
1.773823344456440100e+04 2.910845714310521571e-20 1.149640801726234698e-20
1.774453937173244776e+04 2.701739722345384403e-20 1.106344797193778640e-20
1.775084527939839609e+04 3.496964038413848047e-20 1.051042519847633696e-20
1.775715117851689138e+04 3.265297620926757616e-20 1.144955647996835440e-20
1.776345702704539144e+04 4.449854083246502567e-20 1.134274853533779555e-20
1.776976282450776125e+04 3.175874804200449793e-20 1.151860319491014445e-20
1.777606857087106982e+04 2.153362884690632055e-22 1.181299793163662222e-20
1.778237426611468618e+04 2.577816785660015148e-20 1.162793065360509554e-20
1.778867991019785768e+04 5.738345356605119083e-20 1.194973087124455919e-20
1.779498550313754458e+04 4.292052337094500025e-20 1.133532409317072666e-20
1.780129104807454496e+04 5.142456769366387635e-20 1.161647660956192931e-20
1.780746298874513377e+04 3.032147059839959844e-20 1.103858569150648447e-20
1.781376841654890814e+04 3.945607192484737192e-20 1.126360702329481863e-20
1.782007379305549694e+04 3.389254971979762415e-20 1.130117181080276666e-20
1.782637911824172988e+04 3.648271602438934271e-21 1.120696478965282811e-20
1.783268439207709889e+04 5.077861737657928971e-20 1.166295633070494009e-20
1.783898961453299125e+04 1.692390490125219369e-20 1.105763392290980271e-20
1.784529478558147093e+04 2.069777620934619190e-20 1.046165729942695431e-20
1.785159990519403800e+04 9.656638216521104331e-21 1.081527605375148013e-20
1.785790497334524844e+04 6.051107803719099850e-20 1.098825880741887568e-20
1.786420998999863514e+04 4.840348516269113952e-20 1.058874314858277073e-20
1.787051495513661939e+04 3.497921916617483794e-20 1.050771932107389471e-20
1.787681986872290508e+04 7.696202261121252930e-20 1.088641394577453576e-20
1.788312473072617649e+04 1.014651694500268857e-19 1.222513924735764549e-20
1.788942954113999440e+04 7.791044050757584186e-20 1.157172465294580080e-20
1.789573429990310251e+04 4.370401461539860001e-20 1.133662465201475941e-20
1.790203900700911254e+04 2.117469545254800433e-20 1.221637335006518776e-20
1.790834366242655960e+04 2.507036873802244711e-20 1.068026577601422085e-20
1.791464826612720935e+04 4.443135637734254245e-20 1.110433112814497730e-20
1.792095281807705032e+04 3.001861127479312496e-20 1.034020446969427948e-20
1.792725731824486866e+04 2.909966308112148101e-20 1.024591263479847228e-20
1.793356176661308928e+04 5.665297675459653203e-20 1.035198750444462366e-20
1.793986616315024003e+04 1.404848256637725347e-20 1.073940697161991913e-20
1.794617050781452781e+04 2.276142550494687695e-20 1.151163539656692730e-20
1.795247480059865848e+04 3.400554326896936392e-20 1.145673228316602750e-20
1.795877904146630317e+04 2.421306151135658837e-20 1.154137959710973734e-20
1.796508323037223454e+04 2.868386612740301951e-20 1.169796536382444406e-20
1.797138736730704841e+04 3.571329311741936744e-20 1.149650657200990828e-20
1.797769145224198655e+04 9.522948930002238049e-20 1.161096217511766707e-20
1.798399548514020353e+04 2.313668271462019282e-19 1.326045066038051794e-20
1.799029946597857634e+04 2.472550065044224868e-19 1.362039121757458527e-20
1.799660339471997941e+04 8.631408892015051906e-20 1.113181244296636539e-20
1.800290727134963163e+04 5.063136848478213642e-20 1.089379197078620494e-20
1.800921109582202189e+04 4.617616537378610571e-20 1.132940090093429262e-20
1.801551486811965515e+04 8.212207732920271363e-20 1.146311360769311376e-20
1.802181858821350033e+04 1.923692230425433670e-19 1.242226145410144767e-20
1.802812225607213986e+04 1.947849564169717776e-19 1.351933116656373339e-20
1.803442587165853183e+04 7.681411114704842558e-20 1.145026686076947529e-20
1.804072943496011430e+04 4.014645526204286874e-20 1.169390300718078084e-20
1.804703294594005638e+04 3.731577667187436462e-20 1.133910837224704093e-20
1.805333640456636567e+04 2.927487160725147427e-20 1.147151699053327133e-20
1.805963981081599923e+04 1.584281187248911462e-20 1.146246618318109404e-20
1.806594316465423253e+04 2.554826282070919142e-20 1.076286688894747582e-20
1.807224646605781891e+04 8.148286074109383262e-21 1.117744261573374542e-20
1.807854971499769090e+04 2.399363528800556959e-20 1.046274106173213909e-20
1.808485291143936047e+04 2.159534226677854244e-20 1.052357913131614844e-20
1.809115605535395298e+04 3.742386046991615001e-20 1.002559051525986320e-20
1.809745914671766150e+04 3.999707975222757269e-20 1.192068174707256574e-20
1.810376218549628902e+04 5.536482082597410336e-20 1.112700286418921747e-20
1.811006517167142738e+04 5.913478654277001998e-20 1.105999912023325174e-20
1.811636810519776554e+04 1.489418292982544609e-20 1.134309888360449077e-20
1.812267098605704086e+04 1.778241640544888095e-20 1.104682400959165812e-20
1.812897381421466343e+04 7.595598415450821316e-21 1.030574825561249078e-20
1.813527658965260343e+04 5.195133910801546827e-20 1.052485133193376591e-20
1.814157931232492047e+04 5.503394156372434341e-20 1.136053801602699271e-20
1.814788198221379207e+04 3.483384708438412968e-20 1.148040442882714965e-20
1.815418459928413358e+04 -5.423688936388860787e-22 1.072468450975137106e-20
1.816048716351806797e+04 2.209667578945543382e-20 1.130221340852935414e-20
1.816678967486961119e+04 2.448612503809356181e-20 1.053750851185521736e-20
1.817309213332058789e+04 5.192045983852437214e-20 1.113283568305247781e-20
1.817939453884182512e+04 5.397720805161299106e-20 1.153738978432519519e-20
1.818569689139823458e+04 2.596599174427873596e-20 1.143094876267955587e-20
1.819199919096635131e+04 1.980872161323221001e-20 1.097725300965393967e-20
1.819830143751096693e+04 5.179480690547216614e-20 1.154241529784130902e-20
1.820460363101588155e+04 2.853854215473345133e-20 1.104952197713507893e-20
1.821077146279007866e+04 4.673113598886400644e-20 1.148872479483474131e-20
1.821707353866782796e+04 2.782808131411577836e-20 1.132487503377874902e-20
1.822337556136155763e+04 5.437667453823596985e-20 1.230208911137892411e-20
1.822967753088897734e+04 2.827213894848911106e-20 1.062791079253013936e-20
1.823597944721284148e+04 4.929757655093785598e-20 1.144967230407256241e-20
1.824228131031438534e+04 3.251824782986550258e-20 1.041041810049436823e-20
1.824858312016135460e+04 5.831156057132060820e-20 1.117054256435875911e-20
1.825488487671899202e+04 4.993286709973176275e-20 1.119270263805464166e-20
1.826118657996285765e+04 2.660005108067460593e-20 1.061793802653741122e-20
1.826748822985559309e+04 4.603197458615867663e-20 1.102266226991501742e-20
1.827378982637810986e+04 4.095386236740163705e-20 1.119090017219950203e-20
1.828009136949023377e+04 6.243418010511737155e-20 1.164860755973927184e-20
1.828639285917042434e+04 5.705664933249683045e-20 1.093692904036837021e-20
1.829269429538891200e+04 8.441738484712639436e-20 1.214904667888536340e-20
1.829899567811087036e+04 5.796881532616475228e-20 1.142156424809588887e-20
1.830529700731175762e+04 2.776422682741574493e-20 1.190751407176000472e-20
1.831159828295934858e+04 3.092943075651325479e-20 1.150612342330111178e-20
1.831789950502112333e+04 2.007750371740433036e-20 1.130141550311786925e-20
1.832420067347264921e+04 5.871733689931205989e-20 1.099603323077009146e-20
1.833050178827632408e+04 7.984595601737367993e-20 1.214657270604020966e-20
1.833680284941557693e+04 4.505938467593986970e-20 1.195004252263672489e-20
1.834310385684470384e+04 3.325695478816015781e-20 1.156748075970875165e-20
1.834940481054986230e+04 1.088864985799944568e-20 1.131851861542005898e-20
1.835570571049045247e+04 1.987330685380113891e-20 1.119671895685890784e-20
1.836200655663396901e+04 1.096597439221344013e-20 1.015822555755796395e-20
1.836830734896393187e+04 5.099396255783293322e-20 1.075086757941570241e-20
1.837460808748009003e+04 3.440884007908503556e-20 1.107968060184038392e-20
1.838077415320469299e+04 1.314103139583986558e-20 1.111246980299097903e-20
1.838707477238347201e+04 4.950650849926323713e-20 1.171933379404584455e-20
1.839337533761421219e+04 3.580806910698448100e-20 1.110290519872216465e-20
1.839967584887778503e+04 1.802393908493113563e-20 1.078041506124725811e-20
1.840597630613331421e+04 4.161509120716182205e-20 1.046431044965535098e-20
1.841227670936183131e+04 3.705635669413862852e-20 1.028831513071201916e-20
1.841857705852769504e+04 3.736545213812687380e-20 1.123461810538309940e-20
1.842487735360096485e+04 2.940585004933295100e-20 1.205740678656120091e-20
1.843117759454277621e+04 4.771635227707303720e-20 1.144412510682290479e-20
1.843747778133748216e+04 5.556483997103278218e-20 1.020453231191295111e-20
1.844377791395190070e+04 2.840510112821459290e-20 1.086772222056101995e-20
1.845007799235032508e+04 2.979276710753223656e-20 1.022321541976843479e-20
1.845637801650832625e+04 3.528581887153610294e-20 1.030324532735578835e-20
1.846267798639260945e+04 5.902716022661337719e-20 1.185583151936974488e-20
1.846897790197331051e+04 3.944206417598671308e-20 1.026660897721903431e-20
1.847527776321708370e+04 2.522104652864967702e-20 1.024766531205233519e-20
1.848157757009950001e+04 4.344734392839276614e-21 1.093299513048988152e-20
1.848787732258466713e+04 2.830956040265814646e-20 1.114493570926255210e-20
1.849417702064771584e+04 2.959141022462914379e-20 1.133343992079294050e-20
1.850047666425865464e+04 6.393349091393495528e-21 1.093718621013254159e-20
1.850677625337835707e+04 4.284815036233724122e-20 1.109837681166254844e-20
1.851307578798231771e+04 4.919762735285693210e-20 1.108046329273367168e-20
1.851937526804871959e+04 3.917555524262449864e-20 1.053472751836333176e-20
1.852567469352703120e+04 3.656956335690796315e-20 1.086782542328997767e-20
1.853197406440422128e+04 4.618273432140534986e-20 1.207285310981196116e-20
1.853827338064958531e+04 5.498334546400549095e-20 1.226643689620370731e-20
1.854457264221572041e+04 4.273656499032692114e-20 1.172628692151590237e-20
1.855087184909501229e+04 3.593942309161054974e-20 1.174559639072126145e-20
1.855717100123959972e+04 3.837493925388778248e-20 1.152678382772115961e-20
1.856347009862784398e+04 2.765996620195850561e-20 1.046846214533893856e-20
1.856976914122895687e+04 2.159953097043709593e-20 1.102116410506537320e-20
1.857606812899820579e+04 3.703834593474011685e-20 1.191251650746471880e-20
1.858236706192224301e+04 4.205774650904368531e-21 1.093207024899809196e-20
1.858866593997019299e+04 5.333025693297069840e-20 1.137309260251498472e-20
1.859496476310031358e+04 5.649247060540740050e-20 1.188058051822132122e-20
1.860126353128747360e+04 6.125261649216009557e-20 1.158576255107991995e-20
1.860756224450967056e+04 8.116887281629671014e-20 1.190630643695356498e-20
1.861386090271916328e+04 1.904094328920049670e-20 1.124247963637381658e-20
1.862015950588776468e+04 7.138436639903207706e-21 1.036242573738125156e-20
1.862645805400231984e+04 3.303456489411978542e-20 1.084907606203397784e-20
1.863275654702044267e+04 5.578223215196747685e-20 1.123812584419229798e-20
1.863905498490558966e+04 3.857147778158551562e-20 1.196175929582838290e-20
1.864535336763578744e+04 3.196399488537873674e-20 1.134671822010001585e-20
1.865165169517414688e+04 5.114842363772700289e-20 1.103753752318846520e-20
1.865794996749877100e+04 4.002247296468686073e-20 1.108183699312530372e-20
1.866424818457584115e+04 3.996214642335189529e-20 1.222016083547666011e-20
1.867054634635709954e+04 1.766820555498462626e-20 1.049709639484906908e-20
1.867684445283781315e+04 2.378137743469035150e-20 1.174516086629959581e-20
1.868314250397526848e+04 5.146993923456901893e-20 1.219372822843765126e-20
1.868944049973583606e+04 1.213523115621711115e-20 1.145113961134801615e-20
1.869573844009436289e+04 3.338971889417615196e-20 1.192400724673926947e-20
1.870203632501096581e+04 4.321857383729210382e-20 1.141479666384998377e-20
1.870833415446362778e+04 2.291824307024750802e-20 1.158987021927773414e-20
1.871463192842688659e+04 4.707336918242219036e-20 1.147793390808983788e-20
1.872092964685244078e+04 3.745154905556867442e-20 1.088044862450376632e-20
1.872722730971514102e+04 2.376744424797560162e-20 1.134351981620326108e-20
1.873352491699223538e+04 4.910088461170677668e-20 1.137242331779902546e-20
1.873982246864719855e+04 1.912022513161149589e-20 1.129724905639587428e-20
1.874611996465178527e+04 2.969079668709673723e-20 1.095323026944762001e-20
1.875228207073246813e+04 7.104066959330642958e-21 1.160713627316036516e-20
1.875857944701982342e+04 2.162950161540712123e-20 1.144557889724131897e-20
1.876487676431908767e+04 5.802565225483607461e-20 1.175810931839129777e-20
1.877117402580892303e+04 5.495797536198672433e-20 1.177107239496809608e-20
1.877747123148552419e+04 5.550451618683283617e-20 1.138381386293770002e-20
1.878376838132297053e+04 5.271007854697055390e-20 1.169934381487505109e-20
1.879006547528443480e+04 4.149580246892044580e-20 1.121020376941883858e-20
1.879636251333589098e+04 3.508957014800410024e-20 1.189641410519539030e-20
1.880265949545715193e+04 7.159185491319366375e-20 1.604356163052378521e-20
