9.797251557254689033e+03 -9.412283971458966233e-21 1.934980206601884970e-20
9.803614825266080516e+03 4.165986862106233314e-20 1.567506389946952745e-20
9.809978092374658445e+03 2.137239700306963694e-20 1.436114411402626984e-20
9.816341358549909273e+03 6.071909562584721973e-20 1.482391106765073580e-20
9.822704623762921983e+03 7.477264291358979820e-20 1.429992015876895949e-20
9.829067887983643232e+03 6.812989365472065389e-20 1.507386369401315921e-20
9.835431151237649829e+03 6.529969548865150445e-20 1.455916509182917128e-20
9.841794418215080441e+03 4.014393294103973625e-20 1.382882977232967472e-20
9.848298373297251601e+03 5.317852524773565835e-20 1.342377702419887593e-20
9.854661646619773819e+03 2.855968756614676619e-20 1.434439865185274992e-20
9.861024918800045270e+03 3.026965955666344188e-20 1.295014862993302875e-20
9.867388189808760217e+03 7.282474140290967956e-20 1.434140127216698479e-20
9.873751459615865315e+03 6.107692805813472932e-20 1.371805003323067446e-20
9.880114728192735129e+03 4.129073227887722364e-20 1.250102794377876065e-20
9.886477995509041648e+03 6.373419785561879658e-20 1.313038141995236657e-20
9.892841261536053935e+03 5.719144743362099074e-20 1.220394361266270723e-20
9.899204526243995133e+03 6.875951005404562604e-20 1.333402602916748629e-20
9.905567789603708661e+03 4.942651047709157178e-20 1.193415954997502346e-20
9.911931051585359455e+03 5.338979118120846488e-20 1.304233684774269653e-20
9.918294312160416666e+03 5.869468754904009081e-20 1.304080962731676106e-20
9.924657571298732364e+03 4.206228472959801382e-20 1.273289041982514083e-20
9.931020828971240917e+03 3.059408087644904312e-20 1.183664515724832694e-20
9.937384085149198654e+03 4.654907532525495741e-20 1.247590888842000885e-20
9.943747339802685019e+03 6.813983604752316784e-20 1.316722603057548099e-20
9.950110592902408825e+03 6.233889590153023154e-20 1.214566813031556133e-20
9.956473844419593661e+03 4.704157235311185812e-20 1.211797470749916707e-20
9.962837094324973805e+03 3.267183058717050386e-20 1.301305693190301718e-20
9.969200342588685089e+03 7.718797428652420594e-20 1.286362204559515681e-20
9.975563589182875148e+03 4.160475657549412219e-20 1.227597384032788090e-20
9.981926834077095918e+03 4.957293600938335914e-20 1.301236099641396682e-20
9.988290077242714688e+03 4.058272280939330104e-20 1.311273509036403051e-20
9.994653318650593064e+03 4.526990309385326367e-20 1.280616194630104237e-20
1.000101655827203831e+04 8.256493028099044489e-20 1.266603456537071838e-20
1.000737979607702437e+04 6.054864224310276103e-20 1.370213075963093305e-20
1.001374303203764248e+04 3.053415577484757419e-20 1.247338892553555874e-20
1.002010626612392116e+04 4.755520105612992589e-20 1.242919749382312972e-20
1.002646949830758604e+04 3.764284229589665811e-20 1.176924785688208933e-20
1.003283272855884024e+04 3.992372541590272647e-20 1.257739497152178701e-20
1.003919595684971137e+04 5.978112079544096676e-20 1.261045629910859249e-20
1.004555918315004965e+04 3.759577542645083330e-20 1.118393703021480548e-20
1.005192240743231923e+04 4.189880984301710189e-20 1.225767524969223969e-20
1.005828562966626669e+04 5.328944488143133101e-20 1.171042926350202712e-20
1.006464884982359581e+04 3.446388637778866863e-20 1.235692738407222123e-20
1.007101206787585033e+04 5.128752732063984382e-20 1.158283351106562432e-20
1.007737528379326977e+04 2.485290291578441666e-20 1.194520462278608215e-20
1.008373849754771436e+04 3.542540639178416056e-20 1.177427181832295005e-20
1.009010170911045498e+04 5.932326210380295063e-20 1.204834802259684457e-20
1.009646491845180935e+04 5.100202326448206230e-20 1.268645921117740737e-20
1.010282812554367774e+04 2.699216374952905369e-20 1.152298318899474547e-20
1.010919133035754749e+04 5.485321001589467485e-20 1.199766303947130593e-20
1.011555453286378361e+04 4.554975225404675625e-20 1.221666492662046422e-20
1.012191773303477748e+04 7.554982215108394960e-20 1.174051279153919351e-20
1.012828093084097236e+04 6.184147115600907253e-20 1.227893408702420816e-20
1.013464412625396471e+04 5.886475298481377608e-20 1.210364706117327547e-20
1.014100731924507818e+04 6.803999327632587311e-20 1.268648738517509081e-20
1.014737050978605112e+04 5.426001382273224082e-20 1.211126890738174138e-20
1.015373369784719216e+04 2.995264846329060560e-20 1.100458940084576168e-20
1.016009688340131470e+04 3.133545488096611453e-20 1.157026413920612169e-20
1.016646006641856729e+04 2.059826556952531714e-20 1.126879728030075845e-20
1.017282324687130495e+04 5.218662148931897303e-20 1.156912693298123219e-20
1.017918642473043838e+04 4.240450604632342409e-20 1.113255898534559810e-20
1.018554959996776779e+04 4.708635247144321434e-20 1.200446951035368717e-20
1.019191277255415480e+04 4.541215724131035395e-20 1.145250107435324225e-20
1.019827594246240733e+04 3.960096436006645383e-20 1.141656060393279662e-20
1.020463910966242292e+04 5.607029541449125372e-20 1.138579094181875696e-20
1.021100227412718596e+04 3.555625736128620825e-20 1.060436867507490670e-20
1.021736543582740160e+04 4.873032707492701340e-20 1.034015195429166432e-20
1.022372859473476274e+04 5.814168295674246175e-20 1.040507663713984612e-20
1.023009175082116235e+04 4.769611913119599247e-20 1.064431703049592226e-20
1.023645490405809505e+04 3.085139756297790610e-20 1.217187494979369446e-20
1.024281805441699362e+04 2.609669349274230945e-20 1.171235351427046330e-20
1.024918120187008935e+04 5.335347935063211724e-20 1.198165812718014742e-20
1.025554434638812381e+04 9.618327763290666977e-21 1.065775881039486378e-20
1.026190748794393039e+04 4.419545352433481889e-20 1.187667821928089977e-20
1.026827062650811422e+04 5.363493679411216942e-20 1.193986463461353951e-20
1.027463376205349596e+04 3.370929418335063574e-20 1.201781371857670907e-20
1.028099689455097177e+04 3.494748843918845210e-20 1.147891818334016123e-20
1.028736002397279299e+04 4.107814695791040605e-20 1.163402521490810833e-20
1.029372315029048150e+04 4.945935219083801602e-20 1.173490645272102899e-20
1.030008627347611582e+04 3.517257330374113353e-20 1.130157215876088633e-20
1.030644939350148161e+04 3.699607245395473295e-20 1.081320918835402385e-20
1.031281251033826811e+04 3.961963782957522000e-20 1.079564880332673696e-20
1.031917562395832101e+04 5.090155590820339351e-20 1.146623405865697621e-20
1.032553873433396802e+04 5.774500486346510111e-20 1.163167259838401880e-20
1.033190184143646547e+04 5.300181072584551266e-20 1.185078072068938791e-20
1.033826494523797737e+04 5.128160123541629832e-20 1.118722684233958380e-20
1.034462804571086235e+04 2.642790632086195028e-20 1.146898463096708245e-20
1.035099114282688788e+04 6.341184968179113370e-20 1.185094476678493921e-20
1.035735423655758495e+04 5.657392820412976764e-20 1.173256433051970744e-20
1.036371732687497024e+04 5.456263209636398006e-20 1.133208483842364360e-20
1.037008041375217181e+04 2.885909821998268982e-20 1.078753983709595941e-20
1.037658526924698890e+04 5.208101232551162056e-20 1.116945350469678955e-20
1.038294836707015565e+04 5.700969365886685417e-20 1.148250812954229805e-20
1.038931145669130274e+04 6.069750735748193976e-20 1.107725171884598120e-20
1.039567454270419694e+04 6.558325000858705061e-20 1.129147868636178487e-20
1.040203762513446964e+04 6.316088924978124274e-20 1.201727473737687289e-20
1.040840070395374096e+04 2.383663977872787962e-20 1.138774967801444215e-20
1.041476377913538454e+04 4.779947423511768721e-20 1.140320772271741031e-20
1.042112685065034384e+04 3.989970664166433158e-20 1.123690364228609101e-20
1.042748991847160869e+04 5.158345475994914445e-20 1.108325435344946503e-20
1.043385298257078830e+04 3.930626709211323754e-20 1.085687766731271439e-20
1.044021604292073789e+04 7.195987714046008655e-20 1.108056696323248226e-20
1.044657909949331406e+04 6.890245079525389073e-20 9.966828495680897927e-21
1.045294215226069718e+04 3.745101447191712531e-20 1.101844797011656025e-20
1.045930520119575704e+04 6.061374277457666033e-20 1.122306473702386350e-20
1.046566824626995913e+04 5.504389538622838049e-20 1.137413302416496611e-20
1.047203128745597132e+04 4.261689648514742386e-20 1.110278878660440405e-20
1.047839432472677800e+04 3.452917054724741180e-20 1.097143901637841698e-20
1.048475735810668448e+04 3.728040788360636364e-20 1.010623491312799337e-20
1.049126240127313395e+04 4.854898834196285223e-20 1.008551797262103170e-20
1.049762543977668793e+04 5.447088613682532684e-20 1.047028498688099563e-20
1.050398847425164422e+04 4.260355565413975871e-20 1.017007490135359719e-20
1.051035150467109634e+04 4.156980444997098986e-20 9.754450274125784680e-21
1.051671453100705367e+04 5.619349369180555278e-20 1.082922979154215575e-20
1.052307755323168203e+04 4.011405223408327303e-20 1.079529777936730968e-20
1.052944057131854606e+04 6.674288066333073399e-20 1.010832301647412174e-20
1.053580358523939867e+04 8.191170873780214630e-20 1.097940758721659087e-20
1.054216659496637476e+04 5.093601610582661288e-20 1.078499678988075844e-20
1.054852960047301349e+04 5.147455017234160534e-20 1.050638224847706266e-20
1.055489260173082948e+04 3.905176083544852895e-20 1.003395605258272086e-20
1.056125559871295263e+04 3.688138215598622999e-20 9.882668920677970146e-21
1.056761859139278749e+04 4.908175499255398652e-20 1.021289853057080387e-20
1.057398157974136302e+04 5.609830469253471163e-20 9.646164332104012377e-21
1.058034456373284047e+04 5.607695571804421660e-20 1.022068798052018591e-20
1.058670754333841251e+04 7.309608328808391970e-20 1.041226856527524244e-20
1.059307051853158373e+04 4.806657898539929803e-20 1.033781940716961461e-20
1.059943348928514388e+04 6.966304758169690535e-20 1.044623594070700835e-20
1.060579645557133699e+04 5.540149795389822562e-20 1.029135915457206937e-20
1.061215941736373316e+04 5.012981307918306521e-20 1.045810962953828380e-20
1.061852237463327219e+04 5.253847553503673282e-20 1.004683577083809849e-20
1.062488532735549052e+04 4.919093436232892975e-20 1.013245431307612189e-20
1.063124827550032387e+04 3.710141253665819790e-20 1.017924567061268259e-20
1.063761121904283027e+04 4.454531345363030246e-20 1.050210026726457924e-20
1.064397415795392953e+04 5.071183648849835923e-20 1.088696772697203404e-20
1.065033709220768469e+04 4.167613474928947484e-20 1.006643658541102134e-20
1.065670002177701281e+04 4.348377918705747053e-20 9.643919811102353636e-21
1.066306294663434892e+04 3.396836650401669125e-20 9.764382070956081183e-21
1.066942586675249368e+04 5.543417730053506610e-20 9.032077811298621318e-21
1.067578878210467155e+04 6.720392950252172278e-20 9.924219518347996104e-21
1.068215169266325029e+04 6.046135787365000277e-20 1.010559228730833961e-20
1.068851459840227835e+04 5.238413287571180189e-20 9.643057953057367521e-21
1.069487749929371603e+04 5.161120104239544329e-20 1.009994892228533734e-20
1.070124039530663504e+04 4.583444421374035928e-20 9.882574867851371217e-21
1.070760325286435364e+04 3.944195143533504217e-20 9.730295483355451468e-21
1.071396609856000759e+04 5.259224321665916877e-20 1.081889268410632399e-20
1.072032893930070350e+04 4.320807008990171919e-20 1.060059013972913393e-20
1.072669177505907101e+04 6.025589678639930705e-20 1.019758585699144788e-20
1.073305460580904037e+04 4.063247489112490856e-20 1.007663756866463170e-20
1.073941743152207346e+04 4.286431308620944316e-20 9.704243355408410094e-21
1.074578025217296818e+04 3.928153001786943524e-20 9.739309345113648095e-21
1.075214306773380304e+04 5.274363736745183571e-20 9.843347185764135634e-21
1.075850587817838823e+04 5.065783468565850471e-20 1.035927766182545119e-20
1.076486868347900054e+04 2.333272752827790977e-20 9.678456815667903248e-21
1.077123148361026324e+04 5.455969067423865743e-20 1.010029977735358364e-20
1.077759427854403111e+04 3.622223509108298063e-20 9.460440020175678337e-21
1.078395706825373600e+04 7.476442738309127338e-20 9.196771828210005322e-21
1.079031985271351914e+04 7.735128230146997975e-20 9.848814002433484378e-21
1.079668263189526442e+04 4.834839912180245504e-20 1.003422494477820983e-20
1.080304540577373518e+04 8.228013659873860147e-20 1.036863899852259783e-20
1.080940817432058066e+04 3.401206349065112693e-19 1.312043473255838591e-20
1.081577093751052780e+04 3.371234739896539255e-19 1.320596291020844178e-20
1.082213369531604985e+04 9.720379026525101897e-20 1.073655531424083294e-20
1.082849644771108615e+04 4.330824267092008764e-20 9.979878965873792472e-21
1.083485919466827909e+04 4.384385026689107161e-20 1.078533295625669016e-20
1.084122193616135883e+04 8.809708638656227410e-20 1.135809118809819074e-20
1.084758467216420286e+04 1.104925119611425830e-19 1.035554090212919686e-20
1.085394740264924258e+04 5.443949449673064451e-20 1.006046727099485408e-20
1.086031012759027544e+04 6.586695114912055741e-20 1.084193854791870851e-20
1.086667284696170827e+04 4.226442824526418089e-20 9.625870877929596388e-21
1.087303556073580876e+04 7.226583359780521636e-20 9.705435329978938456e-21
1.087939826888600510e+04 5.905197220197393878e-20 9.559324282059329210e-21
1.088576097138709520e+04 4.982927090590843472e-20 8.841544686575521030e-21
1.089212366821114847e+04 4.149367239936160832e-20 8.012316295050588188e-21
1.089848635933217338e+04 4.154571954691701876e-20 8.839908898785004291e-21
1.090484904472345079e+04 5.278516525118204567e-20 9.435300997455943953e-21
1.091121172435999506e+04 4.266621069592529458e-20 9.634901162405925060e-21
1.091757439821361368e+04 4.961393116327955605e-20 1.028125457830297810e-20
1.092393706625884261e+04 3.303514687780878167e-20 9.214056277729917187e-21
1.093029972846850069e+04 4.044431850870884828e-20 9.704803266934918770e-21
1.093666238481725304e+04 4.672995162019627433e-20 9.204163606997333733e-21
1.094302503527864428e+04 5.444859723812241840e-20 9.264118944506709695e-21
1.094938767982476202e+04 4.141387602400750772e-20 8.886850259959491878e-21
1.095575031843102624e+04 4.879119702970092726e-20 9.481477836245687519e-21
1.096211295107118531e+04 3.394077677406709868e-20 9.557645303261477346e-21
1.096847557771831998e+04 4.314941638997723500e-20 9.008663036347576617e-21
1.097483819834585120e+04 7.441732860527874871e-20 9.290878736694848055e-21
1.098120081292826762e+04 7.723738773179645858e-20 9.381750843629424798e-21
1.098756342143873917e+04 5.437487257367658693e-20 8.848366465369634885e-21
1.099392602385112696e+04 5.258084637136370504e-20 9.342477822241216688e-21
1.100028862013932849e+04 5.181334066441664922e-20 8.981230075758580420e-21
1.100665121027810892e+04 6.802476189321237147e-21 8.262332407413122642e-21
1.101301379424015249e+04 3.213272613158693007e-20 8.539507480798358472e-21
1.101937637199908204e+04 5.086762225784811271e-20 9.383686218635620702e-21
1.102573894353001197e+04 7.350633204048257592e-20 9.846034280447633371e-21
1.103210150880539913e+04 4.592726215716054260e-20 9.549413240374578457e-21
1.103846406780065445e+04 4.563663566593829998e-20 8.930854449820209048e-21
1.104482662048869497e+04 4.722513756782236288e-20 8.460645955249856662e-21
1.105118916684436590e+04 2.851569485601045777e-20 8.476312985261096155e-21
1.105755170684006771e+04 6.743406735965281122e-20 8.926750280868688754e-21
1.106391424045074746e+04 1.077922065442843898e-19 9.687995037075833570e-21
1.107027676765086107e+04 7.802830858510770837e-20 9.915741900008375005e-21
1.107663928841378402e+04 4.272849236643305584e-20 9.059144704618437958e-21
1.108300180271444879e+04 6.103829076516283628e-20 9.224391417341124205e-21
1.108950752573145292e+04 9.306689168810487434e-20 1.007361175957295590e-20
1.109587004003392576e+04 6.634213359399789522e-20 9.658025671407418973e-21
1.110223254774089764e+04 4.204012160394813928e-20 9.712874851333741551e-21
1.110859504887931871e+04 4.399984646389977222e-20 9.009266920391878589e-21
1.111495754342368309e+04 4.110709522482804800e-20 9.414545194119847018e-21
1.112132003134796287e+04 3.505584286913745937e-20 9.528162011726859843e-21
1.112768251262539161e+04 1.747938750573784545e-20 9.015778866598185107e-21
1.113404498723046709e+04 4.317022094118997272e-20 9.135942259846588550e-21
1.114040745513836737e+04 5.005407612072730168e-20 9.319410154541002609e-21
1.114676991632193494e+04 5.259544580267204480e-20 9.568868382225512276e-21
1.115313237075705729e+04 3.412170105929077669e-20 9.335934135641098282e-21
1.115949481841606757e+04 5.221481872772498143e-20 9.246986009340621738e-21
1.116585725927448584e+04 7.022834336742991827e-20 8.973880133583514423e-21
1.117221969330594220e+04 2.751995424366047233e-20 8.721177628668167833e-21
1.117858212048516179e+04 4.564099131371178611e-20 9.591888292156038008e-21
1.118494454078656054e+04 6.721673303034596959e-20 9.039547461531230926e-21
1.119130695418300274e+04 3.265769779427041230e-20 9.496117089681486106e-21
1.119766936065151458e+04 1.972650655476208797e-20 9.090518482844815309e-21
1.120403176021749277e+04 4.147673050695058215e-20 9.154140611815991530e-21
1.121039415735023613e+04 6.745169844832369426e-20 9.210588814446045910e-21
1.121690001221047351e+04 5.974869259403044005e-20 9.360301745599317282e-21
1.122326240362017052e+04 4.471209724035035928e-20 9.829785138060041850e-21
1.122962478796984215e+04 5.553838097283585667e-20 9.873617614590189858e-21
1.123598716523520307e+04 5.692488338228613028e-20 9.691910635690247784e-21
1.124234953539022354e+04 6.558107175250379211e-20 9.755594762072946577e-21
1.124871189840869010e+04 5.225283809214803513e-20 9.081466422905752038e-21
1.125507425426646478e+04 3.131349661297849168e-20 8.800158438102327177e-21
1.126143660293645371e+04 4.505689537332785384e-20 8.826276120592259851e-21
1.126779894439358759e+04 5.527522831435161574e-20 9.265205232672672792e-21
1.127416127861349560e+04 5.218129518274646416e-20 8.527049510297723973e-21
1.128052360556971507e+04 6.202265863420435014e-20 8.759294578247067878e-21
1.128688592523673833e+04 5.028763113155521534e-20 8.898888517236192540e-21
1.129324823758945968e+04 6.692994605398373886e-20 9.710597099155482504e-21
1.129961054260287528e+04 1.460944059639453665e-20 9.306797374747599274e-21
1.130597284025147928e+04 2.982528185314637378e-20 9.161278471929949919e-21
1.131233513050833244e+04 6.495712613752134572e-20 9.147704648804471968e-21
1.131869741335066828e+04 5.338220576269243815e-20 8.657756500936179499e-21
1.132505968875121471e+04 7.133713851477186474e-20 8.737642788226695063e-21
1.133142195668641216e+04 6.054808602995723559e-20 8.723328240567409355e-21
1.133778421712896125e+04 3.284496297171417550e-20 8.902437744056112290e-21
1.134414647005484403e+04 5.103270885264066740e-20 8.652011654765944588e-21
1.135050871543775247e+04 4.224192400836624521e-20 8.608019003168687589e-21
1.135687095325376868e+04 3.942660320025919506e-20 8.740950715859047972e-21
1.136323318347729219e+04 5.488739044658468844e-20 9.060703258572507114e-21
1.136959540608224597e+04 7.429417532588745283e-20 9.161052860339862310e-21
1.137595762104403912e+04 4.704039628803810612e-20 9.125240290932569511e-21
1.138231982833813163e+04 4.837863714504841120e-20 8.892087744164912195e-21
1.138868202793843557e+04 3.488279399241748689e-20 8.222361855928595355e-21
1.139504421981984706e+04 2.170590755963499296e-20 8.457678532237821151e-21
1.140140640395720584e+04 4.014795357739465153e-20 8.818883573784708245e-21
1.140776858032578821e+04 1.118062705345392636e-20 8.067415398519735209e-21
1.141413074890086136e+04 5.204411692932534311e-20 8.417008310234751394e-21
1.142049290965617911e+04 4.327643079924301665e-20 8.347582847421581519e-21
1.142685506256809276e+04 7.616291076910636569e-20 8.699016329967913446e-21
1.143321720760989592e+04 4.469205308216611413e-20 8.687999118284647314e-21
1.143957934475767797e+04 3.422340612075228021e-20 7.922979305837900128e-21
1.144594147398657697e+04 3.353284394579122186e-20 8.419586293918356026e-21
1.145230359527064138e+04 4.422201811417105765e-20 8.991458522263905136e-21
1.145866570858506748e+04 5.413504966237445837e-20 9.121881611871456508e-21
1.146502781390647942e+04 2.971309621803182617e-20 8.687229891169053633e-21
1.147138991120789797e+04 3.784486400041320040e-20 8.862859759927396575e-21
1.147775200046495593e+04 2.910270474571654888e-20 7.652058341148207571e-21
1.148411408165299872e+04 4.811563462553424979e-20 8.487130656677188350e-21
1.149047615474764825e+04 4.839078702609270817e-20 8.403731920429565903e-21
1.149683821972266014e+04 3.445521445206370279e-20 8.304018946155609460e-21
1.150320027655363810e+04 3.306277492254703164e-20 7.578537250530759261e-21
1.150956232521675520e+04 5.181442582235093140e-20 8.029665774134234872e-21
1.151592436568655830e+04 3.563607284876832945e-20 8.343522792871226372e-21
1.152228639793699404e+04 5.007570052944585764e-20 8.169137415476616090e-21
1.152864842194575249e+04 3.759757865231075857e-20 7.887834722523891263e-21
1.153501043768524505e+04 4.145157347648467637e-20 7.330407086707080017e-21
1.154137244513277983e+04 3.698964728219264349e-20 7.784001486026071606e-21
1.154773444426250899e+04 3.781773351526526996e-20 8.101747985955638414e-21
1.155409643504997439e+04 5.255099904389337716e-20 8.471138319893171578e-21
1.156045841747038139e+04 4.499418185316870074e-20 8.287699423005167126e-21
1.156682039149990851e+04 4.394623702301517431e-20 8.281351742699317409e-21
1.157318235711214220e+04 2.600923546138112615e-20 8.327766227590829594e-21
1.157954431428410317e+04 3.705653285641165808e-20 8.683806439000433849e-21
1.158590626298915595e+04 6.736522513496845627e-20 8.391331882107632266e-21
1.159226820320484148e+04 4.029648873429986883e-20 7.917815336401375645e-21
1.159863013490518642e+04 3.515979921094765952e-20 8.196638463499144378e-21
1.160499205806549071e+04 5.282394764820515913e-20 7.987093760136140775e-21
1.161135397266122527e+04 4.779637902071836475e-20 8.045299159421460265e-21
1.161771587866968366e+04 2.600956262407618450e-20 7.670017599468820577e-21
1.162407777606352829e+04 2.924593291666880597e-20 7.780995599022687637e-21
1.163043966481904317e+04 3.636199146549398377e-20 8.488586169026667225e-21
1.163680154491164103e+04 3.427862191437737027e-20 8.185345390918869774e-21
1.164316341631965042e+04 5.843561329687548116e-20 7.735990307720091627e-21
1.164952527901374742e+04 5.574890751212333110e-20 8.064843318902320039e-21
1.165588713297224058e+04 4.436878068179928138e-20 8.451462170755130081e-21
1.166224897816982229e+04 5.545518790594924145e-20 7.922399504501378544e-21
1.166861081458370609e+04 2.543370649996482211e-20 7.501519723533954081e-21
1.167497264218661257e+04 5.441652445688476355e-20 8.009476961815182353e-21
1.168133446095553882e+04 2.378290810834889309e-20 8.173753010112894531e-21
1.168769627086656692e+04 4.214568970778193938e-20 8.112434316870715273e-21
1.169405807189621919e+04 6.377554106231410625e-20 7.809455501270304210e-21
1.170041986401724353e+04 4.050362812330949994e-20 8.086027170170170036e-21
1.170678164720577297e+04 4.474106602301612456e-20 8.286184311119327884e-21
1.171314342144014881e+04 7.321836256632912778e-20 8.290073764339481516e-21
1.171950518669471057e+04 5.145755072223958062e-20 8.056259264695739595e-21
1.172586694294261542e+04 3.227847748553920478e-20 7.953084548378928552e-21
1.173222869016196273e+04 4.066853237306463397e-20 7.996278861145893785e-21
1.173859042832942032e+04 6.036014517839029711e-20 7.790462706068883363e-21
1.174495215742008986e+04 4.257409926080439023e-20 7.871292544283634006e-21
1.175131387740644095e+04 4.715016701243877541e-20 8.113010857930990989e-21
1.175767558826763707e+04 6.686252806163070649e-20 8.330293375156159349e-21
1.176403728998019869e+04 3.683693044062768524e-20 8.035610935735408904e-21
1.177039898251778322e+04 5.191809855723179555e-20 8.396967828705474012e-21
1.177676066585509761e+04 3.246696077602562918e-20 8.239155417539499033e-21
1.178312233996983377e+04 3.241910181191125786e-20 7.690199465831872111e-21
1.178948400483899786e+04 2.871695020348997236e-20 7.516560765378255628e-21
1.179584566043749146e+04 3.191337210376048970e-20 7.801199124060873379e-21
1.180220730673820799e+04 5.062760422844434437e-20 7.816547511721687585e-21
1.180856894372029274e+04 5.514414770819110469e-20 8.042159813864911196e-21
1.181493057135968593e+04 4.150689793157916824e-20 7.810591893989113918e-21
1.182129218963160565e+04 4.354300241286340817e-20 7.935569321579116816e-21
1.182765379850936552e+04 3.740510221236278848e-20 7.915142659756762714e-21
1.183401539797354599e+04 2.652054014916392359e-20 7.956640466684718450e-21
1.184037698799869577e+04 6.635276098193767029e-20 8.533508515824803791e-21
1.184673856855788836e+04 4.957586312239150675e-20 8.197740431910460487e-21
1.185310013962858284e+04 3.230684042885909286e-20 7.957234264321317218e-21
1.185946170118933151e+04 4.543588692663364734e-20 8.060629528118354096e-21
1.186582325321441203e+04 4.896219634318686082e-20 8.170290320587645644e-21
1.187218479567735267e+04 5.044786749424788939e-20 8.070304900478390530e-21
1.187854632855694035e+04 3.455634714682692687e-20 7.841410332125191634e-21
1.188490785182985201e+04 2.613068479212280715e-20 7.620768448645237780e-21
1.189126936547056721e+04 5.027802279372057752e-20 7.953098906032908545e-21
1.189763086945567920e+04 3.939768925146111774e-20 7.343712658187565007e-21
1.190413719676351138e+04 4.543265084428097319e-20 7.488388296785391707e-21
1.191049869413348279e+04 6.701097166126969564e-20 7.683920486166462996e-21
1.191686018172134209e+04 4.009979638514098051e-20 7.724576686825608986e-21
1.192322165955582750e+04 5.084655841532540790e-20 8.080401068061831591e-21
1.192958312761536945e+04 3.514095699324289440e-20 8.338948627845219931e-21
1.193594458587412009e+04 2.673216422388262142e-20 8.045275780706980474e-21
1.194230603430682822e+04 3.444735220778155705e-20 7.800290530428956358e-21
1.194866747289233354e+04 5.262261560508507477e-20 7.962705958403590275e-21
1.195502890160649986e+04 3.734914136492080285e-20 7.855066964106836508e-21
1.196139032042439248e+04 4.526770445326202466e-20 8.735010271484328607e-21
1.196775172932062196e+04 5.634958093195565558e-20 8.007854100186287612e-21
1.197411312827624170e+04 4.685301836288793044e-20 7.818044361212340315e-21
1.198047451726550389e+04 5.529706199542866708e-20 8.274010233782397906e-21
1.198683589626137109e+04 4.366024352582035247e-20 7.718620152727579684e-21
1.199319726524365615e+04 3.807700648862833589e-20 7.478050791052777395e-21
1.199955862418832839e+04 5.080253335177781385e-20 7.535198957854931977e-21
1.200591997307185011e+04 4.463427747097692382e-20 7.673338765852078375e-21
1.201228131186639803e+04 4.497861593434244997e-20 7.857766007101555768e-21
1.201864264055665626e+04 3.237802334013453542e-20 7.339251280207923378e-21
1.202500395911317901e+04 3.745848596409594563e-20 7.612260119950759992e-21
1.203136526751281963e+04 4.185908081191849337e-20 8.026884199301083169e-21
1.203772656578282840e+04 4.931740083509290615e-20 7.531964885454284468e-21
1.204423296616880361e+04 5.557366979008939130e-20 7.977491689586218914e-21
1.205059425663649563e+04 3.355488725878516001e-20 7.679366835401339164e-21
1.205695553684909282e+04 5.466245848370252590e-20 7.988492162805108315e-21
1.206331680678942575e+04 3.901665750067085385e-20 7.495594130121015989e-21
1.206967806643032418e+04 3.423902303927485318e-20 7.359533188157909346e-21
1.207603931574906528e+04 4.346978309516100528e-20 7.597287019525512497e-21
1.208240055471705273e+04 3.352116020002250199e-20 7.517553831150503772e-21
1.208876178331965457e+04 4.404106190223248755e-20 7.324195515733985638e-21
1.209512300152782700e+04 3.890002117842213210e-20 7.679130869529169291e-21
1.210148420931677720e+04 4.538393934902574003e-20 7.706420443327765054e-21
1.210784540666932662e+04 3.764848513993192148e-20 7.623614022548116995e-21
1.211420659355722637e+04 3.770970381766084223e-20 7.363653012188622967e-21
1.212056776995955443e+04 3.665769826020276587e-20 7.239465238637886816e-21
1.212692893584665399e+04 5.820058355176053763e-20 8.073558223865352760e-21
1.213329009120433693e+04 5.117555365067781290e-20 7.882382101892394444e-21
1.213965123600483821e+04 3.883633701348904153e-20 7.974582186956772500e-21
1.214601237022218811e+04 5.579616559953230896e-20 8.544892963485528967e-21
1.215237349383804394e+04 5.872872847128779350e-20 7.965267829285270845e-21
1.215873460682729274e+04 4.208224235265615814e-20 7.750464511590243314e-21
1.216509570916629127e+04 3.872668933903037066e-20 8.258220088913088210e-21
1.217145680082772196e+04 6.424811754139762663e-20 8.348178768671111215e-21
1.217781788179668365e+04 4.590758016634795571e-20 7.990060179215172894e-21
1.218417895204430897e+04 5.246039551041235696e-20 8.408386557317837656e-21
1.219054001154652906e+04 3.754086677694965173e-20 7.565628755515128841e-21
1.219690106028459923e+04 4.865511789162252911e-20 7.739207856361673236e-21
1.220326209823232421e+04 4.502176637506327343e-20 7.665781042908521334e-21
1.220962312536417085e+04 4.806609009585716628e-20 7.637382370132771203e-21
1.221598414166239127e+04 5.837222510857473324e-20 8.487776215842558840e-21
1.222234514710277836e+04 4.575633462119146435e-20 7.580353652721902006e-21
1.222870614165764891e+04 5.393458501531709925e-20 7.618790435368733304e-21
1.223506712530743425e+04 2.710003856110017723e-20 7.647012838007287262e-21
1.224142809802923148e+04 3.822173116592016144e-20 7.554863309277738971e-21
1.224778905979883530e+04 3.476137746079980438e-20 7.668670836717009211e-21
1.225415001059126553e+04 5.125651733716921750e-20 8.003130860169529874e-21
1.226051095038781568e+04 5.672864096212306848e-20 7.944726346748780434e-21
1.226687187916421317e+04 3.957309178844874097e-20 8.110980782382518538e-21
1.227323279689146875e+04 4.574994013918015457e-20 7.902029660821424011e-21
1.227959370355577266e+04 5.935831570382421551e-20 8.442779496145928195e-21
1.228595459912930892e+04 5.235690851819706329e-20 8.367393544880300232e-21
1.229231548358748842e+04 4.951253468075732006e-20 8.203897842300987923e-21
1.229867635691003852e+04 4.587580817658504851e-20 7.924490082467840252e-21
1.230503721907358704e+04 3.545805232752900898e-20 7.701720475277900952e-21
1.231139807005564217e+04 4.859237648493230869e-20 7.873439863051931943e-21
1.231775890982877354e+04 3.344918053197054375e-20 7.856414455359373912e-21
1.232411973837623191e+04 4.466207394203218632e-20 7.811444684055166230e-21
1.233048055567407027e+04 4.735803889091696385e-20 7.984141056965802885e-21
1.233684136169263911e+04 2.579246184597476770e-20 8.017790628658096288e-21
1.234320215641756840e+04 3.558098579984113521e-20 7.993964113955820408e-21
1.234956293982415627e+04 3.538413912374479861e-20 8.058269025591004599e-21
1.235592371188269681e+04 5.335707678599886809e-20 7.864917634634078941e-21
1.236228447257976586e+04 3.347966411301831799e-20 7.808563050396148869e-21
1.236864522188770388e+04 2.857302694017948487e-20 7.584388307490671855e-21
1.237500595978260208e+04 3.188794740747615681e-20 7.377270200390420998e-21
1.238136668624392587e+04 5.703255368403086586e-20 7.810582961266255498e-21
1.238772740124908523e+04 3.757521452743531307e-20 7.735614971715606262e-21
1.239408810477420047e+04 3.766343756496049576e-20 7.419029107365126095e-21
1.240044879679443693e+04 3.424822035606182988e-20 7.919856218368170272e-21
1.240680947729162654e+04 3.843557699625160357e-20 7.716355902666013118e-21
1.241317014624116200e+04 4.202799014000021225e-20 7.650439126576450788e-21
1.241953080361607681e+04 3.020939057908984969e-20 8.478529282677110474e-21
1.242589144940046936e+04 3.947488190882323586e-20 9.230462418863463324e-21
1.243225208356824078e+04 4.394990494528762464e-20 7.381416212036291976e-21
1.243861270609398707e+04 3.462136781763210672e-20 7.353674191877982831e-21
1.244497331696185756e+04 4.074573943413764346e-20 7.489828470331751287e-21
1.245133391614427455e+04 5.171733125881289146e-20 7.847457295933250493e-21
1.245769450361663439e+04 4.406401016175126450e-20 7.494609115019156924e-21
1.246405507936389586e+04 2.503506050540222908e-20 7.327746471074482209e-21
1.247041564335698240e+04 3.785207744678801441e-20 7.593279891854817642e-21
1.247677619557211074e+04 4.638043320104985134e-20 7.768110655130982736e-21
1.248313673599353024e+04 3.699852785057309316e-20 7.295376393886222107e-21
1.248949726459293015e+04 2.719038138057236303e-20 7.534424029722979906e-21
1.249585778134807697e+04 4.134529294756895885e-20 7.558232108686187915e-21
1.250221828624027694e+04 5.282387942581411142e-20 7.678910198109891222e-21
1.250857877924425702e+04 4.117454194425530473e-20 7.363258829176547150e-21
1.251493926033631033e+04 4.651752758690227723e-20 7.802466553300292291e-21
1.252129972949550938e+04 5.148405666485186743e-20 8.027779813547774549e-21
1.252766018670043741e+04 3.457093371658084991e-20 7.527277086665529291e-21
1.253402063192587593e+04 3.990111314031728842e-20 7.464872899477323130e-21
1.254038106515171057e+04 3.198356619405789691e-20 7.737186249576115572e-21
1.254674148635506390e+04 3.983634139277709639e-20 7.818614648763896413e-21
1.255310189551069743e+04 2.220067225013201137e-20 7.275819516909122707e-21
1.255946229260012478e+04 3.299573798822147251e-20 7.400072838042519086e-21
1.256582267760051764e+04 4.032852101497687741e-20 7.693114916875391260e-21
1.257218305048507136e+04 2.669606679937221863e-20 7.181812341453265508e-21
1.257854341123537597e+04 3.808933655320357826e-20 7.473440485911600092e-21
1.258490375983022568e+04 4.047694737873495473e-20 7.633619371578219723e-21
1.259126409624279404e+04 2.981511543372140507e-20 7.094524811105668042e-21
1.259762442045317584e+04 3.728266030561615439e-20 7.359965972009053183e-21
1.260398473244026718e+04 4.914563190817170641e-20 7.465603944884029442e-21
1.261034503217872225e+04 4.582800992628087071e-20 7.193326417828846522e-21
1.261670531964797010e+04 4.014543492710903587e-20 7.467092067972318708e-21
1.262306559482775992e+04 3.916937456947880801e-20 7.649856313246037490e-21
1.262942585769034486e+04 5.218062061022393876e-20 7.409720002467213427e-21
1.263578610821758957e+04 4.255354080443948698e-20 7.673905191281504727e-21
1.264214634638777716e+04 6.158512018097778149e-20 7.388939015847709770e-21
1.264850657217463413e+04 4.958998103071615547e-20 7.359964802353592322e-21
1.265486678556095467e+04 4.946413026416814447e-20 7.818748734159084584e-21
1.266122698652113650e+04 3.830250239977692758e-20 7.467728714705169294e-21
1.266758717503279331e+04 3.408763781178169966e-20 7.155564575782037893e-21
1.267394735107565430e+04 4.715289616477198507e-20 7.662556223369981004e-21
1.268030751462658554e+04 3.070095672310800207e-20 7.490305913155700573e-21
1.268666766566232764e+04 4.405022841452151368e-20 7.287541775272278091e-21
1.269302780416270252e+04 3.087548778438016238e-20 7.269233348632612392e-21
1.269938793010389782e+04 2.903699161314482876e-20 6.840364280139438005e-21
1.270574804346413293e+04 5.233328434601420085e-20 7.864115387101988479e-21
1.271210814422338262e+04 4.400097744026587883e-20 6.997321270322125187e-21
1.271846823235545162e+04 3.497845614810900711e-20 7.450618004794521097e-21
1.272482830784261569e+04 3.846017530465693053e-20 6.849895671904101117e-21
1.273118837065918160e+04 6.038025120681712878e-20 7.974691856040145905e-21
1.273754842078470574e+04 3.586724739773947072e-20 7.321836811674707519e-21
1.274390845819672359e+04 2.993428270389516312e-20 7.644271341669419238e-21
1.275026848287427674e+04 5.284371174810361699e-20 7.480675030174250452e-21
1.275662849479460237e+04 4.425564391084786521e-20 7.671020949806874851e-21
1.276298849393457022e+04 4.568579641268302751e-20 7.317854969038947663e-21
1.276934848027386579e+04 4.779697506922504110e-20 7.213789895315951277e-21
1.277570845378988088e+04 3.236989795908199578e-20 7.083167118389402939e-21
1.278206841445959799e+04 4.987091022072181001e-20 7.291003792700116426e-21
1.278842836226256259e+04 4.066838188334197816e-20 7.409161718048801224e-21
1.279478829717547524e+04 4.761828469161312579e-20 7.752166505063384149e-21
1.280114821917710469e+04 3.816626403799681449e-20 7.605393790255046272e-21
1.280750812824599234e+04 5.578695261393267856e-20 8.043763483420981036e-21
1.281386802435899699e+04 4.977005848020965516e-20 7.199579386997745154e-21
1.282022790749581873e+04 5.371669170080766170e-20 7.490798356894745863e-21
1.282658777763161561e+04 4.976579622728829196e-20 7.451597515546771817e-21
1.283294763474907631e+04 5.826775883028724746e-20 8.008168966956911756e-21
1.283930747882135620e+04 4.679092383841966643e-20 7.543883628510382071e-21
1.284566730982956869e+04 3.578941155503235605e-20 7.293001430219407481e-21
1.285202712775205691e+04 2.483538095822755469e-20 7.729825549917218852e-21
1.285838693256545230e+04 1.994724343501164073e-20 7.247951354253958469e-21
1.286474672424854361e+04 3.376473452958302757e-20 7.451481309172933906e-21
1.287110650278062894e+04 4.015237048004614067e-20 7.554321984718494260e-21
1.287761300153302363e+04 5.328349445855588637e-20 7.443498013102489810e-21
1.288397276621135097e+04 4.408769286522720737e-20 7.838939519106044667e-21
1.289033251761994325e+04 2.397049791670824666e-20 7.676616800180513519e-21
1.289669225578625446e+04 3.196077794297173983e-20 7.411213386027014106e-21
1.290305198069186918e+04 4.065189204459549219e-20 7.512484972543836093e-21
1.290941169231151798e+04 3.447659873416563304e-20 7.715514768718489103e-21
1.291577139062681817e+04 4.020803153561883703e-20 7.309278185820493145e-21
1.292213107561460674e+04 5.548080587982638360e-20 7.666229176862603645e-21
1.292849074725142054e+04 5.034942058514307818e-20 7.718600995013048580e-21
1.293485040551941529e+04 4.895672385804141776e-20 8.020427066455950988e-21
1.294121005039317788e+04 4.247993804217704755e-20 7.204637765765777043e-21
1.294756968185177902e+04 3.592762669367084127e-20 7.599401099718647930e-21
1.295392929987574098e+04 3.013998308197199899e-20 7.772215221321605482e-21
1.296028890444123135e+04 4.631330072160627578e-20 7.487565736490552025e-21
1.296664849552668966e+04 4.177654465390144223e-20 7.816151502094539185e-21
1.297300807311267999e+04 5.013564942641085811e-20 7.846211797914052975e-21
1.297936763717522263e+04 4.643295574206423482e-20 7.774594171687789068e-21
1.298572718769455059e+04 2.958184603511940591e-20 8.591754806152530121e-21
1.299208672464730080e+04 5.345791657274376978e-20 8.091735902976416059e-21
1.299844624801165264e+04 4.932173240876336896e-20 8.070222214769113771e-21
1.300480575776889600e+04 3.454880337957889597e-20 8.629147708392614011e-21
1.301116525389414346e+04 3.644499754394053290e-20 8.001256033672415345e-21
1.301752473636801733e+04 4.850041269790200607e-20 8.187037623968967203e-21
1.302388420516843144e+04 3.185491014827814501e-20 7.765881722691886405e-21
1.303024366027479482e+04 3.777057512679324818e-20 8.399431307438403028e-21
1.303660310171443598e+04 3.811474271441792004e-20 7.935920993638307810e-21
1.304296253369151782e+04 3.940775240751545383e-20 7.691467361004756135e-21
1.304946901273043659e+04 3.812511124126821225e-20 7.953065717248536042e-21
1.305582851565512283e+04 5.627104856706797301e-20 8.013741879494204301e-21
1.306218807561065478e+04 4.968981965699036291e-20 7.734321981108000897e-21
1.306854762174250936e+04 4.357111010113640593e-20 7.675637550165703704e-21
1.307490715402671594e+04 4.505844732770424496e-20 7.589704897443820505e-21
1.308126667243995507e+04 3.669031411495311914e-20 7.626154954626705652e-21
1.308762617696417146e+04 5.673170643264412974e-20 8.083733033836614034e-21
1.309398566757563822e+04 4.460954645436814089e-20 7.845056660852211816e-21
1.310034514425209090e+04 5.189971797618621143e-20 8.160347423721375789e-21
1.310670460697618910e+04 3.618188500488403282e-20 8.382579883680999356e-21
1.311306405572245421e+04 3.969242107570465115e-20 7.405428700572784331e-21
1.311942349047229800e+04 3.084206753236682744e-20 7.789612983271280805e-21
1.312578291120419999e+04 3.399685178837462824e-20 7.589290647223561754e-21
1.313214231789403493e+04 4.295223461270043840e-20 7.628408465494778501e-21
1.313850171052347832e+04 3.882885857667925853e-20 7.629359241410038788e-21
1.314486108906942172e+04 4.035806832082555978e-20 8.012846362600578318e-21
1.315122045351197630e+04 4.531646760787978835e-20 7.686372557997405234e-21
1.315757980382931055e+04 4.408826977010885574e-20 7.950467939768100895e-21
1.316393914000021505e+04 3.299741622753274937e-20 7.232463833288458792e-21
1.317029846200328939e+04 4.453406919367858048e-20 7.271657240553485942e-21
1.317665776981622002e+04 4.082724096303782296e-20 7.262499098735666623e-21
1.318301706341990575e+04 3.333791986499438234e-20 7.275866491881308068e-21
1.318937634279222220e+04 6.343327012029028129e-20 7.630311796430015120e-21
1.319573560791068667e+04 6.437548712450346062e-20 7.437207015027789995e-21
1.320209485875618338e+04 3.501763414878703268e-20 7.547372230515239590e-21
1.320845409530672805e+04 3.149689273017988532e-20 7.314188067284276305e-21
1.321481331754102575e+04 4.112218403010173813e-20 7.746832328462769354e-21
1.322117252543768154e+04 4.533856548160155798e-20 7.615306819031831180e-21
1.322753171897407265e+04 3.141766481482545077e-20 7.420298366942342371e-21
1.323389089813270220e+04 3.572127586437863098e-20 7.009410383267630871e-21
1.324025006289033263e+04 3.168078964378793221e-20 6.833157176935048279e-21
1.324660921322597642e+04 2.671287108663376855e-20 6.742921497993488233e-21
1.325296834911685801e+04 3.462702251585634743e-20 7.159940004597925611e-21
1.325932747054554238e+04 3.940929124536911199e-20 7.296425214051279468e-21
1.326568657748961414e+04 2.958497431258658682e-20 7.098695881020828881e-21
1.327204566992474429e+04 3.086984108831970526e-20 7.285235038298029061e-21
1.327840474783541868e+04 4.233462020616483678e-20 7.384779149575610336e-21
1.328476381119486541e+04 4.242537438625585540e-20 7.104337053125045776e-21
1.329112285998657353e+04 4.609113143937026043e-20 6.920672248897435011e-21
1.329748189418795664e+04 4.482528987531903319e-20 6.979440037793530470e-21
1.330384091377706136e+04 6.063659167874715783e-20 7.076853720670268598e-21
1.331019991873348044e+04 3.633520260115434202e-20 6.881038427902085914e-21
1.331655890903737782e+04 5.125102248858867507e-20 7.441742669281678842e-21
1.332291788466695652e+04 4.081094848435894908e-20 6.973031033289183215e-21
1.332927684560121816e+04 3.240392732887119421e-20 7.333898285141996897e-21
1.333563579181789464e+04 2.612060321032763979e-20 6.826871469944558474e-21
1.334199472329644232e+04 3.737887131208504723e-20 6.906367653667878402e-21
1.334835364001779453e+04 3.345561551914075985e-20 7.707509262820253525e-21
1.335471254196182599e+04 4.191585221644688447e-20 7.583265821682327935e-21
1.336107142910373477e+04 2.015798663156014279e-20 6.772685226213860222e-21
1.336743030142384123e+04 1.492899163967481252e-20 6.823862329355198499e-21
1.337378915890503413e+04 4.229053363068840337e-20 6.725915472535401412e-21
1.338014800152143653e+04 5.044956916518410552e-20 6.887925393794850090e-21
1.338650682925418187e+04 3.939343479892692731e-20 7.260087663607020219e-21
1.339286564208257005e+04 4.846770001914357584e-20 7.015722398782869548e-21
1.339922443998671224e+04 4.078485367521210609e-20 7.540299743397156667e-21
1.340558322294254322e+04 4.156218248276249949e-20 7.088611490870366693e-21
1.341194199093337375e+04 4.552987788323554543e-20 6.981518061572123040e-21
1.341830074393748509e+04 4.269288465743060819e-20 7.240716315533060100e-21
1.342465948193023723e+04 2.910458700699253004e-20 7.528693178796452614e-21
1.343101820489523925e+04 3.200138161455943126e-20 7.252335243896894416e-21
1.343737691280830404e+04 1.882114410769180741e-20 7.204442774979981151e-21
1.344373560565151274e+04 3.556655334891752993e-20 7.406903008874597363e-21
1.345009428340303384e+04 4.608682602454511705e-20 7.236415774570160475e-21
1.345645294604386254e+04 3.166380745760934634e-20 6.558773821737274891e-21
1.346281159354876945e+04 4.305528347627119649e-20 7.202960973664996877e-21
1.346917022590182387e+04 3.695755529756302208e-20 7.200600116672699685e-21
1.347552884307827662e+04 5.706399271618050321e-20 7.007308045863399596e-21
1.348188744506027433e+04 3.759009945551790931e-20 6.604495953309392414e-21
1.348824603182638930e+04 1.860319044162696900e-20 6.632419053029439099e-21
1.349460460335595235e+04 4.166765833684601684e-20 7.419294006056205857e-21
1.350096315962996232e+04 4.079735013596134221e-20 7.481074675108915187e-21
1.350732170062300429e+04 4.541077730139469722e-20 7.443890034589933953e-21
1.351368022631847998e+04 3.935531021302108547e-20 7.243565482119980836e-21
1.352003873669380300e+04 4.537922056009299855e-20 7.576853199219688160e-21
1.352639723173096172e+04 3.156678769037329468e-20 7.436050468852522140e-21
1.353275571140660577e+04 5.735934996040437725e-20 7.448650147282566275e-21
1.353911417570122103e+04 4.066534825529041515e-20 7.086779094249692357e-21
1.354547262459421472e+04 5.133460461398504175e-20 7.668434582712645904e-21
1.355183105806465392e+04 5.062030050636737202e-20 8.010161682578360796e-21
1.355818947609124916e+04 7.376596259832098185e-20 7.753947989807932946e-21
1.356454787865547769e+04 4.670744295564761006e-20 7.157404614318522166e-21
1.357090626573580448e+04 4.870096169538055670e-20 7.374434688136842288e-21
1.357726463731230979e+04 3.908078400857677415e-20 7.480356963912374629e-21
1.358362299336181422e+04 3.374624746864691991e-20 7.206068832517461530e-21
1.358998133386681184e+04 3.558280205003570803e-20 7.190066578632234281e-21
1.359633965880579308e+04 5.133447547618093867e-20 7.912157158430839592e-21
1.360269796815790141e+04 4.789666551159983580e-20 7.700425378649962825e-21
1.360905626190296971e+04 3.393092046184550149e-20 7.179190562418331682e-21
1.361541454001956299e+04 2.774169104448424016e-20 6.961176346286500076e-21
1.362177280248820352e+04 3.122354898962010862e-20 6.999842557806977627e-21
1.362813104929005931e+04 3.675594422145798092e-20 7.243738952724568758e-21
1.363448928040204009e+04 5.425387362579010490e-20 7.763196217887636398e-21
1.364084749580372591e+04 4.216200215758902014e-20 7.644999474320455133e-21
1.364720569547768173e+04 3.945807334426580439e-20 7.117503985238293259e-21
1.365356387939914566e+04 3.565842786578468201e-20 6.704849884864635957e-21
1.365992204755002240e+04 3.266335116276848594e-20 7.040873127109402269e-21
1.366628019991196561e+04 3.282771932107618455e-20 6.972572116326687410e-21
1.367263833646057719e+04 5.819586267231012965e-20 7.096625506087554224e-21
1.367899645717816384e+04 3.401842486600332425e-20 7.108306163249921367e-21
1.368535456204360707e+04 4.744637892943872286e-20 6.430373383516363468e-21
1.369171265103562291e+04 3.277436001489681881e-20 6.236654764991635375e-21
1.369807072413588867e+04 5.111720232284322338e-20 6.803009438123746339e-21
1.370442878132174701e+04 4.177302906550539693e-20 7.399804170080883867e-21
1.371078682257508808e+04 3.567389534288558322e-20 7.638130761396630024e-21
1.371714484787570109e+04 9.160241955108606248e-21 7.228342054752040929e-21
1.372350285719922977e+04 2.531848910507590387e-20 7.236976883903208773e-21
1.372986085053020906e+04 2.568447991918370936e-20 6.991744182210243783e-21
1.373621882784540503e+04 3.515859188736368975e-20 7.328607804001375557e-21
1.374257678912672418e+04 4.379042394707492838e-20 7.248185565837367200e-21
1.374893473435185842e+04 3.294526644031659703e-20 7.565209753414541034e-21
1.375529266350243415e+04 2.813879644597603591e-20 7.478115164339785597e-21
1.376165057655611963e+04 4.444920653369105746e-20 7.249428853912606786e-21
1.376800847349391734e+04 4.504912543524724845e-20 7.394894210055676834e-21
1.377436635429765556e+04 4.304400353028970203e-20 7.254814958528352831e-21
1.378072421894292711e+04 3.935705429566514010e-20 7.526209815082479100e-21
1.378708206741240429e+04 2.561518821685675690e-20 7.151442124648466768e-21
1.379343989968311325e+04 2.732941626546088158e-20 7.185294193455242820e-21
1.379979771574001279e+04 3.616259060936047215e-20 7.130041420044755614e-21
1.380615551555776801e+04 4.272672693356325664e-20 8.083652489678883757e-21
1.381251329911790526e+04 5.083006723969041399e-20 7.328528437658992959e-21
1.381887106640065394e+04 2.567881986848214003e-20 7.025483680478937208e-21
1.382522881738690921e+04 2.353224739645614031e-20 7.336675652610147461e-21
1.383158655205446667e+04 1.954507654229473190e-20 7.070724821615218730e-21
1.383794427038497270e+04 4.718130972406414378e-20 7.377254488387480775e-21
1.384430197235645574e+04 2.852187064181237547e-20 7.412263803684714364e-21
1.385065965794992553e+04 3.136278730285988178e-20 7.524553458078982571e-21
1.385701732714530954e+04 4.751916250922649510e-20 7.386542005292336575e-21
1.386337497992231329e+04 3.789989942139261020e-20 7.333055250701111314e-21
1.386973261626087515e+04 2.204708178924247495e-20 6.922535724993733546e-21
1.387609023614110265e+04 3.562641511689522705e-20 6.634328949218888443e-21
1.388244783954506056e+04 1.491488436572795062e-20 6.706012781568056068e-21
1.388880542644843808e+04 3.060421947560748926e-20 6.713917665537456917e-21
1.389516299683304533e+04 3.556935234210990174e-20 6.248393741990414197e-21
1.390152055067917354e+04 2.838438096854719407e-20 6.885050994229961421e-21
1.390787808796680292e+04 2.224662303241115567e-20 7.197252425648208177e-21
1.391423560867593187e+04 1.938826400556346079e-20 7.238378577892395172e-21
1.392059311278626592e+04 3.599071790468333180e-20 6.775851548619084393e-21
1.392695060027803447e+04 4.590998894028354026e-20 7.755856292208559216e-21
1.393330807113239098e+04 4.880404166439851505e-20 7.176349559247248115e-21
1.393966552532621063e+04 5.268528614616078609e-20 7.445303843836651089e-21
1.394602296284362455e+04 3.386634106706988167e-20 7.415760265094230173e-21
1.395238038366034561e+04 3.617144673837489054e-20 7.416932183919179494e-21
1.395873778776091240e+04 4.384647120290075502e-20 6.994936606315900853e-21
1.396509517512115235e+04 3.263845172218373657e-20 7.014996986603848587e-21
1.397145254572539852e+04 4.082137695484654405e-20 7.188958815908774262e-21
1.397780989954915458e+04 4.943731186753375383e-20 7.152390869569346437e-21
1.398416723657706825e+04 2.994623850064758986e-20 6.960425622588988164e-21
1.399052455678501610e+04 2.527964182925778949e-20 6.649816060465343135e-21
1.399688186015740212e+04 1.372563297925171130e-20 7.308337750522083832e-21
1.400323914666992641e+04 3.918582083390081115e-20 7.582656131029216582e-21
1.400959641630692931e+04 2.588798069717137204e-20 6.964829900905710656e-21
1.401595366904449656e+04 3.458909492511704613e-20 7.518934662969398892e-21
1.402231090486707762e+04 4.605567985917515215e-20 7.041040252540866583e-21
1.402866812374945039e+04 3.400269877490138026e-20 7.014879639082127235e-21
1.403502532567903108e+04 4.776941416965864955e-20 7.056200635942677478e-21
1.404138251062763084e+04 6.282656856958307223e-20 7.365348891011396992e-21
1.404773967858412834e+04 2.817419709966352423e-20 6.902908477847484371e-21
1.405409682952008916e+04 3.829895619899128995e-20 6.830308757773363206e-21
1.406045396342426830e+04 4.265560965333638411e-20 7.301184722255447396e-21
1.406681108026699621e+04 1.175534576549271257e-20 7.091988095038281205e-21
1.407316818003850494e+04 4.064114534841643320e-20 7.151771484250839182e-21
1.407952526271361603e+04 3.182831309385490624e-20 7.099898993864921257e-21
1.408588232827366483e+04 3.893782507848573791e-20 7.044724137449544316e-21
1.409223937669758197e+04 3.101712436389888610e-20 7.861429327999590722e-21
1.409859640796793428e+04 3.355050803020784836e-20 7.359064819326799699e-21
1.410495342206402529e+04 4.581569974982068147e-20 7.970404086701191784e-21
1.411131041896504212e+04 5.345866115222018952e-20 7.764412685490668769e-21
1.411766739865238014e+04 5.441932955373808271e-20 7.444258011277074950e-21
1.412402436110709459e+04 3.650837103931846702e-20 7.394465955750292710e-21
1.413038130630873638e+04 4.004939353152056004e-20 7.680348785931892992e-21
1.413673823423763861e+04 4.984708402711815630e-20 7.180762427800988040e-21
1.414309514487303386e+04 4.202677031493734744e-20 7.926579578842421138e-21
1.414945203819736707e+04 4.316269960414561985e-20 7.352875313822351037e-21
1.415580891418973442e+04 3.355940246377450418e-20 7.416885649432712050e-21
1.416216577282965409e+04 3.082991814866572373e-20 7.144125048510171388e-21
1.416867182223269629e+04 3.764455448022192435e-20 6.743016489829960530e-21
1.417502866252938111e+04 2.982923467255024239e-20 6.999387003088360354e-21
1.418138548123838154e+04 4.843059234758835435e-20 7.844201941908913366e-21
1.418774228246771418e+04 3.739365211224426620e-20 7.399918139020032297e-21
1.419409906624426367e+04 4.121089594185952248e-20 7.000961203030278057e-21
1.420045583255058955e+04 3.330078941790037894e-20 7.302072652702039480e-21
1.420681258136716497e+04 4.178251386175140681e-20 7.171767603146208015e-21
1.421316931267431210e+04 3.997199016531034049e-20 7.423635680456640187e-21
1.421952602645344632e+04 3.432925402900808421e-20 6.269306127264025995e-21
1.422588272268303444e+04 2.891591701071309874e-20 6.736538550827765227e-21
1.423223940134464101e+04 2.454187788335780161e-20 6.953052873879813549e-21
1.423859606241982874e+04 5.172959383767665283e-20 7.361174994228941818e-21
1.424495270588784842e+04 4.287086631927565484e-20 7.046281549319485832e-21
1.425130933172802906e+04 3.694919902043439222e-20 7.175404874899784833e-21
1.425766593992212256e+04 3.466865541586680626e-20 7.226804196651219850e-21
1.426402253045066209e+04 3.155917307305144451e-20 6.808145681367850208e-21
1.427037910329526130e+04 2.209981987755607915e-20 7.038828134889814798e-21
1.427673565843519282e+04 4.419618664108060678e-20 7.574496202440766154e-21
1.428309219584983111e+04 4.821856975390503962e-20 7.182747071299603356e-21
1.428944871551990400e+04 5.944643557554676775e-20 7.466096390274257228e-21
1.429580521742923520e+04 4.132906427866590444e-20 7.111692102280086258e-21
1.430216170155513828e+04 3.121644260431353216e-20 6.980916535966036288e-21
1.430851816787909775e+04 3.493354784608852885e-20 6.447128533378338514e-21
1.431487461638273635e+04 3.497182173421923303e-20 6.960966247191633292e-21
1.432123104704463185e+04 3.601337283218439891e-20 7.129491039514497524e-21
1.432758745984644520e+04 4.550824211888065931e-20 7.085233661494217654e-21
1.433394385476882235e+04 4.636011506053221353e-20 7.159529893109447597e-21
1.434030023179330419e+04 4.771070101226269875e-20 7.460104061663117401e-21
1.434665659089825385e+04 4.601738937287306581e-20 7.059131600045350804e-21
1.435301293206446644e+04 4.412906226881205475e-20 7.694871884334305582e-21
1.435936925527587482e+04 3.627872204579939743e-20 7.239251870123289345e-21
1.436572556050876847e+04 3.765554477472697918e-20 7.001633300505285315e-21
1.437208184774803885e+04 4.403658406753695417e-20 7.833746869030629872e-21
1.437843811697101046e+04 3.855564471993041831e-20 7.525847624409141896e-21
1.438479436816066482e+04 2.745400839775690779e-20 7.514743041092190438e-21
1.439115060129551966e+04 3.329705694826492989e-20 7.084791141985659861e-21
1.439750681635843648e+04 4.493517033006863172e-20 8.108029049680342687e-21
1.440386301332670519e+04 3.792799107209568948e-20 7.099398854313501839e-21
1.441021919223440091e+04 4.806604952659962806e-20 7.064937741492942470e-21
1.441657535718052532e+04 2.072716658895398148e-20 6.740712991063818498e-21
1.442308119467683537e+04 3.355649020243474649e-20 7.048984443438573698e-21
1.442943733122989579e+04 2.703414353136613229e-20 7.544498449949430544e-21
1.443579344959426453e+04 3.874928493125340111e-20 7.798303661805259883e-21
1.444214954974939064e+04 3.271312442690015823e-20 7.733493467480513171e-21
1.444850563167364635e+04 4.184062552369488193e-20 7.887132754596735912e-21
1.445486169534912551e+04 3.837949510741158073e-20 7.551846645404903392e-21
1.446121774076008660e+04 4.635268183304450210e-20 7.619546550623510580e-21
1.446757376788613328e+04 2.746942917103284228e-20 7.435125733705462466e-21
1.447392977670571418e+04 3.083537364669560227e-20 7.348637323407594888e-21
1.448028576720167985e+04 4.158040497537531937e-20 7.331982188688801126e-21
1.448664173935278814e+04 3.776255944532359905e-20 7.033560613698155395e-21
1.449299769313749675e+04 3.646242556359299024e-20 7.460188629200911112e-21
1.449935362854363848e+04 2.635942558967958876e-20 6.564294433934894746e-21
1.450570954554853051e+04 3.432809799795439532e-20 7.511959970715978926e-21
1.451206544413396841e+04 3.314318358107015729e-20 7.938225189698177434e-21
1.451842132427856086e+04 4.125219282840008125e-20 7.733329061497237928e-21
1.452477718596442173e+04 3.406329972401581217e-20 7.482419015771113478e-21
1.453113302917122564e+04 2.759464595209868145e-20 7.729189211827408663e-21
1.453748885388220333e+04 2.269756163430156133e-20 7.704891383683615883e-21
1.454384466007578885e+04 3.787013678270068073e-20 7.398365864148071302e-21
1.455020044773506743e+04 4.464674266602547670e-20 7.060929949554189163e-21
1.455655621684114340e+04 4.648593989885806453e-20 7.325017289570406362e-21
1.456291196736784332e+04 3.353130837102289575e-20 7.600842273678599623e-21
1.456926769930786759e+04 3.357110844736379187e-20 7.751769329304281776e-21
1.457562341263505186e+04 4.837519795007425139e-20 7.566851815286806311e-21
1.458197910733011486e+04 4.308807905487198742e-20 7.710528869255184098e-21
1.458833478337763518e+04 2.443816533254433008e-20 7.507093332757939155e-21
1.459469044075389866e+04 3.925741004379493506e-20 7.386612560502828226e-21
1.460104607944102827e+04 3.275653079994824442e-20 7.731378348088465000e-21
1.460740169942473949e+04 3.721365212686275221e-20 7.759974883433894680e-21
1.461375730068003395e+04 3.178207074162000041e-20 7.920566540774385059e-21
1.462011288319117921e+04 1.551501466637040752e-20 7.939631252421379678e-21
1.462646844693704224e+04 4.444535996668664467e-20 7.785776868590901257e-21
1.463282399189859825e+04 3.616469423818852194e-20 8.404780733477629016e-21
1.463917951806161727e+04 4.768770546208663852e-20 7.633306210332519210e-21
1.464553502540233058e+04 3.814726906642920277e-20 7.888027318165642571e-21
1.465189051390043096e+04 2.430643773122846033e-20 8.290017369922162811e-21
1.465824598354044065e+04 3.210665655575699761e-20 8.134120423483327078e-21
1.466460143430236531e+04 1.965220426283202148e-20 8.010865183720630832e-21
1.467095686616963030e+04 4.237506609116425359e-21 6.943940272851887279e-21
1.467731227911848146e+04 1.473186351214349085e-20 7.225872903911261410e-21
1.468366767313234959e+04 3.969893916850405826e-20 7.278833572989921862e-21
1.469002304819094570e+04 1.584263447352274937e-20 6.788009580168267172e-21
1.469637840427895208e+04 2.546492870543408112e-20 6.789998890867637868e-21
1.470273374137515384e+04 4.501632730452659640e-20 8.165538201049025796e-21
1.470908905945821061e+04 5.304477431585670046e-20 8.377302271679443883e-21
1.471544435851283924e+04 2.622172659920626076e-20 7.457893251658903865e-21
1.472179963852011497e+04 4.018544017485763693e-20 7.446446571274808194e-21
1.472815489945974878e+04 2.766153214688011168e-20 7.433214676930677956e-21
1.473451014131050579e+04 3.895771228583046602e-20 7.613730000245460126e-21
1.474086536405722654e+04 5.081292285905182301e-20 6.976619367685438132e-21
1.474722056767981667e+04 5.562937844759699773e-20 7.427108868314721553e-21
1.475357575216062287e+04 4.376946508326364591e-20 7.801648897034895767e-21
1.475993091747956896e+04 3.843939115542909081e-20 7.090726713773489289e-21
1.476628606361394668e+04 4.381344446189048854e-20 7.114148384650583597e-21
1.477264119055230185e+04 2.705394410707429454e-20 7.155909729501791653e-21
1.477899629827101853e+04 2.661047709963110590e-20 7.173078270240096025e-21
1.478535138675247254e+04 4.036728978555822961e-20 7.319484719080771589e-21
1.479170645597660041e+04 2.902085504462207044e-20 7.459658131172044662e-21
1.479806150592705126e+04 4.867974262216484338e-20 7.635944481974147687e-21
1.480441653658607174e+04 4.343948385323144478e-20 7.752695451820284813e-21
1.481077154792998408e+04 5.430977574460174604e-20 7.250509821193840982e-21
1.481712653994132597e+04 5.308879915841111582e-20 7.780133864613994559e-21
1.482348151260253871e+04 4.344435819617670456e-20 7.051399776433700818e-21
1.482983646589728778e+04 4.876214582613193438e-20 7.175783932164891916e-21
1.483619139980311593e+04 3.113551278391729163e-20 6.524623232777528628e-21
1.484254631430113659e+04 3.743767667102878114e-20 7.034479295997613670e-21
1.484890120937499887e+04 1.664802734245379709e-20 7.014808037047215385e-21
1.485525608500610178e+04 5.003388570788998536e-20 7.505390115785196178e-21
1.486161094117322500e+04 4.465183539148952821e-20 7.635438065577265746e-21
1.486796577785639056e+04 4.848965125926798364e-20 7.418623486113780406e-21
1.487432059504180870e+04 3.606050103016014522e-20 7.289609266994380433e-21
1.488067539270950147e+04 7.640536339179952157e-21 7.706107310130011258e-21
1.488703017083680425e+04 3.598301085319428262e-20 7.641596556204299300e-21
1.489338492940771539e+04 3.184379908056510700e-20 7.338250727816009115e-21
1.489973966840601497e+04 2.759744177838719226e-20 6.757335389495762308e-21
1.490609438780927303e+04 4.530778049741805199e-20 7.326853033804521064e-21
1.491244908759879581e+04 4.691998618224750081e-20 7.244457521898783286e-21
1.491880376775714285e+04 3.765994278584087836e-20 7.366136134863974803e-21
1.492515842826796325e+04 2.461027948435657270e-20 5.839240452461819752e-21
1.493151306910642052e+04 4.750446744826507319e-20 6.666124538182025755e-21
1.493786769026017828e+04 7.121115786221203674e-20 6.892511427185260552e-21
1.494422229170807805e+04 7.269580372109126829e-20 7.449636968605897964e-21
1.495057687343146972e+04 5.332599720829826365e-20 7.148935889763086690e-21
1.495693143540920209e+04 4.196632607715089580e-20 7.348169318965956073e-21
1.496328597762889149e+04 3.481103947991174724e-20 6.929592082946648428e-21
1.496964050006666912e+04 3.672870403193063746e-20 6.777479254094905634e-21
1.497599500270414865e+04 4.040405864572984790e-20 7.115029443232412852e-21
1.498234948552395144e+04 3.585416870427082893e-20 7.143112202091154310e-21
1.498870394850872799e+04 1.613331288579758406e-20 7.274509221400702025e-21
1.499505839163737983e+04 2.918319560936659820e-20 7.511680724518251338e-21
1.500141281489380708e+04 4.714908714656296801e-20 7.159242636983784574e-21
1.500776721825680215e+04 5.153851516896921312e-20 6.796641324267339361e-21
1.501412160170899551e+04 3.347032113001404373e-20 7.138137514046669294e-21
1.502047596523322500e+04 2.496418054927569174e-20 7.160512052308211002e-21
1.502683030880964725e+04 3.582396300559447878e-20 6.623489953380127690e-21
1.503318463241716199e+04 3.865781516361265869e-20 7.146454302911911348e-21
1.503953893604229779e+04 3.530350006556599677e-20 6.763896044733749857e-21
1.504589321966395255e+04 5.282559386263815854e-20 7.085850961851102983e-21
1.505224748326091503e+04 4.119579669055734361e-20 6.557492728175824999e-21
1.505860172681975564e+04 3.092324403003557785e-20 6.720706490881901564e-21
1.506495595031823359e+04 2.295218023010910887e-20 7.042194283509227419e-21
1.507131015373909395e+04 2.753138582635410885e-20 7.131760543392167984e-21
1.507766433706509997e+04 2.597012122592449584e-20 7.428391237696341031e-21
1.508401850027519322e+04 2.358475651950273455e-20 7.321773964411480363e-21
1.509037264335213149e+04 2.703152521440496654e-20 7.012751026146430513e-21
1.509672676627856526e+04 3.063131920932693217e-20 7.325694313791051514e-21
1.510308086903221192e+04 1.459579759472557211e-20 7.026900108730870183e-21
1.510943495159850863e+04 3.556638122588476391e-20 6.990998961145838602e-21
1.511578901395770299e+04 2.869602209556944275e-20 6.920255261758807450e-21
1.512214305609260373e+04 2.282731580121380267e-20 7.198536009662847061e-21
1.512849707798089185e+04 4.065941080762093870e-20 6.956759924312497429e-21
1.513485107960796449e+04 3.184560765967858890e-20 6.659649227963142330e-21
1.514120506095398559e+04 2.121158305254909093e-20 6.827636548331815490e-21
1.514755902200048331e+04 3.765752116628873582e-20 6.683850433298686056e-21
1.515391296273041735e+04 3.455907934348546584e-20 7.160455382640027013e-21
1.516026688312278748e+04 3.216433316689268221e-20 6.955930333877913751e-21
1.516662078316045881e+04 4.375407758658414503e-20 6.702564232029107952e-21
1.517297466282629102e+04 3.397587999522398902e-20 7.041899502521396493e-21
1.517932852209799239e+04 3.054152845543460099e-20 6.904109816032414076e-21
1.518568236095971952e+04 3.164661911663941620e-20 7.332824183118562670e-21
1.519203617939419200e+04 2.300200197529780701e-20 7.244265941339033169e-21
1.519838997738191210e+04 3.305560079046074428e-20 6.858742025963353650e-21
1.520474375490579041e+04 4.198370882584232101e-20 6.591002180175768695e-21
1.521109751194224191e+04 3.529507753450225325e-20 7.224223414658801534e-21
1.521745124847938314e+04 2.751837326461302527e-20 6.992123640233533578e-21
1.522380496449625753e+04 3.043669903371437780e-20 6.410297511356134756e-21
1.523015865997449328e+04 3.009385680095044200e-20 6.993402974558727225e-21
1.523651233489558581e+04 2.794913024162017596e-20 7.016943253987040696e-21
1.524286598924125792e+04 4.111866008867266975e-20 7.325571528285292118e-21
1.524921962299452025e+04 2.053636366653957374e-20 7.152274285472603506e-21
1.525557323613312474e+04 2.013478477969037045e-20 6.979331374311148195e-21
1.526192682864134804e+04 2.697756666468613438e-20 7.481621623134765856e-21
1.526828040050085838e+04 3.130872578717468569e-20 7.125828382617623243e-21
1.527463395169333671e+04 3.498115834517598884e-20 6.945866043878321635e-21
1.528098748220309972e+04 2.113459063163575060e-20 6.999166902584600470e-21
1.528734099200769924e+04 3.547317104288341218e-20 7.127350714534912645e-21
1.529369448109030236e+04 2.814669891844884989e-20 7.259968019714050534e-21
1.530004794943264642e+04 3.382925180975875797e-20 7.082717316226711547e-21
1.530640139701379667e+04 4.553859631595095386e-20 7.895770702871939021e-21
1.531275482381940856e+04 5.003466385061274469e-20 8.072442335348298076e-21
1.531910822983121579e+04 2.426122174876822539e-20 7.752352427662536198e-21
1.532546161502961877e+04 3.492954183582709163e-20 7.674892784186161254e-21
1.533181497939634937e+04 5.080601547345399088e-20 7.356146534742708170e-21
1.533816832291030005e+04 3.224409460809723191e-20 7.248458130459208512e-21
1.534452164555869240e+04 3.396859397588111091e-20 7.481957643985815003e-21
1.535087494732063715e+04 3.162620143764204462e-20 7.412731673425160781e-21
1.535722822817787892e+04 3.001327148910993167e-20 7.176717236631937417e-21
1.536358148811085630e+04 2.933082321111827268e-20 7.200990720453026633e-21
1.536993472710399510e+04 2.677706711910537439e-20 6.800010458991201020e-21
1.537628794513773391e+04 2.196347132256467916e-20 6.615377408809300068e-21
1.538264114219118710e+04 3.973040459445187565e-20 6.268954995398239199e-21
1.538899431825130705e+04 3.757497611498319731e-20 6.539661758300766666e-21
1.539534747329598758e+04 4.050938063331955639e-20 6.724761482361145253e-21
1.540170060729815850e+04 1.977687638683355582e-20 6.347304600900217174e-21
1.540805370333573956e+04 4.171780430750644942e-20 6.898408193396388639e-21
1.541440677668161698e+04 3.038328011876806218e-20 6.864267208174802030e-21
1.542075982894081972e+04 3.371423100895466540e-20 6.926414615374741055e-21
1.542711286009518153e+04 3.846941652798015915e-20 7.002946592613824735e-21
1.543346587012383679e+04 2.264081886209567675e-20 6.810215367413256941e-21
1.543981885901391615e+04 2.132301476476330101e-20 6.480140208098717551e-21
1.544617182674181640e+04 3.494308563382392006e-20 6.526839150749435841e-21
1.545252477329352951e+04 2.669954246230331714e-20 7.208319270439844887e-21
1.545887769864955771e+04 3.805532193008624511e-20 7.248451117768167126e-21
1.546523060279445053e+04 3.313533652977632058e-20 7.246157032231541533e-21
1.547158348570196540e+04 2.790789735512397810e-20 7.093224160252027920e-21
1.547793634736341846e+04 2.080488275921567337e-20 7.361025654076817817e-21
1.548428918775390775e+04 2.327144977517729882e-20 6.762205444356590316e-21
1.549064200686072581e+04 2.586376969586994038e-20 6.753184098272505620e-21
1.549699480466157729e+04 1.620629700712652553e-20 7.350520630026650683e-21
1.550334758113837415e+04 3.113156847126358165e-20 6.937593565587275109e-21
1.550970033627714838e+04 1.182566202457740455e-20 7.013883978525170270e-21
1.551605307005707618e+04 2.761388094940757739e-20 6.737801374316335967e-21
1.552240578245870165e+04 1.127657888297334292e-20 6.538739396745019397e-21
1.552875847346257615e+04 2.273963516545930363e-20 7.021549614558264141e-21
1.553511114305602860e+04 1.572908018682908593e-20 6.515926973666125270e-21
1.554146379121962127e+04 1.437878310590356841e-20 6.864423367791376633e-21
1.554781641793256676e+04 4.582481927111425605e-20 7.182812231949859487e-21
1.555416902317667336e+04 4.656366449521933266e-20 7.072283653301950131e-21
1.556052160693525366e+04 4.306744329015950357e-20 6.623456321274101664e-21
1.556687416919304997e+04 2.328121565580396634e-20 7.068265872497808717e-21
1.557322670992654275e+04 3.115139829868371454e-20 6.840610954249242909e-21
1.557957922912178583e+04 3.973336230430894983e-20 7.322070395783685495e-21
1.558593172675934693e+04 3.401092147091753652e-20 8.100750317637833450e-21
1.559228420281982835e+04 4.945337691183437006e-20 7.179751714660062449e-21
1.559863665728929482e+04 4.365137727907983543e-20 7.492398001006147845e-21
1.560498909014422497e+04 4.833551043817874046e-20 7.317675477181747414e-21
1.561134150137069446e+04 2.760938945792705786e-20 6.875620736513491914e-21
1.561769389094779217e+04 2.871193444504439805e-20 7.112704684863954580e-21
1.562404625886040048e+04 4.081404257352421632e-20 7.209129498188623260e-21
1.563039860509051141e+04 3.105884707270946241e-20 7.266124085698213022e-21
1.563675092961461269e+04 3.422927902066311775e-20 7.682608676862434352e-21
1.564310323242157574e+04 4.060055483773567383e-20 7.099251697934415425e-21
1.564945551348927620e+04 4.314221991202644419e-20 7.655978700017017619e-21
1.565580777280109760e+04 2.138713857287937985e-20 7.554768242463668914e-21
1.566216001034180590e+04 2.035301779609682782e-20 6.590269600033619352e-21
1.566851222608790522e+04 3.434944778893061849e-20 6.882010966119047436e-21
1.567486442002412696e+04 2.839084384899245221e-20 7.263896406974490792e-21
1.568121659213519706e+04 1.577605621933765175e-20 6.972635000427758905e-21
1.568756874239772151e+04 2.692100477521772030e-20 7.550214042963048754e-21
1.569392087079650992e+04 3.307182678964807554e-20 6.790856570832279896e-21
1.570027297731360159e+04 1.510960810193650847e-19 8.789773768414581917e-21
1.570662506193103218e+04 9.778434759053208284e-20 8.038222050061223638e-21
1.571297712463225980e+04 1.802012366376985831e-20 7.525986920707854492e-21
1.571932916539933649e+04 3.581986895975542577e-20 7.641885899206918568e-21
1.572568118420735118e+04 4.426979565489525723e-20 7.496858285514318358e-21
1.573203318104813115e+04 1.800058398318420905e-20 7.286341908257767758e-21
1.573838515589955387e+04 3.444948943333530147e-20 6.908539815694305656e-21
1.574473710874215976e+04 4.234976200554070304e-20 7.517632591560744891e-21
1.575108903955955975e+04 4.614719737895659073e-20 7.011598851318319373e-21
1.575744094833385134e+04 2.494081265383911529e-20 7.274372357011043596e-21
1.576379283504711384e+04 2.915740713216109500e-20 7.028147215132409014e-21
1.577014469968284357e+04 2.608318979702009535e-20 6.627299667761036959e-21
1.577649654222174286e+04 2.864336880212418124e-20 7.019117591687359239e-21
1.578284836264310252e+04 2.054041553505771131e-20 6.828537237520080017e-21
1.578920016093324193e+04 3.674666287384117954e-20 7.845200495845548005e-21
1.579555193707286526e+04 2.919976023095875039e-20 7.247834241296234405e-21
1.580190369104549609e+04 4.207595082861531691e-20 7.048447378920579966e-21
1.580825542282902097e+04 4.859409496542166006e-20 7.332751399586913631e-21
1.581460713241108533e+04 3.623820445293592400e-20 7.633448356423688789e-21
1.582095881976971759e+04 3.025749686746607713e-20 7.008530592434828377e-21
1.582731048488846318e+04 2.679382273419800133e-20 7.014477695449641141e-21
1.583366212774945780e+04 3.150099839103106337e-20 6.777813476720896642e-21
1.584001374833343834e+04 1.902867575908472674e-20 6.864031962263223594e-21
1.584636534662678423e+04 2.854768562306837392e-20 6.772403443291334712e-21
1.585271692260742566e+04 4.481650055934280059e-20 7.513077420841390177e-21
1.585906847625749106e+04 3.938993219568941217e-20 7.473210030600827682e-21
1.586542000756199013e+04 4.274522139345253651e-20 6.819497283777433785e-21
1.587177151650308770e+04 4.744931362535061307e-20 7.593588181193893757e-21
1.587812300305869758e+04 2.883591692676263796e-20 7.454748507759862196e-21
1.588447446721515189e+04 3.488902697991084737e-20 7.161274108796584804e-21
1.589082590895184876e+04 3.243893860289120543e-20 7.589016330359682669e-21
1.589717732825526764e+04 3.886480131334482806e-20 7.549037103980551472e-21
1.590352872510192356e+04 2.989252323573885910e-20 7.437074027711545864e-21
1.590988009947825230e+04 4.695680123506543313e-20 7.224545804701205773e-21
1.591623145136505082e+04 4.118058366535638472e-20 7.205283516022742659e-21
1.592258278074450755e+04 2.621590174390655878e-20 7.036669278955192778e-21
1.592893408759739214e+04 3.164922440560938487e-20 7.337017789096483991e-21
1.593528537190878706e+04 1.235873243644090323e-20 6.953645845359187610e-21
1.594163663365946377e+04 4.446554514887892638e-20 7.338608887018156279e-21
1.594798787283021557e+04 2.961131680625242280e-20 7.796952625514287430e-21
1.595433908940611764e+04 4.213328681549755232e-20 7.241041706055060500e-21
1.596069028336791052e+04 4.441296859812974672e-20 7.418069832337298345e-21
1.596704145469494870e+04 4.407406618595273708e-20 7.115503988982860668e-21
1.597339260337525775e+04 1.057525119499777725e-20 7.157972100089584767e-21
1.597974372938822307e+04 4.562913349874960529e-20 7.580666015453111877e-21
1.598609483271607314e+04 3.080788105225503707e-20 7.315391729495846884e-21
1.599244591334106735e+04 3.192529813293169374e-20 8.155508000628563589e-21
1.599879697124256381e+04 3.840583594217374707e-20 7.845587839580749706e-21
1.600514800640713293e+04 2.879006880408491698e-20 7.633869549223597731e-21
1.601149901881849291e+04 3.865098513122739660e-20 7.311970926404116216e-21
1.601785000845168179e+04 1.852135090185624152e-20 6.459814948007868064e-21
1.602420097529762825e+04 3.841839690124637682e-20 7.630467309387630744e-21
1.603055191933137758e+04 3.201513650232179107e-20 7.080225874706578330e-21
1.603690284053954383e+04 3.424234837535833063e-20 7.058887304558093745e-21
1.604325373890147785e+04 2.924874670661910220e-20 7.395753111407440671e-21
1.604960461440230574e+04 2.516252014223144506e-20 7.555462839264945883e-21
1.605595546701859712e+04 3.135227266240876272e-20 7.083174438262302738e-21
1.606230629674278680e+04 2.856987149675129614e-20 7.087685037772012552e-21
1.606865710354702242e+04 4.744989157371663312e-20 6.926680855236772417e-21
1.607500788742085751e+04 4.874901577932307973e-20 7.661517072539968314e-21
1.608135864834222048e+04 3.137340954029726771e-20 7.232805720532008494e-21
1.608770938629635566e+04 5.392919245067660558e-20 7.299489242397612179e-21
1.609406010126262845e+04 3.526615308751877188e-20 7.450166719118206570e-21
1.610041079322336554e+04 4.169989660870739128e-20 7.268586023656309959e-21
1.610676146216380585e+04 3.495485990517977288e-20 7.200918723569020674e-21
1.611311210806625058e+04 4.338828803849119354e-20 7.567183174865663142e-21
1.611946273091157855e+04 4.593071267412795543e-20 7.256017056763956463e-21
1.612581333067771993e+04 2.517037674396384931e-20 6.550675990686027822e-21
1.613216390735578898e+04 5.040619054248072841e-20 7.571126734942363631e-21
1.613851446092217702e+04 3.488877088747178391e-20 7.174462382937648403e-21
1.614486499136221755e+04 2.253626591748148305e-20 6.981035812471331663e-21
1.615121549865535053e+04 4.019405115398906660e-20 7.101728555096447944e-21
1.615756598278390811e+04 1.829720243443912072e-20 6.774052403122590527e-21
1.616391644373170493e+04 1.857061510362244322e-20 6.674168045975398346e-21
1.617026688148404719e+04 1.224832445523964737e-20 6.561600746814435263e-21
1.617661729601886873e+04 1.378567857716661322e-20 6.689172764282843080e-21
1.618296768732148121e+04 3.098429696774331743e-20 6.508172226432583761e-21
1.618931805536981847e+04 3.873927714005168727e-20 6.594954658229395332e-21
1.619566840015068010e+04 4.256290648214581661e-20 7.807084413831336378e-21
1.620201872164642919e+04 1.805608380357506781e-20 6.564038786297492001e-21
1.620836901983353346e+04 3.339397263601434517e-20 6.480721611139147532e-21
1.621471929470323630e+04 2.498969288296628254e-20 6.941408932303120767e-21
1.622106954623052661e+04 3.299236675729125284e-20 6.752566492122860667e-21
1.622741977440074697e+04 4.458810620436229354e-20 7.407381704873091033e-21
1.623376997919776477e+04 3.707352250090545808e-20 6.888700818321139395e-21
1.624012016060387941e+04 3.136822921397621857e-20 6.933149302895113237e-21
1.624647031859712843e+04 3.885917392868995779e-20 7.274997868147586448e-21
1.625282045316435870e+04 2.672342790046703558e-20 6.922916388078109234e-21
1.625917056428797332e+04 3.272059476209979598e-20 6.948600702825192163e-21
1.626552065194443821e+04 5.720581670249477889e-20 7.540832349701663479e-21
1.627187071612507498e+04 3.048810679585595776e-20 7.217994547164403883e-21
1.627822075680485796e+04 4.591727313222848837e-20 6.992182196806466755e-21
1.628457077396917884e+04 2.575788229685310332e-20 6.756953488752979472e-21
1.629092076760044984e+04 4.166016418367800918e-20 7.346052826766404760e-21
1.629727073767960610e+04 2.775063912037494130e-20 7.496349263379270367e-21
1.630362068419503339e+04 2.678319169082689965e-20 6.876369254734059844e-21
1.630997060712170423e+04 2.419019701990897836e-20 7.171365657407168335e-21
1.631632050644652372e+04 3.630682406186709715e-20 7.292117955755783544e-21
1.632267038214893364e+04 2.665242530009339469e-20 7.096451760221063033e-21
1.632902023421587364e+04 3.599303916159273808e-20 7.155481876189639458e-21
1.633537006262227624e+04 4.732082287639440742e-20 7.390771729348104767e-21
1.634171986735959581e+04 6.640956047155364184e-21 6.380224466436508165e-21
1.634806964840275032e+04 1.778372161494547414e-20 7.083980650997328072e-21
1.635441940573716784e+04 2.536046111945213396e-20 6.647688232515875494e-21
1.636076913934530603e+04 1.741344934739103746e-20 6.668877482665041379e-21
1.636711884920814373e+04 1.248401500744991190e-20 6.763878935969112703e-21
1.637346853531116358e+04 1.816117584127792976e-20 6.828512431393038938e-21
1.637981819763831663e+04 2.985725288263531065e-20 7.275653830571234563e-21
1.638616783616605608e+04 4.274805394865967589e-20 7.116210463999441610e-21
1.639251745087834570e+04 3.087141598276009796e-20 6.592761283113393969e-21
1.639886704176368585e+04 2.938389486002445692e-20 7.082033261934911084e-21
1.640521660879702176e+04 3.142833637547991601e-20 7.054980580988863208e-21
1.641156615196383063e+04 4.071486860593034483e-20 7.163305126172871573e-21
1.641791567124508583e+04 2.507829168351881333e-20 7.359490357475892013e-21
1.642426516662931317e+04 2.420371935595164507e-20 7.048373430654883112e-21
1.643061463809144698e+04 2.568778306098036954e-20 7.833661646356211923e-21
1.643696408561698627e+04 2.625960091471515120e-20 7.380948902589301882e-21
1.644331350918842145e+04 2.853779372409334241e-20 7.202023500375445702e-21
1.644966290878673681e+04 4.633449684155188589e-20 7.151858241710909004e-21
1.645601228439746410e+04 3.015990419001267309e-20 7.505349125492974845e-21
1.646236163600158034e+04 5.131638633230551078e-20 7.464298698227427471e-21
1.646871096358462819e+04 3.898832029669024278e-20 7.072933158854440540e-21
1.647506026711997038e+04 3.612061924682130744e-20 7.337714977622376245e-21
1.648140954659927229e+04 3.412031108925915320e-20 7.720953741626915444e-21
1.648775880200045140e+04 2.669627549350801148e-20 8.034262809203901543e-21
1.649410803330903946e+04 4.248441218672467587e-20 7.603100252367805366e-21
1.650045724050298668e+04 4.482266451555994738e-20 7.209607312034935574e-21
1.650680642357399483e+04 4.622897407579226953e-20 7.276392945465399771e-21
1.651315558249543392e+04 2.392524809574693994e-20 7.845700348880239512e-21
1.651950471725287207e+04 3.008344708159353571e-20 7.035303732633147280e-21
1.652585382782729721e+04 2.652926116680943499e-20 6.960969256444669404e-21
1.653220291420430658e+04 1.860608782894202460e-20 6.818186918647468648e-21
1.653855197636490266e+04 2.283868388828880970e-20 6.558322900795084635e-21
1.654490101429161587e+04 1.710853844774183575e-20 7.015227794281225887e-21
1.655125002796698027e+04 2.981301928703619874e-20 7.410923137633038489e-21
1.655759901737353357e+04 4.405899102508648458e-20 7.148551158222147381e-21
1.656394798249382438e+04 3.446261611916389527e-20 7.269235153682647155e-21
1.657029692330730541e+04 2.955277261003836719e-20 7.417999267971540600e-21
1.657664583980269163e+04 2.379128813696022728e-20 6.779384346302289261e-21
1.658299473196098188e+04 1.223802190518206649e-20 7.442410902758175470e-21
1.658934359975857296e+04 1.897041125924965422e-20 7.252159803015501985e-21
1.659569244318880374e+04 2.304007689013548194e-20 6.982627386807152621e-21
1.660204126222497871e+04 1.108508924826172465e-20 7.752484886267358188e-21
1.660839005684965014e+04 1.223031152255511768e-20 7.052842754256972878e-21
1.661473882705155847e+04 1.339954565406148998e-20 7.137999258046892912e-21
1.662108757280862847e+04 3.197375865290840893e-20 7.180338324739536107e-21
1.662743629410651556e+04 1.833955054078644174e-20 7.950120696397209174e-21
1.663378499092315178e+04 1.594961491863257220e-20 6.894290424372161988e-21
1.664013366324729213e+04 3.822888354476262630e-20 7.304312319364031541e-21
1.664648231105841478e+04 3.332606213942343341e-20 7.175438225627046504e-21
1.665283093433599061e+04 4.052979740627534909e-20 7.411336207013700890e-21
1.665917953306880372e+04 2.397410590181751005e-20 7.210550905558393797e-21
1.666552810723633229e+04 1.654221249960919672e-20 7.109475177582161956e-21
1.667187665681803628e+04 3.185342856834990021e-20 7.352154084141843220e-21
1.667822518180272891e+04 2.526960879520415078e-20 6.933528111632126534e-21
1.668457368216672330e+04 3.281908347390387640e-20 7.513845657442937979e-21
1.669092215789888360e+04 5.154581544922127168e-20 8.030613925762867837e-21
1.669727060897555566e+04 1.172735058089023349e-20 7.227400416866566742e-21
1.670361903538558909e+04 6.287788956252763577e-21 1.085141959999061449e-20
1.768867705243076853e+04 6.627662841804210899e-20 1.087697367021394454e-20
1.769502139999356950e+04 5.075429628300397272e-20 8.776605514600509916e-21
1.770136572016007267e+04 6.030373049175168835e-20 9.541438378076134009e-21
1.770771001292298024e+04 1.153781722716019694e-20 8.735977570218769384e-21
1.771405427825666629e+04 3.480405583646142822e-20 8.388954627308679544e-21
1.772039851614551299e+04 2.222374375976795070e-20 8.235724808819033993e-21
1.772674272657888650e+04 4.238666766112003212e-20 8.562165550427719026e-21
1.773308690953117184e+04 2.965225995283710715e-20 7.994932341483801432e-21
1.773943106498841007e+04 4.186900716079853532e-20 7.994515516676447877e-21
1.774577519293496880e+04 1.863549751153369156e-20 8.211213557771340907e-21
1.775211929335490277e+04 1.112936224731156442e-20 7.754626512414373700e-21
1.775846339000470834e+04 1.740136609216101527e-20 7.900950349722962809e-21
1.776480745921294874e+04 3.593738574096750310e-20 8.200720689254226971e-21
1.777115150083930712e+04 3.621965207396847535e-20 8.547114115443276128e-21
1.777749551486820928e+04 4.099811553474958550e-20 8.223144145655028605e-21
1.778383950127899880e+04 5.096758360926296818e-20 8.367287919702903112e-21
1.779018346005605781e+04 1.951561845638434459e-20 8.574018223216698804e-21
1.779652739118208046e+04 3.096640507535217924e-20 8.961483095371524788e-21
1.780287129463809833e+04 3.129199060189115253e-20 8.671702939130436173e-21
1.780921517041688276e+04 4.416024517728662088e-20 7.487037677571387056e-21
1.781555901848263602e+04 2.096578954581095096e-20 7.946515833026470066e-21
1.782190283882815493e+04 2.297813517451135610e-20 8.117243461340433748e-21
1.782824663144455189e+04 2.705209870289950847e-20 7.513225371298941194e-21
1.783459039630103871e+04 4.899339058967247681e-20 8.166253882556185333e-21
1.784093413338536993e+04 6.985595359333953330e-20 8.530443747976314101e-21
1.784727784267854440e+04 5.954046857386588005e-20 8.322183821407303283e-21
1.785362152416664685e+04 3.302447026323023621e-20 7.669134656823914152e-21
1.785996517783065792e+04 2.418688396341724571e-20 8.090875495225402169e-21
1.786630880365498160e+04 2.545757058543711214e-20 7.980065501201855082e-21
1.787265240161721158e+04 1.868877046301783271e-20 7.611277206262478476e-21
1.787899597170677225e+04 1.545358260424202525e-20 7.804314435174439523e-21
1.788533951390126458e+04 2.974623675189446083e-20 8.704709427163677366e-21
1.789168302818170923e+04 7.017223659208808468e-21 8.020409550153265646e-21
1.789802651453758881e+04 2.475137966062502109e-20 8.390128038241365302e-21
1.790436997294649336e+04 3.200480503880413120e-20 7.990159746208534216e-21
1.791071340339450762e+04 2.058763797242808761e-20 7.637772431677276843e-21
1.791705680586599919e+04 2.381612400067382138e-20 7.940462447995207163e-21
1.792340018033346132e+04 7.598340857118968258e-21 7.809991025844764936e-21
1.792974352679146978e+04 3.137243724313543068e-20 7.531942439796601504e-21
1.793608684521589385e+04 3.526608305680863999e-20 7.895487031736611073e-21
1.794243013558600796e+04 3.863289474522347515e-20 7.757168695925005072e-21
1.794877339789640973e+04 4.554732245726038567e-20 7.976730558174224709e-21
1.795511663212295753e+04 3.553931236523307020e-20 8.029070340031525777e-21
1.796145983824491486e+04 2.265724556556462860e-20 7.834692184053332209e-21
1.796780301624664571e+04 3.102694857427975821e-20 8.161446678392801196e-21
1.797414616611766178e+04 1.776458035605293349e-20 7.512281394806954161e-21
1.798048928783031806e+04 3.803111875830828497e-20 7.697103148034509733e-21
1.798683238137583976e+04 2.695296200464448411e-20 7.588025667377281058e-21
1.799317544673350858e+04 1.715115024392423358e-20 8.312163916501109054e-21
1.799951848388257349e+04 3.073774686943988837e-21 7.700841346854694700e-21
1.800586149281255348e+04 1.781421889713510648e-20 6.933553067355302084e-21
1.801220447350267204e+04 3.340326664986578303e-20 7.489797742418465139e-21
1.801854742593388437e+04 3.483249571856768877e-20 7.762819204641525766e-21
1.802489035009227518e+04 3.362894613260151385e-20 8.910983497767869093e-21
1.803123324595534359e+04 2.456174408472604973e-20 8.305108434809134879e-21
1.803757611351262312e+04 7.665179561465967239e-21 7.656418394554256791e-21
1.804391895274333365e+04 4.152499366399881862e-20 7.464578665327166632e-21
1.805026176362667684e+04 3.174661214414855611e-20 7.450752907969441147e-21
1.805660454615219714e+04 4.762951888117133631e-20 8.343638849005983680e-21
1.806294730029737184e+04 3.876246266979553329e-20 7.408156445784856056e-21
1.806929002604654670e+04 2.756057140355290669e-20 7.182445078522667476e-21
1.807563272338230308e+04 1.142860682338473852e-20 7.693800296763730156e-21
1.808197539228909955e+04 2.334204154646710483e-20 8.137953279452874673e-21
1.808831803274439517e+04 4.787065483969482840e-20 8.370973508168426758e-21
1.809466064473429287e+04 1.911372746402922993e-20 7.987821313089434489e-21
1.810100322824834439e+04 1.954178890599306984e-20 7.611114299589004350e-21
1.810734578325534676e+04 3.709857074163768193e-20 7.856168166522054710e-21
1.811368830974486264e+04 3.712250902078227853e-20 8.523506518515695602e-21
1.812003080770298766e+04 2.675682230773053005e-20 7.781222676082264436e-21
1.812637327710541649e+04 2.388349006752800564e-20 7.715748805649894766e-21
1.813271571793826297e+04 1.920837574847011929e-20 6.927468380571090898e-21
1.813905813019108245e+04 3.284988074038266038e-20 8.048847911674818070e-21
1.814540051383262471e+04 2.764294136465061176e-20 8.261374230591004243e-21
1.815174286885244510e+04 2.310720115847257869e-20 7.903420611138663019e-21
1.815808519523653376e+04 2.004503683146010209e-20 7.612288404555751177e-21
1.816442749296067268e+04 2.801661504401782491e-20 8.158809833314812677e-21
1.817076976201096477e+04 2.872162873722117906e-20 7.617271110045298886e-21
1.817711200237350931e+04 6.106227609690059248e-21 8.002491052346776484e-21
1.818345421402395732e+04 3.566410088971045567e-20 8.336678021212155627e-21
1.818979639694839716e+04 2.793426758056993675e-20 8.047902808307725525e-21
1.819613855113294267e+04 3.878946327080472194e-20 8.274760323211195441e-21
1.820248067655321938e+04 2.758099024213273432e-20 7.779222623986512324e-21
1.820882277319532295e+04 4.112044110153887112e-20 8.182163812808776833e-21
1.821516484104535994e+04 3.841139660669755086e-20 7.961572426679448193e-21
1.822150688007893405e+04 3.080161818977084738e-20 7.863731601773307705e-21
1.822784889028215548e+04 -2.078657069152779221e-21 7.555601062558214324e-21
1.823419087164099619e+04 1.731652933217240077e-20 7.865116627453260279e-21
1.824053282413116176e+04 2.436480495676129199e-20 8.002461956174734785e-21
1.824687474773524082e+04 4.243797983761880971e-20 8.092318891385295006e-21
1.825321664244988642e+04 2.213468303473241244e-20 7.870528310110087172e-21
1.825955850823661240e+04 2.398182739495100012e-20 8.089248674893622230e-21
1.826590034508854660e+04 3.105235773388371310e-20 8.580091518162439828e-21
1.827224215299530988e+04 1.455949554432381696e-20 7.925747013467659748e-21
1.827858393192893345e+04 2.433447367517926024e-20 8.247729785328252868e-21
1.828492568187552388e+04 3.605187300474882989e-20 8.542775904940668657e-21
1.829126740282119135e+04 1.305266010399720170e-20 7.933511705969524614e-21
1.829760909474145228e+04 2.930135002525829985e-20 8.366294648239054379e-21
1.830395075762235501e+04 2.249444526724210985e-20 8.854152691490694199e-21
1.831029239144645544e+04 2.231306692371968858e-20 8.131335744174269747e-21
1.831663399619992560e+04 1.973667967874214900e-20 8.205851847299850643e-21
1.832297557185651385e+04 4.610012074140973196e-20 8.697538299220217773e-21
1.832931711840585922e+04 9.627298019522487541e-21 8.450656083179554087e-21
1.833565863582874590e+04 2.039928526408730445e-20 8.508298852722244372e-21
1.834200012410774798e+04 3.758535454399086940e-20 8.338739718898503063e-21
1.834834158322542498e+04 5.715130980726667420e-20 8.508140681170544659e-21
1.835468301316787256e+04 3.460316713927431303e-20 9.339037649687654307e-21
1.836102441390702006e+04 3.371358761150156332e-20 8.087973724517939486e-21
1.836736578543604628e+04 1.996317784342549063e-20 8.801419007183886852e-21
1.837370712773209380e+04 2.014359810726648298e-20 8.555734191790113801e-21
1.838004844078485985e+04 2.428715127590713244e-20 7.944327115794507132e-21
1.838638972456449483e+04 3.573259703955778738e-20 8.108806141608422375e-21
1.839273097906420298e+04 3.411512983154583431e-20 9.091817426262669249e-21
1.839907220426298591e+04 4.081154367409662296e-20 9.241004882144338667e-21
1.840541340014337402e+04 3.524157677804861385e-20 9.093144693269326152e-21
1.841175456668790503e+04 3.442975188152024232e-20 9.061396073816432365e-21
1.841809570388090287e+04 1.834414016441607462e-20 8.529289488394774063e-21
1.842443681169774936e+04 2.426450210427984791e-20 8.914215429746144351e-21
1.843077789012990615e+04 3.078933538664878476e-20 8.678829607150155518e-21
1.843711893915626933e+04 2.166132005039219932e-20 8.925699955159694352e-21
1.844345995875752124e+04 2.164435565556298541e-20 9.040864089302123276e-21
1.844980094891986664e+04 2.839087419445514176e-20 9.229666943143545449e-21
1.845614190962044813e+04 9.930995864843413648e-21 8.823942104011670158e-21
1.846248284085252817e+04 3.007242025798127431e-20 8.456432177778998821e-21
1.846882374258430718e+04 3.557946505817493343e-20 9.305721775380225324e-21
1.847516461480901853e+04 1.605339812365416589e-20 8.687752612677143528e-21
1.848150545750739548e+04 4.122907082950416484e-20 1.027675141036925324e-20
1.848784627065117456e+04 5.024636182490282944e-20 9.548533538926736540e-21
1.849418705423899883e+04 2.990821214258299575e-20 9.907713518142875403e-21
1.850052780824791625e+04 3.977492853808031575e-20 9.332418772168081197e-21
1.850686853265681566e+04 3.408638364132345590e-20 9.661315006080184535e-21
1.851320922745008647e+04 2.087431935463419682e-20 9.344462329853447898e-21
1.851954989260660295e+04 3.392328436123897589e-20 9.810081971383221541e-21
1.852589052811606234e+04 3.175336522296871999e-20 9.768315827829780139e-21
1.853223113395553810e+04 2.203459213969715623e-20 8.936270547145889297e-21
1.853857171010753154e+04 4.085718414056760492e-20 9.187369883900737095e-21
1.854491225655990274e+04 5.262562876455969065e-20 9.443128458228689792e-21
1.855125277329154778e+04 2.214767259021032297e-20 1.068036605332554041e-20
1.855759326028491341e+04 4.132142978954216343e-20 9.369253528239441111e-21
1.856393371751690211e+04 2.448848813362015067e-20 1.005683025110535706e-20
1.857027414498460348e+04 3.221326637004674876e-20 9.624910678497845536e-21
1.857661454265240172e+04 3.075901533024335726e-20 9.638556571846844043e-21
1.858295491051359932e+04 4.275613156893680506e-20 9.714814257009426052e-21
1.858929524855248019e+04 2.903830351309316702e-20 9.346851850027965760e-21
1.859563555674787494e+04 2.833700557854986385e-20 9.260455825120871933e-21
1.860197583507680247e+04 2.435285452931700700e-20 8.988361547608697746e-21
1.860831608352894909e+04 2.360521604228932543e-20 9.497216438589053392e-21
1.861465630209221490e+04 2.321840671751989697e-20 9.223443717718885858e-21
1.862099649073253386e+04 2.293184555183153394e-20 9.608044303042073319e-21
1.862733664944705015e+04 4.427975032487393942e-20 9.231497950273250699e-21
1.863367677821274629e+04 3.021824511752253590e-20 9.139155228037679117e-21
1.864001687701023548e+04 2.097230316085663119e-20 9.632765743651445791e-21
1.864635694582196084e+04 1.909089468768574780e-20 1.043553452628398284e-20
1.865269698463215173e+04 5.027281494459287368e-20 1.011155583257703155e-20
1.865903699342142500e+04 2.075645994038525883e-20 9.553534725461614244e-21
1.866537697218313406e+04 1.424110878879724743e-20 9.526061403789065696e-21
1.867171692088322743e+04 3.032787909712162081e-20 8.580811036340495684e-21
1.867805683950951425e+04 2.553769828622613629e-20 8.740408676159436812e-21
1.868439672805184819e+04 1.084838904826786863e-20 9.027568322258813342e-21
1.869073658648532364e+04 3.174827320673326356e-20 9.376853122163181002e-21
1.869707641479235463e+04 3.927958720294458779e-20 8.670265436719429789e-21
1.870341621295898585e+04 2.967770317864004640e-20 9.122647239965665468e-21
1.870975598096396789e+04 1.460825808138396781e-20 8.754061220234170885e-21
1.871609571879153009e+04 3.005463866264948254e-20 9.367751463499037411e-21
1.872243542642588000e+04 2.552457038838078305e-20 9.658881547276441886e-21
1.872877510384558627e+04 2.677100210268581013e-20 9.573736597453582959e-21
1.873511475103683915e+04 1.772292923659418678e-20 8.846282564683188454e-21
1.874145436797837465e+04 2.972629765022867814e-20 8.932694060929859248e-21
1.874779395465440030e+04 4.239192689613570748e-20 9.997783700547464680e-21
1.875413351104914182e+04 3.363709748500186551e-20 9.405802083652695448e-21
1.876047303714496229e+04 3.447853675570976010e-20 9.570112006934692329e-21
1.876681253291320172e+04 3.960407172272295053e-20 9.157750961313195868e-21
1.877315199835461681e+04 3.068693083160466305e-20 9.387919675188028848e-21
1.877949143344038384e+04 1.644938891220579622e-20 8.473068305133766157e-21
1.878583083815294231e+04 1.836228736082821156e-20 9.419400260983786474e-21
1.879217021247655066e+04 2.372775662029788893e-20 9.312515903764493352e-21
1.879850955639170206e+04 4.574335337173144315e-20 9.748666291232550431e-21
1.880484886988629296e+04 7.826950388691904735e-20 1.334862813955115194e-20
