9.798855127432007066e+03 1.787469542555443756e-18 1.481584964161663391e-19
9.805204515840743625e+03 2.017645783439163927e-18 1.358413529924686350e-19
9.811553910270451524e+03 2.585652547439143662e-18 1.406876108765214361e-19
9.817903310687388512e+03 2.335487134672944956e-18 1.317714877142992009e-19
9.824252717056919209e+03 2.434635142296233452e-18 1.401565467722633977e-19
9.830602129345576031e+03 2.537908097048225556e-18 1.377148372552424178e-19
9.836951547519185624e+03 2.316020477857817863e-18 1.309916815381715564e-19
9.843300971544298591e+03 2.235877340929352353e-18 1.357064432351260452e-19
9.849650401385964869e+03 2.566300659587236086e-18 1.377101523687267296e-19
9.855999837011200725e+03 2.543498917638281633e-18 1.283733259899679639e-19
9.862349278385419893e+03 2.311073115902268053e-18 1.339650589555830554e-19
9.868698725474800085e+03 2.631582044396933673e-18 1.276451618969695551e-19
9.875048178245622694e+03 2.783758281291875465e-18 1.287384809509600036e-19
9.881397636664521997e+03 2.488002374766380815e-18 1.236314471614019736e-19
9.887747100696793495e+03 2.589747779985527040e-18 1.292427224784418174e-19
9.894096570309315211e+03 2.632363095358028061e-18 1.246842842446138025e-19
9.900446045468310331e+03 2.401058102188082519e-18 1.232891791297724017e-19
9.906795526139938374e+03 2.585771045686451043e-18 1.260342866962817164e-19
9.913145012289975057e+03 2.385629530760207820e-18 1.190696180361531062e-19
9.919494503885493032e+03 2.275402764778274111e-18 1.189801736418197039e-19
9.925844000892459007e+03 2.217530235412515307e-18 1.199345708802181853e-19
9.932193503276617776e+03 2.756075970681000771e-18 1.217872495978734233e-19
9.938543011004854634e+03 2.862051973069157967e-18 1.297146474699143440e-19
9.944892524043738376e+03 2.808111873669951131e-18 1.205641671389020237e-19
9.951242042359839616e+03 2.504336554849028168e-18 1.234050659788583801e-19
9.957591565918794004e+03 2.602495833377834062e-18 1.218146767972018454e-19
9.964095636608988571e+03 2.806903061375314125e-18 1.303581008312554066e-19
9.970445186362965615e+03 2.752021625783644052e-18 1.264278004342427265e-19
9.976794741297813744e+03 2.796725340842808186e-18 1.254088770258804351e-19
9.983144301339440062e+03 2.643740443629829257e-18 1.249608921856854544e-19
9.989493866454302406e+03 2.633733169863375469e-18 1.290414092261379115e-19
9.995843436609604396e+03 2.478856312399697382e-18 1.280645284497652902e-19
1.000219301177176931e+04 2.645449612437854657e-18 1.265625577169944329e-19
1.000854259186481431e+04 2.632411165183315060e-18 1.269278742812489807e-19
1.001489217359889517e+04 2.600186417274705534e-18 1.308204583498870664e-19
1.002139645140210996e+04 2.739819634116839389e-18 1.275588548112544185e-19
1.002774606208494151e+04 3.237928157889037353e-18 1.522443291607196232e-19
1.003409567760585014e+04 3.394898854963037303e-18 1.493344648985563505e-19
1.004044529793131551e+04 3.285646699239255509e-18 1.490151240842715112e-19
1.004679492302719882e+04 3.097461590456496962e-18 1.494739364393132622e-19
1.005314455286041266e+04 3.075629318425712875e-18 1.446235455413529020e-19
1.005949418739841713e+04 2.948656093453416961e-18 1.427433239240993050e-19
1.006584382660702977e+04 3.203807288020161066e-18 1.487184469021673550e-19
1.007219347045415816e+04 3.034237075658193844e-18 1.455609074958924238e-19
1.007854311890598001e+04 3.043884288002739728e-18 1.322125540175768776e-19
1.008489277192930058e+04 2.603876725144066635e-18 1.336161195463400174e-19
1.009124242949144718e+04 2.935060089946294202e-18 1.369706172890264626e-19
1.009759209155908866e+04 2.988279104056014621e-18 1.335920978176321617e-19
1.010394175809877379e+04 2.574496612435937900e-18 1.316513795252691578e-19
1.011029142907779533e+04 2.938406650564659402e-18 1.274985056704975576e-19
1.011664110446313498e+04 3.347768370371045719e-18 1.309308839035330963e-19
1.012299078422176171e+04 3.160178230794516982e-18 1.219493709024378614e-19
1.012934046832062086e+04 2.876357974432264690e-18 1.282593248508883445e-19
1.013569015672695241e+04 2.805173494136663962e-18 1.426618133515698864e-19
1.014203984940730879e+04 2.933339879933744880e-18 1.416003624950946447e-19
1.014838954632885179e+04 2.509618566070729590e-18 1.169558985550048416e-19
1.015473924745903969e+04 2.354474687208292490e-18 1.201991835268404025e-19
1.016108895276453586e+04 2.518153844174509976e-18 1.198532244122629254e-19
1.016743866221266217e+04 2.950358766207673294e-18 1.281126596010731326e-19
1.017378837577081867e+04 3.985701072581263601e-18 1.442926110419768877e-19
1.018013809340572880e+04 3.118984337796056537e-18 1.330949459359372824e-19
1.018648781508491447e+04 2.484803989807882856e-18 1.155270609243308573e-19
1.019283754077540652e+04 2.428864266382113756e-18 1.145856241121838882e-19
1.019918727044441039e+04 2.575329617710773148e-18 1.186651228384686598e-19
1.020553700405923155e+04 2.841569628991587995e-18 1.223442669681807378e-19
1.021188674158742833e+04 2.855364674693068576e-18 1.160000823533543334e-19
1.021823648299592605e+04 2.803051838500700075e-18 1.156080062116562817e-19
1.022458622825214297e+04 2.700895008828947185e-18 1.168736640674118378e-19
1.023093597732367380e+04 2.347615273102539256e-18 1.125284411004538438e-19
1.023728573017732379e+04 2.706907758834771335e-18 1.172314739232608739e-19
1.024363548678066036e+04 2.892302121570119001e-18 1.297469763779282085e-19
1.024998524710143465e+04 2.983493174923085151e-18 1.326578594232927305e-19
1.025633501110648103e+04 2.665890662809089722e-18 1.110783433993555975e-19
1.026268477876380894e+04 2.551157685264555878e-18 1.182066449627510772e-19
1.026903455004060743e+04 2.901972239584550554e-18 1.203704959165178876e-19
1.027538432490415289e+04 2.701582156974270060e-18 1.183961044627708509e-19
1.028173410332246021e+04 2.716082619292827031e-18 1.231873578847876368e-19
1.028808388526289127e+04 2.755956573566765485e-18 1.171098951469563477e-19
1.029443367069243322e+04 2.783990793241456228e-18 1.203311419263644027e-19
1.030078345957917736e+04 2.293570005492580292e-18 1.124221632897663035e-19
1.030713325189109673e+04 2.033982148926929892e-18 1.111075470063505447e-19
1.031348304759487291e+04 2.001032693559273461e-18 1.161668823621982067e-19
1.031983284665882820e+04 2.485911639312565240e-18 1.212531925785906582e-19
1.032618264905050637e+04 2.658456637628655388e-18 1.179467476818806766e-19
1.033253245473692186e+04 2.400841532311257080e-18 1.141132717724749588e-19
1.033888226368666437e+04 2.147494914790756825e-18 1.095681169924151694e-19
1.034523207586684657e+04 2.188876924256471729e-18 1.086667058458021611e-19
1.035158189124537785e+04 2.346345068257030660e-18 1.116961063911474669e-19
1.035793170979016759e+04 2.518410320743204814e-18 1.127345241804462014e-19
1.036428153146891054e+04 2.228020889414970517e-18 1.134187014542796332e-19
1.037063135624894130e+04 2.462177040698260803e-18 1.121302496425568672e-19
1.037698118409884410e+04 2.046611516921267990e-18 1.076234251708249654e-19
1.038333101498602628e+04 2.341639549485967482e-18 1.100676175935558955e-19
1.038968084887822079e+04 2.576743131388651543e-18 1.100268696705558895e-19
1.039603068574385725e+04 2.646119350334216246e-18 1.155518363218590333e-19
1.040238052555002105e+04 2.538639824749826598e-18 1.138929805723329200e-19
1.040873036826514181e+04 2.628639211111183567e-18 1.162423671857691087e-19
1.041508021385744178e+04 2.778054508851500589e-18 1.105356138040967774e-19
1.042143006229394814e+04 2.357416279694269484e-18 1.112517145104656417e-19
1.042777991354351616e+04 2.307186496445088833e-18 1.118289498190875902e-19
1.043412976757398064e+04 2.109572165238216147e-18 1.132878548215535022e-19
1.044047962435269801e+04 2.122855490611449210e-18 1.105083240597430649e-19
1.044682948384848714e+04 2.203970670770884802e-18 1.086316715603086683e-19
1.045317934602912828e+04 2.209627344390250240e-18 1.049049921919476564e-19
1.045952921086164497e+04 2.311860442615501389e-18 1.094305011669300861e-19
1.046603484169010153e+04 2.403414285951228568e-18 1.099639388757421942e-19
1.047238472736384210e+04 2.599312524019358341e-18 1.147473174640690901e-19
1.047873461563278579e+04 2.460168301690223972e-18 1.165709447290679423e-19
1.048508450642509524e+04 2.348340296756041665e-18 1.121968628304931882e-19
1.049143439970873806e+04 2.490914348344505650e-18 1.080074937805099988e-19
1.049778429545216022e+04 2.666479187834993632e-18 1.068661345219881761e-19
1.050413419362352579e+04 2.717422638400842238e-18 1.089478081689969703e-19
1.051048409419082782e+04 2.768959929265328174e-18 1.104565261049702579e-19
1.051683399708191973e+04 2.973927934787880954e-18 1.125051058105561587e-19
1.052333980666774187e+04 2.624968347311351743e-18 1.085619033542868158e-19
1.052968972988402129e+04 2.785051879377471701e-18 1.140994596698606811e-19
1.053603965536733267e+04 2.961117028159083504e-18 1.176645395361284692e-19
1.054238958308604197e+04 2.985100083192241086e-18 1.132396541355797716e-19
1.054873951300890258e+04 2.965765694431329559e-18 1.139874493005026318e-19
1.055508944510376386e+04 3.174966045741617040e-18 1.309689735075183560e-19
1.056143937933922643e+04 3.154039520050311523e-18 1.345145093331802619e-19
1.056778931568414191e+04 3.146422464628528051e-18 1.314571864686613494e-19
1.057413925410619413e+04 2.930948693351144227e-18 1.262561884763616355e-19
1.058048919457425654e+04 3.227093843411703687e-18 1.327349908881665457e-19
1.058683913705727173e+04 3.359908159760768880e-18 1.305643909991491633e-19
1.059318908152266886e+04 3.176686845268471379e-18 1.299649322366176600e-19
1.059953902793986890e+04 2.839047433441589829e-18 1.261998933413079346e-19
1.060588897627704500e+04 3.158753484301463136e-18 1.297155850119285536e-19
1.061223892650265770e+04 3.094290755226202017e-18 1.282238913694848387e-19
1.061858887858597882e+04 3.353096182601752452e-18 1.317772169789623869e-19
1.062493883249464670e+04 2.999095707645096812e-18 1.284195399059095327e-19
1.063128878819796046e+04 2.892791772059009465e-18 1.260077544370163054e-19
1.063763874566455343e+04 2.831788042411736759e-18 1.079285840545760979e-19
1.064398870486244959e+04 2.945946419885498477e-18 1.110529201554345297e-19
1.065033866576108267e+04 3.338904453458255959e-18 1.298424030948852088e-19
1.065668862832879495e+04 3.135959871944656062e-18 1.281720708259840910e-19
1.066303859253438895e+04 3.099735382661844693e-18 1.275742123669112038e-19
1.066938855834679271e+04 2.970518139623239706e-18 1.258359114075501936e-19
1.067573852573427212e+04 2.865889330741749590e-18 1.269952978097880273e-19
1.068208849466603715e+04 2.914517393655587012e-18 1.246033059703725118e-19
1.068843846511094307e+04 2.954886555055211181e-18 1.269832668434982836e-19
1.069478843702813174e+04 3.136763848618458947e-18 1.268504421069433062e-19
1.070113837013472039e+04 3.218804606045191641e-18 1.276745446263673309e-19
1.070748824301024797e+04 2.736507426138191774e-18 1.032863401594101636e-19
1.071383811727143257e+04 2.772731820466647213e-18 1.010202954424118449e-19
1.072018799289013805e+04 3.187271153436072150e-18 1.155347691864698394e-19
1.072653786983469217e+04 2.941031623550174725e-18 1.152859165735220963e-19
1.073288774807465779e+04 2.795100688573540902e-18 1.105629664596093710e-19
1.073923762757857912e+04 3.094333350699618460e-18 1.161061923406125483e-19
1.074558750831542420e+04 3.318778246542014586e-18 1.172111551805024388e-19
1.075193739025471768e+04 3.073868694875654218e-18 1.082569308784060214e-19
1.075828727336479642e+04 3.126604899885729784e-18 1.108434567459561182e-19
1.076463715761512140e+04 3.024218658718104886e-18 1.191896284578177943e-19
1.077098704297487529e+04 2.921782095676073190e-18 1.135321361605723511e-19
1.077733692941258596e+04 2.734411366673200189e-18 1.056906692627584902e-19
1.078368681689795267e+04 2.651617177527773754e-18 1.067239131266645363e-19
1.079003670539973791e+04 2.901076785599279767e-18 1.114474271237306415e-19
1.079638659488717531e+04 3.065099180554409717e-18 1.152669446655963769e-19
1.080273648532981315e+04 2.200856698119829078e-18 1.049296911961907542e-19
1.080908637669590280e+04 2.355868917517686777e-18 1.018200519623175113e-19
1.081543626895562011e+04 2.851716230841230413e-18 1.113854881198751779e-19
1.082178616207770028e+04 2.557803083217366044e-18 1.034996368574116920e-19
1.082813605603136057e+04 2.593687034439714332e-18 1.050896486940516797e-19
1.083448595078631297e+04 2.350420148507399992e-18 1.087757567198603863e-19
1.084083584631107442e+04 2.466886753321411656e-18 1.035850230523482822e-19
1.084718574257562250e+04 2.404455213077494831e-18 9.549925574123175635e-20
1.085353563954900710e+04 2.418972014118201817e-18 1.015349667155745820e-19
1.085988553720046366e+04 2.088328685992951777e-18 1.008053161009294597e-19
1.086623543549980059e+04 2.291311819126912318e-18 1.053289351048150554e-19
1.087258533441566033e+04 2.717846551143287227e-18 1.047259697492577442e-19
1.087893523391810777e+04 2.624372464735446584e-18 1.032965051048226633e-19
1.088528513397628376e+04 2.646551842244883248e-18 1.058763255162728224e-19
1.089163503455953287e+04 2.368582353038441917e-18 1.000107279166769161e-19
1.089798493563772354e+04 2.418584741396299044e-18 1.018012497798490553e-19
1.090433483717961280e+04 2.464711439112818581e-18 1.047163042011985300e-19
1.091068473915540017e+04 2.560310317301013475e-18 1.037438122290895348e-19
1.091703464153432651e+04 2.588018575597353136e-18 1.005737759266169766e-19
1.092338454428573095e+04 2.388818319190685989e-18 1.000552560234297273e-19
1.092973444737973114e+04 2.575004188344075341e-18 1.002766406702155390e-19
1.093608435078507864e+04 2.352208419173289870e-18 9.613310224003145987e-20
1.094243425447204208e+04 2.549627880049864546e-18 9.930441655020837204e-20
1.094878415841002607e+04 3.038015873264871247e-18 1.061373147887782313e-19
1.095513406256846793e+04 2.796311138863552155e-18 1.060950704755328292e-19
1.096148396691754715e+04 2.841763163889931531e-18 1.093618065704053654e-19
1.096783387142609172e+04 2.918517966189764406e-18 1.075082868753626568e-19
1.097418377606459035e+04 3.167703973870088072e-18 1.206574305874797254e-19
1.098053368080236032e+04 3.081399387339106271e-18 9.691925367127140247e-20
1.098688358560909728e+04 2.560066495023493456e-18 9.902686699953511606e-20
1.099323349045497707e+04 2.378612645358071751e-18 1.016425483715060985e-19
1.099958339530862031e+04 2.177449585182265363e-18 9.676095875964223248e-20
1.100609036119270058e+04 2.476306818059423577e-18 9.934393451728891771e-20
1.101244028141939998e+04 2.215323405841350267e-18 9.434878657191119709e-20
1.101879020160231448e+04 2.476414055397599407e-18 9.769000856742771330e-20
1.102514012167094370e+04 1.979129173553592116e-18 9.304272612911847633e-20
1.103149004159513061e+04 1.984503912917703689e-18 9.113809593027829502e-20
1.103783996134502922e+04 2.181985175239748213e-18 9.492242519656015052e-20
1.104418988089014965e+04 2.388477908641025552e-18 9.518743035037597370e-20
1.105053980020084055e+04 2.550115644060036464e-18 9.860058418348990340e-20
1.105688971920494623e+04 3.145373030514766381e-18 9.919254501405540811e-20
1.106323963468385955e+04 3.091318299091075883e-18 1.196154729027627113e-19
1.106974677219840305e+04 2.917795703627717397e-18 1.203807482067696475e-19
1.107609670573558287e+04 2.707894124046977094e-18 1.120430352658018545e-19
1.108244663888621653e+04 2.619809389595440877e-18 1.117924286923801392e-19
1.108879657161964315e+04 2.726142248000096108e-18 1.108785516593485114e-19
1.109514650390674615e+04 3.029154766516416373e-18 1.153708870034321595e-19
1.110149643571693559e+04 3.019351917700720411e-18 1.135368544744271781e-19
1.110784636702068383e+04 3.479383661610530645e-18 1.176910454457891961e-19
1.111419629778803574e+04 3.578417141338920658e-18 1.208245943673424919e-19
1.112054622798889432e+04 3.299801483139123514e-18 1.187268777986561117e-19
1.112689615759395019e+04 3.335435047422228720e-18 1.167266502348927066e-19
1.113324608657245881e+04 3.072427777446717153e-18 1.187700576390333221e-19
1.113959601489557463e+04 2.853433731232190809e-18 1.159737525866112388e-19
1.114594594253294053e+04 2.507810852663186745e-18 1.129536913174530535e-19
1.115229586945488154e+04 2.982564902949358657e-18 1.137250433348377382e-19
1.115864579563188818e+04 2.801643484958610134e-18 1.123587974605896774e-19
1.116499572103367063e+04 2.818471063550661842e-18 1.111704218796316724e-19
1.117134564563126514e+04 3.164110866179492253e-18 1.184615992082087998e-19
1.117769556939410904e+04 2.916459668173084412e-18 1.151657587078984565e-19
1.118404549229323311e+04 3.067549323440208794e-18 1.169310809171015290e-19
1.119039541429862220e+04 3.145025927443422235e-18 1.186548811178396739e-19
1.119674533538069409e+04 3.085258444556517023e-18 1.177019637140741054e-19
1.120309525551007573e+04 3.333052381533409140e-18 1.182291837570313745e-19
1.120944517465653735e+04 3.014158432392146326e-18 1.164742049522187108e-19
1.121579509279126069e+04 3.110181018262984543e-18 1.147011471545184007e-19
1.122214500988395048e+04 2.982425619607521751e-18 1.191012334514191686e-19
1.122849492590561204e+04 2.888608249428685978e-18 1.156477601559318207e-19
1.123484484082641939e+04 2.862552132850048619e-18 1.174119476254621816e-19
1.124119475461692855e+04 3.128843271492404368e-18 1.153983689841641444e-19
1.124754466724792110e+04 3.304363161824258563e-18 1.221896822187082773e-19
1.125389457868915815e+04 3.166561489885593022e-18 1.234826963712394875e-19
1.126024448891212342e+04 3.268893358959405922e-18 1.194710606111968475e-19
1.126659439788655618e+04 3.441131262316052640e-18 1.096618793894154977e-19
1.127294430558369640e+04 3.305528499612697998e-18 1.113463536863154433e-19
1.127929421197372358e+04 3.207529913543825807e-18 1.105990067818418676e-19
1.128564411702732286e+04 3.360384986529733826e-18 1.083334314127767630e-19
1.129199402071534860e+04 3.415943342775807277e-18 1.112391956103125421e-19
1.129834392300805484e+04 3.175909877985776300e-18 1.008213161909422263e-19
1.130469382387670157e+04 2.632684071423021442e-18 9.842162284128875723e-20
1.131104372329117905e+04 3.085425695402267983e-18 1.082122326608094565e-19
1.131739362122295097e+04 2.754365650991360778e-18 1.060565490519732510e-19
1.132374351764227504e+04 2.875191698186752257e-18 1.056947205292784645e-19
1.133009341252008744e+04 3.143539965926447801e-18 1.033091904716293435e-19
1.133644330582728435e+04 2.975764222783375588e-18 9.996385196361670210e-20
1.134279319753413256e+04 2.859522305497309158e-18 1.014480116092976430e-19
1.134914308761219399e+04 2.822900511099047568e-18 1.016911650168500329e-19
1.135549297603139894e+04 3.051366122622520342e-18 9.970873518355845875e-20
1.136184286276353123e+04 3.312514673825974769e-18 1.098742304989458821e-19
1.136819274777857572e+04 3.197763256657788702e-18 1.039921060511171805e-19
1.137454263104793426e+04 3.152743211773239454e-18 1.014651687870838941e-19
1.138089251254236660e+04 3.186890783962053034e-18 9.830344058540471917e-20
1.138724239223273071e+04 2.938987583854467714e-18 9.720965661976278608e-20
1.139359227009024653e+04 2.806705249670881681e-18 9.100830950857356664e-20
1.139994214608526090e+04 2.759213426864264321e-18 9.488266882932529206e-20
1.140629202018941942e+04 2.635974224980395787e-18 9.219393409826206808e-20
1.141264189237301252e+04 2.792791014573667160e-18 9.215597429738349213e-20
1.141899176260775130e+04 2.401158312505090246e-18 9.326736073211360263e-20
1.142534163086398985e+04 2.805015658428266647e-18 9.929531091191621672e-20
1.143169149711328464e+04 2.642664514937693881e-18 9.721528978611286618e-20
1.143804136132641725e+04 2.856242706710272706e-18 9.436573674907583583e-20
1.144439122347457851e+04 2.236978082805638829e-18 8.938638565061562902e-20
1.145074108352871735e+04 2.357670264818294178e-18 8.879119281432704958e-20
1.145709094146003372e+04 2.926319926420995333e-18 1.012889979333513644e-19
1.146344079724002950e+04 2.660823205805461717e-18 9.817891725819629119e-20
1.146979065083884234e+04 2.773014037558127128e-18 9.313889221211244585e-20
1.147614050222887818e+04 2.602402290747220477e-18 9.075964969734896257e-20
1.148249035138024192e+04 2.822776899087145939e-18 9.391572877191855245e-20
1.148884019826488839e+04 2.508252272334004788e-18 8.868884868143374525e-20
1.149519004285348092e+04 2.459820079279834632e-18 9.150814321694544651e-20
1.150153988511780153e+04 2.749458602015782045e-18 9.507439021812375386e-20
1.150788972502884826e+04 2.411149557995538744e-18 8.979550049129915771e-20
1.151423956255756639e+04 2.243250550416428372e-18 8.800100173422042387e-20
1.152058939767586708e+04 2.093218300920730026e-18 8.801149185603859257e-20
1.152693923035442640e+04 2.175191635731594262e-18 8.990428537665340653e-20
1.153328906056529740e+04 2.193821876040323550e-18 8.810675988244077696e-20
1.153963888827901064e+04 2.159918462040382424e-18 8.774097895999924747e-20
1.154598871346768465e+04 2.589319988572688833e-18 9.345412205616241193e-20
1.155233853610195001e+04 3.136007496354737610e-18 1.066642710727750874e-19
1.155868835615388707e+04 3.198560942886605509e-18 9.517029058768453059e-20
1.156503817359432105e+04 2.976844194387133687e-18 9.200695302501470574e-20
1.157138798839529773e+04 3.020933703771648102e-18 1.108130476085502006e-19
1.157773780052794245e+04 2.817534879574044667e-18 1.096708834959432815e-19
1.158408760996356250e+04 2.602058200727877447e-18 8.779979761498864400e-20
1.159043741667373979e+04 2.278662655947017938e-18 9.196998041802236233e-20
1.159694568872724449e+04 2.745229932670297101e-18 9.216299503739693227e-20
1.160329550515781739e+04 3.196804565255958752e-18 1.109322006321786887e-19
1.160964531881630137e+04 3.109359746921269828e-18 1.106402818852346174e-19
1.161599512963335110e+04 2.996542097077845948e-18 1.101061166928607950e-19
1.162234493758089775e+04 3.085170986214995668e-18 1.113094173735746271e-19
1.162869474263073789e+04 3.185168565680081894e-18 1.131553700527954062e-19
1.163504454475374769e+04 3.089576155006003186e-18 1.121766286300983659e-19
1.164139434392222211e+04 3.042697717815201466e-18 1.115152713251103423e-19
1.164774414006570260e+04 2.988477715270510743e-18 1.125581361751866054e-19
1.165409392998741532e+04 3.006174410357235563e-18 1.134909780322618332e-19
1.166060234434941049e+04 2.942329075778694454e-18 1.127342398131711586e-19
1.166695214669351481e+04 2.978531034300780980e-18 1.099770097005831926e-19
1.167330194593873057e+04 3.260313551315539639e-18 1.148512556472323910e-19
1.167965174205800395e+04 3.198314535858636575e-18 1.146383593140937933e-19
1.168600153502212197e+04 3.230997945068835090e-18 1.131612614489107098e-19
1.169235132480371976e+04 2.953226295794639441e-18 1.097205201487824985e-19
1.169870111137368804e+04 3.355231599049335295e-18 1.111710935184707572e-19
1.170505089470462190e+04 2.985432257386777547e-18 1.114289891401135723e-19
1.171140067476755576e+04 3.024264878912016472e-18 1.114651852563053781e-19
1.171775045153499559e+04 3.060423345950812938e-18 1.109185196220684453e-19
1.172410022497837235e+04 3.024873285104438494e-18 1.083704805507289016e-19
1.173044999507015200e+04 3.132471009777900484e-18 1.031337980520974303e-19
1.173679976178162724e+04 3.472976373945606999e-18 1.080566100415346696e-19
1.174314952508492206e+04 2.951965175850603391e-18 1.082543609726623082e-19
1.174949928495185850e+04 2.714843538612809928e-18 1.116063023548476330e-19
1.175584904135437864e+04 2.667174000918219775e-18 1.119719600288003799e-19
1.176219879426469743e+04 3.100089259133779021e-18 1.088672013271579325e-19
1.176854854365458050e+04 3.147418469707696679e-18 1.090688335588698200e-19
1.177489828949633193e+04 3.140540029171989308e-18 1.102727801062898021e-19
1.178124803176142814e+04 3.344907709393771519e-18 1.110177786622650476e-19
1.178759777042254063e+04 3.293131069053142054e-18 1.119779470912586158e-19
1.179394750545099669e+04 3.052547593997007020e-18 1.115009800304938228e-19
1.180029723681950600e+04 2.927685390876901007e-18 1.078396808798927371e-19
1.180664696449944131e+04 3.011330887139840617e-18 1.060253330780145728e-19
1.181299668846398890e+04 3.022613422293384372e-18 1.081620411345525965e-19
1.181934640868424867e+04 3.043638777520278270e-18 1.101660558657914710e-19
1.182569612513278662e+04 2.980121307734219072e-18 1.074987910829451080e-19
1.183204583778155211e+04 3.046951495186692609e-18 1.071315609933862108e-19
1.183839554660345129e+04 3.208060043507707867e-18 1.060419356233045825e-19
1.184474525156924574e+04 2.974022769637589249e-18 1.058361097772226604e-19
1.185109495265248916e+04 2.840912570254208964e-18 1.078069703938496102e-19
1.185744464982473619e+04 3.038796818406829524e-18 1.073535724843412412e-19
1.186379434305868381e+04 2.971817496174769732e-18 1.061751043909568360e-19
1.187014403232604491e+04 2.844031254136255995e-18 1.070088147381110994e-19
1.187649371759956739e+04 2.869911928377040381e-18 1.066887067543825697e-19
1.188284339885096597e+04 3.006044309622348340e-18 1.011859162969988577e-19
1.188919307605339054e+04 3.205913056728001341e-18 9.906403167272760089e-20
1.189554274917821931e+04 3.050847687819761088e-18 9.876804607935285692e-20
1.190189241819820199e+04 3.228219566577438740e-18 9.950309867705898148e-20
1.190824208308614470e+04 3.217339952126113530e-18 1.001236142369861251e-19
1.191459174381393132e+04 2.994824919061208825e-18 1.014336683706051494e-19
1.192094140035400414e+04 3.126448518047681501e-18 9.731865071442364733e-20
1.192729105267884188e+04 3.484856460494287571e-18 9.852771028427899179e-20
1.193364070076051757e+04 3.268244615287225645e-18 9.819484746493749975e-20
1.193999034457228663e+04 2.797968975816071664e-18 9.645572878814685470e-20
1.194633998408565458e+04 2.948308680510297792e-18 9.874549704034190161e-20
1.195268961927386772e+04 3.133062743865094988e-18 1.011497240494816211e-19
1.195903925010935563e+04 3.171140693491052384e-18 9.781018297974815287e-20
1.196538887656416046e+04 3.201507076827970833e-18 9.731084515328712817e-20
1.197173849861113376e+04 3.315456763542661859e-18 9.862778338641853786e-20
1.197808811622212306e+04 3.093856248360530506e-18 9.775975702731225051e-20
1.198443772937109497e+04 3.047497964884929908e-18 8.800135807427333729e-20
1.199078733802956049e+04 2.875436271612921181e-18 8.877788226542859643e-20
1.199713694217050761e+04 2.780922758085355927e-18 8.918437115079525501e-20
1.200348654176632226e+04 2.906943661857017848e-18 9.063263112744233861e-20
1.200983613679003975e+04 3.176567075158820236e-18 9.678667373621249340e-20
1.201618572721334567e+04 3.122462352860400507e-18 9.512248073008987070e-20
1.202253531300988288e+04 2.854330809354962158e-18 8.614444621293705509e-20
1.202888489415206459e+04 2.682648747743090873e-18 8.621114076603546346e-20
1.203523447061285151e+04 2.827383701468578683e-18 8.646848833171504713e-20
1.204158404236416209e+04 3.062013704513496534e-18 8.931948787759049583e-20
1.204793360937968646e+04 3.164976392962434349e-18 9.353615661816333772e-20
1.205428317163140309e+04 3.107930842747129910e-18 9.442078877602819083e-20
1.206063272909227817e+04 2.920744313630153241e-18 9.339614620063369518e-20
1.206698228173507778e+04 2.749272180579875327e-18 9.170119618350479562e-20
1.207333182953298092e+04 2.939992213500538443e-18 9.266726420933296806e-20
1.207968137245843536e+04 2.901184944664336088e-18 8.657187859494969961e-20
1.208603091048443275e+04 2.562307648596133306e-18 8.540180886566625513e-20
1.209238044358367006e+04 2.380521233427954645e-18 8.636419944734478527e-20
1.209872997172894065e+04 2.391992892895532537e-18 8.922610491655952068e-20
1.210507949489342172e+04 2.255441008135054483e-18 8.882124959994808365e-20
1.211142901305006490e+04 2.167949381453938582e-18 8.394544318514843286e-20
1.211777852617117605e+04 2.393109694623659520e-18 8.385142705937322057e-20
1.212412803423005244e+04 2.536497566201877401e-18 8.835648773576378242e-20
1.213047753720010223e+04 2.782474934329712689e-18 9.088811683099225911e-20
1.213682703505359314e+04 2.968707563532609401e-18 9.241242699457740747e-20
1.214317652776383875e+04 3.261130528965395933e-18 1.054794164650483484e-19
1.214952601530323955e+04 3.167926935461986860e-18 1.069973532973759667e-19
1.215587549764606229e+04 2.989169702927511903e-18 1.042731292083082179e-19
1.216222497476422905e+04 2.965082957597206341e-18 9.039296499886200409e-20
1.216857444663112256e+04 2.380712349613588149e-18 8.876171395853062048e-20
1.217492391322005096e+04 2.428014894018354016e-18 8.911667277708999275e-20
1.218127337450388040e+04 2.591648636775668866e-18 8.879200815615789631e-20
1.218762283045521872e+04 3.101867470509853036e-18 1.071126585866594106e-19
1.219397228104815804e+04 3.364760466721575714e-18 1.070658863940441747e-19
1.220032172625498606e+04 3.184995614935571226e-18 1.067984710345825006e-19
1.220667116604953844e+04 2.946807079208220062e-18 1.027119978103319638e-19
1.221302060040420292e+04 3.150678837537654884e-18 1.057532187625565590e-19
1.221937002929299706e+04 3.253130790671299821e-18 1.123636417181611662e-19
1.222571945268820855e+04 3.235837096302837183e-18 1.103383531992913068e-19
1.223206887056422784e+04 2.605058266073272513e-18 9.212919020482485117e-20
1.223841828289259138e+04 2.501421613685837261e-18 8.662126695726278969e-20
1.224476768964799885e+04 2.667829121903489840e-18 8.673233751559382376e-20
1.225127709960572611e+04 3.058477894964411821e-18 1.013467703853321742e-19
1.225762651019517034e+04 2.769033664960639716e-18 1.022522293115315452e-19
1.226397591516979628e+04 2.962682550237037991e-18 1.055938888629055097e-19
1.227032531446253597e+04 3.069975236598995401e-18 1.049371379148202839e-19
1.227667470804676850e+04 3.256057818475416669e-18 1.033482242098180203e-19
1.228302409589502167e+04 3.441114200580312631e-18 1.181232538955743910e-19
1.228937347798155133e+04 3.305277440783538942e-18 1.153321887983767528e-19
1.229572285427917450e+04 3.055741228084590222e-18 1.078373538203007929e-19
1.230207222476189054e+04 2.691523631793678696e-18 8.394513342310834818e-20
1.230842158936004307e+04 2.428065097657325374e-18 8.168277224925153906e-20
1.231477094490015224e+04 2.400933603273056229e-18 8.927061690496968792e-20
1.232128047583062653e+04 2.290824355725917134e-18 8.485072479302345064e-20
1.232762983786851510e+04 2.479360748176868082e-18 9.516228343480521807e-20
1.233397919395601639e+04 2.385024614971612808e-18 9.648809973051601202e-20
1.234032854406773367e+04 2.942819235278564839e-18 1.016813242891120500e-19
1.234667788817616565e+04 2.994251264693729439e-18 1.027311538670509920e-19
1.235302722625523529e+04 2.901316720286780964e-18 1.041645215348896753e-19
1.235937655827866365e+04 3.061840358897084690e-18 1.084697640630188326e-19
1.236572588421895853e+04 3.020847407217176361e-18 1.039548412324527870e-19
1.237207520405133619e+04 2.940050070319538728e-18 1.033735280288309945e-19
1.237842451774807705e+04 3.143675474830232347e-18 1.043946805367636620e-19
1.238477382528349517e+04 3.279894145881122114e-18 1.053216279748993689e-19
1.239112312663082230e+04 3.277295384665958150e-18 1.043715924352526809e-19
1.239747242176370855e+04 3.216836769886399438e-18 1.053961592885948220e-19
1.240382171065612965e+04 3.228836406041720021e-18 1.031863867777403824e-19
1.241017099328096629e+04 2.894826559499804080e-18 1.012951176459161457e-19
1.241652026961222509e+04 2.978121931076464679e-18 1.013901079610920826e-19
1.242286953962464577e+04 3.193538360039773260e-18 1.021381841841246911e-19
1.242921880329078704e+04 3.034055564484336973e-18 9.123986615256226289e-20
1.243556806058463917e+04 3.333813302551442936e-18 1.022310614546806149e-19
1.244191731147980499e+04 3.118731755147132247e-18 1.043652599426399554e-19
1.244826655595027296e+04 3.235086623807438379e-18 1.021681506806153152e-19
1.245461579396948036e+04 3.093960420075884746e-18 1.014012587878516345e-19
1.246096502551163030e+04 3.113062344861774898e-18 1.021354629063144385e-19
1.246731425055078580e+04 3.090201885169413142e-18 1.027398334994833463e-19
1.247366346905982209e+04 3.112541410675840611e-18 1.024590816426088652e-19
1.248001268101369169e+04 3.238186297470498460e-18 1.032785636779871101e-19
1.248636188638468229e+04 3.151626081120760006e-18 1.053857113538489703e-19
1.249271108514831394e+04 3.115695431232764851e-18 1.043115947077737297e-19
1.249906027727755645e+04 3.213764290151527401e-18 1.030900949926935989e-19
1.250540946274662565e+04 3.308457009593005783e-18 1.067976725436519050e-19
1.251175864152902068e+04 3.171202680636242080e-18 1.053805383759764996e-19
1.251810781359915927e+04 2.817969607421661406e-18 1.030326334183307256e-19
1.252445697893040960e+04 3.144033878098177070e-18 1.031670305887178792e-19
1.253080613749764780e+04 3.216567874067576017e-18 1.058824943509742176e-19
1.253715528927411106e+04 3.203665918545181331e-18 1.053779072921810196e-19
1.254350443423379511e+04 3.023166479017769026e-18 1.052474251046226885e-19
1.254985357235115953e+04 2.935315691912158399e-18 1.023584856240086637e-19
1.255620270359984534e+04 2.871945179594790874e-18 1.029231323139081612e-19
1.256255182795414294e+04 3.209427256893217416e-18 1.046865704454583603e-19
1.256890094538744597e+04 3.092763231566917620e-18 1.022860754316466377e-19
1.257525005587471969e+04 3.288597814853105810e-18 9.697925560757952809e-20
1.258159915938934137e+04 3.374950618843662649e-18 9.889522726497370706e-20
1.258794825590617984e+04 3.150688614595626166e-18 9.671037118112110676e-20
1.259429734539850688e+04 3.285497271010657859e-18 9.797477456555259830e-20
1.260064642784078933e+04 3.083923637174210357e-18 9.567532996993357100e-20
1.260699550320761227e+04 2.822939343156505642e-18 9.319959741297356940e-20
1.261334457147190369e+04 2.964458364473825653e-18 9.241333749564020620e-20
1.261969363260956379e+04 3.416252164588019007e-18 1.021648948098946655e-19
1.262604268659339868e+04 3.347742628682519899e-18 9.469155138153613917e-20
1.263239173339821355e+04 2.988289362136508699e-18 9.537614185754005607e-20
1.263874077299742385e+04 2.844870492425875982e-18 9.566219417570398775e-20
1.264508980536676245e+04 2.902467473907660424e-18 9.723958758764427033e-20
1.265143883047918644e+04 2.984054914651186723e-18 9.598126957874096385e-20
1.265778784830918266e+04 2.924292416785261476e-18 9.474609329998753109e-20
1.266413685883190738e+04 3.348012528026160942e-18 9.240725354377649255e-20
1.267048586202051592e+04 3.267004259948880192e-18 9.460132843315058506e-20
1.267683485785014091e+04 3.155433879020787448e-18 9.257068534865239255e-20
1.268318384629461252e+04 2.674376217430432925e-18 8.922360002153049154e-20
1.268953282732855587e+04 2.737513611090244426e-18 9.228718389938078041e-20
1.269588180092582479e+04 2.725001124477074749e-18 9.020562786455688730e-20
1.270223076706170832e+04 3.254484484414122799e-18 9.354391879635534559e-20
1.270857972570992933e+04 3.123582865458563422e-18 9.263863793610673588e-20
1.271492867684470730e+04 3.018283078493825751e-18 9.115722240833271737e-20
1.272127762044118754e+04 3.070271641296680633e-18 9.221408365432237683e-20
1.272762655647280553e+04 2.793669217493768442e-18 8.143669865214021361e-20
1.273397548491466114e+04 2.571626857291903495e-18 8.290729841550346334e-20
1.274032440574119937e+04 2.532630229821778303e-18 8.333675757296406339e-20
1.274667331892722359e+04 2.589566838888681297e-18 8.394011418761853568e-20
1.275302222444593644e+04 2.692972841867702342e-18 8.125472669419476925e-20
1.275937112227346370e+04 3.140904383012784890e-18 9.259989710861981577e-20
1.276572001238358644e+04 3.126159167101997331e-18 9.236066183376555389e-20
1.277206889475039861e+04 2.931979533044867817e-18 9.099826060877502722e-20
1.277841776934916561e+04 2.860653942566879183e-18 9.276150044901876288e-20
1.278476663615407051e+04 2.963856725816990169e-18 8.689607071596499049e-20
1.279111549513988030e+04 2.905340726642275411e-18 9.201476146680186132e-20
1.279746434628073621e+04 2.915951596303528708e-18 8.999255242477591149e-20
1.280381318955215102e+04 2.607220612143000931e-18 9.029774385898158845e-20
1.281016202492814045e+04 2.631294684044332988e-18 8.824324627791160787e-20
1.281651085238304222e+04 2.311258347228491068e-18 8.723036562145489678e-20
1.282285967189209077e+04 2.264289267142514666e-18 8.337263722177104288e-20
1.282920848343002763e+04 2.888337972530695596e-18 9.297498524709552953e-20
1.283555728697068480e+04 2.990316264021972113e-18 9.222048067518768811e-20
1.284190608248924582e+04 2.741904330866374322e-18 8.355290941366436326e-20
1.284825486996140899e+04 2.663278226526819130e-18 8.541569676471898248e-20
1.285460364936026053e+04 3.154776847347974606e-18 9.170411118737248347e-20
1.286095242066122955e+04 2.898719455848832892e-18 8.758756591941106179e-20
1.286730118383965237e+04 3.004857486652087949e-18 8.704647387660222803e-20
1.287364993886909360e+04 3.252406972020660012e-18 9.989404161558396092e-20
1.287999868572571904e+04 3.022130577290281555e-18 9.784352575390299057e-20
1.288634742438293324e+04 2.658381326632237062e-18 8.251973229296165124e-20
1.289269615481645815e+04 2.069914666748081076e-18 7.905624024625320518e-20
1.289904487700118625e+04 2.150602031291300374e-18 8.139030785609882634e-20
1.290539359091159167e+04 2.551743250925536201e-18 8.400250448394042202e-20
1.291174229652257236e+04 2.727888996028647251e-18 1.000521546101461546e-19
1.291809099380863518e+04 2.786376216108673233e-18 1.023887307755610880e-19
1.292443968274611871e+04 2.937161092398363618e-18 1.071644421352309303e-19
1.293078836330793638e+04 2.871208882627525254e-18 1.024167762250094760e-19
1.293713703547044497e+04 3.061322420055065001e-18 1.027649449425373467e-19
1.294348569920746922e+04 2.759474349000403181e-18 1.019276704552984874e-19
1.294983435449504941e+04 2.945601651108929499e-18 1.007927429834539891e-19
1.295618300130805437e+04 2.765770232552095669e-18 1.003565067828087392e-19
1.296253163962057079e+04 2.861637852074128273e-18 9.938405790723388085e-20
1.296888026940844793e+04 2.821821783739543990e-18 1.004512982471365460e-19
1.297522889064618903e+04 2.558398957089802348e-18 8.544983618738270949e-20
1.298157750330862473e+04 2.592428752865584227e-18 8.683645271076022584e-20
1.298792610737088762e+04 3.041442322740490470e-18 9.955315844435570268e-20
1.299443644130013490e+04 2.725479745531176278e-18 9.902933260245352037e-20
1.300078504294628328e+04 2.944060628586469205e-18 9.830134515648938455e-20
1.300713363595759256e+04 3.186284658558988911e-18 1.050493040617649629e-19
1.301348222026746043e+04 2.948970571918975797e-18 1.013946766412940474e-19
1.301983079585137966e+04 2.801144934624884712e-18 9.868381822209398221e-20
1.302617936268407902e+04 2.958586999519370688e-18 1.056721814543459261e-19
1.303252792074103672e+04 2.626967140459389234e-18 9.768969243282965447e-20
1.303887646999644494e+04 2.599396981486024017e-18 9.878099671057924396e-20
1.304522501110845951e+04 2.558940101067039595e-18 8.309347348961823643e-20
1.305157359599165466e+04 3.048966156531588021e-18 8.529063357935598994e-20
1.305792223134558299e+04 3.047237312963841193e-18 1.045688361058829526e-19
1.306427085539226209e+04 3.056620315319579712e-18 1.049676675504640930e-19
1.307078139700570682e+04 2.978302890579711405e-18 1.025853996242818791e-19
1.307713002126976062e+04 3.111922148356930877e-18 1.033544318587779321e-19
1.308347863655778383e+04 3.124009145089267852e-18 1.034785715158104195e-19
1.308982724284429423e+04 3.065549018686191938e-18 1.057452260100375373e-19
1.309617584010445535e+04 3.109320473546006854e-18 1.058007982175908311e-19
1.310252442831513872e+04 2.732659236819751253e-18 1.008292109376691964e-19
1.310887300744966888e+04 2.810021572078617626e-18 1.015133597825678601e-19
1.311522157748496284e+04 2.738386600049220681e-18 9.991547827113730565e-20
1.312157013839483807e+04 2.765493962943223425e-18 1.010907298607123494e-19
1.312791869015645716e+04 2.935960622576504300e-18 1.017034319576064375e-19
1.313426723274377764e+04 2.983545179410444565e-18 9.930516214799686789e-20
1.314061576613207399e+04 3.018615446501447522e-18 1.015325293456385878e-19
1.314696429029793944e+04 2.814791963836850310e-18 9.730420127258544831e-20
1.315331280521558256e+04 2.878384545539747030e-18 9.650808465606945368e-20
1.315966131086122368e+04 3.034604256037290656e-18 9.887712763761832525e-20
1.316600980720991538e+04 3.022725227396789769e-18 1.003442136581552768e-19
1.317235829423704672e+04 3.068306586124908127e-18 1.022904717174772603e-19
1.317870677191853611e+04 3.134012486768920317e-18 1.066851765863350956e-19
1.318505524022864847e+04 3.207738117972133293e-18 1.049386433833301691e-19
1.319140369914479015e+04 3.039020022510590462e-18 1.043542331941145627e-19
1.319775214864022746e+04 3.071948516250259638e-18 1.021867670685106693e-19
1.320410058869302702e+04 3.099698512758760989e-18 1.006892236273134032e-19
1.321044901927617866e+04 2.974680987890946281e-18 1.021392498687252291e-19
1.321679744036666125e+04 2.922795554798230719e-18 1.028611734389717606e-19
1.322314585194004576e+04 2.603327156514018928e-18 9.812069297824439412e-20
1.322949425397197228e+04 2.863504010535763350e-18 1.074361013002002345e-19
1.323584264643674396e+04 3.175451150929858678e-18 1.029846423909847366e-19
1.324219102931157613e+04 2.787297232027427048e-18 1.005224036241629126e-19
1.324853940257135037e+04 2.722702055638070707e-18 1.022897057913096047e-19
1.325488776619157034e+04 2.707453585223405772e-18 9.960010651976723636e-20
1.326123612014806167e+04 2.722060850222098887e-18 9.945541320668163292e-20
1.326758446441582782e+04 2.728225851631454127e-18 1.054660525047054409e-19
1.327393279897184948e+04 2.914964922082884542e-18 9.800587778540470996e-20
1.328028112379076629e+04 2.781715135576856089e-18 9.680889791597918865e-20
1.328662943884913329e+04 2.958651649071607330e-18 1.022604530171647515e-19
1.329297774412148829e+04 2.829151046430654958e-18 9.754894639470880207e-20
1.329932603958465188e+04 2.963845049630621058e-18 9.772976558701678844e-20
1.330567432521381852e+04 2.969360798375335459e-18 1.037514712889973998e-19
1.331202260098459010e+04 2.908483588726667257e-18 9.966677554236427429e-20
1.331837086687298142e+04 2.879905875948794754e-18 1.013139743928880804e-19
1.332471912285459439e+04 2.891255238567595554e-18 1.005041441066011478e-19
1.333106736890569664e+04 2.668995941751939644e-18 9.879418381858921123e-20
1.333741560500167725e+04 2.706678341743810912e-18 1.045817882637767815e-19
1.334376383111832911e+04 2.758770943908813597e-18 9.907960216988005250e-20
1.335011204723146693e+04 2.685807606574984447e-18 1.009678472355451331e-19
1.335646025331736018e+04 2.773635743566204429e-18 1.013855783290459650e-19
1.336280844935071764e+04 3.032837732320333867e-18 1.035984182385882454e-19
1.336915663530925667e+04 3.413917177440836680e-18 9.613190409834037733e-20
1.337550481116751325e+04 3.381771969723587194e-18 9.367039717580790979e-20
1.338185297690142943e+04 3.053817810587917634e-18 9.854306814625423658e-20
1.338820113248750567e+04 2.907858851337716551e-18 9.740674592867503591e-20
1.339454927790110924e+04 2.874254115080245955e-18 9.677821204085332044e-20
1.340089741311844409e+04 3.122992240683175027e-18 9.550072633760438067e-20
1.340724553811571059e+04 3.330127373866121480e-18 9.543299228858785024e-20
1.341359365286811226e+04 3.384981506396887982e-18 9.701578910316934696e-20
1.341994175735240788e+04 3.263328703829705734e-18 9.505785714798614596e-20
1.342628985154425754e+04 3.142903507472656597e-18 9.398442914380964852e-20
1.343263793541991981e+04 3.063319155757968467e-18 9.702330420679481136e-20
1.343898600895506752e+04 2.918425874128484433e-18 9.453361007668584721e-20
1.344533407212552811e+04 3.026676639536370998e-18 9.382937702133045477e-20
1.345168212490776023e+04 3.108267415808280180e-18 9.132261241922355988e-20
1.345803016727792965e+04 3.240361183914961226e-18 9.510585720641371165e-20
1.346437819921146183e+04 3.255765353438387851e-18 9.336444107068128989e-20
1.347072622068516466e+04 3.336417355337434718e-18 9.569680396306388926e-20
1.347707423167478555e+04 3.244829683113531533e-18 9.896170252259366000e-20
1.348342223215673403e+04 3.249209609660665694e-18 9.823918549620127130e-20
1.348977022210717587e+04 3.141766304192129952e-18 9.435633950082019708e-20
1.349611820150121275e+04 3.179730830909272349e-18 9.555766075889359770e-20
1.350246617031624737e+04 2.836096938259536816e-18 9.603597417091952800e-20
1.350881412852815993e+04 3.020738130462762110e-18 9.623721100402439050e-20
1.351516207611199752e+04 3.132215725649397855e-18 9.329823861178026694e-20
1.352151001304555393e+04 3.031715494207742926e-18 9.651179805352130714e-20
1.352785793930388900e+04 3.466817965845911572e-18 1.024375048962353704e-19
1.353420585486383243e+04 2.978694939024045618e-18 1.000715657207311223e-19
1.354055375970127352e+04 3.116738065341289924e-18 9.771429085355814079e-20
1.354690165379278369e+04 3.186138377722018368e-18 9.517054296620660190e-20
1.355324953711400303e+04 3.003637922821307120e-18 9.408188075098024583e-20
1.355959740964189768e+04 3.085852307300236594e-18 9.110998911137381768e-20
1.356594527135199314e+04 2.831824135285327751e-18 8.699505869893531212e-20
1.357229312222128829e+04 2.860882814057319607e-18 9.487842580609684615e-20
1.357864096222596345e+04 2.898927833236555925e-18 9.471662076135050777e-20
1.358498879134230083e+04 3.004628036952643341e-18 9.541012707432533184e-20
1.359133660954638981e+04 2.972267963269795190e-18 9.742494514707039264e-20
1.359768441681508193e+04 2.807443329143981648e-18 9.638037091579412682e-20
1.360403221312379719e+04 2.718381504387821053e-18 8.754019685204043116e-20
1.361037999845019476e+04 2.883445874388403754e-18 8.882775811607165158e-20
1.361672777276922898e+04 2.620925732744991004e-18 8.994998377348813961e-20
1.362307553605805515e+04 2.501761533117026725e-18 8.808290667460942878e-20
1.362942328829330290e+04 2.369853215728128352e-18 8.518358853836702201e-20
1.363577102945066326e+04 2.360500443316327263e-18 8.406627263752232380e-20
1.364211875950724425e+04 2.522746695636203042e-18 8.659139493301489160e-20
1.364846647843942083e+04 3.020260876620010665e-18 9.446228168643064406e-20
1.365481418622311867e+04 3.183317961005877373e-18 9.584906016760742033e-20
1.366116188283589872e+04 2.878850030321958041e-18 9.246136503722555358e-20
1.366750956825396315e+04 2.589943140360080478e-18 8.606477560742466271e-20
1.367385724245227175e+04 2.680432877105621460e-18 9.028151099116785679e-20
1.368020490540959872e+04 2.991719264469884414e-18 9.206061704109570790e-20
1.368655255710068559e+04 3.079400104534790785e-18 9.585105930845075687e-20
1.369290019750351530e+04 3.266908524376794225e-18 9.676239960030662509e-20
1.369924782659272023e+04 3.692418678378194623e-18 1.016818418012996035e-19
1.370559544434561758e+04 4.441875501739384998e-18 1.050692290234661499e-19
1.371194305073963915e+04 3.288140073934657887e-18 8.867146524080708928e-20
1.371829064575063785e+04 2.713100039606189084e-18 8.659396741293584061e-20
1.372463822935493772e+04 4.183831428139947725e-18 1.132610614973209521e-19
1.373098580152983050e+04 8.348413736016123152e-18 1.515800848534486918e-19
1.373733336225235325e+04 1.112559582175173621e-17 1.947682120367900879e-19
1.374368091149762222e+04 4.445402319110091224e-18 1.004241855372801945e-19
1.375002844924342571e+04 2.782949167982476301e-18 8.618496967439652014e-20
1.375637597546622237e+04 2.895449935938224312e-18 9.141677565687518471e-20
1.376272349014277279e+04 3.053408611880317247e-18 9.189042728176266635e-20
1.376907099324985938e+04 4.181652764653982072e-18 1.049973228081665484e-19
1.377541848476389714e+04 6.844726309190001875e-18 1.532225756395844073e-19
1.378176596466095179e+04 5.336411439449237231e-18 1.330162839964145288e-19
1.378811343291867161e+04 3.492007561485573650e-18 1.101328508474867874e-19
1.379446088951340425e+04 3.038323745702241302e-18 1.028630679939555209e-19
1.380080833442330004e+04 3.046840101187028420e-18 1.032910102506895806e-19
1.380715576762363162e+04 3.047008347730010269e-18 1.047263659627955195e-19
1.381350318909162343e+04 2.914130461564717515e-18 1.050220902443690575e-19
1.381985059880238987e+04 2.734747790600652388e-18 1.012503372282215913e-19
1.382619799673439957e+04 2.795717642323086713e-18 1.018691494943680475e-19
1.383254538286437673e+04 3.053875905585739680e-18 1.023445991855960599e-19
1.383889275716902193e+04 3.071714848248960043e-18 1.026775077759742266e-19
1.384524011962489385e+04 2.807334720919426643e-18 1.025278361272928938e-19
1.385158747020868759e+04 2.970094730421253445e-18 1.012392748750656566e-19
1.385793480889821876e+04 2.719261071346014333e-18 1.027785508989260402e-19
1.386428213566953673e+04 2.835923066665117473e-18 1.004092114231737830e-19
1.387079321048152087e+04 2.947290569875152461e-18 1.052811237150386190e-19
1.387714052487774097e+04 3.046517488530862862e-18 1.042341322251537436e-19
1.388348783040059243e+04 3.030151016700479169e-18 1.058417671498326914e-19
1.388983512395389698e+04 2.889029449466445208e-18 1.047494472527968328e-19
1.389618240547176174e+04 2.849188015713007511e-18 1.006090050635476564e-19
1.390252967493285723e+04 2.948622891893318056e-18 9.829155524610473323e-20
1.390887693231289086e+04 2.546939788673815505e-18 8.155914416787676305e-20
1.391522417758971096e+04 2.257012062175948414e-18 8.193621559371489149e-20
1.392157141073835373e+04 2.422826583545152033e-18 8.033788137209664601e-20
1.392791863173680940e+04 2.626989477178796053e-18 8.204801450233019737e-20
1.393426584056165120e+04 2.898735623877846104e-18 8.416301251450226608e-20
1.394061303719069292e+04 2.922998620673035790e-18 1.000027499710385788e-19
1.394696022160108623e+04 2.774315204016910926e-18 1.003903684176014773e-19
1.395330739372733478e+04 3.046412457317855544e-18 1.015462692099764281e-19
1.395981851594816726e+04 2.832372939424221322e-18 1.001762131577687966e-19
1.396616567823166952e+04 2.958610912879917072e-18 1.011443947396136741e-19
1.397251282820307279e+04 2.959878729589768590e-18 1.021806837500111901e-19
1.397885996583964152e+04 3.084070423478816035e-18 1.026110892703625305e-19
1.398520709111796350e+04 2.926831308304660448e-18 1.007408204866077162e-19
1.399155420401644733e+04 2.995543603182202052e-18 1.029363637953092480e-19
1.399790130450996912e+04 3.259284592647369499e-18 1.153053301442433915e-19
1.400424839257859276e+04 3.015447969861762691e-18 1.122078576545024629e-19
1.401059546819632669e+04 3.050691501511861728e-18 9.841721717457693183e-20
1.401694253134247811e+04 2.952367066952864990e-18 1.010423757637811799e-19
1.402328958199325643e+04 2.970680796317747023e-18 9.990823255055798794e-20
1.402963662012564782e+04 3.008317617388894798e-18 9.837846329203330284e-20
1.403598364571699676e+04 3.279444320038072171e-18 1.042333407337213330e-19
1.404233065874553358e+04 3.327850566652196906e-18 1.018816159426517032e-19
1.404867765918734221e+04 3.489732514957283021e-18 1.096854086719509919e-19
1.405502464701972349e+04 4.103669925202858258e-18 1.203145374179332191e-19
1.406137162222146981e+04 3.478951310189167293e-18 1.108582928266079307e-19
1.406771858476828129e+04 3.215014268772421860e-18 1.028377366390084345e-19
1.407406553463734963e+04 3.219479918864231701e-18 1.044648797436416209e-19
1.408041247180659411e+04 3.463451375268312618e-18 1.113270107069682521e-19
1.408675939625277715e+04 3.849234415749101048e-18 1.177038533059561879e-19
1.409310630795453289e+04 3.376963173648145985e-18 1.094384647509816282e-19
1.409945320688734500e+04 3.125055115328300858e-18 1.031768702970397646e-19
1.410580009302910366e+04 2.962458595436274128e-18 1.029022922047989438e-19
1.411214696635731889e+04 2.943013192759801029e-18 1.007366600599916409e-19
1.411849382684908414e+04 2.883690190998470607e-18 1.028919477505189537e-19
1.412484067448243695e+04 3.327917231171679653e-18 1.144808469684763072e-19
1.413118750923421976e+04 3.238650810754902348e-18 1.076689654776258967e-19
1.413753433108217359e+04 3.244766350245664884e-18 1.090103311403704440e-19
1.414388114000394125e+04 3.018146643075070071e-18 1.062679735375650592e-19
1.415022793597622876e+04 3.033042151291257943e-18 1.034979274465102986e-19
1.415657471897688629e+04 3.422027227741481204e-18 1.053749644439789502e-19
1.416292148898269079e+04 3.202495294859845441e-18 1.021482292950525537e-19
1.416926824597169980e+04 2.900168131577070541e-18 9.958567245727859123e-20
1.417561498992086126e+04 2.849061885446904274e-18 1.009938641334222162e-19
1.418196172080814904e+04 2.885462817479036898e-18 1.015678097646332448e-19
1.418830843860987261e+04 2.949036494665354476e-18 1.022803373980735786e-19
1.419465514330623409e+04 2.849436073554804224e-18 1.010567315443473663e-19
1.420100183487215145e+04 2.919135219729256057e-18 1.003275327987628059e-19
1.420734851328559307e+04 3.097963969980399236e-18 1.050720150136593140e-19
1.421369517852504578e+04 2.910232715484208384e-18 9.834761003096108868e-20
1.422004183056709553e+04 2.897981867089629957e-18 9.981707250792522422e-20
1.422638846939046744e+04 3.166186750561830039e-18 1.023548785258429162e-19
1.423273509497022133e+04 3.073455552602887609e-18 1.001286968929331138e-19
1.423908170728629011e+04 3.040429378458408313e-18 1.008823891290416972e-19
1.424542830631649849e+04 2.894979732691086988e-18 1.038308505011522070e-19
1.425177489203618279e+04 2.854712764614416571e-18 1.028674753884199059e-19
1.425812146442439553e+04 2.941429580102223075e-18 1.020208492967902922e-19
1.426446802345917968e+04 2.829824258749930627e-18 1.001313648699996439e-19
1.427081456911715577e+04 2.690465589635616452e-18 1.007418204923152631e-19
1.427716110137544638e+04 2.873899828919176364e-18 1.006830389338963122e-19
1.428350762021382616e+04 2.718478335272079830e-18 9.923558645794578607e-20
1.428985412560829900e+04 2.898395450016414688e-18 9.939281363282857049e-20
1.429620061753701884e+04 3.030544844966999167e-18 1.050378502363209557e-19
1.430254709597668261e+04 2.595001135688672078e-18 1.025241525769885138e-19
1.430889356090724505e+04 2.814730099216761419e-18 9.984723081667649324e-20
1.431524001230439717e+04 2.871112064724866304e-18 9.872802191260241137e-20
1.432158645014610192e+04 2.846086538575155998e-18 9.868949941068862112e-20
1.432793287441042048e+04 2.955846387815015350e-18 9.950521104678524651e-20
1.433427928507534125e+04 2.949349265058819664e-18 9.189323729894617773e-20
1.434062568211800863e+04 2.701998488428518229e-18 9.068076768499852885e-20
1.434697206551723139e+04 2.834470380575389846e-18 9.272279119716543843e-20
1.435331843524960095e+04 3.037643475022441089e-18 9.382920943948612230e-20
1.435966479129297113e+04 2.948596196800610449e-18 9.359450603187585934e-20
1.436601113362676369e+04 3.023433464575676280e-18 9.404126306699154340e-20
1.437235746222673515e+04 2.987103903996465663e-18 9.231665364888703327e-20
1.437870377707086482e+04 3.068757132000253577e-18 9.598021170050089439e-20
1.438505007813828161e+04 3.250835923100729448e-18 9.726920078765883979e-20
1.439139636540609899e+04 3.053358972156317966e-18 9.633142958131516321e-20
1.439774263885131768e+04 3.307826792460994310e-18 9.710633601896919384e-20
1.440408889845334488e+04 2.984825148096831917e-18 9.429580546241795753e-20
1.441043514418948871e+04 3.009851414891106811e-18 1.019576133052940184e-19
1.441678137603704818e+04 3.352963849905049149e-18 1.093853208121437658e-19
1.442312759397440823e+04 2.969146263881654308e-18 9.348643029230020465e-20
1.442947379797952453e+04 3.223977861936152335e-18 9.321892238526680456e-20
1.443581998802943963e+04 3.176186960365974410e-18 9.619958576936799030e-20
1.444216616410315874e+04 2.957656680374292169e-18 9.438377858183264192e-20
1.444851232617890855e+04 2.695669930075965476e-18 1.001513281122122626e-19
1.445485847423240011e+04 2.869700079191076773e-18 9.645948632675244407e-20
1.446120460824377551e+04 3.193681184861413227e-18 9.513959526402282668e-20
1.446755072819103225e+04 3.303498284929628699e-18 9.850390948228583307e-20
1.447389683405046890e+04 3.189747049827174799e-18 9.537414213825604687e-20
1.448024292580191104e+04 3.258053027419410546e-18 9.822949673711976614e-20
1.448658900342180095e+04 3.129080064060999713e-18 9.829061226269851643e-20
1.449293506688838534e+04 3.179202300734709027e-18 9.744156480696202693e-20
1.449928111618124603e+04 3.396710221946042964e-18 1.000081286137912740e-19
1.450562715127575575e+04 3.262720521985551875e-18 9.415852602124441289e-20
1.451197317215211478e+04 3.073096746154887694e-18 9.277226138774587837e-20
1.451831917878839340e+04 2.992522392360936607e-18 9.376542957442442521e-20
1.452466517116109753e+04 2.939554389647043385e-18 9.450942594192118519e-20
1.453101114924904505e+04 2.733788038313867652e-18 9.180679802554790684e-20
1.453735711303051721e+04 2.600739605979359165e-18 9.482002460895629392e-20
1.454370306248294946e+04 2.575599453261724939e-18 8.603116510769037553e-20
1.455004899758511965e+04 2.461815513513597155e-18 8.192625764738877318e-20
1.455639491831566556e+04 2.834219944331234705e-18 9.146680939126526406e-20
1.456274082465155516e+04 2.992296858411371472e-18 9.324827487350680794e-20
1.456908671657168270e+04 3.002333757836946263e-18 9.653993594418940289e-20
1.457543259405261597e+04 2.979373638074668546e-18 9.863733313052381173e-20
1.458177845707499364e+04 2.805860496715196149e-18 9.574418902075218653e-20
1.458812430561466681e+04 2.773036476639945126e-18 9.272780682335276919e-20
1.459447013965097904e+04 3.163454709816958046e-18 1.010286160637846840e-19
1.460081595916266997e+04 2.809476791114399374e-18 9.573580181332195426e-20
1.460716176412736786e+04 2.698284337076135062e-18 9.206956279151015831e-20
1.461350755452239173e+04 3.004585094743301921e-18 9.560605964490607816e-20
1.461985333032649578e+04 3.100582643611325803e-18 9.872112256757543833e-20
1.462619909151763022e+04 3.071790529100217243e-18 9.863965162443643819e-20
1.463254483807575525e+04 2.867004349958965860e-18 8.807974525142887761e-20
1.463889056997628904e+04 2.308780399722596226e-18 8.667521912115194408e-20
1.464523628720079614e+04 2.407358558437061175e-18 8.515147893249347685e-20
1.465158198972530590e+04 2.605205040893337606e-18 8.977810357347838244e-20
1.465792767752735381e+04 2.666076826917058842e-18 9.554156706657960171e-20
1.466427335058665631e+04 3.057097377101543577e-18 9.637826219559694137e-20
1.467061900888194941e+04 3.028250504206619837e-18 9.526898202569094688e-20
1.467696465238977544e+04 2.823472926696979056e-18 8.645201320158946742e-20
1.468331028109045292e+04 2.899796309429372926e-18 8.896211633657551939e-20
1.468965589496120447e+04 2.995265839416732570e-18 9.065182512224406736e-20
1.469600149398061694e+04 3.005300570353643717e-18 9.564390120585978766e-20
1.470234707812584566e+04 2.911062822361022867e-18 9.951499206607954652e-20
1.470869264737708545e+04 3.054096493140261206e-18 9.695616874981796345e-20
1.471503820171136795e+04 3.277638642924155069e-18 9.974288498717892438e-20
1.472138374110771838e+04 2.845971921852430724e-18 9.355200207345581570e-20
1.472772926554500373e+04 3.026915872747306961e-18 1.067545597105444740e-19
1.473407477500005189e+04 3.091492013244329540e-18 9.937863521467470431e-20
1.474042026945292127e+04 2.876253131057959313e-18 9.301073272772496454e-20
1.474676574888143659e+04 2.911913034050095997e-18 9.045636787462399560e-20
1.475311121326316425e+04 2.412375658965113209e-18 8.560702061030896862e-20
1.475945666257764606e+04 2.801371268716755110e-18 9.147145633287541616e-20
1.476580209680303960e+04 2.743796744083527455e-18 9.404835750925986732e-20
1.477214751591721142e+04 2.464023924648713128e-18 9.160358955622235186e-20
1.477849291989883204e+04 2.596666336881804130e-18 8.634832248580024158e-20
1.478483830872714134e+04 2.787008992374271639e-18 7.377580783690665904e-20
1.479118368237901814e+04 2.823327164699047457e-18 7.431682428996097166e-20
1.479752904083595786e+04 2.460155607924142077e-18 8.514124031166925960e-20
1.480387438407354966e+04 2.035946143435001526e-18 7.739377900687669642e-20
1.481021971207012757e+04 1.923472752054317467e-18 8.104978446650271888e-20
1.481656502480667223e+04 2.481823633745842378e-18 8.316052926770897011e-20
1.482291032226110292e+04 2.593455193467198425e-18 9.072901354582227343e-20
1.482925560440961453e+04 2.808057216133720415e-18 8.789096943336770379e-20
1.483560087123310950e+04 2.624719419944627815e-18 9.135372633157184908e-20
1.484194612270893413e+04 2.275580588730499089e-18 8.638974781388319141e-20
1.484829135881675211e+04 2.487626528686484551e-18 8.631231799922982180e-20
1.485463657953358052e+04 2.701318963781645935e-18 8.873240284175695274e-20
1.486098178484027994e+04 2.885155437278429807e-18 9.244386493474884048e-20
1.486732697471240317e+04 2.887645048259071178e-18 9.160072172601096891e-20
1.487367214913264797e+04 2.797287398930188713e-18 9.317643713970218594e-20
1.488001730807512831e+04 2.747023051801283234e-18 9.067159037295653519e-20
1.488636245152130869e+04 2.875873072436639104e-18 9.272777454403057009e-20
1.489270757944859361e+04 2.295073914296936576e-18 8.124153235623747130e-20
1.489905269183725432e+04 2.229026552858804787e-18 8.284869553455797011e-20
1.490539778866396409e+04 2.121961002497541836e-18 8.394329369215847757e-20
1.491174286990772271e+04 2.427835614356493412e-18 8.745704286448395699e-20
1.491808793554781732e+04 2.094381890593210127e-18 8.290699038810696375e-20
1.492443298556393529e+04 2.399578166027909204e-18 8.476938253591356095e-20
1.493077801993220783e+04 2.367377494281550400e-18 8.519368210067098884e-20
1.493712303863348825e+04 2.123521820176769997e-18 8.265897887611687222e-20
1.494346804164651257e+04 1.995814379308809413e-18 8.085294356946902042e-20
1.494981302894726105e+04 2.033791303496930418e-18 8.034173905602679829e-20
1.495615800051811675e+04 2.193888168540407825e-18 8.152521409149110000e-20
1.496250295633626047e+04 2.494380307917054479e-18 8.973892936086314216e-20
1.496884789637920221e+04 2.540315461367209276e-18 9.842370602603687027e-20
1.497519282062731872e+04 2.692668296384334079e-18 9.820817645273097295e-20
1.498153772905867845e+04 2.738664964743174226e-18 1.017754665659395150e-19
1.498788262165173001e+04 2.746288812682011886e-18 8.606654584705679031e-20
1.499422749838777054e+04 2.325887074651119135e-18 8.439990318552471378e-20
1.500057235924162887e+04 2.408041490083828886e-18 9.183765256480039812e-20
1.500691720419409103e+04 2.669961809645267138e-18 1.075853887101862135e-19
1.501342838561965618e+04 2.874849426504380944e-18 8.096374665059085377e-20
1.501977321311864398e+04 2.883544553891952898e-18 7.892002045284536101e-20
1.502611802469427312e+04 2.253086796367344552e-18 7.790977144070081050e-20
1.503246282028197129e+04 2.080753771142669400e-18 7.983846662412957702e-20
1.503880759986114572e+04 1.808306125132625443e-18 7.721833843754596854e-20
1.504515236341024502e+04 1.627318630248113028e-18 7.708777236483887918e-20
1.505149711090994788e+04 1.765566921355071342e-18 7.577152230245274170e-20
1.505784184233714768e+04 2.453004138304847210e-18 8.278418424096752474e-20
1.506418655767196105e+04 2.420406177145091866e-18 8.059431374473020776e-20
1.507053125689217632e+04 2.845769391002338932e-18 9.885551839192401488e-20
1.507687593997737895e+04 2.334120543992657795e-18 8.115648138814767407e-20
1.508322060690682883e+04 2.387355154742893266e-18 8.034863771273914442e-20
1.508956525765774495e+04 2.641724376306330368e-18 9.503640793171542472e-20
1.509590989221151358e+04 2.856302549368670646e-18 9.941816135266974956e-20
1.510225451054537189e+04 2.890479831286873915e-18 1.001984536076654655e-19
1.510859911263867616e+04 2.886899718205501776e-18 9.952776490406251904e-20
1.511494369847165399e+04 2.973109837861087625e-18 9.875024903956461892e-20
1.512128826797759757e+04 2.706830786340214701e-18 8.826511162960710955e-20
1.512779943362073391e+04 2.470551741002626755e-18 8.730684423458563115e-20
1.513414398497679031e+04 2.892684465262120502e-18 9.221142958599697658e-20
1.514048851998557257e+04 2.991314467819734658e-18 1.034908744077581438e-19
1.514683303862630601e+04 2.775034735695211430e-18 9.974728396292208812e-20
1.515317754087846151e+04 2.757526841582217651e-18 1.000058522207818977e-19
1.515952202672105523e+04 2.744834628974365280e-18 1.007291544011458349e-19
1.516586649613442205e+04 2.917742128152248435e-18 1.012740143483651762e-19
1.517221094909396925e+04 3.028047477266624833e-18 1.043159871342943284e-19
1.517855538558226726e+04 2.970217950723053858e-18 1.032370384698666611e-19
1.518489980557718263e+04 2.838972022506985352e-18 1.017028029236020173e-19
1.519124420905647821e+04 2.872892974783365798e-18 9.105040313848302100e-20
1.519758859600161486e+04 2.724325192555334366e-18 9.184439845160189379e-20
1.520393296639031723e+04 2.661169586845641209e-18 8.733017872723025558e-20
1.521027732020128678e+04 2.946842719751401605e-18 1.017227858132073443e-19
1.521662165741430363e+04 3.019854555995789012e-18 9.856090296515768976e-20
1.522296597800907512e+04 3.056203967229946019e-18 1.045514854955786268e-19
1.522931028196364969e+04 2.890190501201936915e-18 9.657378632286860781e-20
1.523565456925760373e+04 3.098545868865281289e-18 1.052591848665539752e-19
1.524199883986942041e+04 3.095068496959211775e-18 1.010111541068259413e-19
1.524834309377889986e+04 2.845890074291668583e-18 1.010351924041229554e-19
1.525468733096554388e+04 2.957004824278620651e-18 9.836966965585077741e-20
1.526103155140798845e+04 2.843109368967961377e-18 9.864791056693724327e-20
1.526737575508490409e+04 2.818636058605984574e-18 1.007460223877035150e-19
1.527371994197681488e+04 2.898560110313317908e-18 1.002622690009842304e-19
1.528006411206149642e+04 2.875252813701818849e-18 1.012071530253721470e-19
1.528640826531980019e+04 2.953183886091072889e-18 9.840191029620915160e-20
1.529275240172801750e+04 3.033331301691754430e-18 1.029307226414803715e-19
1.529909652126934998e+04 2.953486444459591384e-18 9.961910128293293594e-20
1.530544062391969055e+04 2.847560917771978389e-18 1.038131362196046778e-19
1.531178470965929591e+04 2.737390639302982213e-18 1.021793728180134006e-19
1.531812877846887204e+04 2.956727198422917792e-18 9.253198277375373663e-20
1.532447283032515043e+04 2.754623484668345450e-18 9.060116861678835214e-20
1.533081686521008851e+04 2.705705077910677535e-18 8.937043901981519419e-20
1.533716088309954466e+04 2.453652068086273330e-18 8.645279252912703128e-20
1.534350488397642403e+04 2.523460788285730456e-18 8.709421733701034063e-20
1.534984886781774185e+04 2.696608904887885949e-18 1.022217529138264618e-19
1.535619283460278893e+04 2.543618231157564661e-18 9.209560794315107357e-20
1.536253678431154003e+04 2.279333288380489123e-18 8.655396764146601722e-20
1.536888071692444828e+04 2.538398618183179057e-18 8.844233832223668507e-20
1.537522463241874721e+04 2.264593029895637581e-18 8.882408502066676813e-20
1.538156853077399319e+04 2.335012288884162046e-18 8.670455201065346572e-20
1.538791241197021918e+04 2.167483765462771581e-18 9.088531648266291629e-20
1.539425627598782739e+04 2.600092419496153688e-18 8.825601997699964560e-20
1.540060011921849582e+04 2.502447675635549697e-18 8.690069065996399251e-20
1.540694393741100612e+04 2.716791259017498759e-18 9.016120524512621846e-20
1.541328773836198343e+04 2.655752671577028329e-18 8.651941561437613370e-20
1.541963152205215010e+04 3.035890976063006455e-18 1.004726140143658789e-19
1.542597528845952002e+04 2.936616952228025734e-18 1.032025792364832531e-19
1.543231903756168140e+04 2.942719702599892874e-18 1.030258729749710613e-19
1.543866276934052621e+04 2.757688265326390189e-18 1.033043844751798783e-19
1.544500648377544348e+04 2.634539482840126838e-18 8.900659595672571585e-20
1.545135018084448893e+04 2.448406538358062912e-18 8.903345712277900247e-20
1.545769386052764821e+04 2.510216927582002792e-18 8.860853393663238581e-20
1.546403752280343906e+04 2.529757471666603198e-18 8.791132223997107717e-20
1.547038116765369887e+04 2.169853101325121232e-18 8.320956074878722592e-20
1.547672479505580122e+04 2.426774001709540201e-18 8.606733043260397040e-20
1.548306840498988822e+04 2.533059775883492378e-18 8.735701890152985023e-20
1.548941199743455763e+04 2.936343161952882423e-18 8.860102761273299775e-20
1.549575557237124849e+04 2.707313812543309667e-18 9.012003293009928796e-20
1.550209912977763997e+04 2.492247812053669180e-18 8.973164110374208196e-20
1.550844266963459813e+04 2.446334045898605854e-18 8.982563329193080577e-20
1.551478619191952930e+04 2.493199656829766327e-18 8.922494781948872977e-20
1.552112969661379975e+04 2.544296919137470031e-18 8.938221959164837864e-20
1.552747318369691675e+04 2.380095570957855879e-18 8.696423479548746017e-20
1.553381665314791462e+04 2.546516795658895368e-18 9.182820184170361443e-20
1.554016010494562579e+04 2.431624830611487711e-18 9.132074997778137965e-20
1.554650353906957571e+04 2.293025286311734745e-18 8.977521939686926117e-20
1.555284695550048127e+04 2.431529878236805281e-18 9.467000056363273772e-20
1.555919035421790613e+04 2.780729679593380626e-18 9.578229322724348858e-20
1.556553373520159403e+04 2.394912712520499057e-18 9.034698604484723073e-20
1.557187709842762888e+04 2.483172877954225501e-18 9.123042947063553820e-20
1.557822044388048016e+04 2.651987397254853156e-18 9.144846276190166611e-20
1.558456377153670292e+04 2.619063887880401747e-18 8.933654933174032375e-20
1.559090708137729416e+04 2.936584704422271568e-18 1.067781589397609160e-19
1.559725037337993126e+04 2.918961696642760143e-18 9.113541519257466288e-20
1.560359364752705005e+04 2.796709094223544625e-18 9.507728480668197934e-20
1.560993690379685358e+04 2.677590458736262927e-18 9.416426479406391821e-20
1.561628014216806878e+04 2.709237620213714458e-18 9.429286178473042774e-20
1.562262336262095050e+04 2.739257413176883781e-18 9.312850115384675240e-20
1.562896656513679227e+04 2.546240481525511468e-18 9.390181599201739814e-20
1.563530974969169438e+04 2.600149318013405139e-18 9.197638794101811042e-20
1.564165291626955877e+04 2.668128226857185080e-18 9.294465008019738318e-20
1.564799606484640026e+04 2.563724980749337011e-18 9.202393153478271984e-20
1.565433919540308125e+04 2.696490319109420704e-18 9.294290762291098190e-20
1.566068230791955830e+04 2.570401534068776898e-18 9.171014203867469238e-20
1.566702540237625180e+04 2.662035448467471637e-18 9.385786966200925095e-20
1.567336847875284548e+04 2.477178152830085487e-18 9.420866718406808289e-20
1.567971153702687661e+04 2.612542350319652346e-18 9.504585228309415639e-20
1.568605457718052457e+04 2.661141626268849965e-18 9.710350266405488356e-20
1.569239759919029348e+04 2.875453690689675494e-18 8.976410345686237099e-20
1.569874060303875376e+04 2.778297769165341431e-18 8.787530474444610119e-20
1.570508358870566917e+04 2.803371144566569321e-18 9.040768847284156868e-20
1.571142655616929187e+04 2.688282661983273330e-18 9.435735826593518275e-20
1.571776950541128826e+04 2.696477206795337951e-18 9.344647528599332749e-20
1.572411243640791326e+04 2.810311955095895929e-18 9.560157371721834621e-20
1.573045534914336895e+04 2.912513575284128578e-18 9.360488762674811850e-20
1.573679824359525810e+04 2.996468493062142993e-18 9.283617973983826074e-20
1.574314111974046864e+04 2.707164977481736922e-18 9.078938576905281176e-20
1.574948397756517807e+04 2.681314160102551114e-18 9.038452305903473631e-20
1.575582681704244351e+04 2.772053050565286350e-18 9.394566780118899478e-20
1.576216963815670533e+04 2.805056018868773343e-18 9.326504094540474448e-20
1.576851244088848034e+04 2.799939543589228075e-18 9.232658851453889457e-20
1.577485522521032726e+04 2.810113943640022792e-18 9.262203593777364418e-20
1.578119799111075190e+04 2.821176566394697618e-18 9.000557235506963394e-20
1.578754073856566356e+04 2.719786466680255641e-18 8.835582198405998578e-20
1.579388346755361090e+04 2.852656690123828122e-18 9.040922136439541291e-20
1.580022617805745176e+04 2.841571276587111340e-18 9.102558893181383710e-20
1.580656887005263161e+04 2.851911403913421814e-18 9.116250153636915052e-20
1.581291154352557714e+04 2.793186443798984869e-18 8.954665527412227645e-20
1.581925419845096076e+04 2.640010818059952934e-18 8.641230156704422170e-20
1.582559683480838794e+04 2.690314170983804265e-18 8.666055631610232659e-20
1.583193945258317035e+04 2.903501747773915712e-18 9.092972919361600734e-20
1.583828205174931463e+04 3.025111983927212224e-18 9.503069810374846389e-20
1.584462463228744491e+04 2.671062512607600213e-18 9.260743431830006473e-20
1.585096719418112116e+04 2.713765737932496907e-18 9.503417854862028300e-20
1.585730973740710215e+04 2.763044117000836871e-18 9.682870640472165153e-20
1.586365226194603747e+04 2.898797254138969559e-18 9.927271369256028292e-20
1.586999476777800555e+04 2.455532095229112494e-18 9.266886187921711609e-20
1.587633725488293749e+04 2.738704659623754332e-18 9.275354530544893468e-20
1.588267972324075527e+04 2.606674541957690285e-18 8.676333019390326409e-20
1.588902217283213395e+04 2.547956642715297614e-18 8.574496800398292965e-20
1.589536460363452352e+04 2.746974660649732839e-18 8.577205024843355658e-20
1.590170701563098191e+04 2.683439169309042729e-18 8.682348549321519526e-20
1.590804940880008689e+04 2.723713420958496902e-18 8.655556961158478123e-20
1.591439178312105651e+04 2.340003151304193337e-18 9.043406758435316953e-20
1.592073413857311425e+04 2.375522173308859975e-18 9.034863114642210445e-20
1.592707647514143900e+04 2.582533310946315665e-18 8.966633076115066454e-20
1.593341879279975365e+04 2.349253897850133689e-18 8.329838375183468236e-20
1.593976109152902609e+04 2.438108448336575104e-18 8.773470757510723916e-20
1.594610337131452616e+04 2.692615743526865718e-18 8.841967552648487305e-20
1.595244563213028778e+04 2.829859444379438250e-18 9.072484732490702866e-20
1.595878787395780455e+04 2.685742061489325760e-18 9.125208478623354770e-20
1.596513009677934679e+04 2.417837155748070652e-18 8.469224826011775206e-20
1.597147230057313027e+04 2.626636462676560672e-18 8.851393448989475417e-20
1.597781448531791648e+04 2.456901319416744198e-18 8.721219328296470101e-20
1.598415665099680336e+04 2.530616045891574988e-18 8.701672804642100014e-20
1.599049879758833049e+04 2.640986256196486827e-18 8.420134632859704911e-20
1.599684092507103560e+04 2.721899737832227546e-18 8.757789199907181496e-20
1.600318303342798572e+04 2.588338168208462482e-18 9.029310009331334353e-20
1.600952512263748213e+04 2.630743586058202153e-18 8.797818513752782495e-20
1.601586719267824083e+04 2.553256810306021550e-18 8.809699675940428330e-20
1.602220924353419832e+04 2.533668327395273550e-18 8.739200388128759881e-20
1.602855127518166228e+04 2.488825214264945156e-18 8.476386141452199833e-20
1.603489328760222816e+04 2.394695569887353819e-18 8.569203522151326445e-20
1.604123528077675110e+04 2.583760782809182238e-18 8.752940973006956941e-20
1.604757725468363424e+04 2.654966745534329469e-18 8.518704035761975346e-20
1.605391920930374181e+04 2.669069575198852748e-18 8.534110856585090301e-20
1.606026114461813086e+04 2.549548967805738809e-18 8.442452151820240665e-20
1.606660306060538824e+04 2.414021513631577611e-18 8.971954164781469536e-20
1.607294495724716398e+04 2.504237775974360218e-18 9.250084814657174899e-20
1.607928683452283440e+04 2.639964669636468993e-18 8.677534289856163914e-20
1.608562869241247063e+04 2.482820958144480720e-18 8.738168456318055262e-20
1.609197053089600195e+04 2.501324245725175116e-18 8.615189814326392943e-20
1.609831234995232626e+04 2.447812659053515958e-18 9.067221575923890365e-20
1.610465414956619134e+04 2.596625533838062562e-18 9.255167910358911001e-20
1.611099592971316997e+04 2.409178088497647874e-18 8.732250447133276649e-20
1.611733769037342790e+04 2.493224238740478962e-18 8.673931375178504259e-20
1.612367943153020860e+04 2.396595245679359932e-18 8.666896652099552003e-20
1.613002115316271193e+04 2.607559308274326568e-18 8.969562159845181629e-20
1.613636285524893719e+04 2.664712973453239695e-18 9.175382839583229489e-20
1.614270453777071089e+04 2.466568613724503838e-18 8.831048371640159714e-20
1.614904620070901910e+04 2.288926967573112635e-18 8.994306618913135642e-20
1.615538784404328726e+04 2.588131102904020050e-18 9.053917918610912279e-20
1.616172946775375385e+04 2.583777771392936459e-18 9.090700229772810566e-20
1.616807107182060463e+04 2.613320058052035636e-18 8.797911463134454104e-20
1.617441265622377614e+04 2.587187288157684292e-18 8.827979358363949351e-20
1.618075422094380338e+04 2.454028904516511668e-18 8.621942004436500952e-20
1.618709576596093211e+04 2.397405573441888376e-18 8.626298930884946525e-20
1.619343729125541176e+04 2.427775387204964129e-18 8.572843745917068251e-20
1.619977879680748629e+04 2.520077128790378018e-18 8.924486412409460092e-20
1.620612028259663930e+04 2.437790684079569664e-18 9.004782639955717735e-20
1.621246174860460997e+04 2.362660770153566929e-18 8.512819709814112880e-20
1.621880319481073639e+04 2.303251916126662502e-18 8.544116963431953429e-20
1.622514462119552445e+04 2.436821051848519863e-18 8.706249389542740304e-20
1.623148602774082065e+04 2.348501259499672975e-18 8.515168754186176529e-20
1.623782741442222868e+04 2.500754026854365509e-18 8.655879138027953339e-20
1.624416878122550588e+04 2.497258297235364902e-18 8.721358124956989019e-20
1.625051012812782938e+04 2.495926688779512662e-18 8.493550837213148773e-20
1.625685145511019982e+04 2.419438896357842881e-18 8.501264223164224563e-20
1.626319276215279751e+04 2.490380522910889332e-18 8.919106236361319446e-20
1.626953404923615926e+04 2.467474310293791867e-18 8.768648634234875337e-20
1.627587531634217703e+04 2.652392197578856030e-18 8.908839610740436730e-20
1.628221656344804433e+04 2.490146508522003471e-18 9.057097439736058867e-20
1.628855779053486731e+04 2.408088382988631079e-18 8.795450840921952615e-20
1.629489899758457250e+04 2.356539841655420886e-18 8.763251146627702102e-20
1.630124018457669263e+04 2.285335870116874823e-18 8.237311987615250814e-20
1.630758135149133523e+04 2.543580716546144511e-18 8.529509500340515327e-20
1.631392249831072513e+04 2.417072480206882435e-18 8.755725755468469106e-20
1.632026362501204676e+04 2.452156106007610161e-18 8.619239118408721149e-20
1.632660473157645538e+04 2.537603864434279490e-18 8.830868975981735902e-20
1.633294581798593390e+04 2.568892458650734437e-18 8.974442477252388631e-20
1.633928688422164669e+04 2.418133058411991441e-18 8.521692218281793647e-20
1.634562793026080362e+04 2.514818983428566774e-18 9.077381922692955955e-20
1.635196895608517298e+04 2.519258007753671316e-18 8.761936311938860956e-20
1.635830996167610283e+04 2.429744331853577468e-18 8.893615513821140079e-20
1.636465094701166709e+04 2.541942420098264144e-18 8.901231478754521209e-20
1.637099191207547301e+04 2.421005419157631186e-18 9.029779878692108380e-20
1.637733285684555449e+04 2.697006607371190169e-18 9.002879879170048236e-20
1.638367378130471116e+04 2.606347147350488707e-18 8.667513637097239565e-20
1.639001468542938164e+04 2.301888946339555802e-18 8.458991477966659076e-20
1.639635556920314411e+04 2.625697365112291217e-18 8.595915687524814533e-20
1.640269643260707744e+04 2.401679787922300512e-18 8.561182448118186080e-20
1.640903727562024142e+04 2.235019436777796393e-18 8.191955565351517327e-20
1.641537809822066629e+04 2.368408087450499141e-18 8.483232790579546535e-20
1.642171890039203936e+04 2.197376275288204729e-18 8.622928000314906805e-20
1.642805968211562140e+04 2.553567230572845589e-18 8.866093305186701123e-20
1.643440044336866049e+04 2.567891483333829194e-18 9.102649806368416790e-20
1.644074118413404358e+04 2.441586208139189610e-18 9.608194426862260966e-20
1.644708190438970996e+04 2.571441645855116854e-18 9.206567082924276931e-20
1.645342260411933967e+04 2.419835341680675763e-18 8.954974061930386831e-20
1.645976328330276738e+04 2.471426644887483579e-18 9.131186971307322193e-20
1.646610394191805244e+04 2.626648158289438079e-18 8.733595122183451877e-20
1.647244457994975528e+04 2.448672206943034236e-18 8.324446815464357085e-20
1.647878519737189345e+04 2.252257627393820401e-18 8.163283112738103225e-20
1.648512579417228699e+04 2.409941470748765636e-18 8.572748188527539004e-20
1.649146637032655417e+04 2.425202761518370520e-18 8.886589968950590510e-20
1.649780692581758922e+04 2.586060647832247907e-18 8.843948209697139181e-20
1.650414746062582708e+04 2.391274330589893715e-18 8.680271553480803928e-20
1.651048797472790466e+04 2.452780896490148832e-18 8.877389137019098335e-20
1.651682846811332638e+04 2.485246963924745857e-18 9.121438970929366386e-20
1.652316894075119853e+04 2.591622256051852037e-18 8.863096143787935759e-20
1.652950939263106920e+04 2.161782813356587329e-18 8.038807108184168436e-20
1.653584982372858212e+04 2.259623751267170092e-18 8.491092358789519197e-20
1.654219023402674065e+04 2.115226669460247247e-18 8.251961081063125190e-20
1.654853062350448454e+04 2.494033406747721439e-18 8.764825365348084357e-20
1.655487099214459158e+04 2.210098737633069695e-18 8.646685571646118728e-20
1.656121133992540854e+04 2.351632828501789370e-18 8.763119396007268482e-20
1.656755166682752679e+04 2.313658646198007778e-18 8.784349477711823743e-20
1.657389197283482281e+04 2.369509409633187984e-18 8.451783567933992034e-20
1.658023225792294397e+04 2.364408479049230629e-18 8.637755354165741834e-20
1.658657252207659621e+04 2.362347144125899952e-18 8.669473104821259915e-20
1.659291276527309674e+04 2.341826680240725248e-18 8.351799756870618575e-20
1.659925298749550711e+04 2.198765750946634979e-18 8.206163914674842887e-20
1.660559318872437871e+04 2.253507142425246157e-18 8.531579499955892992e-20
1.661193336893774176e+04 2.321999537983842775e-18 8.076006617502209180e-20
1.661827352811888704e+04 2.491896638992252864e-18 8.759001043470191019e-20
1.662461366624675429e+04 2.465488037546813715e-18 8.713098123837945032e-20
1.663095378330614039e+04 2.483403941057793996e-18 8.416469773329707881e-20
1.663729387927020434e+04 2.215775059087253035e-18 8.282024680384684321e-20
1.664363395412789760e+04 2.431066567495449705e-18 8.589360336010051860e-20
1.664997400785237551e+04 2.346741889664375503e-18 8.097525061881605080e-20
1.665631404042846043e+04 2.508640718322728002e-18 8.829051304463334515e-20
1.666265405183671464e+04 2.501135467181451675e-18 8.679856567691384807e-20
1.666899404205606334e+04 2.568271986886104420e-18 9.109119420829857242e-20
1.667533401106731253e+04 2.488403100893718059e-18 8.916574076650971134e-20
1.668167395885364749e+04 2.360676528000532317e-18 8.634012638342808326e-20
1.668801388539491381e+04 2.478004869418516697e-18 8.518004333688299721e-20
1.669435379067011672e+04 2.480081129018808133e-18 8.668219868022716927e-20
1.670069367465908726e+04 2.426310006440349866e-18 8.638240790828365069e-20
1.670703353734504708e+04 2.385959350973670200e-18 8.900171220629730370e-20
1.671337337870867123e+04 2.561020655124141863e-18 8.714524445873962982e-20
1.671971319872900131e+04 2.728637140536383690e-18 8.830037623145707604e-20
1.672605299738820031e+04 2.553333674734199222e-18 8.983200243746006523e-20
1.673239277466548447e+04 2.534256316706374592e-18 8.719292860591559714e-20
1.673873253054327142e+04 2.380328995669850872e-18 8.668781781225638707e-20
1.674507226500142497e+04 2.542171598609201938e-18 9.020884837929408418e-20
1.675141197801983435e+04 2.615637314137076039e-18 8.968885053901262559e-20
1.675775166957922556e+04 2.638287229057947884e-18 8.978759959246466509e-20
1.676409133966370428e+04 2.650839494733064008e-18 8.930588120136072540e-20
1.677043098824893605e+04 2.659260733320271552e-18 8.731436430696479991e-20
1.677677061531989966e+04 2.424260639212612684e-18 8.636748097010313214e-20
1.678311022085478544e+04 2.459178647812926592e-18 8.914598876172047100e-20
1.678944980483754989e+04 2.340066620556009766e-18 8.886479369495594538e-20
1.679578936724318919e+04 2.391712067514523898e-18 8.675372397280302016e-20
1.680212890805842471e+04 2.496194807529002813e-18 8.602389567347429125e-20
1.680846842725890747e+04 2.561418523548111549e-18 8.945221795641901016e-20
1.681480792483051846e+04 2.524726463153239559e-18 8.819924306400954348e-20
1.682114740075062946e+04 2.402300603173616786e-18 8.742439620835362540e-20
1.682748685500000283e+04 2.529542658374672748e-18 9.039487220743673095e-20
1.683382628756113627e+04 2.441272021714846311e-18 8.714916014291534154e-20
1.684016569841482124e+04 2.531552353992946884e-18 8.799456692700198786e-20
1.684650508754013572e+04 2.715094744023888458e-18 9.429125648392393369e-20
1.685284445491776205e+04 2.594447172448670109e-18 9.512849304454841537e-20
1.685918380053022702e+04 2.459926889265746434e-18 9.126242579262967253e-20
1.686552312435842396e+04 2.571162414188772737e-18 8.838768169277548331e-20
1.687186242637973919e+04 2.639725051465782758e-18 8.690403574928418425e-20
1.687820170658013012e+04 2.387070346185057978e-18 8.551350606395361974e-20
1.688454096493697944e+04 2.508037724124716856e-18 8.710596171338799107e-20
1.689088020143110771e+04 2.435528517506114451e-18 8.629711583586179284e-20
1.689721941604505628e+04 2.460794455955640419e-18 8.531448217630662583e-20
1.690355860875966391e+04 2.568785274940901051e-18 8.783514780178306904e-20
1.690989777955404497e+04 2.591092242108730040e-18 9.428553347459880138e-20
1.691623692840901276e+04 2.558068215628960566e-18 8.993719699525446311e-20
1.692257605530881847e+04 2.531584469282307487e-18 8.816030211926643894e-20
1.692891516022906580e+04 2.389187794915270301e-18 9.020333421043762714e-20
1.693525424315419150e+04 2.289562673502204181e-18 8.872050882800158326e-20
1.694159330406330992e+04 2.386258512867802409e-18 8.744839491894702591e-20
1.694793234294074500e+04 2.230587606850955231e-18 8.677707185350621125e-20
1.695427135976217323e+04 2.498645952281715845e-18 9.015179848817528884e-20
1.696061035451278440e+04 2.386274347652710528e-18 8.946375177097009094e-20
1.696694932716910989e+04 2.359331474529964239e-18 9.085226374849668442e-20
1.697328827771811484e+04 2.398957848175536088e-18 8.518383105965646690e-20
1.697962720613458805e+04 2.313683319804783442e-18 8.155640285435869477e-20
1.698596611240377024e+04 2.315442286824962097e-18 8.673498291240096788e-20
1.699230499650218189e+04 2.235992664046084737e-18 8.824130959459029108e-20
1.699864385841761759e+04 2.592278882895103459e-18 8.774055987092196163e-20
1.700498269812398939e+04 2.554948907166173189e-18 8.554666563679288764e-20
1.701132151560577404e+04 2.601971827846304850e-18 8.636211135109617066e-20
1.701766031084038332e+04 2.598514766238630671e-18 8.748082348184120594e-20
1.702399908381396017e+04 2.439791399751619932e-18 8.539428139058329800e-20
1.703033783450480769e+04 2.357404536913692950e-18 8.743738533993022044e-20
1.703667656289472143e+04 2.394107975873339580e-18 8.405922338766282552e-20
1.704301526896109499e+04 2.299257723680792953e-18 8.647004822140199253e-20
1.704935395268837237e+04 2.688000452237455852e-18 9.145807080374338679e-20
1.705569261405748330e+04 2.404221401719349069e-18 8.824184760240218471e-20
1.706203125304759669e+04 2.692653572896337753e-18 9.259386292009189835e-20
1.706836986964317475e+04 2.613357817098749564e-18 9.014012142369320164e-20
1.707470846381898082e+04 2.372196867889179840e-18 8.968431533091145688e-20
1.708104703556027016e+04 2.596046663458471796e-18 9.282411846738762377e-20
1.708738558484803434e+04 2.541206263178232688e-18 9.070085076630782107e-20
1.709372411166239908e+04 2.440038845727614947e-18 9.162294241736109852e-20
1.710006261598343917e+04 2.390746505414313643e-18 9.048178654630844841e-20
1.710640109779297927e+04 2.522225372932116391e-18 8.873388856969395562e-20
1.711273955707288769e+04 2.487941679218149212e-18 8.770978776820684955e-20
1.711907799380323922e+04 2.544501755188708465e-18 9.006852775219452320e-20
1.712541640796414140e+04 2.361758372964313738e-18 8.963191061471749596e-20
1.713192589704504644e+04 2.212628415061214744e-18 8.494765899670301940e-20
1.713826428012397082e+04 2.331234463538948027e-18 8.561459180560798521e-20
1.714460264062050555e+04 2.392103191900345526e-18 8.980414278922423002e-20
1.715094097847002558e+04 2.481261026768545183e-18 9.216307542908633007e-20
1.715727929365605451e+04 2.255959987451571142e-18 9.073058139838175655e-20
1.716361758615706640e+04 2.412456038868707121e-18 8.798108251878070610e-20
1.716995585595913872e+04 2.417562810491395948e-18 8.833504985642022777e-20
1.717629410303728946e+04 2.395926966998970855e-18 8.926929165074419007e-20
1.718263232737593353e+04 2.363954512010593870e-18 8.678979592079945591e-20
1.718897052895440720e+04 2.365867271439972205e-18 8.846489686117396757e-20
1.719530870775459698e+04 2.290690647176154456e-18 8.643997134474028471e-20
1.720164686376094323e+04 2.499074933002009355e-18 9.088419203979827334e-20
1.720798499694750353e+04 2.252051885994873992e-18 9.078151484432539358e-20
1.721432310729962410e+04 2.257267746960961769e-18 8.883559364010563475e-20
1.722066119479667032e+04 2.605935299875337714e-18 8.940523900718564145e-20
1.722699925942224218e+04 2.329504952497322793e-18 8.293174129972677854e-20
1.723333730115477374e+04 2.404806164989554074e-18 8.494133165698868426e-20
1.723967531997530386e+04 2.402624779707757974e-18 8.884211739310704171e-20
1.724601331586745437e+04 2.560273459066012249e-18 8.417486925714283126e-20
1.725235128880885168e+04 2.456196212053225483e-18 7.741657693869888434e-20
1.725868923878479836e+04 2.716920541040306565e-18 8.565394470551663879e-20
1.726502716577031606e+04 2.484094919186178666e-18 8.755161046650234541e-20
1.727136506975160592e+04 2.355593324098985407e-18 8.633905657327278910e-20
1.727770295070889188e+04 2.526640471020326409e-18 8.703358908700334020e-20
1.728404080862066257e+04 2.356197815448465699e-18 8.544885105940228748e-20
1.729037864347228242e+04 2.658421532798407790e-18 8.831013268283736314e-20
1.729671645523963889e+04 2.482091455847400802e-18 8.682569237652438089e-20
1.730305424390808548e+04 2.335676957547048908e-18 8.764509365606804783e-20
1.730939200945524863e+04 2.335161439252738339e-18 8.697773145419758782e-20
1.731572975186479744e+04 2.526877855137165948e-18 8.827064894622855617e-20
1.732206747111871300e+04 2.456501998781945002e-18 8.922593674828120812e-20
1.732840516719373045e+04 2.256850526902424650e-18 8.632863070936770593e-20
1.733474284007700044e+04 2.330899002838882525e-18 8.566853087093011031e-20
1.734108048974264238e+04 2.557956104436806530e-18 8.976268501432278346e-20
1.734741811617609710e+04 2.437369537374310394e-18 8.860478129969913306e-20
1.735375571935936750e+04 2.404261402590777019e-18 9.115780446607758990e-20
1.736009329926913415e+04 2.369501119460765495e-18 8.901666258482854823e-20
1.736643085588912800e+04 2.325231694781432670e-18 9.151979832897475019e-20
1.737276838920225782e+04 2.205383066462581713e-18 8.616740324222423668e-20
1.737910589918787082e+04 2.369722992825271677e-18 8.450216829244974397e-20
1.738544338582788259e+04 2.479927526270393811e-18 8.777740893762786454e-20
1.739178084909811150e+04 2.221638272799356664e-18 8.859252529701593042e-20
1.739811828898855674e+04 2.235560882692921383e-18 8.671620096979097211e-20
1.740445570547681928e+04 2.317400894725281899e-18 9.008850307933550253e-20
1.741079309853957238e+04 2.367310499639302969e-18 9.207251938566817356e-20
1.741713046816406859e+04 2.352583994007582430e-18 9.125124784080452590e-20
1.742346781432620628e+04 2.390202182229360091e-18 8.801347456891051319e-20
1.742980513701063319e+04 2.372710669627464659e-18 8.825125814003228143e-20
1.743614243620023990e+04 2.348829183628686366e-18 8.840378189495534088e-20
1.744247971186993527e+04 2.253724620890955192e-18 8.310123532582475389e-20
1.744881696400531655e+04 2.240325701096822750e-18 7.826408301490030457e-20
1.745515419258845941e+04 2.137593081376809862e-18 8.046582317587908022e-20
1.746149139759781974e+04 2.245236440933946986e-18 8.333207686701376926e-20
1.746782857901626267e+04 2.304593838213606920e-18 8.225734817582596412e-20
1.747416573682053786e+04 2.221024393894996131e-18 8.304083478040214063e-20
1.748050287099891648e+04 2.263891107499100254e-18 8.271509580727121563e-20
1.748683998152900676e+04 2.347245923352479480e-18 8.050951820330558810e-20
1.749317706838925733e+04 2.210786924058973377e-18 8.187663296650059132e-20
1.749951413156618946e+04 2.211815740151051247e-18 8.264396917305927551e-20
1.750585117103740049e+04 2.275489025432848547e-18 8.480901407706500997e-20
1.751218818678318712e+04 2.320450849110423643e-18 8.954105604072590409e-20
1.751852517879090738e+04 2.251752247422323457e-18 8.988581167729634499e-20
1.752486214703107908e+04 2.432800088179311357e-18 9.170772822159569130e-20
1.753119909149733940e+04 2.301729038621482400e-18 9.447309447881199687e-20
1.753753601216101742e+04 2.357268424410412190e-18 9.301817560319023938e-20
1.754387290900599692e+04 2.121923203684008401e-18 9.139257477090318234e-20
1.755020978201887556e+04 2.130976197743536846e-18 8.818375605994230518e-20
1.755654663117361633e+04 2.240603683858984252e-18 9.042278414120161941e-20
1.756288345645231311e+04 2.390608009917113793e-18 9.464276931073066973e-20
1.756922025784244397e+04 2.136981764157306029e-18 9.053206190992635210e-20
1.757555703531710606e+04 2.218901616696324128e-18 8.896367003235685785e-20
1.758189378886018676e+04 2.364651955575994304e-18 9.048528260142364021e-20
1.758823051845829832e+04 2.129881077031053442e-18 9.063016656476633995e-20
1.759456722408364294e+04 2.337531343661617672e-18 8.815151208973700177e-20
1.760090390572458273e+04 2.249871577766239982e-18 8.416746642417373674e-20
1.760724056335963542e+04 2.270199835670531765e-18 8.829006988827921784e-20
1.761357719696731510e+04 2.055943572362781607e-18 8.596366902191414626e-20
1.761991380653516171e+04 2.049928410186325993e-18 8.604880127830083058e-20
1.762625039203986307e+04 2.626459881071092390e-18 9.066724366917178064e-20
1.763258695346080276e+04 3.640126248112466437e-18 1.907473347011822673e-19
1.861558798596603447e+04 1.306825886011050451e-18 1.234177408004461659e-19
1.862192054336591173e+04 2.713104931923925934e-18 1.081857838521868907e-19
1.862825307375012198e+04 2.688107128518625242e-18 1.000006639113944599e-19
1.863458557710001696e+04 2.895648061820747579e-18 9.808827112495919336e-20
1.864091805339580606e+04 2.795696159799098770e-18 1.035626662661360780e-19
1.864725050262122386e+04 2.849270152437311126e-18 1.007956364715091101e-19
1.865358292475762937e+04 2.615472685513917307e-18 9.472250399961007975e-20
1.865991531978404964e+04 2.669489282859722690e-18 1.039406325624350363e-19
1.866624768768186550e+04 2.706551921536093585e-18 1.071768949299467515e-19
1.867258002843479699e+04 2.490575669396390533e-18 1.024805170297420041e-19
1.867891234202303895e+04 2.433550902243259170e-18 1.046123365195297414e-19
1.868524462843032961e+04 2.388403346318802464e-18 1.062572361430182132e-19
1.869157688763213446e+04 2.657432071694110735e-18 1.082836679288601579e-19
1.869790911961690654e+04 2.496750053143514063e-18 1.067188210804964993e-19
1.870424132435894353e+04 2.869537554615895198e-18 1.089455273041518377e-19
1.871057350184431925e+04 3.002213202751890006e-18 1.107869557208058712e-19
1.871690565205200255e+04 2.369833453194715932e-18 1.053325791097693535e-19
1.872323777496570983e+04 2.889288406391169927e-18 1.084967286002533249e-19
1.872956987056568687e+04 3.031226108282340919e-18 1.166769704782445015e-19
1.873590193883331085e+04 2.971157418567008852e-18 1.219951997612025974e-19
1.874223397975233092e+04 3.121977022423872829e-18 1.084769260381750679e-19
1.874856599330053359e+04 2.610015712584395052e-18 1.000463083185122238e-19
1.875489797945931423e+04 2.463059160702617884e-18 1.051741247583736664e-19
1.876122993821000273e+04 2.372524343126535165e-18 9.792368692141503069e-20
1.876756186953874567e+04 2.536085516579310612e-18 9.736874541743943799e-20
1.877389377342096122e+04 2.318974177455635481e-18 9.476840164292517575e-20
1.878022564984037672e+04 2.568478310071100491e-18 1.001927429228294501e-19
1.878655749877955168e+04 2.871816125072811350e-18 1.071821340438945673e-19
1.879288932021747678e+04 2.742943432533502896e-18 1.018750935457861027e-19
1.879922111413550374e+04 2.413859138336552221e-18 9.918789890212204547e-20
1.880555288051977186e+04 1.950050453836731139e-18 2.749224785979849715e-19
