9.794737200388995916e+03 9.865623838840475259e-20 3.961176603052289467e-20
9.801104018677337081e+03 5.375243926616452072e-20 2.545002591902830236e-20
9.807470811291728751e+03 9.972782206841476393e-21 2.363737073137629825e-20
9.813837578217189730e+03 1.269212528353862770e-19 2.505772326851389499e-20
9.820204319439939354e+03 9.614734321796688323e-20 2.443668684442956275e-20
9.826571034945000065e+03 4.960231630681380781e-20 2.113807568861014311e-20
9.832937724717796300e+03 6.511301692607486158e-20 2.313396561470117336e-20
9.839304388743752497e+03 1.588157859565278331e-20 2.134898944787387758e-20
9.845671027008309466e+03 -1.257722867859079779e-20 2.118856245638841590e-20
9.852037639496882548e+03 7.516756660963458556e-20 2.064817691609369557e-20
9.858404226194899820e+03 1.315152909795822413e-19 2.154832281132252815e-20
9.864770787087805729e+03 1.131557217209149540e-19 2.154497785079259101e-20
9.871137322161044722e+03 3.107735429970508507e-20 2.103332793236420141e-20
9.877503831400044874e+03 6.367279294126714368e-20 2.173760199824495808e-20
9.883870314790254270e+03 8.631507646253148800e-20 2.153355661398425905e-20
9.890236772317115538e+03 1.225309571026836181e-19 2.023941611185444002e-20
9.896603203966471483e+03 6.557560662575069034e-20 1.988651252879542359e-20
9.902969609722964378e+03 7.045326171683416627e-21 2.027032077656645764e-20
9.909335989572447943e+03 7.223712527080784344e-20 2.043059332599166857e-20
9.915702343500370262e+03 8.970850490340246751e-20 1.937805407211587789e-20
9.922068671492188514e+03 5.469106551559922763e-20 1.835679949396646036e-20
9.928434973533358061e+03 8.967870006847597041e-20 1.925308538947075643e-20
9.934801249609332444e+03 7.297786795089258790e-20 2.001368385392145000e-20
9.941167499705574301e+03 4.916714176192561006e-20 2.023146818783106617e-20
9.947533723807946444e+03 9.226519088866269263e-20 1.880652651150465036e-20
9.953899921901102061e+03 7.246255398410539735e-20 1.969216214142213079e-20
9.960266093970914881e+03 1.305395716757661654e-19 1.901628719995139911e-20
9.966632240003646075e+03 9.858429708482846120e-21 1.859260426522520374e-20
9.972998359983155751e+03 8.579851271611981472e-20 1.988642047485413134e-20
9.979364453895717816e+03 1.891616592107186030e-20 1.923092659923781131e-20
9.985730521726804000e+03 4.889655447374219218e-20 1.870511028569766019e-20
9.992096563461882397e+03 9.426926467674730988e-20 1.931752012807276138e-20
9.998462579086839469e+03 1.379998001288250075e-20 2.448603165682965403e-20
1.098607461022012285e+04 1.070120264619850726e-19 2.585402790905723522e-20
1.099243612598642176e+04 3.991223590025589592e-20 1.552172376375461506e-20
1.099879761337103628e+04 6.127359715939284366e-20 1.590682419440141960e-20
1.100515907236001294e+04 3.627941770116340439e-20 1.504757919420090475e-20
1.101152050293778848e+04 3.307860610656542561e-20 1.564288657478329895e-20
1.101788190509040942e+04 7.602204607320150923e-20 1.623685415380969873e-20
1.102424327880337660e+04 3.548504205013175580e-20 1.594302651894750187e-20
1.103060462406274019e+04 3.201608963252737320e-20 1.500177240116151084e-20
1.103696594085238939e+04 6.296383795624939736e-20 1.469883043111309635e-20
1.104332722916052080e+04 3.709602215639411611e-20 1.502583640894917692e-20
1.104968848896940108e+04 5.038116751155906698e-20 1.536235368626588755e-20
1.105604972026776522e+04 4.627590245132789701e-20 1.472363482077586044e-20
1.106241092303841651e+04 6.368673252294894131e-20 1.457348754558768551e-20
1.106877209726793626e+04 4.215554767607925493e-20 1.564676431874803414e-20
1.107513324294289669e+04 6.044323286852092753e-20 1.615760906755361271e-20
1.108149436004608651e+04 1.382832597314434583e-19 1.600325306929535790e-20
1.108785544856624983e+04 3.175536255784074235e-19 1.833640999922541711e-20
1.109421650848615172e+04 4.712962965592176894e-19 1.990700002956215777e-20
1.110057753979291738e+04 3.230704742723978099e-19 1.894421164658096415e-20
1.110693854247150921e+04 1.112980056462948726e-19 1.580284228877921748e-20
1.111329951650686780e+04 2.767799847514072533e-20 1.485781801048872944e-20
1.111966046188555811e+04 1.788452419486485242e-20 1.409391098719184406e-20
1.112602137859253162e+04 5.670655208166125268e-20 1.416063471898082393e-20
1.113238226661272529e+04 8.977369598159043367e-20 1.390066975089370102e-20
1.113874312593324612e+04 4.768151594291734526e-20 1.372722083452174845e-20
1.114510395653740488e+04 5.555883304624542012e-20 1.529449367893086027e-20
1.115146475841231222e+04 5.017330071789108525e-20 1.406200891650770115e-20
1.115782553154343805e+04 7.761901975042076913e-20 1.522822581837530125e-20
1.116418627591408222e+04 9.465682111866753350e-20 1.524021493389948155e-20
1.117054699151299064e+04 2.219825324156623912e-20 1.430967280744518075e-20
1.117690767832290294e+04 9.230165274312495327e-20 1.584745273044163564e-20
1.118326833633092428e+04 3.892921997754546941e-20 1.549233331831426682e-20
1.118962896552198799e+04 5.822004811136363714e-20 1.367432179615435783e-20
1.119598956588154942e+04 9.355846155575118359e-20 1.401127333228962061e-20
1.120235013739508031e+04 1.088255758486733513e-19 1.399815640480264550e-20
1.120871068004858171e+04 1.108091961931001423e-19 1.427657732731434072e-20
1.121507119382642850e+04 6.863171026588863954e-20 1.394767916849693286e-20
1.122143167871460355e+04 6.529860179390489814e-20 1.403492662375210606e-20
1.122779213469801653e+04 7.328083394805733252e-20 1.311998897902103273e-20
1.123415256176433650e+04 6.908803747653520550e-20 1.392947148512591531e-20
1.124051295989627397e+04 7.661377245433790455e-20 1.398085882286514586e-20
1.124687332907982272e+04 6.870274197360239566e-20 1.417653894868788823e-20
1.125323366930208977e+04 7.374457143268571871e-20 1.557719014170911455e-20
1.125959398054741905e+04 8.975288782947084838e-20 1.449794672260638890e-20
1.126595426280015454e+04 7.193443019749566133e-20 1.372337121966293232e-20
1.127231451604794529e+04 9.003899880330149130e-20 1.349199015679981128e-20
1.127867474027512799e+04 5.949753849391019306e-20 1.324057643213859741e-20
1.128503493546603931e+04 9.201110868435108780e-20 1.342558581939673531e-20
1.129139510160776808e+04 2.740232751177849078e-20 1.390232449020276679e-20
1.129775523868631717e+04 7.330038666237102463e-20 1.403558445037671884e-20
1.130411534668434433e+04 4.154783545357824371e-20 1.401772110193406527e-20
1.131047542559004978e+04 3.050465158537258070e-20 1.397124706977326219e-20
1.131683547538775929e+04 7.947118898457796198e-20 1.385586434734405074e-20
1.132319549606233340e+04 5.271576845869713163e-20 1.329972925687253028e-20
1.132955548760032616e+04 6.646812196390471902e-20 1.291163632796518230e-20
1.133591544998656173e+04 1.117945449930637544e-19 1.355558497626584383e-20
1.134227538320592612e+04 7.858549736082525086e-20 1.341061072766322739e-20
1.134863528724440584e+04 4.038579419613290126e-20 1.306113106517423364e-20
1.135499516208797104e+04 6.221549309619403850e-20 1.428420733657782082e-20
1.136135500772093110e+04 7.964248631358651180e-20 1.431565354618907218e-20
1.136771482413036210e+04 9.951005076118028468e-20 1.419420850426652385e-20
1.137407461129944022e+04 6.239691251129629793e-20 1.409052822563419208e-20
1.138043436921525608e+04 8.299635880803020898e-20 1.478930383006571922e-20
1.138679409786264478e+04 6.959463034590674715e-20 1.314260987114145674e-20
1.139315379722702528e+04 4.715215541989184539e-20 1.263974901404485569e-20
1.139951346729378565e+04 4.540040594698479604e-20 1.299132372206449639e-20
1.140587310804775916e+04 3.480538548946263840e-20 1.326110123837859219e-20
1.141223271947603644e+04 7.144168627656604122e-20 1.343055754184699834e-20
1.141859230156176091e+04 7.451382071283128473e-20 1.424496799801297783e-20
1.142495185429200865e+04 4.671626427191698641e-20 1.293592830654824310e-20
1.143131137765160020e+04 6.900531861370436913e-20 1.308489362759906760e-20
1.143767087162646567e+04 6.770276689553410107e-20 1.420487695461519271e-20
1.144403033620030328e+04 8.482419363609243876e-20 1.390719113373957259e-20
1.145038977136077301e+04 9.815195466611310186e-20 1.372798377900336024e-20
1.145674917709155488e+04 8.433173618038286478e-20 1.384724729290253009e-20
1.146310855337858993e+04 1.055944399855115841e-19 1.413600605701040510e-20
1.146946790020668413e+04 8.018821062765362586e-20 1.323277922495319063e-20
1.147582721756234059e+04 8.096331735432455670e-20 1.351011049829567261e-20
1.148218650543093645e+04 7.934320265742882494e-20 1.318664359796889331e-20
1.148854576379725586e+04 7.210461845505394164e-20 1.255489845231366717e-20
1.149490499264611026e+04 7.888812908648008372e-20 1.355726314072105363e-20
1.150126419196341885e+04 9.159967539681976140e-20 1.315067377394644883e-20
1.150762336173454059e+04 1.397960651352040005e-19 1.351102311012689851e-20
1.151398250194539833e+04 2.116533207252688693e-19 1.571902404168732883e-20
1.152034161258077984e+04 1.352125751207879184e-19 1.424644968214537154e-20
1.152670069362545837e+04 7.929917293586698831e-20 1.235461245178983804e-20
1.153305974506474195e+04 1.330072083817441800e-19 1.500462365574054339e-20
1.153941876688572665e+04 7.854960410621111612e-20 1.386156030268213039e-20
1.154577775907261821e+04 5.919581045543168895e-20 1.327488718593447043e-20
1.155213672161074828e+04 9.395337226443498942e-20 1.414181103775855702e-20
1.155849565448488647e+04 5.996609932749386068e-20 1.346879278358748286e-20
1.156485455768093198e+04 6.595363683091670032e-20 1.293266266446152738e-20
1.157121343118422919e+04 9.778193238290422945e-20 1.297000597680269925e-20
1.157757227498066095e+04 7.802386661668625225e-20 1.317588396786794844e-20
1.158393108905498775e+04 7.387730789381714789e-20 1.279775563687668079e-20
1.159028987339252672e+04 7.088979632229517227e-20 1.343313161749879017e-20
1.159664862797860769e+04 7.323333735937358367e-20 1.403946269215320799e-20
1.160300735279681976e+04 6.399944906477619031e-20 1.297178421098333749e-20
1.160936604783648727e+04 6.847881271101487819e-20 1.325358206808187264e-20
1.161572471307946762e+04 6.436842516804555367e-20 1.308251399222137141e-20
1.162208334851333530e+04 8.267793874256934947e-20 1.383297153425453477e-20
1.162844195412229783e+04 8.594549977266732862e-20 1.397688774659698237e-20
1.163480052989049000e+04 4.050893253629320970e-20 1.315539320098630263e-20
1.164115907580436578e+04 1.023271993253829212e-19 1.424682980105702720e-20
1.164751759184980256e+04 1.153121559928586084e-19 1.373305454377447377e-20
1.165387607801092599e+04 7.874147152286689624e-20 1.305385781566529661e-20
1.166023453427419008e+04 1.003195582615433934e-19 1.381477974936350637e-20
1.166659296062487556e+04 6.293033725487514382e-20 1.169305660950388896e-20
1.167295135704711356e+04 8.434699891715159800e-20 1.214208416494396916e-20
1.167930972352733806e+04 9.873010754082114217e-20 1.402809962101087251e-20
1.168566806004966929e+04 6.582615336405953997e-20 1.436153939149930992e-20
1.169202636660052667e+04 7.707906719645955146e-20 1.351601103064086038e-20
1.169838464316228419e+04 9.487610911008266268e-20 1.319667000631531707e-20
1.170474288972481918e+04 5.787426406809594429e-20 1.385348406286104775e-20
1.171110110626994719e+04 5.809155897608362761e-20 1.247795011991787225e-20
1.171745929278525546e+04 5.752099127493682145e-20 1.346202121271056578e-20
1.172381744925426392e+04 7.651469865180973300e-20 1.280512124771714809e-20
1.173017557566336836e+04 9.157500361213005456e-20 1.170653683118273884e-20
1.173653367199726745e+04 9.405903721325534729e-20 1.333700691855463184e-20
1.174289173824060163e+04 9.312520226628157841e-20 1.359388612189872138e-20
1.174924977437979032e+04 6.608616612509073677e-20 1.308012931706527057e-20
1.175560778039891193e+04 9.497285049797932231e-20 1.362619107535055364e-20
1.176196575628318533e+04 1.029763661418560656e-19 1.392117492012379775e-20
1.176832370201961385e+04 9.563225528136719455e-20 1.323985780168208950e-20
1.177468161759165378e+04 5.631199350077837509e-20 1.345635784927892459e-20
1.178103950298508971e+04 6.526078663931465323e-20 1.456117529847409991e-20
1.178739735818518602e+04 5.727026133446216413e-20 1.391103099221961765e-20
1.179375518317716524e+04 6.300853440065013468e-20 1.401288773651854811e-20
1.180011297794682105e+04 8.854521752549601793e-20 1.464074479438823662e-20
1.180647074247879937e+04 8.094137927982004820e-20 1.319137887489948580e-20
1.181282847675770427e+04 8.530050125134872637e-20 1.282297405398738094e-20
1.181918618077050633e+04 9.899959027225958041e-20 1.425540854884484099e-20
1.182554385450007430e+04 7.395874542720923567e-20 1.437277426532116437e-20
1.183190149793334604e+04 8.874984351060500732e-20 1.328477360404835916e-20
1.183825911105494924e+04 8.458235234385919255e-20 1.303153883857063537e-20
1.184461669385005553e+04 7.281679933744197314e-20 1.334098512634489090e-20
1.185097424630322894e+04 9.754715203824718423e-20 1.372806727130119020e-20
1.185733176840086890e+04 6.734699910275799406e-20 1.359858122627117987e-20
1.186368926012698648e+04 1.036325762418661623e-19 1.454549991887863770e-20
1.187004672146852863e+04 6.745528920156792875e-20 1.393595133592477985e-20
1.187640415240830407e+04 7.568194321199899907e-20 1.390671486278380916e-20
1.188276155293384909e+04 8.507816990937394303e-20 1.309253571497200441e-20
1.188911892302796332e+04 9.326449969018193438e-20 1.322366322125616444e-20
1.189547626267699161e+04 8.960071930592509466e-20 1.366469892064698270e-20
1.190183357186727517e+04 9.780156198600040590e-20 1.375918883093655448e-20
1.190819085058160454e+04 1.171549334830138250e-19 1.382965768707932319e-20
1.191454809880749417e+04 1.056845687881993732e-19 1.443923282759396364e-20
1.192090531652766731e+04 8.986047851309760299e-20 1.329029003628083262e-20
1.192726250372968934e+04 1.221257823718961674e-19 1.313169521526396981e-20
1.193361966039692561e+04 1.134162234485494281e-19 1.304510830576835498e-20
1.193997678651509887e+04 6.768530906021926100e-20 1.340060286295821817e-20
1.194633388206934433e+04 9.721970780630396532e-20 1.369979258624482352e-20
1.195269094704479539e+04 9.316600113034943332e-20 1.310391935628770872e-20
1.195904798142656728e+04 5.659144083369376208e-20 1.294197185879546786e-20
1.196540498519978792e+04 6.500093153955247014e-20 1.353281273733395337e-20
1.197176195835015824e+04 1.035474769750611322e-19 1.294547041988526188e-20
1.197811890086160201e+04 1.018428713929330639e-19 1.263297039182800767e-20
1.198447581272041134e+04 1.093957675629604037e-19 1.208214131758142176e-20
1.199083269390985151e+04 6.220781720974644448e-20 1.330497784524407922e-20
1.199718954441747337e+04 4.086738761075620197e-20 1.267106827210970635e-20
1.200354636422597832e+04 5.724207079529823929e-20 1.348067168167088207e-20
1.200990315332284445e+04 5.886627563504966195e-20 1.275605444776155831e-20
1.201625991169257213e+04 5.078039491559626232e-20 1.280877970313817194e-20
1.202261663931783187e+04 7.956433136997697780e-20 1.267309006590858211e-20
1.202897333618731864e+04 7.686363535236471194e-20 1.335507512701505324e-20
1.203533000228309356e+04 8.454353798351858748e-20 1.359874389337470888e-20
1.204168663759143601e+04 1.071714959518759396e-19 1.256213927982426332e-20
1.204804324209739025e+04 1.010814475424984887e-19 1.317248741984901209e-20
1.205439981578658444e+04 5.686588526953931934e-20 1.261716210472987758e-20
1.206075635864292599e+04 1.078296832167468532e-19 1.333589885241199070e-20
1.206711287065207216e+04 1.111188457987193191e-19 1.309440718191742415e-20
1.207346935179968204e+04 8.615456363308420049e-20 1.301936502850208608e-20
1.207982580206958119e+04 7.381901177604227478e-20 1.280788264224456062e-20
1.208618222144923675e+04 8.944042167590625967e-20 1.353134724108122081e-20
1.209253860992006048e+04 9.515285479483284425e-20 1.350033175245004174e-20
1.209889496746949590e+04 8.086700575272726752e-20 1.303719533129198234e-20
1.210525129408197427e+04 5.148419860961730896e-20 1.309161199641226932e-20
1.211160758974248165e+04 7.783357607595340384e-20 1.290220301916025930e-20
1.211796385443541476e+04 9.466486154254225406e-20 1.334859902056225256e-20
1.212432008814644905e+04 3.177693980485881623e-20 1.199722264614722135e-20
1.213067629086119268e+04 1.200422149573672078e-19 1.392184673959383583e-20
1.213703246256405691e+04 8.016652380426963170e-20 1.351031974084917132e-20
1.214338860324003508e+04 8.792431950690909576e-20 1.288327206213690471e-20
1.214974471287472807e+04 1.355216571364871293e-19 1.403924616838300704e-20
1.215610079145252712e+04 8.984421665346996868e-20 1.235853715073668759e-20
1.216245683895720322e+04 7.406209338589884824e-20 1.314297208234942162e-20
1.216881285537555959e+04 8.419291830847458042e-20 1.354075861958404181e-20
1.217516884069128537e+04 7.670681255773681870e-20 1.326768759059082518e-20
1.218152479489065990e+04 5.204038445429677262e-20 1.333775975947633322e-20
1.218788071795863834e+04 7.485992991774352508e-20 1.332041339806796357e-20
1.219423660987958465e+04 5.585044325515032549e-20 1.247397170798446929e-20
1.220059247063845214e+04 8.627119344538458874e-20 1.276703620515810956e-20
1.220694830021897360e+04 1.009489314192555066e-19 1.283682945885691852e-20
1.221330409860794862e+04 8.408668407331715502e-20 1.255937968135487361e-20
1.221965986578908451e+04 7.171445973096965223e-20 1.188916710849385325e-20
1.222601560174854967e+04 6.194411053440840328e-20 1.222228189196277117e-20
1.223237130647184313e+04 1.980848788374684167e-20 1.183980583720360965e-20
1.223872697994210648e+04 4.283245111942271517e-20 1.233754553752354326e-20
1.224508262214426577e+04 4.389102662090913044e-20 1.273157841582481116e-20
1.225143823306325794e+04 5.745999199923371778e-20 1.262282097485566233e-20
1.225779381268522411e+04 8.874565823894432512e-20 1.329053408141315053e-20
1.226414936099569059e+04 7.447372575291600486e-20 1.413957863945675647e-20
1.227050487797773349e+04 7.401469941543969332e-20 1.255246275594348488e-20
1.227686036361624065e+04 8.958628412890680924e-20 1.327462517361636669e-20
1.228321581789734591e+04 7.682988444766024973e-20 1.309326026449973181e-20
1.228957124080402718e+04 8.509456375619211828e-20 1.305889822431370436e-20
1.229592663232432460e+04 7.737125317503989169e-20 1.207983962058762398e-20
1.230228199244066309e+04 8.163604685903439088e-20 1.248076579245730438e-20
1.230863732113790502e+04 6.406201608268145054e-20 1.279077226768737279e-20
1.231499261840156578e+04 9.482294860220259093e-20 1.216353108863990890e-20
1.232134788421711528e+04 6.593222330100515179e-20 1.317837570213513276e-20
1.232770311856880653e+04 8.215862292228982491e-20 1.323005025641584953e-20
1.233405832144211854e+04 6.883759042326826304e-20 1.331496835780991657e-20
1.234041349281939074e+04 9.281231280474841224e-20 1.325736655168636029e-20
1.234676863268856141e+04 6.631493447544466088e-20 1.203934729187984730e-20
1.235312374103266302e+04 1.029098365202926950e-19 1.233691333718902520e-20
1.235947881783964112e+04 6.294538900897433855e-20 1.298803623340344122e-20
1.236583386308872832e+04 8.464201418869359545e-20 1.268280328367585005e-20
1.237218887676911254e+04 6.989772542085914000e-20 1.294676809029528920e-20
1.237854385886499585e+04 6.636635925130449513e-20 1.261274718392177298e-20
1.238489880935995279e+04 7.228802886611622013e-20 1.252756533327745864e-20
1.239125372823878752e+04 8.335014387964741975e-20 1.285785000615115802e-20
1.239760861548811226e+04 8.011309502643658666e-20 1.243015095383187232e-20
1.240396347109093585e+04 7.835060432632256667e-20 1.291920335948437515e-20
1.241031829503266999e+04 8.168834626539113810e-20 1.298285060529405001e-20
1.241667308729812066e+04 1.228581640851698650e-19 1.371388219020797571e-20
1.242302784787206292e+04 9.802701476098616185e-20 1.256166040311601574e-20
1.242938257673929547e+04 5.321516277743925643e-20 1.215876376457048614e-20
1.243573727388521002e+04 8.316773771881307582e-20 1.249428668732002598e-20
1.244209193929269895e+04 9.999550141122505001e-20 1.286977546595351007e-20
1.244844657294897661e+04 7.360696709346403675e-20 1.229954512986839537e-20
1.245480117483759932e+04 8.606592129216549360e-20 1.303526810443529303e-20
1.246115574494206885e+04 9.292981552228891834e-20 1.300072004841455244e-20
1.246751028324967228e+04 8.794994798773106626e-20 1.314672525151121322e-20
1.247386478974324382e+04 7.438971237407478013e-20 1.185867069407791034e-20
1.248021926440880634e+04 6.345419087633871146e-20 1.293960163965231960e-20
1.248657370722981614e+04 7.134578211546228768e-20 1.251845331912010421e-20
1.249292811819100280e+04 9.130222266356075972e-20 1.329997461889338466e-20
1.249928249728019364e+04 7.424791402898155312e-20 1.253256924921301967e-20
1.250563684447708511e+04 8.321797257035764163e-20 1.308042372391547907e-20
1.251199115976957182e+04 9.202453253083542205e-20 1.412021399079286764e-20
1.251834544314300183e+04 5.906655760358128884e-20 1.289823683416330633e-20
1.252469969457953994e+04 7.173599977368718232e-20 1.247695999388927861e-20
1.253105391406514173e+04 8.237932981453883119e-20 1.285253173821483788e-20
1.253740810158514432e+04 9.116661741148074670e-20 1.194300415652028038e-20
1.254376225712358973e+04 9.511335061003283593e-20 1.206621298542524294e-20
1.255011638066443084e+04 8.204306098754780678e-20 1.201525010166823147e-20
1.255647047219498745e+04 4.951860802114842199e-20 1.187347713522493132e-20
1.256282453169545079e+04 6.126660692158561688e-20 1.186852043409341520e-20
1.256917855915496148e+04 7.140590158908171839e-20 1.196317887187106755e-20
1.257553255455561339e+04 1.031047907063525887e-19 1.242475405279084671e-20
1.258188651788205789e+04 8.054855322733814227e-20 1.244436646387295600e-20
1.258824044912086174e+04 9.164494377026379509e-20 1.237077519562864322e-20
1.259459434825407516e+04 6.692559611152738422e-20 1.258157925661222230e-20
1.260094821526757187e+04 9.107606258798954113e-20 1.339206553067943261e-20
1.260730205014733474e+04 5.950590097053518181e-20 1.266576914595818963e-20
1.261365585287541580e+04 7.484206996897405499e-20 1.212637979783377495e-20
1.262000962343899664e+04 1.046326269130125674e-19 1.311727677865720338e-20
1.262636336182140622e+04 6.656072928131459274e-20 1.222779817031513027e-20
1.263271706800596075e+04 6.052076401870801381e-20 1.143648863535351927e-20
1.263907074197983457e+04 6.518916684424754100e-20 1.241655212869890778e-20
1.264542438372496326e+04 4.182324081999461832e-20 1.210892285412476604e-20
1.265177799322792998e+04 5.782726476706523925e-20 1.234591083063244889e-20
1.265813157047333880e+04 9.614321959828164834e-20 1.270307137064390797e-20
1.266448511544381836e+04 8.669801746692328274e-20 1.227327332121347847e-20
1.267083862812716325e+04 5.907449522148392836e-20 1.184358210626344837e-20
1.267719210850472518e+04 7.492758082372065034e-20 1.218106835756947332e-20
1.268354555656169578e+04 4.800868952978380925e-20 1.192992328713926601e-20
1.268989897228515474e+04 8.029722193336103785e-20 1.181598135649054900e-20
1.269625235565642834e+04 4.924952375114995910e-20 1.168646279981428758e-20
1.270260570666074636e+04 6.933764105619293472e-20 1.216571864876896031e-20
1.270895902528522856e+04 1.036646592650808528e-19 1.245945696566552261e-20
1.271531231151052452e+04 8.457656367898009001e-20 1.338105893591488979e-20
1.272166556532503273e+04 7.060564127880128754e-20 1.275125962743802121e-20
1.272801878671067607e+04 5.774058332010581198e-20 1.211882847482793286e-20
1.273437197565193492e+04 6.233282260831688407e-20 1.239830539776543850e-20
1.274072513213392085e+04 9.466917818232561327e-20 1.270244796934426961e-20
1.274707825614185640e+04 5.775419643468214382e-20 1.232300259429492054e-20
1.275343134765892319e+04 7.946476537181644622e-20 1.193333923887490243e-20
1.275978440667090945e+04 7.484880738264571310e-20 1.242678663424081429e-20
1.276613743316229193e+04 3.790282967105389272e-20 1.228891712473128275e-20
1.277249042711558286e+04 6.093413502405065898e-20 1.272702332487415553e-20
1.277884338851652683e+04 1.015708345732476269e-19 1.289763236582336022e-20
1.278519631735019539e+04 4.758232074466981805e-20 1.222441056291757992e-20
1.279154921359980835e+04 8.709590988270539838e-20 1.187497353862359992e-20
1.279790207725176515e+04 6.881367374668195369e-20 1.167383293668185587e-20
1.280425490828789043e+04 7.112297046712576615e-20 1.247396154145502299e-20
1.281060770669524209e+04 4.921827896385737467e-20 1.225518963060226785e-20
1.281696047245628506e+04 7.487593721470512994e-20 1.144190062725551051e-20
1.282331320555605089e+04 6.714362279280351202e-20 1.188067744349317868e-20
1.282966590597826871e+04 4.547118414332812920e-20 1.290490217626071699e-20
1.283601857370938887e+04 8.972487900137626448e-20 1.238902958527862636e-20
1.284237120873117783e+04 7.452935472527132750e-20 1.256114808542528439e-20
1.284872381103065709e+04 5.620094403561308905e-20 1.177848581346801045e-20
1.285507638058960219e+04 6.946743524259705306e-20 1.099072645352516695e-20
1.286142891739435800e+04 7.601166457492008957e-20 1.174222867571281805e-20
1.286778142142923934e+04 7.449421696009774054e-20 1.244001481506074879e-20
1.287413389267731691e+04 7.082002588272912621e-20 1.247274059093928873e-20
1.288048633112365314e+04 6.973779586793726616e-20 1.150389572308481033e-20
1.288683873675326686e+04 6.929426674321309801e-20 1.215253566516618532e-20
1.289319110954853204e+04 7.596823662644055976e-20 1.212660608493929471e-20
1.289954344949642291e+04 4.970003314350121786e-20 1.207203777462857900e-20
1.290589575657929527e+04 2.685585619861142045e-20 1.190024010705014428e-20
1.291224803078272635e+04 1.069420015971960487e-19 1.252833029460370092e-20
1.291860027208977226e+04 1.600274171734361073e-19 1.358695826034178944e-20
1.292495248048610301e+04 7.726716019751193662e-20 1.339167438809614765e-20
1.293130465595469468e+04 5.843471045949949033e-20 1.178896399389287542e-20
1.293765679848051332e+04 4.412355916487733471e-20 1.215632920529371807e-20
1.294400890804852133e+04 7.330195647697021823e-20 1.228277224229387909e-20
1.295036098464232236e+04 1.653500548584575947e-20 1.250996458452013586e-20
1.295671302824547638e+04 4.260676738888976528e-20 1.232044570949428025e-20
1.296306503884366430e+04 6.651604614471849999e-20 1.241610533743564424e-20
1.296941701642050793e+04 6.284723644775760124e-20 1.191618544762932479e-20
1.297576896095958000e+04 1.054389705150077752e-19 1.266146512717144289e-20
1.298212087244649047e+04 5.283323961641417551e-20 1.208807185325885235e-20
1.298847275086480840e+04 5.608054661556731417e-20 1.229756615345479022e-20
1.299482459619736255e+04 7.585276357752791527e-20 1.206549400354469381e-20
1.300117640843111440e+04 7.400522517219195047e-20 1.273249177258352064e-20
1.300752818754898908e+04 7.606023585934713749e-20 1.324181857369613436e-20
1.301387993353587080e+04 9.248129411134746098e-20 1.229059953266154565e-20
1.302023164637463560e+04 7.055295961131588875e-20 1.190784026992627639e-20
1.302658332604881798e+04 7.644382854823572203e-20 1.161587670966984110e-20
1.303293497254660360e+04 4.919456797824638860e-20 1.178429623524935828e-20
1.303928658584679579e+04 8.336831022615471321e-20 1.243641579712645748e-20
1.304563816595052231e+04 6.572646254839010389e-20 1.173717067479757108e-20
1.305198980276123257e+04 9.480926593160286718e-20 1.231291219027759175e-20
1.305834152743532832e+04 7.601770417059146680e-20 1.286379534781154293e-20
1.306469321884796773e+04 8.192834508240891925e-20 1.238048615416634669e-20
1.307104487698330195e+04 6.890921238003561715e-20 1.204425161951688636e-20
1.307739650182605328e+04 8.911278591547194720e-20 1.232501378031368580e-20
1.308374809335845021e+04 7.238504557028285337e-20 1.253734971455417263e-20
1.309009965156731960e+04 1.059082456848889170e-19 1.262997802035123536e-20
1.309645117643477170e+04 1.024573414449229249e-19 1.265619090711324874e-20
1.310280266794626732e+04 7.936821655684614363e-20 1.259245866722915756e-20
1.310915412608390761e+04 6.797569041107199493e-20 1.265283181369179595e-20
1.311550555083439576e+04 3.992395926278105410e-20 1.255202090981129957e-20
1.312185694217921082e+04 2.456011625977588210e-20 1.150687661428450722e-20
1.312810242596427270e+04 8.923853388266563727e-20 1.300131407086035095e-20
1.313445374308469582e+04 5.452318371347250451e-20 1.261253698283203968e-20
1.314080502674669515e+04 6.668042678262327947e-20 1.248843930941032261e-20
1.314715627694113573e+04 8.312485804198139499e-20 1.306423001198403626e-20
1.315350749364942931e+04 1.128749767077955886e-19 1.280501255205551881e-20
1.315985867685894664e+04 7.765352984534109804e-20 1.318856455233756369e-20
1.316620982655180705e+04 7.470315741681035689e-20 1.332996958640341403e-20
1.317256094271333677e+04 8.811268511109815653e-20 1.285557016396464244e-20
1.317891202532626994e+04 1.032686750710713836e-19 1.375039509466914939e-20
1.318526307437590003e+04 4.996762137651912820e-20 1.288850841413591441e-20
1.319161408984490663e+04 6.712621627444675611e-20 1.242398105522636097e-20
1.319796507171867779e+04 7.569877893711836460e-20 1.333162229428719792e-20
1.320431601998122096e+04 8.046269748614146482e-20 1.299509253188294579e-20
1.321066693461454634e+04 9.886974280011746632e-20 1.235178902661654123e-20
1.321701781560459858e+04 5.846740394946851130e-20 1.216598474380883880e-20
1.322336866293337516e+04 6.602709307452853534e-20 1.266348303497279649e-20
1.322971947658812678e+04 6.631859602584570099e-20 1.207523626148111287e-20
1.323607025655087455e+04 7.562243980591551914e-20 1.279111530093648725e-20
1.324242100280360864e+04 5.105845162817179070e-20 1.260179177129596613e-20
1.324877171533489309e+04 9.101955009958483336e-20 1.295341912598502541e-20
1.325512239412405688e+04 6.920321151753699923e-20 1.212635038165617713e-20
1.326147303915695375e+04 9.386254686515073367e-20 1.283390958933410867e-20
1.326782365041884805e+04 9.175296854616587774e-20 1.328364571124542831e-20
1.327417422789171360e+04 8.795221802082086604e-20 1.301074012216612212e-20
1.328052477155947054e+04 6.741579109750611255e-20 1.250120572037372505e-20
1.328687528140865834e+04 4.790576377321186168e-20 1.176936613013736121e-20
1.329322575741855871e+04 3.773659749125884581e-20 1.247280659784618975e-20
1.329957619957828501e+04 9.353594529004176733e-20 1.349030388287236333e-20
1.330592660786776105e+04 7.643611705224784892e-20 1.279110661653358526e-20
1.331227698227222027e+04 9.157660550720891848e-20 1.249804256091604813e-20
1.331862732277554278e+04 6.403095584965405607e-20 1.233914019524214655e-20
1.332497762936157596e+04 5.574168863930267118e-20 1.165507847065813861e-20
1.333132790201349599e+04 6.301615977892514966e-20 1.237121040248170713e-20
1.333767814071710382e+04 5.377126443160812381e-20 1.248389993684762017e-20
1.334402834545558289e+04 8.949981490016325955e-20 1.288313390584065881e-20
1.335037851620946822e+04 8.139641559408873374e-20 1.310869820074160469e-20
1.335672865296790769e+04 4.959481217638475987e-20 1.300074715791127255e-20
1.336307875571139448e+04 3.944618648926718557e-20 1.153966565716339074e-20
1.336942882442433620e+04 6.843127650399847384e-20 1.101700047414316568e-20
1.337577885908983444e+04 5.684559324640725428e-20 1.155258874329108282e-20
1.338212885969239323e+04 8.582860209217728962e-20 1.173303253720799984e-20
1.338847882621581630e+04 9.571897546424504911e-20 1.190987783124791308e-20
1.339482875864387461e+04 5.442419343945796650e-20 1.144365140799986414e-20
1.340117865696100671e+04 4.879034170250038283e-20 1.168259685266152425e-20
1.340752852115023234e+04 6.295795730324331304e-20 1.308628480484465070e-20
1.341387835119529154e+04 9.149133301830730136e-20 1.229435229012052649e-20
1.342022814707931866e+04 6.354667909044691081e-20 1.228907414084490196e-20
1.342657790878739434e+04 8.445614547734994315e-20 1.252802337176135807e-20
1.343292763630322952e+04 5.399308891632571994e-20 1.160896791345112229e-20
1.343927732960850335e+04 7.145153809488629797e-20 1.196512676314109536e-20
1.344562698868955340e+04 4.813633187662407385e-20 1.151247612605398275e-20
1.345197661352745126e+04 6.877603007916600065e-20 1.264109893912892859e-20
1.345832620410791969e+04 8.153263161468754296e-20 1.255853453842100196e-20
1.346467576041396751e+04 9.861997193878830594e-20 1.325925485579554951e-20
1.347102528242860535e+04 9.824458923481283922e-20 1.350514156101849783e-20
1.347737477013743955e+04 5.454603173913539030e-20 1.258286717456767063e-20
1.348372422352145986e+04 5.868899594879221869e-20 1.236884629299710485e-20
1.349007364256705478e+04 5.044644772634781473e-20 1.238035667102847284e-20
1.349642302725652735e+04 7.883069052915929575e-20 1.302520363783189273e-20
1.350277237757215335e+04 8.312188117717285068e-20 1.201128344176445891e-20
1.350912169350020849e+04 4.412644930966163222e-20 1.192442982997908779e-20
1.351547097502227189e+04 3.968680934458995456e-20 1.246734012968422384e-20
1.352182022212198353e+04 6.705456901944722916e-20 1.222717776452017179e-20
1.352816943478432768e+04 7.797378893020541852e-20 1.287838278436777653e-20
1.353451861299289703e+04 6.249577626790296515e-20 1.309523811510463541e-20
1.354086775673057855e+04 5.599818555216254177e-20 1.202970174971225019e-20
1.354721686598020642e+04 8.150722375855957075e-20 1.222884632854164376e-20
1.355356594072537882e+04 9.105077148888105702e-20 1.269972972952491762e-20
1.355991498095173483e+04 6.930382693981462088e-20 1.292041731585432593e-20
1.356626398664146473e+04 7.060788860385128097e-20 1.245578535953228578e-20
1.357261295777743544e+04 6.084483580470281217e-20 1.374564553414519428e-20
1.357896189434445478e+04 9.703252042322949310e-20 1.333361293339740980e-20
1.358531079632470937e+04 9.672839207666813375e-20 1.344898787830426333e-20
1.359165966370312344e+04 7.656919575557880037e-20 1.282821756218629928e-20
1.359800849646252755e+04 6.975635965210839099e-20 1.235938927716491344e-20
1.360435729458573405e+04 8.188056966857604679e-20 1.298123669250944212e-20
1.361070605805688137e+04 7.614663476283507082e-20 1.169365291444091968e-20
1.361705478686008973e+04 8.148234478000113910e-20 1.265786781070640379e-20
1.362340348098448339e+04 7.227210628927296751e-20 1.298287096560701199e-20
1.362975214121540375e+04 1.063641092477610317e-19 1.251215683532349580e-20
1.363599430017186569e+04 6.197008991672597204e-20 1.196736254588434634e-20
1.364234288273970196e+04 6.374140231503379491e-20 1.264736997144127751e-20
1.364869143055588393e+04 1.089055960956226934e-19 1.235150992064473018e-20
1.365503994360391698e+04 6.583853345952060996e-20 1.259888171512530156e-20
1.366138842186722650e+04 5.078112114432071074e-20 1.181699004956608286e-20
1.366773686532921602e+04 7.780147736254103306e-20 1.293883413706260506e-20
1.367408527397323996e+04 1.063186916938707082e-19 1.206082359185536423e-20
1.368043364778265277e+04 1.076293295932522327e-19 1.184122610601405794e-20
1.368678198674092346e+04 6.494284492436051212e-20 1.199189027012494947e-20
1.369313029083142646e+04 4.960895566934185076e-20 1.208271458832874757e-20
1.369947856003753077e+04 5.245435196429962833e-20 1.186117141090451250e-20
1.370582679434256170e+04 6.621420279383180251e-20 1.222212737425813111e-20
1.371217499372978818e+04 8.427037688709880322e-20 1.303936485888727430e-20
1.371852315818266288e+04 9.342321202978458634e-20 1.209213042139823793e-20
1.372487128768451294e+04 6.655823541859391590e-20 1.220235818720046998e-20
1.373121938221866367e+04 6.388186492052037035e-20 1.176285292520771805e-20
1.373756744176909342e+04 6.672339565285190345e-20 1.352060833984807091e-20
1.374391546631834171e+04 7.487818324481403165e-20 1.316528551465585438e-20
1.375026345584909177e+04 6.960717601250706631e-20 1.262701322525246611e-20
1.375661141034533466e+04 7.979156897525023537e-20 1.276300386860428987e-20
1.376295932979105783e+04 5.953480793980255604e-20 1.267127695174305262e-20
1.376930721416809138e+04 5.563835787976617342e-20 1.161707154109134013e-20
1.377565506346102666e+04 3.857240458316705509e-20 1.183391152459937695e-20
1.378200287765179928e+04 7.441992523458856238e-20 1.160545637959298704e-20
1.378835065672436576e+04 8.994611813230790115e-20 1.278923200081481040e-20
1.379469840066265897e+04 4.406465786575804297e-20 1.202975169392599570e-20
1.380104610944846536e+04 6.655172564544542426e-20 1.177324521115653975e-20
1.380739378306563049e+04 7.630164384271095691e-20 1.191479723913927838e-20
1.381374142149815998e+04 6.752039240634742444e-20 1.210573279713352725e-20
1.382008902472925547e+04 4.516812028285965301e-20 1.231301713777081667e-20
1.382643659273998128e+04 7.800629523075660221e-20 1.247177580271099783e-20
1.383278412551560541e+04 5.468120783352541113e-20 1.260965808485741622e-20
1.383913162303781246e+04 5.777298213844697523e-20 1.197737379860703520e-20
1.384547908529198139e+04 6.058592377133946442e-20 1.180657772623728989e-20
1.385182651225773952e+04 5.710074294637444535e-20 1.204262033115250943e-20
1.385817390392244852e+04 7.875355743350402331e-20 1.217982509181772684e-20
1.386452126026566111e+04 5.262559257871550401e-20 1.186667040973613713e-20
1.387086858127258711e+04 5.324379142126850479e-20 1.217840445557144547e-20
1.387721586692714118e+04 5.588110971452732154e-20 1.178930948046659509e-20
1.388356311720887425e+04 7.802266565533703741e-20 1.222173811142655009e-20
1.388991033210301430e+04 6.527802181605883837e-20 1.236943892499284673e-20
1.389625751159326137e+04 5.145541313833804221e-20 1.244102921376733470e-20
1.390260465566342828e+04 6.432314822340508707e-20 1.320838881461444691e-20
1.390895176429309868e+04 8.068105583045040714e-20 1.275815816516072937e-20
1.391529883746745872e+04 5.374918140714902891e-20 1.220998124673247189e-20
1.392164587517166365e+04 4.481076619005614484e-20 1.191872719314488546e-20
1.392799287738439853e+04 5.265979681776971423e-20 1.240905879552594796e-20
1.393433984409232653e+04 7.780415995607711518e-20 1.160690180110254790e-20
1.394068677527635373e+04 5.907547038763450479e-20 1.178843953914174121e-20
1.394703367092020562e+04 7.730210929297150968e-20 1.236274291159581006e-20
1.395338053100615434e+04 6.744008782911235374e-20 1.261705203483043072e-20
1.395972735552062659e+04 9.194519726129764761e-20 1.189962458292158057e-20
1.396607414444105052e+04 6.224302401710219658e-20 1.137007218607737483e-20
1.397242089775394379e+04 9.251241404560141676e-20 1.284834857363275836e-20
1.397876761544227338e+04 8.889005047470540254e-20 1.280458817467044809e-20
1.398511429748823321e+04 6.719609499031824894e-20 1.181960098004739930e-20
1.399146094387399171e+04 7.152968029574061638e-20 1.207529889197077604e-20
1.399780755458402018e+04 4.732226132703955723e-20 1.346592568151088271e-20
1.400415412959910464e+04 6.717855570468839946e-20 1.205727371052506194e-20
1.401050066890570270e+04 4.102163156602065867e-20 1.177991220727534702e-20
1.401684717248235211e+04 1.946978084049936067e-20 1.164872063963053552e-20
1.402319364031627811e+04 6.287792803001962371e-20 1.179352347682020361e-20
1.402954007238755366e+04 7.778750752125367825e-20 1.259408483735955088e-20
1.403588646867835087e+04 6.384634071931429773e-20 1.223986248999381302e-20
1.404223282917436336e+04 7.026447645678873407e-20 1.210818534545121518e-20
1.404857915385761589e+04 5.738804624996180251e-20 1.200245099995472161e-20
1.405492544270894541e+04 5.343696400488744653e-20 1.255998782924034201e-20
1.406127169571404556e+04 7.261982379365368363e-20 1.309824172649282952e-20
1.406761791285358413e+04 7.915449885380294104e-20 1.268159679553651244e-20
1.407396409411033346e+04 6.507862827139665809e-20 1.168672863130359754e-20
1.408031023946777714e+04 4.101386291613676703e-20 1.159847968180616388e-20
1.408665634891095578e+04 6.790010512868695465e-20 1.148518469989335443e-20
1.409300242241763772e+04 8.376228303683941482e-20 1.191642983128682982e-20
1.409934845997560660e+04 6.289045081599059678e-20 1.195400926876461128e-20
1.410569446156391314e+04 6.636785563689478618e-20 1.126543825304888248e-20
1.411204042716831100e+04 5.105476811725340627e-20 1.113412786484865172e-20
1.411838635676939521e+04 7.376935402165188305e-20 1.222227021688091523e-20
1.412473225035063297e+04 7.439573534682526337e-20 1.177490585585623292e-20
1.413107810789467840e+04 5.033777514345582624e-20 1.172921959083596292e-20
1.413742392938494413e+04 4.670076376325251053e-20 1.197987568367686796e-20
1.414376971480278553e+04 6.823221764179208498e-20 1.140760153273173462e-20
1.415011546413161705e+04 3.112358908868111291e-20 1.087401100487347482e-20
1.415646117735484586e+04 8.101882298038942510e-20 1.196494737615346334e-20
1.416280685445356175e+04 5.360058523917184414e-20 1.251988871005236737e-20
1.416915249541128105e+04 5.064723694690862706e-20 1.191623116427815156e-20
1.417549810021139820e+04 4.502013521667345057e-20 1.077153295218874533e-20
1.418184366883511393e+04 5.381681413096821239e-20 1.218350288193468209e-20
1.418818920126571538e+04 7.415496580729440797e-20 1.239017293352057379e-20
1.419453469748653151e+04 6.286187007286976707e-20 1.180244151357623364e-20
1.420088015747953614e+04 5.537690594523794959e-20 1.211825353632765495e-20
1.420722558122734517e+04 4.545305637054414776e-20 1.248029850646412213e-20
1.421357096871037538e+04 8.743750093749338286e-20 1.241468813765012091e-20
1.421991631991612303e+04 4.155016493815366567e-20 1.112098354952432031e-20
1.422626163482370066e+04 8.311861461620526887e-20 1.184313953978593250e-20
1.423260691341638631e+04 7.206846971394955174e-20 1.182792659434447036e-20
1.423895215567674495e+04 6.158853193706520430e-20 1.178320185016903878e-20
1.424529736158649030e+04 6.388988917437614746e-20 1.248026883409110631e-20
1.425164253112891856e+04 9.510903292686039042e-20 1.261082425955837762e-20
1.425798766428879571e+04 7.446159871265973844e-20 1.241647013291749961e-20
1.426433276104427205e+04 6.484386715756013806e-20 1.203076032841105280e-20
1.427067782137998438e+04 6.932941532382569587e-20 1.277399145794440279e-20
1.427702284527908341e+04 7.574990346276422082e-20 1.193791107652893822e-20
1.428336783272415232e+04 5.552188992580154867e-20 1.166571647581334304e-20
1.428971278369622269e+04 5.267032632959343053e-20 1.123287031011022740e-20
1.429605769817775399e+04 4.507184553937895734e-20 1.193775084372646385e-20
1.430240257615321207e+04 6.178770488936902783e-20 1.276744577629551893e-20
1.430874741760228972e+04 3.181788929042688245e-20 1.156558209330298301e-20
1.431509222250958919e+04 6.342727096559451582e-20 1.234672684118122424e-20
1.432143699085752814e+04 5.105097135433972428e-20 1.207456092418715532e-20
1.432778172262697080e+04 3.826237321416010045e-20 1.207155288202634984e-20
1.433412641780180093e+04 6.640376439037850938e-20 1.296656467483100939e-20
1.434047107636228975e+04 7.227714662259220351e-20 1.214773908488431947e-20
1.434681569829298496e+04 5.418142396647543096e-20 1.327720930655759900e-20
1.435316028357692812e+04 6.844112075911153975e-20 1.242583650595177067e-20
1.435950483219352100e+04 8.943105310683801757e-20 1.266552699822370866e-20
1.436584934412666189e+04 5.503410985723395152e-20 1.134355304977620725e-20
1.437219381935867568e+04 7.507371805319067408e-20 1.197211532423323859e-20
1.437853825787260575e+04 5.980718344119694560e-20 1.252136858124654006e-20
1.438488265964991660e+04 6.591808965443895358e-20 1.246100317628811061e-20
1.439122702467231102e+04 6.031027076550347796e-20 1.163742516099827725e-20
1.439757135292208113e+04 5.277542993786952805e-20 1.252680796272842839e-20
1.440391564438443129e+04 8.862229950905114846e-20 1.165210627985054048e-20
1.441025989903782465e+04 4.764661142236962471e-20 1.185885125483053599e-20
1.441660411686684893e+04 7.290037598730716001e-20 1.175642918159957662e-20
1.442294829785304137e+04 3.643378606429256781e-20 1.177371391506344031e-20
1.442929244197789922e+04 7.170890696727225392e-20 1.201080406349232303e-20
1.443563654922572459e+04 3.344650636757719074e-20 1.197175582935170638e-20
1.444198061957587197e+04 5.467040358930065150e-20 1.243618092173921164e-20
1.444832465301280899e+04 4.629323958607652214e-20 1.290568881092456829e-20
1.445466864951724165e+04 6.425165841616759317e-20 1.223588205127762748e-20
1.446101260907199867e+04 1.252697045896348432e-19 1.290591178096023097e-20
1.446735653166074189e+04 2.866967104687777037e-19 1.522497881943206625e-20
1.447370041726350610e+04 1.709967188729521704e-19 1.461412120104351271e-20
1.448004426586316549e+04 9.494684110517577636e-20 1.263388077569225921e-20
1.448638807744106089e+04 3.450092742136266731e-20 1.242083166056872739e-20
1.449273185198222927e+04 3.908451590836427356e-20 1.375648949175337602e-20
1.449907558946521749e+04 8.024270599104114895e-20 1.299801192387050058e-20
1.450541928987284518e+04 6.354012908140165384e-20 1.368090783056014577e-20
1.451176295318864868e+04 4.513706927504015883e-20 1.281865864472871967e-20
1.451810657939463999e+04 4.241484665542032736e-20 1.189250668639071263e-20
1.452445016847079569e+04 3.420663096225535063e-20 1.235837625872490619e-20
1.453079372040138514e+04 6.172157775088460571e-20 1.328656720045173929e-20
1.453713723516768732e+04 4.121736145972719056e-20 1.272694327330426426e-20
1.454348071275238362e+04 7.080492506549556567e-20 1.286373027055044528e-20
1.454982415313616184e+04 7.478613231698996354e-20 1.163428939203794424e-20
1.455616755630251464e+04 4.911362358833431677e-20 1.183806693385214427e-20
1.456251092223193518e+04 5.516688758746601201e-20 1.257562273710406325e-20
1.456885425090706485e+04 1.929456500505321788e-20 1.356066256646792088e-20
1.457519754230999388e+04 6.838004906197848632e-21 1.308516242283793482e-20
1.458154079642346005e+04 5.703084369380692854e-20 1.296315832795689145e-20
1.458788401322938626e+04 5.538151287393879143e-20 1.233012264256036153e-20
1.459422719270739617e+04 3.864787141381811799e-20 1.227283903342640465e-20
1.460057033484104250e+04 6.276731186076377260e-20 1.264412343857779253e-20
1.460691343961298662e+04 5.351501650531302729e-20 1.247925535104552353e-20
1.461325650700365622e+04 2.813708963142274455e-20 1.246471416877441104e-20
1.461959953699555808e+04 6.180445488010592671e-20 1.265765546228794054e-20
1.462594252957221033e+04 7.861243929190385777e-20 1.206951389958609092e-20
1.463228548471330760e+04 8.336959640518618513e-20 1.131753440447402976e-20
1.463862840240138394e+04 6.462248420381146908e-20 1.217030971259179862e-20
1.464497128261821490e+04 6.723128787087394363e-20 1.242695139653912014e-20
1.465131412534504307e+04 4.925632653629596137e-20 1.301814626584161008e-20
1.465765693056591954e+04 4.663368927490041095e-20 1.370868461284236483e-20
1.466399969825894004e+04 4.780335963026813037e-20 1.278618290777101191e-20
1.467034242841025480e+04 3.543586099421970588e-20 1.395506186938582679e-20
1.467668512099810141e+04 6.873419109840306545e-20 1.329037654281582935e-20
1.468302777600648733e+04 5.812760228667699277e-20 1.320255274930052070e-20
1.468937039341716627e+04 5.571259935776499234e-20 1.293986609407732472e-20
1.469560523866785115e+04 1.225747684591899967e-20 1.211630368098860792e-20
1.470194777416750730e+04 3.801672348081297694e-20 1.189051458020849491e-20
1.470829027120867249e+04 5.065398850981368354e-20 1.265363811565731926e-20
1.471463273056937942e+04 1.151019511057809097e-20 1.279299335456108600e-20
1.472097515224123526e+04 5.280161033206527518e-20 1.244535706603725247e-20
1.472731753620456766e+04 5.289793451789673716e-20 1.271305886230181325e-20
1.473365988243958418e+04 7.339401829668102804e-20 1.193162529852313855e-20
1.474000219093080159e+04 4.332963439361304318e-20 1.290811312791450884e-20
1.474634446165848749e+04 8.876948121896607599e-20 1.232155316642697955e-20
1.475268669460288402e+04 2.693712264771317946e-19 1.499900897101799890e-20
1.475902888974709276e+04 3.770110834512475705e-19 1.653557401309050032e-20
1.476537104707484650e+04 2.150509052328122077e-19 1.515380558908021303e-20
1.477171316656420822e+04 6.570692537569544592e-20 1.360056817475419945e-20
1.477805524819829043e+04 5.762976527781578245e-20 1.247097321503543504e-20
1.478439729196009102e+04 6.121265025310403216e-20 1.270827686933158504e-20
1.479073929782822779e+04 4.337028304689219281e-20 1.222628996219024633e-20
1.479708126578581869e+04 5.618073885492594242e-20 1.318149460283416590e-20
1.480342319581518677e+04 4.984836043114656689e-20 1.325884253174891042e-20
1.480976508789637955e+04 7.495897758894414850e-20 1.249685532513070182e-20
1.481610694201234583e+04 7.620531004699712072e-20 1.315069639538123154e-20
1.482244875814471743e+04 4.304781719719112370e-20 1.304943947303123105e-20
1.482879053627282156e+04 7.041804056451086273e-20 1.270103489283810044e-20
1.483513227638028548e+04 1.355281136569651562e-20 1.258526051845063439e-20
1.484147397844784791e+04 1.150910065043928195e-19 1.361684947638658085e-20
1.484781564245637855e+04 6.516878165418219382e-20 1.329772155738032682e-20
1.485415726838952287e+04 6.737638167331031616e-20 1.245319114622050569e-20
1.486049885622571492e+04 3.669279620626501914e-20 1.176218526559966418e-20
1.486684040594863836e+04 5.209828603593198648e-20 1.222889778156197502e-20
1.487318191753907922e+04 3.638191830195124866e-20 1.177372547872134155e-20
1.487952339097915865e+04 4.738007437917014647e-20 1.385492792779379519e-20
1.488586482624872224e+04 1.004148192435839139e-19 1.397178047533232381e-20
1.489220622332924722e+04 2.625123626967517244e-19 1.545375718028789538e-20
1.489854758220364420e+04 6.138251397746899309e-19 1.950233376242779830e-20
1.490488890285397429e+04 6.990946582194016115e-19 2.023933790503273475e-20
1.491123018525785301e+04 2.683290008821634937e-19 1.524396794779005809e-20
1.491757142940039193e+04 8.608716161901457725e-20 1.332108195384475884e-20
1.492391263526076546e+04 4.019794118796437018e-20 1.255491894560411274e-20
1.493025380282094011e+04 6.334506092599273025e-20 1.328273043389281163e-20
1.493659493206295883e+04 5.979928498958072578e-20 1.254264999387575262e-20
1.494293602296674544e+04 3.772749468395356402e-20 1.191466314359523987e-20
1.494927707551505591e+04 5.739435583437384577e-20 1.336247935149716573e-20
1.495561808968758487e+04 5.749556703958488687e-20 1.378594734908337159e-20
1.496195906546639344e+04 6.192844010903486303e-20 1.267184099225313026e-20
1.496830000283353365e+04 8.151604077495895781e-20 1.270311519525796569e-20
1.497464090176874561e+04 1.732579458677931382e-20 1.194914071850760846e-20
1.498098176225463430e+04 3.263617692709642539e-20 1.226125669337791746e-20
1.498732258427105080e+04 6.343226027451913549e-20 1.419231464310742490e-20
1.499366336780068923e+04 6.623017443138707053e-20 1.328842631508298112e-20
1.500000411282394634e+04 7.449006781926142881e-20 1.259885393565206063e-20
1.500634481932193012e+04 6.071111617886182216e-20 1.233535918642151588e-20
1.501268548727447887e+04 6.831727945569938057e-20 1.318573135385981407e-20
1.501902611666642042e+04 1.431381534820700728e-20 1.201298179553995619e-20
1.502536670747583048e+04 4.323624616124571474e-20 1.235379397818399019e-20
1.503170725969094019e+04 7.686705802814281688e-20 1.309474789537821653e-20
1.503804777409005328e+04 5.085078619215982640e-20 1.286734186617457987e-20
1.504428010275408451e+04 9.351257229674268611e-20 1.183638920626745168e-20
1.505062053154582463e+04 5.758489070416433506e-20 1.183249366574753935e-20
1.505696092165928349e+04 5.486894383736547096e-20 1.212273598688928915e-20
1.506330127307933981e+04 7.572919403331670694e-20 1.142975320068497902e-20
1.506964158578157549e+04 3.887953042234790386e-20 1.156705198757574865e-20
1.507598185975168963e+04 5.195187915938675774e-20 1.152049177336868318e-20
1.508232209497076656e+04 8.409645230374834509e-20 1.255751551896222645e-20
1.508866229141521762e+04 5.825797175437436769e-20 1.226276964365787185e-20
1.509500244907201704e+04 3.157513102601552299e-20 1.216887784193569639e-20
1.510134256791697590e+04 3.448194033701982157e-20 1.116289064715774508e-20
1.510768264793488561e+04 4.555903522941272847e-20 1.218935920881480267e-20
1.511402268910354542e+04 5.948611261475120977e-20 1.222056101468428649e-20
1.512036269140777222e+04 5.014337182227056506e-20 1.255349535812644860e-20
1.512670265482322793e+04 6.963314091555575642e-20 1.202166655781438842e-20
1.513304257933695044e+04 5.058357172040444698e-20 1.229049980977609459e-20
1.513938246492508915e+04 4.479341119855006706e-20 1.170607398303137960e-20
1.514572231157025999e+04 5.534748007227883608e-20 1.273153821558765889e-20
1.515206211925488242e+04 6.939662487412189630e-20 1.280385496975219590e-20
1.515840188795592803e+04 4.281948932292195904e-20 1.199758010016550016e-20
1.516474161765883218e+04 5.680124920627086093e-20 1.224087861431537791e-20
1.517108130833995165e+04 4.675633864919786589e-20 1.310218282839430773e-20
1.517742095998549303e+04 5.540442463115978209e-20 1.245926977029862465e-20
1.518376057256996864e+04 3.468079480685700550e-20 1.211375587616125910e-20
1.519010014607972334e+04 4.007243899047346996e-20 1.223335889502810421e-20
1.519643968049097384e+04 8.167057499030306937e-20 1.335141644607883488e-20
1.520277917578979577e+04 4.916741044953026821e-20 1.216442739345632865e-20
1.520911863195079786e+04 7.993622196857724664e-20 1.197692739551061410e-20
1.521545804896098343e+04 4.547281253060117475e-20 1.183435126183371112e-20
1.522179742679496667e+04 4.485551225850158869e-20 1.166399639240744707e-20
1.522813676543944348e+04 3.996111790040534939e-20 1.445525014190259265e-20
1.523447606486915720e+04 6.472845982470881412e-20 1.286563289212530656e-20
1.524081532507098927e+04 5.021106883476694085e-20 1.273812057029660361e-20
1.524715454601937199e+04 4.759551995169348274e-20 1.233848976717678259e-20
1.525349372770115770e+04 5.882794225651254234e-20 1.193987627450270906e-20
1.525983287009171909e+04 6.353105969088974448e-20 1.224704325580185614e-20
1.526617197317478167e+04 5.444775982223978443e-20 1.197505769324701376e-20
1.527251103692927973e+04 4.682120995655521769e-20 1.143551472065558097e-20
1.527885006133909701e+04 4.516803557075960918e-20 1.147874224784257497e-20
1.528518904638025015e+04 5.616550685959332820e-20 1.209458998188848283e-20
1.529152799203708310e+04 8.434402955062491926e-20 1.260024554234742496e-20
1.529786689828711314e+04 4.197306258976947062e-20 1.182923687716832221e-20
1.530420576511411127e+04 4.620379542150027888e-20 1.204763858276226814e-20
1.531054459249628417e+04 7.590101911597663373e-20 1.263796673382143092e-20
1.531688338041481620e+04 6.228824727252909688e-20 1.156640320332263581e-20
1.532322212885120098e+04 6.277301792712758945e-20 1.167897109771336873e-20
1.532956083778440916e+04 5.769545432450125466e-20 1.228834193377527786e-20
1.533589950719791341e+04 2.342816200605216998e-20 1.134744630648925753e-20
1.534223813706532928e+04 3.730171101739989981e-20 1.186935387085129948e-20
1.534857672737725625e+04 4.663856138251518911e-20 1.251305159631775223e-20
1.535491527810327534e+04 9.583558152967658108e-20 1.207177998448198669e-20
1.536125378923383687e+04 5.764082506322409007e-20 1.170497638020728133e-20
1.536759226074177604e+04 4.857640396735048413e-20 1.192666867621820021e-20
1.537393069261295386e+04 1.026678353839386195e-19 1.290357231288171844e-20
1.538026908482372710e+04 6.130055483453037377e-20 1.298642011456385608e-20
1.538660743735699361e+04 6.644588011315016429e-20 1.258435093064325899e-20
1.539294575019239710e+04 3.486609838492712603e-20 1.322978889019485834e-20
1.539928402330943209e+04 6.847752955641809825e-20 1.216776972016563826e-20
1.540562214311536445e+04 5.842235699035489293e-20 1.223941578147079447e-20
1.541196022272009759e+04 8.307018724198330134e-20 1.325801157826793158e-20
1.541829826255596890e+04 5.982855369195755959e-20 1.349871751433558120e-20
1.542463626259304147e+04 4.922023598224059937e-20 1.298651570056498373e-20
1.543097422282036860e+04 5.136942686078698897e-20 1.388293597329827769e-20
1.543731214321279367e+04 5.689237288279065585e-20 1.361954701838842430e-20
1.544365002375121912e+04 5.522160028029520505e-20 1.206032551768639440e-20
1.544998786442072742e+04 4.289873291618366163e-20 1.251756810273561242e-20
1.545632566519147076e+04 3.627276633568779594e-20 1.155964887984810319e-20
1.546266342605531463e+04 7.162606618174890587e-20 1.247591051070305648e-20
1.546900114698309699e+04 4.350341933112087640e-20 1.203851616407445404e-20
1.547533882796139551e+04 3.501603821416202703e-20 1.144230603152267221e-20
1.548167646896962287e+04 2.873121049435259362e-20 1.245078695860511250e-20
1.548801406998076709e+04 7.339727705846327756e-20 1.323923443956017850e-20
1.549435163098692828e+04 5.374112863907476693e-20 1.138737577019418554e-20
1.550068915195573754e+04 5.183685082707134601e-20 1.243305944841049356e-20
1.550702663287893120e+04 7.161852361119229363e-20 1.352654325569773114e-20
1.551336407373051588e+04 3.949881461418440969e-20 1.176945184688626757e-20
1.551970147448828357e+04 5.197097424617894042e-20 1.150161784897221758e-20
1.552603883513931578e+04 4.116307338443069906e-20 1.304924410721013980e-20
1.553237615565506349e+04 4.335206330288892643e-20 1.257497966410290724e-20
1.553871343602514753e+04 5.974501455330518355e-20 1.267958166546121013e-20
1.554505067622564275e+04 4.325720086309344427e-20 1.155959750544481907e-20
1.555138787622943710e+04 4.308350678649425802e-20 1.166347024069335003e-20
1.555772503602852703e+04 4.100387018189094599e-20 1.154676951728756309e-20
1.556406215559269549e+04 4.796613666910190675e-20 1.359456685875379617e-20
1.557039923491120135e+04 2.784942067363981727e-20 1.298011889053001073e-20
1.557673627396032134e+04 8.987750803737507599e-21 1.238999207623001843e-20
1.558307327271293252e+04 2.262410578635603613e-20 1.212196611544301276e-20
1.558941023116147517e+04 6.493500415969114804e-20 1.229072926264075375e-20
1.559574714927733839e+04 6.407942750103276920e-20 1.255083067144556776e-20
1.560208402704129912e+04 6.104321949474470411e-20 1.259974750961755375e-20
1.560842086443870539e+04 3.839036383772920616e-20 1.192067986443233101e-20
1.561475766144000045e+04 4.239286586998665092e-20 1.292878296662366416e-20
1.562109441803547270e+04 5.913627112253469664e-20 1.236112062544799037e-20
1.562743113420099507e+04 6.480494186577703886e-20 1.200439696844891705e-20
1.563376780990920452e+04 7.165753012573109039e-20 1.293429662291881031e-20
1.564010444515281233e+04 7.348342653427487894e-20 1.343142781738486866e-20
1.564644103990609074e+04 6.471628638117705577e-20 1.267265850180852021e-20
1.565277759413995045e+04 5.006903017359469282e-20 1.320026680472694457e-20
1.565911410784950749e+04 3.637686429536022961e-20 1.214343401760931005e-20
1.566545058100581991e+04 5.830979412387570505e-20 1.243597789682641732e-20
1.567178701358769285e+04 5.000855832650565322e-20 1.213605525139269400e-20
1.567812340558143478e+04 2.165383776617262340e-20 1.243651356092816500e-20
1.568445975696125060e+04 3.568663367150536337e-20 1.272771161715593955e-20
1.569079606770515238e+04 3.835070880325803545e-20 1.215510625216326877e-20
1.569713233780092014e+04 4.786184021823943748e-20 1.157397563740674361e-20
1.570346856722116354e+04 5.300993496682906428e-20 1.113550288994401674e-20
1.570980475594707059e+04 3.484526842085983279e-20 1.152105383932907911e-20
1.571614090396234496e+04 8.241229669820629395e-20 1.241241178682180326e-20
1.572247701124354717e+04 2.815024410909021411e-20 1.289130410809341612e-20
1.572881307776468202e+04 4.172808848507481593e-20 1.209323072547482665e-20
1.573514910351652179e+04 5.468133317024817676e-20 1.319471591404843835e-20
1.574148508847084486e+04 4.341682977388934782e-20 1.260356536650727965e-20
1.574782103260882104e+04 2.615338703422232345e-20 1.219776172804327463e-20
1.575415693591394302e+04 4.993267718781009957e-20 1.171713782004458802e-20
1.576049279836275673e+04 3.028859234518614175e-20 1.207584882469227454e-20
1.576682861993001097e+04 4.110853860349076950e-20 1.214987629997376277e-20
1.577316440060390778e+04 3.143767681793659218e-20 1.137132681883502994e-20
1.577950014036098764e+04 5.725537927064311040e-20 1.175508543007349981e-20
1.578583583917515716e+04 4.261955111315126179e-20 1.229509835038968777e-20
1.579217149703538234e+04 6.295053639333932685e-20 1.213096124598993265e-20
1.579850711391651930e+04 4.766263077636081578e-20 1.257668913397226717e-20
1.580484268979244371e+04 5.352292485793708153e-20 1.106362494651312333e-20
1.581117822465454083e+04 3.623773158181383419e-20 1.202831834734487217e-20
1.581751371847594237e+04 2.149258840984991909e-20 1.110985462902633551e-20
1.582384917123131527e+04 2.693245363601862873e-20 1.095068768246263984e-20
1.583007547409097060e+04 7.208335663456394567e-20 1.197063710272500011e-20
1.583641083789471304e+04 5.499901730631273856e-20 1.168694806882015373e-20
1.584274615976096175e+04 3.352663255784189374e-20 1.175960380367040217e-20
1.584908144047168025e+04 6.084191197079471799e-20 1.152161797911123529e-20
1.585541668002133702e+04 3.521645079716365798e-20 1.251736007794342113e-20
1.586175187838461716e+04 3.230952244527980694e-20 1.252450785507625799e-20
1.586808703554145541e+04 4.264268075878798732e-20 1.181942409103289946e-20
1.587442215146816307e+04 4.228267937073333594e-20 1.290118498067574715e-20
1.588075722615200539e+04 4.594357150173436234e-20 1.191048536812032836e-20
1.588709225956658884e+04 5.360429291855943768e-20 1.156099563440628334e-20
1.589342725168889592e+04 3.075174252422099880e-20 1.077667579586620587e-20
1.589976220250382357e+04 5.015877461711493794e-20 1.197698713186261826e-20
1.590609711198970945e+04 4.879695296395871731e-20 1.191383080785741583e-20
1.591243198012342873e+04 6.732544013691254929e-20 1.234556925993461696e-20
1.591876680688113083e+04 2.209355346421404794e-20 1.174020789419578277e-20
1.592510159224983727e+04 6.031330658182524986e-20 1.205576125469904629e-20
1.593143633620564469e+04 4.184354491555039015e-20 1.176694225560296919e-20
1.593777103872616863e+04 4.347294935624661743e-20 1.193150890562939977e-20
1.594410569978727654e+04 1.398492612159563605e-20 1.241541746478373092e-20
1.595044031937454747e+04 3.529578594788893034e-20 1.183940146244261720e-20
1.595677489746882384e+04 6.087746518430360269e-20 1.258201092119261746e-20
1.596310943404109821e+04 8.645463748168301161e-20 1.286918729761089678e-20
1.596944392907367182e+04 5.079115970850416263e-20 1.242738302912039089e-20
1.597577838254898234e+04 4.065339913777691218e-20 1.187099939282300035e-20
1.598211279444438151e+04 4.384442573031295681e-20 1.147475978068740789e-20
1.598844716473729386e+04 6.107203416763662655e-20 1.181637658645204840e-20
1.599478149340450182e+04 2.620912811932783535e-20 1.143882917996990532e-20
1.600111578043051668e+04 2.531890582732322376e-20 1.182006851979208774e-20
1.600745002579360516e+04 5.241745380666977337e-20 1.236810207452326368e-20
1.601378422947044055e+04 4.840267680054197676e-20 1.257281998474594423e-20
1.602011839143906582e+04 7.139670002507112475e-20 1.217958927813888320e-20
1.602645251168008872e+04 3.246157989723023753e-20 1.201905999905615517e-20
1.603278659017419886e+04 5.718250181347537047e-20 1.210050491098756284e-20
1.603912062689940831e+04 7.921719817810700544e-20 1.368418271589022302e-20
1.604545462183302698e+04 5.667873621873457479e-20 1.184394928896738757e-20
1.605178857495245029e+04 7.541987452625993132e-20 1.325691661146163095e-20
1.605812248623971391e+04 4.113588558667900044e-20 1.285709399254602281e-20
1.606445635567694990e+04 3.995860059534322111e-20 1.221364176255820636e-20
1.607079018323745186e+04 7.736126783935990825e-21 1.215087870337516961e-20
1.607712396889830779e+04 3.672345723449934374e-20 1.375940693056540921e-20
1.608345771264243194e+04 4.119001599029168103e-20 1.309774247411565992e-20
1.608979141444960806e+04 4.733410347552689247e-20 1.188521573467100316e-20
1.609612507429927246e+04 3.944723601796238598e-20 1.236133359054868315e-20
1.610245869217365180e+04 5.820952874050711890e-20 1.289847625820751334e-20
1.610868282524093411e+04 2.745629190306452481e-20 1.284924833098574863e-20
1.611501635145405089e+04 1.453353637052547378e-20 1.198570769193289507e-20
1.612134983561829358e+04 4.575574253602858809e-20 1.290944050068811802e-20
1.612768327771985787e+04 6.093150300099608129e-20 1.223422627502572996e-20
1.613401667773307599e+04 4.247022865045175896e-20 1.137819737421378661e-20
1.614035003563772079e+04 5.723157439306656555e-20 1.240279624326996691e-20
1.614668335140911404e+04 4.951268259706387956e-20 1.247793089525833676e-20
1.615301662502656836e+04 3.874712529187285311e-20 1.220500215241384235e-20
1.615934985647393478e+04 2.429300244654921279e-20 1.223918444276584910e-20
1.616568304572647685e+04 5.751872711244980219e-20 1.297076908726132830e-20
1.617201619276350721e+04 4.052026284638071177e-20 1.204340152585491925e-20
1.617834929756215570e+04 2.482882572690847410e-20 1.276207555918006702e-20
1.618468236010093460e+04 2.355721868303135245e-20 1.180749135936610229e-20
1.619101538035832164e+04 4.561529700502279696e-20 1.260391990082691661e-20
1.619734835831470446e+04 5.109253198234244281e-20 1.276562745943800437e-20
1.620368129394688367e+04 5.407961138834434391e-20 1.225684644180548927e-20
1.621001418723666029e+04 8.742979082012332235e-20 1.237454515888803191e-20
1.621634703816102774e+04 1.373252807998989273e-20 1.163264337986819001e-20
1.622267984669585530e+04 4.751962064642741103e-20 1.132780053359070695e-20
1.622901261281710140e+04 7.119483234342660232e-20 1.240828688579861175e-20
1.623534533651256970e+04 2.127047954709059749e-20 1.214989451482226038e-20
1.624167801775301814e+04 6.140595254712712634e-20 1.265053523082635804e-20
1.624801065652197576e+04 7.669849647366204674e-20 1.303259262173479816e-20
1.625434325279626864e+04 6.075301198528348823e-20 1.259636996297989893e-20
1.626067580655161146e+04 5.219869378130173425e-20 1.262647245443454368e-20
1.626700831776817176e+04 5.184350978549802682e-20 1.194533858513878060e-20
1.627334078642186978e+04 4.723345344760232849e-20 1.150512044314394111e-20
1.627967321249759334e+04 3.325539262188634424e-20 1.213602751788051181e-20
1.628600559596710809e+04 2.985670595332848191e-20 1.130073306858297040e-20
1.629233793681045427e+04 6.237524694160029228e-20 1.163622523171165539e-20
1.629867023500908545e+04 5.819135633582096557e-20 1.263795578539546024e-20
1.630500249053984226e+04 5.902482964856896677e-20 1.216978967926769772e-20
1.631133470338013103e+04 3.827032718408123862e-20 1.222793377140220906e-20
1.631766687350465509e+04 3.289167316861295841e-20 1.132643653822464082e-20
1.632399900089608491e+04 3.982506914912504464e-20 1.186151861155248973e-20
1.633033108553259626e+04 2.592503128827984054e-20 1.125606543886205434e-20
1.633666312739228852e+04 4.716388903082502026e-20 1.177496919006935735e-20
1.634299512645184950e+04 6.115390870752221733e-20 1.278813524608005992e-20
1.634932708269018440e+04 3.553544173078555401e-20 1.129819625455640093e-20
1.635565899608630389e+04 5.491107294266518006e-20 1.212965257030544046e-20
1.636199086661678484e+04 5.719078691039892187e-20 1.197416633977753589e-20
1.636832269426214771e+04 4.862257032667107253e-20 1.127938527567991785e-20
1.637465447899720857e+04 3.710376158585995820e-20 1.166141552703146149e-20
1.638098622080266250e+04 5.108028652502209774e-20 1.200098914627772727e-20
1.638731791965473167e+04 4.836619322595825950e-20 1.080982441633588467e-20
1.639364957553249042e+04 4.351245068426162570e-20 1.193590839848944653e-20
1.639998118841486576e+04 4.201562030918685903e-20 1.189358684583121716e-20
1.640631275827797072e+04 1.762389433529628421e-20 1.099344029053190399e-20
1.641264428510262951e+04 4.254518587716938981e-20 1.216272301787522738e-20
1.641897576886337265e+04 2.194356334995714623e-20 1.243298357417079216e-20
1.642530720953891432e+04 4.103556534509451812e-20 1.218024946867571568e-20
1.643163860711084271e+04 7.923837355664365379e-20 1.229332215957220063e-20
1.643796996155443412e+04 6.313338171328636709e-20 1.233068823168997060e-20
1.644430127284589253e+04 2.615809008394582894e-20 1.254327902714403573e-20
1.645063254096670789e+04 7.736275421657229409e-20 1.355561309310538266e-20
1.645696376589120337e+04 5.237597230124172639e-20 1.310361654599597670e-20
1.646329494759993031e+04 8.476701230285611201e-20 1.229962923537937958e-20
1.646962608607083894e+04 2.672682963563567376e-20 1.177383919100486048e-20
1.647595718127899818e+04 7.427336723352906446e-20 1.310338764014673273e-20
1.648228823320588344e+04 1.766328428916837536e-20 1.201347241589168366e-20
1.648861924182588700e+04 2.914305321792664391e-20 1.154479702539627716e-20
1.649495020711922189e+04 2.149306958605891875e-20 1.155993055537426069e-20
1.650128112906388196e+04 3.680253240004391282e-20 1.137912289914178479e-20
1.650761200763670786e+04 5.626448088303049912e-20 1.305310460010277545e-20
1.651394284281368527e+04 7.038573393061525477e-20 1.296849230781250777e-20
1.652027363457443062e+04 4.210376620187965692e-20 1.146604399004324918e-20
1.652660438289824015e+04 4.192670344228360987e-20 1.236606019110218114e-20
1.653293508776119052e+04 4.049859333540528633e-20 1.201126833724335217e-20
1.653926574914018420e+04 3.368045330058416472e-20 1.226932948644577301e-20
1.654559636701441559e+04 2.690726382772027121e-20 1.216458390976308244e-20
1.655192694136090722e+04 4.144884476481226671e-20 1.168040316337881686e-20
1.655825747215726005e+04 5.277331084845814329e-20 1.183742970869198367e-20
1.656458795937923423e+04 4.456206536313352290e-20 1.276378451159286405e-20
1.657091840300810873e+04 2.803121108818216959e-20 1.249715634307737825e-20
1.657724880301964731e+04 3.907751648661580065e-20 1.330858419423672387e-20
1.658357915939139639e+04 5.701765468936037102e-20 1.247185589412005601e-20
1.658990947209933802e+04 3.354715365852073150e-20 1.226847925506664784e-20
1.659623974112430733e+04 5.606176114182148399e-20 1.232819135217249086e-20
1.660256996644395258e+04 6.228521474508843631e-20 1.201984713003930315e-20
1.660890014803239319e+04 5.236475585412706565e-20 1.143379156102587315e-20
1.661523028586860892e+04 7.180474774407628824e-20 1.267101682544378684e-20
1.662156037993035352e+04 6.152980402752378095e-20 1.323059262726684585e-20
1.662789043019499877e+04 4.272286718983763760e-20 1.298841835337108460e-20
1.663422043663991644e+04 5.071619782500282603e-20 1.329644177314424663e-20
1.664055039924270750e+04 2.406323245812922176e-20 1.201422747103897113e-20
1.664688031798063457e+04 7.502319911925577837e-20 1.235687912888331353e-20
1.665321019283116402e+04 5.632167284962909391e-20 1.258053130516380171e-20
1.665954002377178040e+04 1.904023080162413268e-20 1.224158418774463313e-20
1.666586981077960445e+04 4.451511343848279759e-20 1.278339669088925939e-20
1.667219955383222623e+04 4.953213371593002751e-20 1.365938220574805912e-20
1.667852925290691564e+04 6.707408754624121201e-20 1.243931311216189642e-20
1.668485890798263426e+04 5.017882661030999013e-20 1.277263674037117514e-20
1.669118851903336690e+04 3.995888123239385720e-20 1.274844510222274929e-20
1.669751808603800237e+04 6.347258739808758140e-20 1.246985729366941228e-20
1.670384760897384695e+04 3.558236086325405459e-20 1.226334785014595605e-20
1.671017708781914189e+04 4.826103554062761608e-20 1.233340786895146336e-20
1.671650652254912711e+04 1.606897625012302685e-20 1.265212896037725203e-20
1.672283591314212390e+04 2.788049002160288148e-20 1.198066928031562600e-20
1.672916525957703197e+04 3.934488515593397739e-20 1.343191543123608706e-20
1.673549456182741778e+04 4.392265330665704813e-20 1.346109309368570466e-20
1.674182381987413464e+04 6.018477733167191454e-20 1.220518943588033073e-20
1.674815303369067988e+04 4.655352667069837780e-20 1.451028110260467847e-20
1.675448220325598595e+04 6.395315896021086015e-20 1.224074825054064589e-20
1.676081132854831230e+04 4.589852511129295550e-20 1.218663752649643131e-20
1.676703013919720615e+04 4.733259337097755315e-20 1.258788180036779151e-20
1.677335916815775272e+04 2.699488504274692337e-20 1.103755154684279321e-20
1.677968815276531677e+04 4.482528708530601829e-20 1.200233339789623375e-20
1.678601709300785296e+04 4.410957198668335360e-20 1.193172894042953599e-20
1.679234598886074309e+04 2.997197065083436833e-20 1.204644742997826660e-20
1.679867484029909974e+04 3.495016725584587087e-20 1.249904555385220182e-20
1.680500364730265937e+04 3.824807246202112740e-20 1.191294381806167670e-20
1.681133240984665463e+04 2.992999627968164697e-20 1.174494588634217830e-20
1.681766112791054547e+04 4.046882594748168553e-20 1.259642508378713015e-20
1.682398980146886242e+04 2.181142967913832317e-20 1.254346160727138905e-20
1.683031843050005409e+04 5.011184734168366323e-20 1.314192453956538045e-20
1.683664701497858186e+04 3.383329360182254574e-20 1.202654957439202471e-20
1.684297555488479702e+04 2.198833974363049968e-20 1.155521558110058153e-20
1.684930405019199679e+04 5.519242407123500155e-20 1.285877592922410475e-20
1.685563250087979759e+04 4.834057538338119269e-20 1.167961426520103301e-20
1.686196090692494545e+04 3.129087020216412708e-20 1.344737015026320576e-20
1.686828926830256387e+04 5.092215020777321803e-20 1.229253963147103633e-20
1.687461758499298230e+04 2.129936669580024080e-20 1.362202910060126528e-20
1.688094585696767172e+04 4.074935482206323573e-20 1.132675959145100507e-20
1.688727408420782012e+04 3.960638155031243263e-20 1.230293199181143141e-20
1.689360226668585528e+04 5.738148956211607779e-20 1.284624568913991903e-20
1.689993040438276148e+04 4.088121159195340008e-20 1.320843689381648046e-20
1.690625849727369859e+04 1.587276049936687523e-20 1.146605876297806719e-20
1.691258654533344452e+04 3.304157745257541720e-20 1.200440210153033697e-20
1.691891454854316544e+04 4.477172411909451176e-20 1.216547998769812673e-20
1.692524250687521635e+04 6.080816197581123354e-20 1.305933543163751703e-20
1.693157042031042147e+04 3.488482798222644475e-20 1.285897220422591883e-20
1.693789828882041547e+04 4.230816778006182721e-20 1.297201802045129297e-20
1.694422611238509853e+04 5.821446405886689072e-20 1.274419602002032485e-20
1.695055389097943771e+04 3.275198499509749425e-20 1.280595204094959870e-20
1.695688162458180886e+04 -1.507321665081533059e-20 1.235329757396003885e-20
1.696320931316775386e+04 3.787747538883853883e-20 1.344138627144682020e-20
1.696953695671312744e+04 6.285450836100850156e-20 1.288629842527693815e-20
1.697586455519696756e+04 5.112550401449789236e-20 1.279688621820283952e-20
1.698219210859320083e+04 3.072977847018243481e-20 1.222875500219295042e-20
1.698851961688190568e+04 5.434785540697971354e-20 1.286665697831404364e-20
1.699484708004278218e+04 5.741898030499113807e-20 1.216698206205216634e-20
1.700117449888323972e+04 5.509672431377529823e-20 1.407617781581264439e-20
1.700739130636035043e+04 5.837659824577224123e-20 1.203195032325481018e-20
1.701371862621058608e+04 3.746857263466791986e-20 1.208591704889642643e-20
1.702004590083279254e+04 1.064995120414067585e-20 1.218676541097908970e-20
1.702637313020318470e+04 -7.635079234986232078e-21 1.258498486075276621e-20
1.703270031429474693e+04 6.356315284468593546e-20 1.228403792095994010e-20
1.703902745308727754e+04 5.035809190441757912e-20 1.265925330298111660e-20
1.704535454655628564e+04 2.283259816542107306e-20 1.311335770018587172e-20
1.705168159467907753e+04 4.277134171894821022e-20 1.299425234897919004e-20
1.705800859742991452e+04 4.309956957378252008e-20 1.266511936690740912e-20
1.706433555478896233e+04 3.997325139881627642e-20 1.269064046022873666e-20
1.707066246672688794e+04 3.065069319351159197e-20 1.201440591747850006e-20
1.707698933322362063e+04 3.254994132884716620e-20 1.174521850869961068e-20
1.708331615425366545e+04 5.361192793277226966e-20 1.228210434498101685e-20
1.708964292979481979e+04 4.024758555639834177e-20 1.188379219980868735e-20
1.709596965982263646e+04 -1.852467881353604470e-21 1.168988175943383607e-20
1.710229634431404702e+04 2.695488378352861570e-20 1.263922223903052978e-20
1.710862298324341828e+04 4.727224570732955109e-20 1.251136129892380421e-20
1.711494957658701242e+04 2.746949957075385985e-20 1.239588479403365806e-20
1.712127612432161914e+04 3.193234756776456964e-20 1.273498814115101124e-20
1.712760262642634552e+04 3.986446822849053982e-20 1.276366062848170466e-20
1.713392908287255341e+04 4.646909603180597842e-20 1.212214467240127773e-20
1.714025549363818936e+04 3.521229718870548240e-20 1.191521724117768589e-20
1.714658185869849331e+04 6.840913723808209616e-20 1.386742086619269650e-20
1.715290817803292157e+04 4.737321927160191675e-20 1.308886424949381591e-20
1.715923445161317795e+04 2.578262259368210965e-20 1.374636337645878515e-20
1.716556067941601577e+04 4.483575497840801363e-20 1.358534839124383053e-20
1.717188686141930157e+04 1.930800004000444807e-20 1.270120515953606023e-20
1.717821299759907924e+04 3.552544730245424038e-20 1.220825765533736053e-20
1.718453908793109076e+04 3.176081509973176279e-20 1.265994195249318580e-20
1.719086513239059423e+04 2.699723946817313776e-20 1.247270251754963663e-20
1.719719113095056309e+04 5.582180448768863885e-20 1.403390968058803601e-20
1.720351708359065015e+04 5.240980585977356239e-20 1.261579569385299450e-20
1.720984299028585883e+04 7.683571436254904652e-20 1.274092552296971546e-20
1.721616885101371372e+04 3.675665288847512703e-20 1.202476596289549584e-20
1.722249466574566759e+04 3.596848951565649327e-20 1.308492052009009499e-20
1.722882043446104217e+04 7.774229609834585360e-20 1.336796524175872770e-20
1.723514615713575404e+04 1.794749176338038294e-20 1.313505084550889413e-20
1.724147183374742963e+04 4.230257964015121257e-20 1.292208849208086656e-20
1.724779746426528072e+04 2.260283007035701795e-20 1.237905227035889158e-20
1.725412304866893464e+04 5.961997601202304988e-20 1.309920010774248094e-20
1.726044858693572314e+04 2.367039114656936658e-20 1.335298471865952413e-20
1.726677407903879794e+04 7.931339942435132196e-20 1.385169062278635214e-20
1.727309952495377365e+04 3.265255055132181352e-20 1.258226528403386980e-20
1.727942492465721079e+04 6.737698971964440103e-20 1.262583331339637112e-20
1.728575027812769986e+04 6.908307143021775484e-20 1.263625340322044009e-20
1.729207558533690462e+04 4.031271692426952579e-20 1.268888467471733396e-20
1.729840084625979216e+04 3.845826007473923330e-20 1.232263303428626910e-20
1.730472606087553868e+04 3.459936720376999846e-20 1.311961440780531891e-20
1.731105122915601896e+04 5.310914724398620820e-20 1.306760908714028868e-20
1.731737635108062750e+04 3.226340403074618517e-20 1.226433150508233881e-20
1.732370142662191938e+04 3.123437908869116172e-20 1.240752665614157742e-20
1.733002645575566203e+04 2.014485081093096210e-20 1.222242180470806374e-20
1.733635143846181745e+04 3.572579638705887423e-20 1.162771706946098010e-20
1.734267637471042326e+04 6.457362573662275010e-20 1.320643367718171071e-20
1.734900126447695220e+04 5.876077980321673200e-21 1.233131316110164876e-20
1.735532610774046407e+04 5.631930359033117766e-20 1.241599843807928206e-20
1.736165090447381590e+04 1.479266941875190567e-20 1.149889149965693247e-20
1.736797565465403386e+04 1.974954035986678440e-20 1.337441343206194856e-20
1.737430035825394225e+04 1.969521491586974678e-20 1.247737240526550477e-20
1.738062501525629341e+04 1.862124475007866308e-20 1.262420134607184073e-20
1.738694962562522051e+04 5.458877155138805418e-20 1.237659330702152076e-20
1.739327418934181696e+04 5.115774685438638273e-20 1.147273800871389850e-20
1.739959870638304710e+04 3.243195779459644133e-20 1.315423562670653176e-20
1.740592317672260106e+04 4.473183234628910954e-20 1.355883624828129670e-20
1.741224760033464554e+04 4.103164309739251620e-20 1.433487417210830692e-20
1.741857197719830219e+04 1.028245455468347114e-20 1.300831015813248718e-20
1.742489630728508200e+04 3.113318631227080941e-20 1.214341680257576986e-20
1.743122059056917715e+04 5.028187493786197472e-20 1.284738841215053623e-20
1.743754482702881432e+04 1.919386854629136811e-20 1.282903145138216832e-20
1.744386901663799290e+04 5.724498581828113091e-20 1.228490184371089442e-20
1.745019315937213105e+04 2.642655240820223889e-20 1.322191416473461628e-20
1.745651725520626132e+04 5.160412875063168094e-20 1.233162612798727498e-20
1.746284130411743536e+04 4.543179120036428209e-20 1.218676811665623870e-20
1.746916530607708410e+04 6.188313903731080980e-20 1.289383250400042034e-20
1.747548926106014915e+04 8.375748436319961577e-20 1.338054934497611783e-20
1.748181316904758569e+04 6.310450335828067905e-20 1.277911808020789494e-20
1.748813703000858004e+04 8.602419181191627430e-20 1.326558446213615610e-20
1.749446084392214834e+04 6.647202955913000681e-20 1.274590145212513797e-20
1.750078461075944870e+04 6.775097615869641040e-20 1.260583945890595730e-20
1.750710833049737630e+04 4.983355328818552984e-20 1.284048422972432063e-20
1.751343200311198598e+04 5.580321491254262882e-20 1.252114351489827575e-20
1.751975562857519253e+04 2.404306427016653469e-20 1.221868279555100397e-20
1.752607920686503348e+04 5.860817783399019589e-20 1.361477607475848728e-20
1.753240273795814574e+04 2.170222357172168966e-20 1.338809343754912937e-20
1.753872622182390842e+04 3.643733595594623377e-20 1.315877658161680938e-20
1.754504965844000981e+04 5.185907344436644227e-20 1.306518959296244231e-20
1.755137304778127509e+04 5.223584192524196313e-20 1.323797220644824253e-20
1.755769638982462493e+04 2.752807107765776785e-20 1.184137161540112121e-20
1.756401968454277812e+04 6.055632176920752699e-20 1.341833983603880693e-20
1.757023164173501209e+04 5.769675694385657568e-20 1.159381685898043783e-20
1.757655483473319691e+04 2.792355750284527861e-20 1.179807974825909225e-20
1.758287797947636136e+04 2.114997096127230459e-20 1.218171764419455555e-20
1.758920107678388376e+04 -1.317666174098218308e-21 1.303285719836250177e-20
1.759552412664012809e+04 2.463740939064198562e-20 1.261586371571545355e-20
1.760184712901798412e+04 3.575827979434313870e-20 1.228935913209722531e-20
1.760817008389203329e+04 2.530831081701425430e-20 1.193348718915704637e-20
1.761449299123903620e+04 5.972343323861134392e-20 1.266282903844085716e-20
1.762081585103347606e+04 4.127678383038475592e-20 1.355720005666083679e-20
1.762713866325015624e+04 5.364036583080887747e-20 1.349387668679698700e-20
1.763346142785891425e+04 4.752909794187919176e-20 1.296108251032005131e-20
1.763978414484095629e+04 8.967945727993781120e-21 1.256079595513031598e-20
1.764610681416720399e+04 3.514836930015131605e-20 1.407289913026479261e-20
1.765242943581398868e+04 1.348177192389362460e-20 1.373754652289058784e-20
1.765875200975600819e+04 3.081903026952504559e-20 1.333872781268714312e-20
1.766507453596480991e+04 4.051732794596128422e-20 1.350220114281988020e-20
1.767139701441602665e+04 3.029296363277720765e-20 1.316114080749511575e-20
1.767771944508587694e+04 4.503931414430952263e-20 1.353771691101512131e-20
1.768404182794993540e+04 3.349257100069355476e-20 1.303980700943425924e-20
1.769036416297978212e+04 5.631971206066293243e-20 1.378412376077221460e-20
1.769668645015168659e+04 4.609723421310006728e-20 1.266765793695683652e-20
1.770300868943735259e+04 1.748714005184861473e-20 1.324557357268745085e-20
1.770933088081200549e+04 3.042696860965312830e-20 1.205217942178074806e-20
1.771565302425675327e+04 1.171365379369242611e-21 1.437392734299140327e-20
1.772197511973453220e+04 3.701474656688911663e-20 1.337596705098783384e-20
1.772829716722637750e+04 7.999843154155821498e-20 1.336701358188022580e-20
1.773461916670656137e+04 2.976378700886369696e-20 1.420492112659339524e-20
1.774094111814944335e+04 6.567683084896670190e-20 1.323185434681259440e-20
1.774726302060233138e+04 7.676253068993104318e-20 1.326684829741006184e-20
1.775358477327495348e+04 2.433304763029444371e-20 1.287468829066498017e-20
1.775990642900670719e+04 2.468050620533216420e-20 1.357387560548345025e-20
1.776622803617487807e+04 6.420447148349710406e-20 1.282788942025692588e-20
1.777254959517962561e+04 4.207875146805337038e-20 1.288508582517668507e-20
1.777887110599491280e+04 4.916108436555647818e-21 1.281765890982902152e-20
1.778519256860300811e+04 3.955285959621685269e-20 1.180784466211595498e-20
1.779140242074177877e+04 3.721197438532608294e-20 1.221411388921913440e-20
1.779772377894286910e+04 4.949504839698273048e-20 1.205534839317477488e-20
1.780404508884702227e+04 3.856564217334644333e-20 1.229443098249656108e-20
1.781036635043138085e+04 8.905566043324605013e-21 1.270152306402275024e-20
1.781668756366911475e+04 2.942159486621388770e-20 1.298560445195946309e-20
1.782300872853805777e+04 7.784605846470277589e-20 1.370397751172693480e-20
1.782932984500853127e+04 6.629574989871445613e-20 1.247732181360742260e-20
1.783565091305428359e+04 7.963589470719227381e-20 1.362404050165848212e-20
1.784197193265156238e+04 5.376582100911583168e-20 1.288552795011532283e-20
1.784829290377410871e+04 3.510779034416292300e-20 1.345645318571888362e-20
1.785461382639312069e+04 9.018514330133257352e-20 1.252858736551709093e-20
1.786093470048537347e+04 6.012699930521552087e-20 1.406990156678819793e-20
1.786725552602285825e+04 5.597252346718113463e-21 1.276639601062825729e-20
1.787357630298344156e+04 6.047074714015930331e-20 1.319936734306923551e-20
1.787989703133500734e+04 4.119704671612776867e-20 1.271575388337057025e-20
1.788621771105552762e+04 5.531678411979173679e-20 1.371937149111412715e-20
1.789253834211661888e+04 4.605900787620977666e-20 1.236142589396213146e-20
1.789885892449731909e+04 4.131147596271665252e-20 1.423981102818240771e-20
1.790517945816229621e+04 4.134479913048347353e-20 1.439714888443221008e-20
1.791149994309441900e+04 5.591444402965447425e-20 1.430420854512181085e-20
1.791782037925942859e+04 2.737480711299921078e-20 1.282253181441161811e-20
1.792414076663902597e+04 1.481996434568942610e-20 1.260754612486576686e-20
1.793046110520001821e+04 3.829153959705207892e-20 1.462976510394198337e-20
1.793678139492199625e+04 7.537994099003559417e-20 1.325885093812056482e-20
1.794310163577479398e+04 5.367603333992917102e-20 1.392079219316945340e-20
1.794942182773189779e+04 4.127834140850869953e-20 1.270357590709771775e-20
1.795574197076917335e+04 7.226611828427866409e-20 1.232090685537197751e-20
1.796206206485797520e+04 4.184994700210011776e-20 1.326776046554047804e-20
1.796838210997317583e+04 6.852685396762427999e-20 1.224394389076126108e-20
1.797470210609114656e+04 3.337174732644070878e-20 1.209214506767537604e-20
1.798102205317763219e+04 6.927977184198386629e-20 1.306358037432779499e-20
1.798734195121405355e+04 3.736461544288037678e-20 1.314150898259320442e-20
1.799366180017197985e+04 4.173334619155161726e-20 1.213248277707624695e-20
1.799998160002195436e+04 5.304103411224463295e-20 1.219802729389305163e-20
1.800630135074036298e+04 1.076829171604589693e-20 1.267308929748720727e-20
1.801262105230083762e+04 3.615629526614901452e-20 1.208175357090959241e-20
1.801894070467360143e+04 6.765314004828694909e-20 1.307937846628512683e-20
1.802526030783534588e+04 3.145808335934731727e-20 1.140060605811671710e-20
1.803157986175717451e+04 6.412005934324584523e-20 1.208670379073514047e-20
1.803789936641778695e+04 4.699527541233196370e-20 1.163515344608040954e-20
1.804421882178227679e+04 2.764016216327103011e-20 1.188120733626128734e-20
1.805053822782919815e+04 -3.707170900666391766e-22 1.327203703457107632e-20
1.805685758453175731e+04 3.498861828577070116e-20 1.306744569081249787e-20
1.806317689186231291e+04 3.744008976576622226e-20 1.342178447803140373e-20
1.806949614979112448e+04 1.843221568335886376e-20 1.336308057336533297e-20
1.807581535829746645e+04 3.581739737386311389e-20 1.234791346110384376e-20
1.808213451735266426e+04 4.368186964135543591e-20 1.246382642869122900e-20
1.808845362692675917e+04 3.614197411652741397e-20 1.255791919264999372e-20
1.809477268699417255e+04 5.787713877141359117e-20 1.213122378879077994e-20
1.810109169753086826e+04 5.209489107221158482e-20 1.271545983469313234e-20
1.810741065850929954e+04 3.758220555627512368e-20 1.300307020163823423e-20
1.811372956989825252e+04 4.787593869845074982e-20 1.242714083435868495e-20
1.812004843167620129e+04 1.868418873824418638e-20 1.290497024901287157e-20
1.812636724381603563e+04 1.737702366159182970e-20 1.293878173734764805e-20
1.813268600628490094e+04 7.236600889680045217e-20 1.316820631008687704e-20
1.813900471906185339e+04 2.131841222828171314e-20 1.410997738687335334e-20
1.814532338211797105e+04 1.081824467556583477e-20 1.309182882587227464e-20
1.815164199542523784e+04 3.906137060672723959e-20 1.324066683329354829e-20
1.815796055895867175e+04 3.291437566278276293e-20 1.250354613210808141e-20
1.816427907269236312e+04 3.840563476418341886e-20 1.261851773057527512e-20
1.817059753659299895e+04 1.845141732759252461e-20 1.200141585085539084e-20
1.817691595063882778e+04 5.196349324683124308e-20 1.261750492395318239e-20
1.818323431480562431e+04 4.185443041736037557e-20 1.266236270709973914e-20
1.818955262905834388e+04 1.917187893392293766e-20 1.243229618366883357e-20
1.819587089337470752e+04 4.045308795210006479e-20 1.255191715389912698e-20
1.820218910772787422e+04 8.507422871311820024e-20 1.280475948659266316e-20
1.820850727208733588e+04 4.197796417946083780e-20 1.258130194508761637e-20
1.821482538642923828e+04 2.850887144569342469e-20 1.206807347489627284e-20
1.822114345072720243e+04 4.400556174619302695e-20 1.293043280935981343e-20
1.822746146495007633e+04 4.558416324535814393e-20 1.334747495454814962e-20
1.823377942907252873e+04 5.349503280859469682e-20 1.283523609647254492e-20
1.824009734306945029e+04 4.299182874037098746e-20 1.326888403940279809e-20
1.824641520690941252e+04 3.634897215063733201e-20 1.293632648955932650e-20
1.825273302056716057e+04 5.469670646008462296e-20 1.238792265292365354e-20
1.825905078401748688e+04 4.504862725191033719e-20 1.344416533092545740e-20
1.826536849722882471e+04 6.191788726500257879e-20 1.434779292163775229e-20
1.827168616017601380e+04 4.411170816124135881e-20 1.312635408856072454e-20
1.827800377283357011e+04 6.831741191118295323e-20 1.324843693544381569e-20
1.828432133517014881e+04 4.421124019363497668e-20 1.344402637945862275e-20
1.829063884716016400e+04 3.528507824815968160e-20 1.265150644944401714e-20
1.829684408075226020e+04 3.744271707527921652e-20 1.325192058415846800e-20
1.830316148398563018e+04 3.198063190894297587e-20 1.260295285178523814e-20
1.830947883678399376e+04 3.845860108799879554e-20 1.212973578719951640e-20
1.831579613912273271e+04 3.410857183010365996e-20 1.268508094605680391e-20
1.832211339097547534e+04 2.944506255127761963e-20 1.378588389701959061e-20
1.832843059231857114e+04 3.028897596721556710e-20 1.241504672858552363e-20
1.833474774311953661e+04 3.888556310303401358e-20 1.330566546598388787e-20
1.834106484335061759e+04 4.276702760504997730e-20 1.396673145058098087e-20
1.834738189299047372e+04 -1.172601057703695006e-20 1.402361289977443459e-20
1.835369889200522448e+04 5.067876346277980561e-20 1.307909280044358565e-20
1.836001584037038629e+04 8.052149024818455783e-20 1.337455533201359427e-20
1.836633273805409772e+04 4.462222161780573540e-20 1.365473573327543495e-20
1.837264958503797970e+04 4.316445741231819620e-20 1.357706101902942941e-20
1.837896638128398263e+04 -1.368203873535929750e-20 1.237537184095051821e-20
1.838528312676852147e+04 2.216974584716016501e-20 1.413655092810968429e-20
1.839159982146378388e+04 3.207123254827210324e-20 1.450777282619210471e-20
1.839791646534207393e+04 3.670317337537804764e-20 1.312629867005082738e-20
1.840423305837758744e+04 3.307965810823927710e-20 1.295504482485671819e-20
1.841054960053741888e+04 2.093220479108699197e-20 1.380647852510409989e-20
1.841686609180089363e+04 1.834474965722308821e-20 1.252707062046581514e-20
1.842318253213293792e+04 3.166272088559008404e-20 1.250426855135171986e-20
1.842949892150982851e+04 4.716320972019849768e-20 1.380511521561214932e-20
1.843581525990255977e+04 1.756957476894387098e-20 1.278899758732171060e-20
1.844213154728331574e+04 4.744526771447150590e-20 1.287031342168894562e-20
1.844844778362298166e+04 2.506835683341815624e-20 1.399908017074526614e-20
1.845476396889683383e+04 4.011364173162534535e-20 1.385598695939672253e-20
1.846108010307057702e+04 2.581115240951950066e-20 1.415852775952811528e-20
1.846739618612768754e+04 3.656068656627441614e-20 1.404740854704170902e-20
1.847371221802760556e+04 3.183038516013262980e-20 1.433943110077008040e-20
1.848002819874859051e+04 5.581372526604872862e-20 1.286417410772218467e-20
1.848634412826968764e+04 5.726485467650677535e-20 1.444489655200062455e-20
1.849266000745731071e+04 4.640867946321455173e-20 1.404013835956270282e-20
1.849886334927170537e+04 4.090004348721828618e-20 1.328418558651032464e-20
1.850517911696364899e+04 6.158429870309955097e-21 1.346730178071919638e-20
1.851149483333369062e+04 1.947628014608608252e-20 1.471038772081902111e-20
1.851781049835494923e+04 8.088861193509156009e-21 1.427574051285210305e-20
1.852412611199577805e+04 6.477263635163597468e-20 1.347851582606461504e-20
1.853044167423464023e+04 1.827932860633597837e-20 1.504045172562682499e-20
1.853675718503444659e+04 5.785552908824609948e-20 1.387133252849932560e-20
1.854307264437473350e+04 4.015595449071489194e-20 1.457503675631703672e-20
1.854938805222155497e+04 8.129242752956545975e-20 1.454066871411025490e-20
1.855570340854905589e+04 1.658573954271466406e-20 1.407186038656383958e-20
1.856201871332967494e+04 1.733345769415527990e-20 1.412440277136973787e-20
1.856833396653432646e+04 2.307307150013359442e-20 1.373126546156103775e-20
1.857464916813538002e+04 4.335356019042658100e-20 1.445175098900543639e-20
1.858096431810261856e+04 4.749368484238749493e-20 1.449706206082126782e-20
1.858727941640733115e+04 1.890890663840545658e-20 1.351098221739947600e-20
1.859359446302459764e+04 3.909309064669104914e-20 1.387376784764854084e-20
1.859990945792030470e+04 3.933439503163333314e-20 1.451263130339447698e-20
1.860622440107274087e+04 4.848034052757709726e-20 1.477137581862903862e-20
1.861253929244879691e+04 5.160612160314787232e-20 1.368019886985560725e-20
1.861885413202023119e+04 -5.891149141667869799e-21 1.288731510144847635e-20
1.862516891976476836e+04 1.499250383258136071e-20 1.389586549504770444e-20
1.863148365564323831e+04 1.715481404097787315e-20 1.354808230261157955e-20
1.863779833963223427e+04 5.777618571483247368e-20 1.493740803287065838e-20
1.864411297170666876e+04 2.307018207091878162e-20 1.498861168946357376e-20
1.865042755183225381e+04 1.454677171013344478e-20 1.419536300567362505e-20
1.865674207998382917e+04 4.363794960398262203e-20 1.394540284164937705e-20
1.866305655613032650e+04 5.194363316308340755e-20 1.472887962000199717e-20
1.866937098024545048e+04 4.947154636678958451e-20 1.545438320216276014e-20
1.867568535229594272e+04 4.444348287141834148e-20 1.509649640722227216e-20
1.868199967226198714e+04 3.975774745054722456e-20 1.409274408170981794e-20
1.868831394010590884e+04 6.059842991306310735e-20 1.299133367988810376e-20
1.869462815580458846e+04 6.226956005144789169e-20 1.439608515453246097e-20
1.870094231932577168e+04 3.145980870994037767e-20 1.396480272023915708e-20
1.870725643064081669e+04 5.383435864170922566e-20 1.380610644975637600e-20
1.871357048972288976e+04 2.894740404573511791e-20 1.380362927930487371e-20
1.871988449654113356e+04 2.945382272887371968e-20 1.341905798962053337e-20
1.872619845106976936e+04 2.706515309051423322e-20 1.344304897389389206e-20
1.873251235327680115e+04 6.072918704389648756e-20 1.359987713230925487e-20
1.873882620313529333e+04 7.060679745248668792e-20 1.393359938002404522e-20
1.874514000061542174e+04 5.442577603225049778e-20 1.458694064331632344e-20
1.875145374568467741e+04 5.605741964367059658e-20 1.408257160855013591e-20
1.875776743832093416e+04 4.897185493388963248e-20 1.395046856268962029e-20
1.876408107849052612e+04 4.650186494129349727e-20 1.459478463329619677e-20
1.877039466616685240e+04 1.146658504087350146e-20 1.449990505408865269e-20
1.877670820131513392e+04 1.886906644509601623e-21 1.603869807145223367e-20
1.878302168391755913e+04 1.108729919659828777e-20 1.570911359875438930e-20
1.878933511393483786e+04 6.007015564564018782e-20 1.410968186230689096e-20
1.879564849134476390e+04 3.155793567879199187e-20 1.361454489608246598e-20
1.880196181611016436e+04 3.082045578084235207e-20 1.679216335894613508e-20
