1.831010074163760873e+04 4.517353209970021555e-20 4.177609694041984002e-21
1.832073668006059961e+04 6.011780246307042202e-20 3.006363387129211537e-21
1.833137257197694635e+04 6.830768892052486355e-20 3.208773041135546207e-21
1.834200841735066206e+04 6.513567399599085903e-20 3.033594731505481378e-21
1.835264421613766535e+04 5.893680966395586831e-20 3.060511262584319202e-21
1.836327996833490033e+04 5.960995048405205736e-20 3.132160823614744326e-21
1.837391567389212651e+04 7.346508898610649376e-20 3.175177004670253856e-21
1.838455133278157518e+04 6.454971970233697374e-20 3.173578605800958758e-21
1.839518694498595141e+04 6.379032276680033294e-20 3.174928020942981344e-21
1.840582251046919191e+04 6.903871308838856817e-20 3.285673685605303604e-21
1.841645802918510526e+04 6.652279458361183449e-20 3.188544268607848943e-21
1.842709350113278560e+04 6.393170846965280418e-20 3.050501683833798436e-21
1.843772892626597604e+04 6.273105064731587347e-20 3.226364195816947890e-21
1.844836430454457513e+04 5.422988577441419737e-20 2.858738590719471120e-21
1.845899963596569796e+04 5.749038121782746175e-20 2.869373786347685575e-21
1.846963492048303306e+04 6.356222973366594266e-20 2.885957153535246541e-21
1.848027015805646079e+04 5.743825066287818392e-20 2.763796906054712186e-21
1.849090534868316536e+04 6.340317373149607983e-20 2.887080596073769206e-21
1.850154049231891258e+04 6.225672278822057618e-20 2.956305547246009779e-21
1.851217558892558372e+04 5.885401347954629457e-20 2.887770925861978075e-21
1.852281063848991107e+04 6.323230621364303659e-20 2.771453966961331784e-21
1.853344564096969043e+04 6.425870498327229294e-20 2.950733721943115007e-21
1.854408059633721496e+04 6.441580934870454694e-20 2.714493083599137778e-21
1.855471550456485420e+04 6.044506120993951532e-20 2.654668785654054279e-21
1.856535036562496316e+04 5.736604775459097561e-20 2.564139856040404812e-21
1.857598517948975132e+04 6.705830959771723164e-20 2.777662432669088245e-21
1.858661994611495174e+04 6.687150005397127839e-20 2.714990688763049046e-21
1.859725466549155317e+04 6.640299547812724095e-20 2.914569545163540286e-21
1.860788933757936684e+04 6.126438330223801606e-20 2.774971193313380421e-21
1.861852396233815307e+04 6.406636595941745602e-20 2.820368024346709136e-21
1.862915853975690334e+04 6.536686782768808287e-20 2.634531352057853720e-21
1.863979306979967077e+04 5.955942507374671256e-20 2.793546027736799496e-21
1.865042755243025749e+04 6.001619378842442215e-20 2.877828873152555321e-21
1.866106198762097119e+04 6.024816957655536542e-20 2.749622601992941079e-21
1.867169637534632784e+04 5.902300938747969047e-20 2.613076499776157497e-21
1.868233071558265510e+04 5.794224958028773430e-20 2.658423352786314370e-21
1.869296500827714408e+04 6.542335568509147572e-20 2.778499277386014816e-21
1.870359925342298084e+04 6.633032073085164777e-20 2.871929175247938338e-21
1.871423345098424033e+04 6.165730542476355404e-20 2.775983346358434249e-21
1.872486760092473196e+04 5.850783588128073915e-20 2.635550702671180891e-21
1.873550170321677433e+04 6.536846811265196968e-20 2.728411458945019841e-21
1.874613575783900524e+04 7.111914997933078765e-20 2.831190030426921986e-21
1.875676976475735864e+04 7.243560211717751110e-20 2.830714309160873043e-21
1.876740372392937570e+04 6.697691635427492726e-20 2.704367211567984806e-21
1.877803763533996607e+04 6.733755120416268333e-20 2.692843118403955367e-21
1.878867149895949115e+04 6.777003617356978018e-20 2.693711105292779285e-21
1.879930531475791213e+04 6.303827811303587155e-20 2.710436981462435638e-21
1.880993908268654923e+04 7.218567520852144988e-20 2.720894817080327118e-21
1.882057280274080404e+04 6.739582677919282447e-20 2.746241702399955319e-21
1.883120647488247414e+04 7.015752452241718352e-20 2.695780034778990989e-21
1.884184009907106156e+04 6.752033537294029157e-20 2.732327732649702125e-21
1.885247367528944233e+04 6.810469168272971446e-20 2.734900278893980006e-21
1.886310720350581323e+04 7.569262344979249282e-20 2.830550613091032885e-21
1.887374068369020824e+04 7.334218469586851207e-20 2.746185282588987363e-21
1.888437411580224580e+04 6.523946077068571498e-20 2.782007129009850899e-21
1.889500749982263733e+04 6.752370991917431011e-20 2.705088760329548577e-21
1.890564083572377058e+04 6.347602157304830998e-20 2.591384464218944397e-21
1.891627412347150675e+04 6.384519140141545383e-20 2.655652289808903600e-21
1.892690736303383164e+04 6.623937128922444194e-20 2.710243730363598892e-21
1.893754055438097566e+04 6.679163305031919302e-20 2.647922392299941504e-21
1.894817369749364661e+04 6.631215122636832813e-20 2.586686369789509519e-21
1.895880679232926923e+04 6.402778781823850846e-20 2.657346747250712139e-21
1.896943983885785929e+04 6.505570627161299257e-20 2.694119820506715697e-21
1.898007283705593727e+04 5.982630759966094571e-20 2.591600484342984097e-21
1.899070578689594186e+04 5.865732936072237564e-20 2.604843057177917651e-21
1.900133868834575333e+04 6.236927643143176874e-20 2.627482102874703291e-21
1.901197154136278186e+04 6.861946898791415358e-20 2.732965815417248078e-21
1.902260434593413811e+04 6.954627837585899039e-20 2.641476505476994308e-21
1.903323710202580696e+04 5.937399326957399678e-20 2.588434191766804021e-21
1.904386980960355140e+04 6.678743072534965494e-20 2.730888627015377200e-21
1.905450246863746361e+04 7.069818207313904392e-20 2.945432524546016095e-21
1.906513507909779219e+04 6.312359826141206556e-20 2.695379955319961486e-21
1.907576764096945044e+04 6.509706130337559382e-20 2.650343408070289996e-21
1.908640015419702831e+04 6.571503206849955356e-20 2.612319871971688098e-21
1.909703261876324905e+04 6.871532485527920499e-20 2.782716100314710091e-21
1.910766503464264315e+04 5.977287271702287871e-20 2.629771746224737325e-21
1.911829740180962472e+04 6.033747154486115443e-20 2.687322693201830482e-21
1.912892972021716196e+04 6.816581780815267859e-20 2.655335766255730123e-21
1.913956198984380171e+04 6.849543636815263793e-20 2.862538774098475017e-21
1.915019421065972710e+04 6.871994396901533299e-20 2.733839401290074439e-21
1.916082638263501940e+04 6.284241176581680520e-20 2.759572711200781305e-21
1.917145850573976713e+04 6.484539847379975281e-20 2.658182287500193320e-21
1.918209057994405157e+04 6.358702635318128829e-20 2.594650969609790508e-21
1.919272260521794669e+04 6.460355347037758818e-20 2.659139401832997262e-21
1.920335458153159925e+04 6.095074900806567924e-20 2.616624290428528073e-21
1.921398650885928510e+04 6.448807552287011071e-20 2.703481686327311977e-21
1.922461838716667990e+04 6.439353034474491633e-20 2.545598063481956061e-21
1.923525021641963394e+04 6.459074429194940599e-20 2.584383102862396591e-21
1.924588199659253223e+04 7.118171478955738229e-20 2.671168805086521448e-21
1.925651372765974156e+04 6.718856358455610617e-20 2.788673796466574324e-21
1.926714540958273210e+04 6.514330268169136756e-20 2.736398208087474573e-21
1.927777704233579789e+04 6.928211502476396174e-20 2.677527287083106335e-21
1.928840862588907476e+04 6.709469974075207255e-20 2.670831723187243951e-21
1.929904016021692223e+04 6.689369165363220899e-20 2.736795497028470480e-21
1.930967164528506328e+04 6.304855761699946017e-20 2.652850518986675434e-21
1.932030308106350640e+04 7.185982605701243443e-20 2.694141645982547530e-21
1.933093446752203090e+04 6.731847689421781923e-20 2.639674297233716286e-21
1.934156580461788690e+04 6.132477165797938624e-20 2.704730406099692606e-21
1.935219709234711263e+04 6.990518951210150758e-20 2.773971645447497233e-21
1.936282833076428869e+04 5.838805701621391992e-20 2.652286305571104361e-21
1.937345952830834722e+04 5.920434923109723290e-20 2.449784051992576798e-21
1.938386936207268445e+04 5.815048236628983982e-20 2.591691117082282791e-21
1.939450043094485954e+04 5.740852649808512671e-20 2.564639774835337810e-21
1.940513145028309373e+04 6.490613847459221897e-20 3.044833047472338792e-21
1.941576242007076871e+04 6.955024125257825290e-20 2.838052121893801478e-21
1.942639334026001598e+04 6.428124240349483800e-20 2.608803111226602648e-21
1.943702421082961519e+04 6.676255296380820242e-20 2.596485245775931026e-21
1.944765503175412596e+04 6.816550798399032726e-20 2.673742679930128864e-21
1.945828580299463647e+04 6.776927204125093881e-20 2.631734068050721921e-21
1.946891652453455754e+04 5.696645151963556709e-20 2.499318678373145156e-21
1.947954719633042987e+04 5.563813943576564923e-20 2.512198421604583029e-21
1.949017781835671849e+04 5.634839452066841154e-20 2.785430785055196768e-21
1.950080839057891353e+04 6.318347699734879418e-20 2.550987328386559489e-21
1.951143891297592563e+04 6.828807029896414549e-20 2.581976909758320536e-21
1.952206938551323765e+04 6.968749336747530984e-20 2.650306947339076325e-21
1.953269980816527823e+04 6.370369492240717266e-20 2.634684850952477149e-21
1.954333018088836252e+04 6.359892657944558039e-20 2.541673206796023248e-21
1.955396050367059070e+04 6.419886355388502405e-20 2.457790204923515364e-21
1.956459077646395599e+04 7.105314221545887081e-20 2.549694833627019008e-21
1.957522099925183284e+04 6.716156671535416784e-20 2.637938557211118364e-21
1.958585117199970045e+04 6.581759781403641198e-20 2.677699756907580748e-21
1.959648129467747640e+04 5.554098776340142092e-20 2.442042273680545494e-21
1.960711136725959659e+04 6.258352773671727829e-20 2.485611937143756694e-21
1.961774138970697459e+04 6.259681228561343417e-20 2.764641040519415079e-21
1.962837136199402448e+04 6.134089781365927645e-20 2.482387355959311752e-21
1.963900128409045283e+04 6.346169567215295653e-20 2.631002430385604714e-21
1.964963115596637726e+04 6.162069028791843200e-20 2.571547420027072641e-21
1.966026097759170443e+04 6.255331879806412531e-20 2.509541139391738304e-21
1.967089074894084479e+04 6.821063468939518847e-20 2.482463175254760753e-21
1.968152046997467551e+04 6.066002905307337312e-20 2.605230544492608804e-21
1.969215014067210359e+04 5.976441046438144390e-20 2.453944452178094209e-21
1.970277976098946965e+04 5.741435664660244245e-20 2.340781784098517443e-21
1.971340933091474653e+04 6.358101571047779471e-20 2.446490704945520736e-21
1.972403885040874229e+04 6.442468353676280440e-20 2.467179227469271262e-21
1.973466831943659781e+04 6.553894131247745551e-20 2.446926463488706525e-21
1.974529773796839072e+04 6.618316603927387375e-20 2.504207773189043141e-21
1.975592710599211205e+04 5.994631873838729292e-20 2.343488941834341468e-21
1.976655642345497108e+04 5.800193360031606140e-20 2.375905973528784043e-21
1.977718569034039683e+04 5.534641121354589837e-20 2.405539815594113421e-21
1.978781490660919007e+04 5.506245030047386021e-20 2.437084655888272252e-21
1.979844407224026145e+04 5.480710238362288133e-20 2.372533428817256706e-21
1.980907318719436444e+04 5.528303673470132937e-20 2.261731930439726563e-21
1.981970225144574215e+04 4.994946750346914723e-20 2.203151387650078424e-21
1.983033126496879413e+04 4.319303864632050152e-20 2.391682674438335017e-21
1.984096022772891229e+04 4.496249727433550646e-20 2.283597062574630335e-21
1.985158913969134301e+04 5.179324591105504904e-20 2.380571320169554347e-21
1.986221800083047492e+04 5.140850013703651813e-20 2.341979430096040199e-21
1.987284681112520411e+04 4.962043429184146058e-20 2.246877482815647965e-21
1.988347557052713091e+04 5.141475138598666780e-20 2.444274609044824219e-21
1.989410427901971343e+04 5.705054262272281102e-20 2.363721144512624980e-21
1.990473293656812530e+04 5.906857534158889696e-20 2.384716682281927882e-21
1.991536154313748193e+04 5.957825968891792284e-20 2.418002694189123894e-21
1.992599009870685040e+04 6.238154985551881289e-20 2.515915996916890168e-21
1.993661860323688961e+04 5.805342592718952817e-20 2.429385510292668228e-21
1.994724705671108313e+04 5.987701438936436257e-20 2.409037150032479945e-21
1.995787545908548782e+04 6.471052284077636168e-20 2.533171510145492364e-21
1.996850381032984660e+04 6.667703121189305063e-20 2.491823568738006927e-21
1.997913211042766125e+04 6.540484541222760710e-20 2.522366027933528339e-21
1.998976035933029925e+04 6.437785914890246386e-20 2.385360776051606530e-21
2.000038855702110595e+04 7.030679916821217820e-20 2.515212955230920281e-21
2.001101670346086757e+04 6.527149121386659517e-20 2.494683180416557187e-21
2.002164479863305678e+04 6.113839259349859932e-20 2.418752558985482941e-21
2.003227284249823424e+04 6.368156847519104959e-20 2.443915779615450179e-21
2.004290083501696063e+04 6.304635796023573887e-20 2.426640046898546332e-21
2.005352877617269769e+04 5.552495615646945246e-20 2.381451794916886464e-21
2.006415666593058268e+04 5.708019699163899069e-20 2.340539171967024478e-21
2.007478450426018753e+04 6.127384657309860016e-20 2.420478610098344655e-21
2.008541229113147347e+04 6.166083394456570763e-20 2.496893347254843048e-21
2.009604004086955683e+04 6.244557101132448547e-20 2.432696271920586191e-21
2.010666804495341057e+04 6.659099360872371645e-20 2.461457743893961733e-21
2.011729599749241970e+04 6.508453891556450429e-20 2.479221268014099323e-21
2.012792389844246645e+04 6.534398893345991098e-20 2.451603039698557778e-21
2.013855174777781212e+04 6.642265622602957802e-20 2.503314974134451134e-21
2.014917954547271074e+04 6.776076847448758801e-20 2.710666050660678186e-21
2.015980729148739192e+04 6.292351308017865197e-20 2.587216221513738823e-21
2.017043498579629886e+04 6.530352420628638603e-20 2.518291250814269996e-21
2.018106262837373652e+04 6.322743683758422589e-20 2.447603198187843162e-21
2.019169021917548525e+04 6.471343064184200326e-20 2.463137986171659285e-21
2.020231775818503593e+04 6.423881838676178934e-20 2.456069796277368001e-21
2.021294524537662801e+04 6.370068245645640290e-20 2.503350222565312563e-21
2.022357268070142527e+04 6.153401033378606397e-20 2.626126249836631918e-21
2.023420006414273666e+04 6.462036250161054106e-20 2.449358568614671767e-21
2.024482739565633165e+04 6.150685192170469719e-20 2.438047378886281216e-21
2.025545467523504340e+04 6.694577451867225754e-20 2.460647618328302758e-21
2.026608190282073701e+04 6.703594930673541474e-20 2.518472760367011195e-21
2.027670907840612563e+04 6.183510897750110165e-20 2.450628071685559578e-21
2.028733620195153344e+04 5.622057718238096587e-20 2.476714239624696349e-21
2.029796327342656150e+04 6.489670149352745531e-20 2.400554200325980875e-21
2.030859029279603419e+04 6.000101781009390246e-20 2.357324453433529377e-21
2.031921726003406002e+04 6.566200094181451032e-20 2.421940537461912942e-21
2.032984417511501670e+04 6.167211804673359112e-20 2.370562959593509017e-21
2.034047103800847617e+04 5.458794365040190457e-20 2.401194090478394299e-21
2.035109784867005510e+04 5.355541442820300601e-20 2.335193442831324509e-21
2.036172460707855862e+04 6.275463328268382749e-20 2.372479113092406308e-21
2.037235131320819346e+04 5.846897279734419615e-20 2.218027306208561053e-21
2.038297796702373307e+04 5.924829727680941826e-20 2.281136313489757564e-21
2.039360456848993999e+04 5.729141672925035981e-20 2.248763801320878814e-21
2.040423111759049789e+04 5.839197617997128254e-20 2.331914916934714776e-21
2.041485761427626858e+04 6.199795909217263952e-20 2.371215117754241714e-21
2.042548405853076110e+04 5.976946651530161086e-20 2.326995232794396950e-21
2.043611045031878530e+04 5.530606691656368117e-20 2.303381996076601900e-21
2.044673678961448240e+04 6.078756329142008230e-20 2.297513765370764688e-21
2.045736307636860147e+04 5.419054006055186713e-20 2.211199818100630031e-21
2.046798931057849768e+04 5.890842469193742975e-20 2.259378430948123017e-21
2.047861549219518565e+04 5.605696997593439527e-20 2.291199685779641587e-21
2.048924162118811728e+04 6.174845665613244043e-20 2.330831115379664164e-21
2.049986769754074703e+04 5.929015207070386336e-20 2.403356475853730687e-21
2.051049372120853150e+04 6.227648733018587724e-20 2.379674005278679525e-21
2.052111969216556463e+04 6.496710855836869225e-20 2.341145651119729176e-21
2.053174561038105094e+04 6.118795707627354422e-20 2.363064167206188677e-21
2.054237147581990212e+04 6.100373259052006197e-20 2.272024221784131642e-21
2.055299728846564176e+04 6.563390224619175909e-20 2.389970156411553000e-21
2.056362304826896070e+04 6.025734772782851847e-20 2.365947077477623456e-21
2.057424875521800641e+04 5.830744388333983726e-20 2.384364258067592947e-21
2.058487440926811905e+04 5.776594720691964295e-20 2.312357658029966312e-21
2.059550001039800190e+04 5.687890724318769322e-20 2.360416431831098077e-21
2.060612555856748440e+04 6.299502139805171933e-20 2.342125474003077658e-21
2.061675105375087151e+04 5.928825062508723871e-20 2.366154456955526135e-21
2.062737649591753143e+04 6.752800591700444610e-20 2.441965251727398514e-21
2.063800188504153266e+04 6.471158288336149242e-20 2.383718894690927122e-21
2.064862722107814261e+04 6.336400350762196208e-20 2.367502126755558591e-21
2.065925250401548692e+04 6.177904493701224448e-20 2.364958537199275212e-21
2.066987773381330771e+04 6.645263189483471150e-20 2.300399660585902565e-21
2.068050291044106052e+04 6.549579582867308948e-20 2.229569771616264595e-21
2.069112803386347878e+04 6.444277978877745744e-20 2.131283673662344973e-21
2.070175310405926211e+04 6.283000231291401133e-20 2.212880442232214283e-21
2.071237812098833456e+04 5.792561339526555081e-20 2.301344961034732278e-21
2.072300308462941393e+04 5.947831933543975280e-20 2.307246072775717032e-21
2.073362799494224600e+04 6.141940485712273779e-20 2.423169295124578653e-21
2.074425285190076465e+04 6.107875108639528674e-20 2.270045214261363025e-21
2.075487765547916206e+04 5.704851451999717131e-20 2.108203572529322220e-21
2.076550240563258194e+04 6.257607825891113504e-20 2.361444081065873171e-21
2.077612710234912811e+04 6.009478903083998785e-20 2.272907644742517413e-21
2.078675174558867366e+04 6.220028773399772314e-20 2.410897349254440659e-21
2.079737633532035761e+04 6.020079202295332546e-20 2.236706733771633272e-21
2.080800087151327534e+04 6.809165903922431306e-20 2.347125157065742291e-21
2.081862535413217483e+04 6.262109168468734151e-20 2.164852887422048771e-21
2.082924978315573753e+04 5.837075365550280104e-20 2.143443320626172800e-21
2.083987415854847131e+04 5.985028272983718725e-20 2.131450582960119724e-21
2.085049848027958797e+04 5.980874567366583201e-20 2.187073738055234165e-21
2.086112274831824834e+04 6.294047362992474982e-20 2.144345909602113337e-21
2.087174696263342776e+04 6.603072834420759339e-20 2.325824700451930201e-21
2.088237112318984146e+04 6.013123778139485620e-20 2.173930568173888702e-21
2.089299522996614905e+04 6.256613293030358810e-20 2.308450845673307377e-21
2.090361928292681114e+04 6.372835451376451862e-20 2.128557363415237157e-21
2.091424328204098128e+04 6.078033591503096019e-20 2.078645406935554894e-21
2.092486722727777305e+04 6.157276511024434700e-20 2.148785694432127124e-21
2.093549111860611811e+04 5.901206530130991204e-20 2.071795883573514810e-21
2.094611495599540649e+04 5.949775891590131656e-20 2.082437679970900786e-21
2.095673873941483180e+04 5.893283003934406773e-20 2.087075003770480475e-21
2.096736246883347849e+04 6.130612569547216077e-20 2.188536676559939459e-21
2.097798614422522223e+04 6.356740042130486908e-20 2.320717389266594994e-21
2.098860976554487206e+04 5.531613058384785153e-20 2.051114755082944572e-21
2.099923333278033897e+04 6.178842901520255846e-20 2.249997598055730591e-21
2.100985684588672666e+04 5.752221963893573334e-20 2.133269510338204922e-21
2.102048030483787079e+04 6.017083281249726480e-20 2.171932188581989616e-21
2.103110370960285945e+04 6.547959166892832493e-20 2.264656805152178522e-21
2.104172706015551375e+04 5.819382733980317441e-20 2.175595178542735862e-21
2.105235035645525568e+04 5.823552964948504294e-20 2.118483217166096397e-21
2.106297359847581902e+04 6.082597776399020588e-20 2.099561956962552909e-21
2.107359678618646649e+04 5.875656607690674966e-20 2.154262616846174367e-21
2.108421991955624617e+04 5.363007436054987946e-20 2.060129249850324851e-21
2.109484299855416612e+04 5.487590107408340749e-20 2.038987973838488840e-21
2.110546602315403288e+04 5.894112011128100508e-20 2.181898637340060030e-21
2.111608899331505745e+04 6.132816622932299652e-20 2.125107180790758279e-21
2.112671190901118825e+04 6.131655988821958785e-20 2.149417853886501848e-21
2.113733477021628278e+04 5.655628313310825481e-20 2.089858071008734079e-21
2.114795757689455422e+04 5.953775925452020571e-20 2.103181549066022657e-21
2.115858032901021579e+04 5.874168030381794263e-20 2.147023427290187138e-21
2.116920302653697945e+04 6.164276621101690109e-20 2.150853818308666978e-21
2.117982566944828432e+04 6.007071533749775864e-20 2.210701234390001702e-21
2.119044825769907766e+04 5.605450113676824592e-20 2.042986256759180474e-21
2.120107079127744146e+04 6.011151937834082880e-20 2.154648236727467058e-21
2.121169327014753071e+04 6.641654952893022393e-20 2.190819198761249560e-21
2.122231569426390342e+04 6.271551330527717792e-20 2.159897286127743899e-21
2.123293806360963572e+04 6.070560338951895181e-20 2.131745732401495906e-21
2.124356037814891170e+04 5.913183824485836951e-20 2.115477650956535875e-21
2.125418263785079398e+04 5.592796089733853653e-20 2.160256074767418826e-21
2.126480484268416694e+04 6.365812723432062044e-20 2.202012516652213545e-21
2.127542699261312373e+04 6.786334321394318265e-20 2.202051680673622273e-21
2.128604908761607294e+04 6.666332734860334342e-20 2.356909636628437633e-21
2.129667112765202546e+04 6.170107650380327543e-20 2.170535441089315366e-21
2.130729311269974642e+04 5.511315581635310442e-20 2.101888592279674550e-21
2.131791504272331076e+04 6.195731842449917505e-20 2.210630661002694579e-21
2.132853691769153738e+04 6.035278336473754329e-20 2.174651509344413117e-21
2.133915873756845394e+04 6.279719747776596815e-20 2.186682001722769981e-21
2.134978050233703834e+04 6.278262191588291632e-20 2.213788687227544527e-21
2.136040221194703918e+04 6.397389149299360424e-20 2.174092617121727635e-21
2.137102386638179451e+04 6.838626341309752535e-20 2.184201986876758258e-21
2.138164546560528106e+04 6.512869905411041116e-20 2.262930204022486123e-21
2.139226700958146830e+04 6.914057680045968623e-20 2.379428843330081257e-21
2.140288849829341416e+04 6.489146202106270072e-20 2.193286269574000579e-21
2.141350993170024230e+04 6.720799816365722530e-20 2.179342983978398378e-21
2.142413130976123284e+04 6.130090205313681266e-20 2.173622599195551565e-21
2.143475263246446048e+04 6.257429284721328511e-20 2.234333302927005254e-21
2.144537389975933911e+04 6.196585228239164416e-20 2.106048225364437813e-21
2.145599511163383067e+04 5.345846566993309357e-20 2.173181626201592487e-21
2.146661626804197294e+04 6.061057433451818786e-20 2.155136806589480469e-21
2.147723736895758702e+04 5.584473958621028402e-20 2.167388461219537732e-21
2.148785841434938629e+04 6.139079475068849325e-20 2.151764451253632322e-21
2.149847940418605867e+04 5.378980754280353707e-20 2.084993076446139580e-21
2.150910033844110148e+04 6.190582316489187152e-20 2.164312321165677755e-21
2.151972121707318365e+04 5.770404849229338749e-20 2.135882934433765129e-21
2.153034204006099026e+04 6.539413121363967994e-20 2.285703942711012263e-21
2.154096280736352855e+04 6.147350336940907376e-20 2.293521688609547320e-21
2.155158351895424858e+04 7.019217276252636964e-20 2.282902151683930916e-21
2.156220417480182368e+04 7.076558751795546339e-20 2.265821352702840008e-21
2.157282477487933284e+04 6.808997920772531317e-20 2.265144667067825709e-21
2.158344531915089829e+04 6.811538734310769860e-20 2.147473628339032509e-21
2.159406580758030395e+04 6.996181432695392293e-20 2.242346039184550128e-21
2.160468624013614681e+04 6.681097146351346897e-20 2.214778764637237040e-21
2.161530661680641060e+04 6.437589651516178381e-20 2.172400117325171643e-21
2.162592693753507046e+04 6.536695933829561275e-20 2.208675126791464646e-21
2.163654720230557723e+04 6.908199759772318936e-20 2.219889674449054437e-21
2.164716741108164933e+04 6.162085952638087287e-20 2.307314066341869038e-21
2.165778756383186555e+04 6.575200586880756369e-20 2.185706206772701928e-21
2.166840766051988248e+04 6.739445026546569104e-20 2.263583702396498745e-21
2.167902770111873542e+04 6.746058226834213959e-20 2.270696351041132256e-21
2.168964768560213270e+04 6.901909568979230554e-20 2.206804964644480915e-21
2.170026761393376000e+04 6.617259277277505849e-20 2.174714025577601864e-21
2.171088748608210517e+04 6.384875807241727581e-20 2.223761328843887264e-21
2.172150730201080296e+04 5.975042986165007696e-20 2.163497581667664476e-21
2.173212706169767989e+04 6.298857415370050819e-20 2.115156063495821446e-21
2.174274676510181962e+04 6.599264688066038811e-20 2.158860539958491165e-21
2.175336641221122409e+04 6.964644962864780785e-20 2.170886522029272119e-21
2.176398600296507720e+04 6.708720690236772393e-20 2.262949674210458441e-21
2.177460553734639325e+04 6.054820768780924653e-20 2.260016170911335594e-21
2.178522501532815659e+04 6.956987846969843733e-20 2.282056418550077404e-21
2.179584443687428939e+04 6.448344598003693995e-20 2.215393847984105770e-21
2.180646380195319944e+04 6.560034355654240721e-20 2.141265720745765701e-21
2.181708311053815487e+04 6.262830016005426451e-20 2.208873422238503327e-21
2.182770236258277873e+04 6.442506944184173038e-20 2.138699581814617327e-21
2.183832155806992523e+04 6.946454959929172152e-20 2.210323691622208010e-21
2.184894069696337829e+04 6.902820616744889525e-20 2.277823925510752085e-21
2.185955977923149112e+04 6.191386788151277114e-20 2.170617780352808210e-21
2.187017880484260968e+04 6.880271899075364702e-20 2.155946987456809084e-21
2.188079777376974380e+04 6.583109752449405989e-20 2.074923855196825606e-21
2.189141668596654199e+04 6.722831157855204752e-20 2.151214411795814729e-21
2.190203554142114444e+04 6.715192288045975276e-20 2.130532343975704368e-21
2.191265434009202363e+04 6.706475709339438013e-20 2.182126127038876477e-21
2.192327308193768476e+04 6.239616162198746223e-20 2.234738675591920287e-21
2.193389176694077105e+04 6.557748565954541651e-20 2.137371794096636486e-21
2.194451039507472888e+04 7.362836273893672950e-20 2.201753333059431133e-21
2.195512896628828457e+04 6.962287517704107651e-20 2.126614193582287412e-21
2.196574748054967495e+04 6.813751482545677130e-20 2.170435249276687798e-21
2.197636593785654622e+04 6.613432945552584985e-20 2.131759798433615519e-21
2.198698433815224780e+04 6.538924657116794358e-20 2.162184095477927309e-21
2.199760268140049084e+04 6.567761284513241627e-20 2.191112858874207083e-21
2.200822096758912085e+04 6.513333995630139253e-20 2.375959961151761488e-21
2.201883919668142698e+04 5.853669981710872947e-20 2.185543085093068659e-21
2.202945736862567719e+04 6.456908523410135678e-20 2.274649429599123480e-21
2.204007548340977519e+04 6.444833900427999617e-20 2.116490778384561704e-21
2.205046690812944144e+04 6.144011767494962247e-20 2.086077189788499302e-21
2.206108488747134834e+04 5.868259189706614489e-20 1.999663953903475018e-21
2.207170280946073035e+04 6.288222465812399606e-20 2.097557689649890480e-21
2.208232067416653081e+04 6.234990320899213629e-20 2.218933473480796570e-21
2.209293848153802901e+04 6.704690695411140999e-20 2.132210105550079047e-21
2.210355623154824571e+04 6.275375194561389900e-20 2.189330834086936288e-21
2.211417392418907184e+04 6.854653153546730361e-20 2.200748731559170094e-21
2.212479155939496195e+04 6.506447693585879621e-20 2.140565180941612588e-21
2.213540913714829367e+04 6.521144558206960520e-20 2.290899944070873086e-21
2.214602665742695535e+04 6.065209616418009237e-20 2.170623629623387942e-21
2.215664412017983705e+04 6.016808637496420617e-20 2.224544828640712953e-21
2.216726152538456154e+04 6.485411063277420902e-20 2.154860626006286221e-21
2.217787887302307718e+04 6.868490558485617163e-20 2.219646324090763954e-21
2.218849616303049697e+04 6.309465167825307381e-20 2.132504070735350564e-21
2.219911339541283451e+04 6.419251100243541229e-20 2.101422747585072439e-21
2.220973057010473713e+04 6.259661420775211699e-20 2.145065611876725823e-21
2.222034768708823685e+04 6.131450284781897140e-20 2.066402105292125365e-21
2.223096474634576225e+04 6.361073766847295021e-20 2.146612264555102874e-21
2.224158174781206617e+04 6.696614321592375072e-20 2.164630270822472289e-21
2.225219869148842190e+04 6.407253486277717042e-20 2.204603582950588288e-21
2.226281557732357760e+04 6.281485841482759666e-20 2.082172462716330154e-21
2.227343240528054957e+04 5.655010826867222760e-20 2.079301406301980814e-21
2.228404917536101493e+04 6.954443403639692817e-20 2.131291850819090066e-21
2.229466588748514187e+04 6.447995084876222389e-20 2.166340722397921119e-21
2.230528254166369516e+04 6.150012817058804514e-20 2.140000567393283864e-21
2.231589913783552402e+04 6.339158281808812222e-20 1.995901579551095122e-21
2.232651567597359463e+04 5.917534107032559716e-20 2.165347147056052377e-21
2.233713215606021913e+04 6.606011849678485024e-20 1.978255370991824814e-21
2.234774857804413841e+04 6.542547887744051850e-20 2.101185445184338893e-21
2.235836494191209931e+04 6.539062861034980960e-20 2.142504996667503471e-21
2.236898124762247608e+04 6.553019613862391824e-20 2.088163146168773402e-21
2.237959749514312352e+04 6.307868994955083158e-20 2.200425210080012139e-21
2.239021368443689425e+04 6.680263890891638674e-20 2.112988938545801876e-21
2.240082981546678639e+04 6.502265245117205344e-20 2.095540806758809845e-21
2.241144588822460355e+04 6.062645226084865847e-20 2.109272520808232389e-21
2.242206190266881822e+04 6.638915541764704566e-20 2.152393873074769151e-21
2.243267785875258051e+04 6.543989708478747625e-20 2.104609069051391319e-21
2.244329375272789184e+04 6.210273900698119317e-20 2.318223323669624274e-21
2.245390924957212701e+04 6.677868770389611607e-20 2.166103867273655858e-21
2.246452458166201541e+04 6.487747868829496717e-20 2.047498365727486076e-21
2.247513985419117671e+04 6.286186646614620181e-20 2.102030353958909818e-21
2.248575506819149086e+04 6.595587294561970794e-20 2.126416174283013195e-21
2.249637022366867313e+04 6.472377828511745652e-20 2.108613602989771302e-21
2.250698532057183183e+04 6.763123827324525735e-20 2.123453725974833208e-21
2.251760035888770653e+04 6.580800594198967317e-20 2.145489212642419529e-21
2.252821533855015878e+04 6.291748072151736369e-20 2.047978248635335780e-21
2.253883025955542689e+04 6.514552938503896612e-20 1.963946834401939041e-21
2.254944512186184147e+04 6.437244815191425130e-20 1.990959351743084829e-21
2.256005992543709363e+04 6.568551655078921163e-20 2.015374888832112101e-21
2.257067467024868893e+04 6.327842094799508566e-20 2.008397412187650315e-21
2.258128935625921804e+04 6.389641523124929479e-20 2.089637773407549352e-21
2.259190398354985155e+04 6.463883465859193905e-20 2.144343301755957153e-21
2.260229083024315696e+04 7.082404569700307158e-20 2.058341785325665189e-21
2.261290531854369692e+04 6.263001262845197070e-20 2.106150110069059558e-21
2.262351974791254179e+04 6.515829014325758601e-20 2.015063002473834870e-21
2.263413411831225312e+04 6.666369715106826196e-20 2.100132958085823949e-21
2.264474842973066916e+04 6.537470684754330269e-20 1.989924217997626055e-21
2.265536268213027506e+04 6.061297895202678658e-20 2.191839161963724779e-21
2.266597687546823363e+04 6.890046483625912761e-20 2.128999678920122246e-21
2.267659100971203225e+04 6.939509571115381141e-20 2.113056406994335826e-21
2.268720508484451420e+04 6.591942863323962578e-20 2.081894681346751818e-21
2.269781910081796741e+04 6.888110028060056548e-20 2.087328259896355792e-21
2.270843305760468138e+04 6.297460137306708154e-20 1.992789112531469588e-21
2.271904695516697757e+04 6.622932701677383343e-20 2.101864926322369442e-21
2.272966079349276697e+04 6.584667823825516184e-20 2.082208980208151289e-21
2.274027457251909800e+04 6.501985905730373409e-20 1.971572047913272249e-21
2.275088829224854635e+04 6.409122140600121126e-20 2.054885653627808699e-21
2.276150195259786778e+04 6.198939023483944577e-20 2.141334372686303272e-21
2.277211555359034537e+04 6.214081953011893072e-20 2.056016808088363180e-21
2.278272909515790889e+04 6.266650475649102599e-20 1.936866016970761754e-21
2.279334257728284138e+04 6.785025989784709434e-20 2.120065069749486637e-21
2.280395599992230200e+04 6.672303931379456340e-20 1.995937523867792490e-21
2.281456936304896954e+04 5.844910980220900174e-20 1.941206868787240609e-21
2.282518266663517716e+04 6.430255994640139070e-20 1.964885411400501125e-21
2.283579591063274347e+04 6.457211308046687619e-20 2.046686135319911815e-21
2.284640909502925933e+04 6.128994244267122235e-20 1.936410695829390058e-21
2.285702221978211310e+04 6.143046495491950647e-20 1.993719698109958377e-21
2.286763528485849383e+04 5.698315736572933020e-20 1.939191963259512863e-21
2.287824829022028280e+04 6.002206807232455712e-20 2.009884374750344354e-21
2.288886123584497545e+04 6.539106146745539008e-20 1.947918053102398886e-21
2.289947412168980736e+04 6.195233519492752238e-20 1.871640138855135568e-21
2.291008694773213210e+04 6.574782072080996451e-20 2.029563993716155148e-21
2.292069971392862135e+04 5.547334367507518831e-20 1.973198481974402887e-21
2.293131242025682513e+04 5.686444559355900870e-20 1.963138300862814424e-21
2.294192506668406713e+04 6.497803732328784357e-20 2.058352897282297413e-21
2.295253765315706187e+04 5.631881681653413773e-20 2.020756689987662349e-21
2.296315017967314270e+04 5.829202168751538739e-20 1.901243211946853801e-21
2.297376264617935885e+04 5.851021960310804912e-20 1.907174758049419701e-21
2.298437505264291758e+04 6.191686484319602822e-20 1.989156489389810811e-21
2.299498739904107060e+04 6.009278541378459222e-20 1.957991809628527760e-21
2.300559968533529536e+04 6.813778914784779247e-20 2.009547836192246317e-21
2.301621191148808430e+04 6.792243333049179419e-20 2.027868705520884824e-21
2.302682407747669640e+04 6.017166526235428621e-20 1.998690823613253682e-21
2.303743618326805154e+04 5.938338777786952971e-20 1.931307318832207360e-21
2.304804822881864311e+04 5.646962768196712626e-20 1.911946250671297018e-21
2.305866021410103349e+04 5.729460802649478409e-20 1.908439151634349093e-21
2.306927213908218619e+04 6.234426385089262412e-20 1.987639930529356154e-21
2.307988400372888282e+04 6.211679857234458173e-20 2.020142960496119949e-21
2.309049580800798867e+04 6.050458971708220391e-20 2.014212484160098245e-21
2.310110755188680196e+04 6.147933059185835276e-20 2.129482313190287970e-21
2.311171923533221707e+04 5.991120807775669953e-20 1.871516215663005740e-21
2.312233085831085918e+04 6.652945973712354368e-20 1.960598106927947621e-21
2.313294242078977186e+04 6.662353579037355232e-20 1.981284656167581111e-21
2.314355392273607140e+04 6.012868194489897358e-20 1.876515479757941913e-21
2.315416536411663037e+04 5.827200962970603602e-20 1.945122280791863436e-21
2.316477674490295976e+04 6.490362202213104372e-20 2.013247442905719967e-21
2.317538806505726461e+04 6.188665976397113907e-20 1.917772881200684932e-21
2.318599932453612928e+04 6.564533052057612892e-20 2.003116572011144715e-21
2.319661052333197222e+04 6.144231042347828619e-20 1.933916347150703339e-21
2.320722166138043758e+04 5.938372170964066871e-20 1.913577578669898601e-21
2.321783273866937088e+04 5.838832401238878639e-20 1.888104032732425392e-21
2.322844375516553191e+04 6.184786383052737162e-20 1.799016855947577762e-21
2.323905471083543307e+04 6.424653934249392896e-20 1.883389115663427242e-21
2.324966560562007362e+04 6.207515360887364595e-20 1.904357311994432692e-21
2.326027643952258950e+04 5.867636608661286952e-20 1.928485146432851347e-21
2.327088721249935770e+04 5.752375231984120658e-20 1.869045666524772817e-21
2.328149792450116729e+04 5.968692957843830363e-20 1.944661139622362606e-21
2.329210857551063600e+04 6.082868634905131573e-20 1.854981422171992878e-21
2.330271916548414811e+04 6.035549542860023018e-20 1.865489599524821626e-21
2.331332969439861336e+04 6.050925844276959469e-20 1.967466028758193349e-21
2.332394016221523634e+04 6.129520125245791231e-20 1.898184333025267789e-21
2.333455056889592379e+04 6.363890286939625207e-20 1.788119671390177866e-21
2.334516091441246681e+04 5.768516982567847480e-20 1.852169859735882615e-21
2.335577119874150958e+04 5.981126440867737907e-20 1.918358247672881101e-21
2.336638142182907541e+04 5.501068101761074577e-20 1.946385976328245142e-21
2.337699158365234325e+04 6.193339408536340368e-20 1.959478374146470502e-21
2.338760168418821195e+04 6.728992444958633166e-20 1.953756715509900047e-21
2.339821172339238183e+04 6.348119965188261835e-20 1.978500525426355870e-21
2.340882170122677053e+04 6.978415259180861817e-20 2.031694888810663315e-21
2.341943161765265177e+04 6.791504536000305567e-20 1.944272669780411163e-21
2.343004147265709980e+04 6.200684445478174236e-20 1.916030369765792775e-21
2.344065126620141382e+04 5.822935370243639204e-20 1.879988029540088083e-21
2.345126099823677214e+04 6.099466488810009705e-20 1.888824976457236965e-21
2.346187066874522498e+04 6.208793996442580071e-20 1.867269430873724627e-21
2.347248027769275359e+04 6.133888945563169247e-20 1.859422514600498054e-21
2.348308982503066727e+04 6.054506136607565831e-20 1.830341675764278321e-21
2.349369931074104170e+04 6.407473660800018449e-20 1.861315344235755087e-21
2.350430873479530419e+04 5.855340214636308893e-20 1.892974452930671088e-21
2.351491809713365001e+04 6.241192029886261092e-20 1.906246667454503344e-21
2.352552739774895235e+04 6.391796712372703002e-20 1.808115102577210056e-21
2.353613663658663427e+04 6.578190607424357307e-20 1.892952392593572798e-21
2.354674581363346442e+04 6.418214629985827120e-20 1.865672026367725134e-21
2.355735492884059568e+04 6.430344272943036768e-20 1.936760079924927605e-21
2.356796398217437309e+04 5.886509207379103302e-20 1.931900877528333908e-21
2.357857297362180907e+04 6.589451204287033359e-20 1.897918471433649098e-21
2.358918190312296065e+04 5.895628587926765973e-20 1.838654652513687299e-21
2.359979077064969897e+04 6.044845536513688601e-20 1.875865208197183752e-21
2.361039957619442794e+04 6.443745102841354306e-20 1.826293398802279080e-21
2.362100831968622151e+04 6.513941628676759114e-20 1.922804787436240012e-21
2.363161700110758466e+04 6.263204405358882505e-20 1.874770872871910950e-21
2.364222562042470963e+04 6.472885757944306631e-20 1.825273037420597826e-21
2.365283417760881275e+04 5.433726281077953066e-20 1.922806088717668018e-21
2.366344267262082940e+04 6.087266797772732486e-20 1.911780709864877225e-21
2.367405110542200418e+04 6.651713623728725330e-20 1.866405384415182881e-21
2.368465947598365528e+04 6.613450124798379094e-20 1.866007390515913096e-21
2.369526778428199759e+04 6.053547457727345348e-20 1.826093590749380173e-21
2.370587603026269426e+04 6.400902199192982738e-20 1.913486022072610236e-21
2.371648421390232397e+04 6.373496475222474268e-20 1.937636889055498376e-21
2.372709233516662789e+04 6.621707946390335487e-20 1.866021056763551277e-21
2.373770039403245391e+04 6.881283371955621395e-20 1.996194270006436655e-21
2.374830839045026005e+04 6.813714397795770932e-20 1.894667852489099982e-21
2.375891632439116802e+04 6.581501482955795720e-20 1.843176596285073678e-21
2.376952419581045251e+04 6.932338925952459450e-20 1.914859230309490732e-21
2.378013200470097945e+04 6.397796307720810023e-20 1.841678927133581758e-21
2.379073975100757889e+04 6.445195884741144536e-20 1.866127503282910771e-21
2.380134743469574823e+04 6.909819646674421479e-20 1.936449224073542603e-21
2.381195505574783238e+04 6.280777537176938872e-20 1.897468156299420346e-21
2.382256261411395462e+04 6.425704471696512054e-20 1.995843594598407238e-21
2.383317010976502570e+04 6.779662098412842114e-20 1.867549084729385029e-21
2.384377754266708507e+04 6.331627126981903031e-20 1.862792742094192358e-21
2.385438491278631773e+04 6.709368170277493460e-20 1.873517395911861575e-21
2.386499222007783101e+04 6.715490671396696229e-20 1.892782623953591103e-21
2.387559946453373777e+04 6.737104157764274600e-20 1.978911411806848096e-21
2.388620664609919913e+04 5.916931096640555229e-20 1.879407906242460988e-21
2.389681376474531862e+04 6.507360098249171895e-20 1.873616987931696613e-21
2.390742082044272684e+04 6.363660925856060630e-20 1.867636695183423227e-21
2.391802781314715685e+04 6.264765299196904649e-20 1.890868578047463738e-21
2.392863474282973402e+04 6.607704143604589771e-20 1.958167256849810358e-21
2.393924160946121629e+04 6.332080060121004187e-20 2.040677588962815043e-21
2.394984841299692198e+04 7.072285616306621621e-20 1.998370377254840597e-21
2.396045515341347345e+04 6.284753760881687882e-20 1.930512120176630717e-21
2.397106183066571612e+04 5.704866060109212849e-20 1.817384497490699525e-21
2.398166844472457524e+04 6.021380635650104527e-20 1.954529389913153580e-21
2.399227499555618124e+04 6.606182726857876566e-20 1.947507068172180492e-21
2.400288148313143756e+04 6.469318924059919525e-20 1.971332605964852739e-21
2.401348790740490949e+04 6.079650918898096103e-20 1.899631665633716173e-21
2.402409426835352497e+04 5.911584068287116561e-20 1.853151156573834982e-21
2.403470056593219488e+04 5.746257723061726445e-20 1.925414218567441335e-21
2.404530680011141885e+04 5.438993739573062393e-20 1.795633227761673029e-21
2.405591297086792838e+04 5.413247036047651462e-20 1.737669174780753382e-21
2.406651907814604419e+04 4.567480324400216228e-20 1.750048139868006569e-21
2.407712512192699069e+04 4.004493523211575657e-20 1.642927797976750891e-21
2.408773110217116846e+04 5.255253499564563799e-20 1.868383081371113059e-21
2.409833701883903268e+04 5.219017881228854215e-20 1.780663829596432549e-21
2.410894287191208787e+04 6.454756904461147803e-20 1.966521221812055108e-21
2.411931785595171095e+04 6.077825152487376077e-20 1.895915391594392665e-21
2.412992356862371525e+04 6.227615343290727688e-20 1.955328157933769588e-21
2.414052920949138206e+04 6.101442205094563304e-20 1.899138704775422583e-21
2.415113478652499543e+04 6.375438802533221163e-20 1.898618001822079134e-21
2.416174029978494946e+04 6.144775674645212417e-20 1.834716153747800180e-21
2.417234574923136461e+04 6.161178909738064671e-20 1.897211457124797551e-21
2.418295113482917077e+04 6.430997813062215364e-20 1.842050152199492757e-21
2.419355645654436375e+04 6.234819993564148506e-20 1.784500411952148812e-21
2.420416171434224088e+04 6.242256097392185685e-20 1.831013684552019833e-21
2.421476690818766656e+04 6.747525709784597764e-20 1.886269906112144298e-21
2.422537203804657838e+04 6.436445569390595710e-20 1.917844345374742526e-21
2.423597710388427367e+04 6.030026906473439545e-20 1.891842809938684032e-21
2.424658210566558046e+04 6.590287456002146245e-20 1.818389943601964139e-21
2.425718704335627990e+04 6.628816190975901432e-20 1.838548262283216346e-21
2.426779191692176028e+04 6.672516487061918597e-20 1.851902611271924607e-21
2.427839672633203008e+04 6.382343577552062330e-20 1.842419630342641924e-21
2.428900147154228034e+04 6.461686375359588329e-20 1.945886688578257902e-21
2.429960615252814387e+04 5.931088198926710936e-20 1.796359732212415698e-21
2.431021076923900910e+04 6.319112260202701256e-20 1.848620626266927840e-21
2.432081532166091711e+04 5.890801888391903824e-20 1.948542555216679001e-21
2.433141980973865793e+04 6.368695867910352824e-20 1.892300617683106132e-21
2.434202423345780699e+04 6.760120270642523066e-20 1.910266305636583177e-21
2.435262859276803283e+04 6.514753160338700538e-20 1.881656665733214425e-21
2.436323288764508106e+04 6.292702795959267539e-20 1.837157673740693959e-21
2.437383711804339691e+04 6.465969774381206657e-20 1.992333199065653179e-21
2.438444128393320352e+04 6.387279697209305602e-20 1.834793203267921085e-21
2.439504538528530611e+04 6.601609704190309170e-20 1.889663757202259664e-21
2.440564942205922489e+04 6.383824338047028679e-20 1.872948352849331246e-21
2.441625339421457466e+04 6.379148585688676997e-20 1.982114325348500506e-21
2.442685730172741023e+04 6.327456872932560426e-20 1.842232371084419622e-21
2.443746114456247233e+04 6.387835026232689370e-20 1.809904982572858654e-21
2.444806492266868008e+04 6.250443604040774361e-20 1.804461497590097422e-21
2.445866863602196099e+04 6.450558885194022672e-20 1.807701803693867176e-21
2.446927228458730679e+04 5.880105751122460569e-20 1.890538073033393461e-21
2.447987586833453315e+04 6.096878669311540611e-20 1.853841069626517472e-21
2.449047938722383697e+04 6.115729462077876618e-20 1.841969200531561658e-21
2.450108284121471297e+04 5.951554754770972608e-20 1.879203701669231836e-21
2.451168623037331054e+04 5.760759012993167670e-20 1.771614077636290296e-21
2.452228956261105122e+04 6.032173267318047010e-20 1.858145154912085924e-21
2.453266118653773083e+04 6.424242699068834714e-20 1.851480056220366782e-21
2.454326435931761443e+04 5.840551978076135875e-20 1.722371157055256378e-21
2.455386746701149241e+04 5.683826428607153145e-20 1.722751461523111415e-21
2.456447050961118657e+04 6.051701859968653423e-20 1.739711655333633119e-21
2.457507348707574420e+04 5.813425477269939433e-20 1.788573661216807763e-21
2.458567639935958869e+04 6.025263471152310679e-20 1.861209747744417937e-21
2.459627924643269216e+04 6.311033284218325992e-20 1.886531165936851746e-21
2.460688202825950430e+04 6.538682443027729613e-20 1.878112339830641179e-21
2.461748474481075755e+04 6.593699721803669977e-20 1.821630499885642497e-21
2.462808739603451977e+04 6.275715849637301549e-20 1.795766148774701473e-21
2.463868998191160063e+04 6.013111708574329549e-20 1.783358373539137434e-21
2.464929250240721012e+04 6.120246208840147701e-20 1.835344163081012098e-21
2.465989495747480396e+04 6.180216732544702829e-20 1.839335010213507243e-21
2.467049734708425603e+04 5.751393911216491666e-20 1.863148160755521430e-21
2.468109967120067085e+04 6.386972020278394664e-20 1.837031824280104830e-21
2.469170192979386411e+04 6.160978762904031958e-20 1.778853327012988685e-21
2.470230412281181634e+04 6.445495096931651812e-20 1.838479354096838649e-21
2.471290625023598841e+04 6.043249563506441116e-20 1.829087899146452204e-21
2.472350831203061171e+04 5.650828465858822543e-20 1.740915268003375879e-21
2.473411030814916376e+04 5.766435852118794541e-20 1.739866196041277633e-21
2.474471223856755751e+04 6.194362427315533185e-20 1.905983652596873103e-21
2.475531410323892487e+04 6.369960590736666829e-20 1.878770050965330117e-21
2.476591590213876407e+04 6.698108547321954563e-20 1.897814221484757394e-21
2.477651763522637702e+04 6.844767922069852743e-20 1.909484214320470681e-21
2.478711930245621261e+04 6.743707783470532697e-20 1.999101198588393963e-21
2.479772088126181552e+04 6.279594929242944710e-20 1.865634811656556047e-21
2.480832228753988966e+04 6.529714092500139800e-20 1.829377456311201975e-21
2.481892362785433943e+04 6.270602024508399658e-20 1.814156633583777448e-21
2.482952490218632738e+04 6.089425809109115721e-20 1.815564898359734210e-21
2.484012611048937470e+04 6.223345552277237806e-20 1.838465158609855727e-21
2.485072725273286051e+04 5.456139896484562071e-20 1.717628568916355145e-21
2.486132832889250130e+04 5.824521106356079215e-20 1.747171861591253631e-21
2.487192933891063876e+04 6.247368351250878836e-20 1.711725814637320167e-21
2.488253028277309204e+04 6.173388990817207240e-20 1.806461004489421007e-21
2.489313116041701869e+04 6.204200141775525598e-20 1.791036190420352804e-21
2.490373197183986485e+04 5.923668213266716515e-20 1.735865551467746942e-21
2.491433271697759119e+04 6.147264870242467492e-20 1.819768792081142626e-21
2.492493339581723194e+04 6.172957638612635725e-20 1.825950157315223968e-21
2.493553400830068495e+04 5.884659993107641526e-20 1.788517791284512479e-21
2.494613455441380211e+04 5.821195043425672968e-20 1.818807278443488017e-21
2.495673503409922705e+04 5.830677170526934124e-20 1.844228965606960386e-21
2.496733544734301177e+04 5.675423313568982540e-20 1.801827174741712952e-21
2.497793579409235826e+04 5.766257435501462946e-20 1.734160043644638447e-21
2.498853607431744604e+04 5.968276926178240405e-20 1.796442487316798332e-21
2.499913628798200443e+04 5.984838953947289463e-20 1.738862573069972594e-21
2.500973643505005384e+04 6.191241245338628061e-20 1.855882944653211294e-21
2.502033651548047419e+04 6.176029787903296897e-20 1.863062832550774640e-21
2.503093652925350762e+04 6.080209235075214061e-20 1.893049416715014315e-21
2.504153647631669810e+04 6.387111596126594916e-20 1.822073201044660757e-21
2.505213635663983223e+04 5.855990710872575581e-20 1.747141699908711107e-21
2.506273617019188532e+04 5.969855683995399988e-20 1.773249198522443140e-21
2.507333591693172275e+04 6.113183463380030049e-20 1.801663804727894316e-21
2.508393559681776969e+04 5.934610749517834089e-20 1.766418617977803716e-21
2.509453520982444388e+04 5.975167547999169660e-20 1.835524961342173901e-21
2.510513475590520466e+04 6.272660867139255911e-20 1.773782728814256791e-21
2.511573423502931109e+04 5.716022702282553003e-20 1.697861035064965979e-21
2.512633364716582219e+04 5.604582591738196247e-20 1.787850297294714609e-21
2.513693299226798990e+04 5.739385651355348938e-20 1.762959552326928357e-21
2.514753227031048300e+04 5.916501730447981333e-20 1.745331418562343149e-21
2.515813148125142470e+04 5.915667367264549062e-20 1.771473439939781270e-21
2.516873062504943664e+04 5.751000354870903044e-20 1.744860134620730046e-21
2.517932970167897656e+04 6.056405702183624437e-20 1.738962354254250676e-21
2.518992871109284170e+04 5.640084234354500456e-20 1.686175748435895221e-21
2.520052765326619192e+04 6.076995548531226454e-20 1.765617936012154902e-21
2.521112652815652837e+04 5.578440006627274422e-20 1.762627025056729316e-21
2.522172533572247630e+04 5.836660802680938037e-20 1.701201853849789074e-21
2.523232407593890457e+04 6.195375435377284152e-20 1.767902433458672993e-21
2.524292274876331430e+04 5.631142671527018760e-20 1.723695911633671031e-21
2.525352135415439989e+04 5.448275378691970880e-20 1.678005122540734364e-21
2.526411989209230524e+04 5.465160853632411570e-20 1.815268941206573891e-21
2.527471836252362118e+04 5.966733559096759860e-20 1.843596311641503978e-21
2.528531676540675835e+04 5.765361154894343402e-20 1.844454457571833581e-21
2.529591510073852987e+04 6.254863985126783592e-20 1.851047471027258163e-21
2.530651336844332764e+04 6.145422413075590093e-20 1.709312434777217085e-21
2.531711156850741827e+04 6.275999925332948499e-20 1.755438244393819104e-21
2.532770970088801187e+04 5.858281809084620145e-20 1.823098690317548872e-21
2.533830776554359181e+04 5.506681028580107398e-20 1.823353174681703609e-21
2.534890576245439661e+04 4.978446633180601809e-20 1.743671712118441649e-21
2.535950369157219757e+04 5.976131378653924621e-20 1.711611456482938805e-21
2.537010155284971552e+04 5.684746922774040963e-20 1.734078921882103777e-21
2.538069934627817565e+04 5.708891459918038573e-20 1.715866332324453323e-21
2.539129707178147146e+04 5.563304527389044323e-20 1.689521307551646667e-21
2.540189472936852326e+04 5.805494904982662285e-20 1.700505036698509427e-21
2.541249231896814308e+04 5.780664672486306266e-20 1.696554287503723250e-21
2.542308984055548353e+04 5.678072807764359587e-20 1.753955759203841689e-21
2.543368729409381922e+04 5.618338794256423934e-20 1.605533579636353663e-21
2.544428467955725137e+04 6.017970489037354529e-20 1.693539514747350926e-21
2.545488199687574161e+04 6.026989771306116422e-20 1.742550696434986158e-21
2.546547924605746812e+04 5.770368812587336100e-20 1.707224785467321704e-21
2.547607642703163583e+04 5.731292407635533148e-20 1.704066341894216033e-21
2.548667353977317180e+04 5.927667857871016484e-20 1.847715970694088042e-21
2.549727058425034556e+04 5.972255666656243822e-20 1.692875626602326074e-21
2.550786756041544868e+04 5.513662373119131670e-20 1.610333856418356879e-21
2.551846446824867962e+04 5.895694906988675247e-20 1.706447072262947341e-21
2.552906130768422372e+04 5.250336888677033347e-20 1.676511890086661323e-21
2.553965807871429570e+04 5.881339796652128019e-20 1.726171768111848547e-21
2.555025478129019029e+04 5.694388774132154706e-20 1.747258359245917913e-21
2.556085141537501113e+04 5.539816572111626373e-20 1.740995473705294266e-21
2.557144798092646670e+04 5.651185646226481324e-20 1.426808190317935716e-21
2.558204447791835992e+04 6.111932353364029232e-20 1.550631718161068599e-21
2.559264090631427098e+04 5.620414672792914289e-20 1.576983271554377170e-21
2.560323726605993579e+04 5.915269098525406992e-20 1.770882970888517020e-21
2.561383355712937919e+04 5.866543042458693662e-20 1.789530228905816732e-21
2.562442977949184569e+04 6.130973600564799348e-20 1.793347617876053302e-21
2.563502593310978409e+04 5.775349517804264190e-20 1.828651395652931981e-21
2.564562201793488202e+04 5.920806667995482946e-20 1.896852404141209755e-21
2.565621803394172093e+04 5.747993654712143904e-20 1.794796169693989554e-21
2.566681398106957204e+04 5.990745169587188108e-20 1.881699476840259983e-21
2.567740985932209514e+04 6.144282154598273721e-20 1.859580023216898635e-21
2.568800566862392952e+04 5.731951823209633221e-20 1.842691401872031570e-21
2.569836738880424673e+04 5.384320183913962196e-20 1.755709338184171612e-21
2.570896303878465915e+04 6.294195560914582451e-20 1.917447169997651367e-21
2.571955861963975622e+04 6.214639552571428027e-20 1.830413761810066063e-21
2.573015413139285374e+04 6.006981826179608124e-20 1.798303352866244104e-21
2.574074957403386361e+04 6.268329478833809768e-20 1.837201009761970719e-21
2.575134494750878730e+04 5.689863044931056076e-20 1.768461937920082818e-21
2.576194025178627999e+04 5.777172484138695271e-20 1.839753542911316912e-21
2.577253548682852852e+04 5.725225291265466458e-20 1.808434122641070204e-21
2.578313065260407893e+04 5.707954552888792468e-20 1.758586729049044639e-21
2.579372574906448790e+04 5.666130808309775322e-20 1.770363937995281046e-21
2.580432077617735558e+04 5.776699743076912760e-20 1.837810871813607172e-21
2.581491573390603298e+04 5.303434114218827887e-20 1.756084514679596325e-21
2.582551062221818574e+04 5.804094594591674414e-20 1.737460612508020933e-21
2.583610544107097667e+04 5.655731494858567568e-20 1.754728501729288170e-21
2.584670019042700733e+04 6.040083585549185277e-20 1.844611209682591271e-21
2.585729487024260743e+04 6.161657697642499224e-20 1.793320236326001380e-21
2.586788948048656675e+04 5.842593023943595769e-20 1.757094190645757036e-21
2.587848402112665644e+04 6.288675843949256659e-20 1.801633068082919896e-21
2.588907849212519795e+04 6.028163045500921714e-20 1.828861343938191132e-21
2.589967289342256481e+04 5.769007277803515278e-20 1.784824315049317077e-21
2.591026722500285541e+04 5.853558117790006161e-20 1.771484495346581382e-21
2.592086148682938074e+04 5.974561076819918299e-20 1.751221443166206782e-21
2.593145567886398203e+04 5.801766294259419314e-20 1.729524921930572893e-21
2.594204980105215509e+04 5.684637734239454993e-20 1.692849139243075707e-21
2.595264385337333806e+04 5.824596883718887257e-20 1.731265422579128940e-21
2.596323783578355142e+04 5.914727333263274998e-20 1.715278026649888269e-21
2.597383174823471199e+04 6.240424335195907370e-20 1.817424192862477970e-21
2.598442559072235235e+04 5.905912860704149743e-20 1.778006347259234934e-21
2.599501936318063963e+04 6.024488646942078311e-20 1.835394770698239027e-21
2.600561306557188436e+04 6.046668113032422718e-20 1.751562071668411654e-21
2.601620669795017238e+04 6.054297612993347243e-20 1.741403818250527068e-21
2.602680026820739658e+04 5.910676737441983239e-20 1.761744990611127922e-21
2.603715904554358349e+04 6.019246518361935241e-20 1.790530342555323862e-21
2.604775244585195105e+04 6.507319574090523708e-20 1.811333901673247763e-21
2.605834577590262415e+04 6.257471314467844503e-20 1.775458897379337944e-21
2.606893903565702203e+04 5.743805849663298746e-20 1.717301702279590594e-21
2.607953222507801547e+04 5.958501141711479734e-20 1.698281073321802276e-21
2.609012534413881076e+04 5.693619655597964109e-20 1.731563329854854176e-21
2.610071839279573396e+04 6.019528762042111163e-20 1.742848448169633298e-21
2.611131137102273351e+04 6.098351504449301871e-20 1.782394778001825824e-21
2.612190427876357353e+04 5.963379640901881444e-20 1.762260574901228440e-21
2.613249711598101567e+04 5.791747668733829611e-20 1.749498782664426305e-21
2.614308988263057836e+04 5.909513274599066227e-20 1.728346274755362097e-21
2.615368257869780791e+04 5.880797266338381686e-20 1.797269158205153067e-21
2.616427520413891034e+04 6.084090314446717427e-20 1.720496334911179115e-21
2.617486775891521756e+04 5.768807487269825246e-20 1.671333937851853597e-21
2.618546024297755503e+04 5.954456521026247993e-20 1.750678708395391562e-21
2.619605265628717825e+04 5.943706570951039267e-20 1.770946724138906889e-21
2.620664499881209485e+04 5.485569571890587642e-20 1.689921021024890780e-21
2.621723727051409878e+04 5.927982464372263593e-20 1.723826140322104035e-21
2.622782947135457653e+04 6.114844525324005888e-20 1.632896421525125327e-21
2.623842160130175398e+04 5.953918547547397109e-20 1.773390329600673044e-21
2.624901366031081852e+04 6.027229777607767942e-20 1.724911951392995022e-21
2.625960564834988691e+04 5.485207609763666978e-20 1.687761259951944435e-21
2.627019756536867135e+04 5.729833324085147691e-20 1.725604240385468515e-21
2.628078941134044726e+04 5.831147722656271918e-20 1.698567394288294004e-21
2.629138118620379100e+04 5.571256342194878062e-20 1.638893761277928489e-21
2.630197288994307382e+04 5.779400609558068122e-20 1.695714962447830788e-21
2.631256452251478913e+04 5.650230693409410658e-20 1.696854751661067574e-21
2.632315608389182307e+04 5.982219985808325815e-20 1.726131397340422075e-21
2.633374757401819807e+04 5.844507666687947212e-20 1.702392231388753827e-21
2.634433899286742962e+04 5.886174142229189873e-20 1.644076692524353287e-21
2.635493034039458144e+04 6.153481818173531357e-20 1.758207922743043938e-21
2.636552161656180033e+04 6.399548276237350973e-20 1.776764945105057009e-21
2.637611282131225744e+04 6.452463223785143343e-20 1.769271190387173541e-21
2.638670395463140812e+04 5.659162007671332195e-20 1.732834981595035032e-21
2.639729501647467623e+04 5.755857654764904921e-20 1.706514054775423633e-21
2.640788600681504613e+04 5.968715233226749992e-20 1.686705159872014543e-21
2.641847692560260475e+04 5.760754834057466636e-20 1.668278559508542346e-21
2.642906777279201560e+04 5.485006277719300299e-20 1.704576511808976638e-21
2.643965854835719074e+04 5.953754432380964443e-20 1.706906839331017271e-21
2.645024925225307379e+04 5.472340065414075048e-20 1.640842347524716628e-21
2.646083988444110582e+04 5.727790009917182571e-20 1.682878889151456969e-21
2.647143044488860687e+04 5.786523611581240710e-20 1.706327972364894850e-21
2.648202093352080192e+04 5.755160254299601150e-20 1.654021011681796849e-21
2.649261135034108156e+04 5.613661595251666595e-20 1.621981072755218197e-21
2.650320169530397470e+04 4.831213114403604583e-20 1.693652940329282580e-21
2.651379196837129712e+04 5.424088025967492817e-20 1.693118335584832490e-21
2.652438216950387869e+04 5.693139515434301117e-20 1.699293442002939537e-21
2.653497229864505061e+04 5.885688354250945932e-20 1.771673189391921882e-21
2.654556235577404732e+04 5.886449651764630065e-20 1.787712916899561881e-21
2.655615234085133488e+04 5.604770379552432738e-20 1.647787609099910547e-21
2.656674225382087752e+04 5.542370932401599533e-20 1.705713709273024478e-21
2.657733209466687549e+04 5.883935433352993204e-20 1.694624333289033656e-21
2.658792186333296922e+04 5.598189655202097124e-20 1.693002230707309115e-21
2.659851155979183386e+04 5.602829564278137658e-20 1.651008969837967190e-21
2.660910118398054328e+04 5.672792722775972340e-20 1.688128047024561050e-21
2.661969073586639206e+04 5.999337088494826873e-20 1.736495007186270934e-21
2.663028021543941941e+04 6.069353387941912695e-20 1.792455687857162592e-21
2.664086962265539478e+04 6.147998944100853701e-20 1.831674585695848246e-21
2.665145895745663438e+04 5.409353129199856844e-20 1.679296667959701594e-21
2.666204821981642453e+04 5.440272596062878202e-20 1.749532675608271050e-21
2.667263740967743433e+04 5.133235996178519237e-20 1.732327630197506520e-21
2.668322652702436972e+04 5.422636580266166359e-20 1.737691506916387097e-21
2.669381557180041273e+04 5.755291927532347837e-20 1.753302698368600702e-21
2.670440454397768553e+04 5.342954824708797643e-20 1.708467456219598937e-21
2.671499344350570027e+04 5.652484459962328755e-20 1.662353017187642614e-21
2.672558227035648451e+04 5.679248665947475456e-20 1.678445756393294503e-21
2.673617102447929210e+04 5.400409726454621568e-20 1.682839599712103932e-21
2.674675970584651077e+04 5.007729508438821003e-20 1.593954124083442402e-21
2.675734831441285132e+04 4.594431148778013259e-20 1.619545242197394611e-21
2.676793685013915456e+04 4.695966022621743631e-20 1.776984289324608925e-21
2.677852531297352471e+04 4.782469677667690439e-20 1.637476724190202056e-21
2.678911370289528350e+04 4.934401216960049778e-20 1.681989702524213564e-21
2.679970201986419852e+04 4.693146344007197156e-20 1.684859007219409656e-21
2.681029026383555174e+04 4.875953622626460110e-20 1.810057616955200410e-21
2.682087843476933267e+04 5.605255745574586543e-20 1.820966758234366172e-21
2.683146653260826861e+04 5.153283615751610387e-20 1.676159725022290195e-21
2.684205455734291536e+04 5.768569578619004465e-20 1.794797945016673460e-21
2.685264250892747441e+04 5.969965591939173118e-20 1.758693206039889934e-21
2.686323038731083579e+04 5.396808657144466493e-20 1.719852404882399463e-21
2.687381819245865336e+04 6.033857776664345123e-20 1.800985766704244508e-21
2.688440592433214988e+04 6.203708673133956520e-20 1.745667923093201959e-21
2.689499358289098745e+04 5.663218195215700183e-20 1.653716129297878436e-21
2.690558116810812862e+04 5.693497100512059975e-20 1.675274627608940296e-21
2.691616867991334948e+04 5.408643920783349989e-20 1.692266209082044756e-21
2.692675611829725312e+04 4.930278634041027734e-20 1.654167760137871772e-21
2.693734348320212666e+04 5.523509939231793395e-20 1.667492205245477019e-21
2.694793077459993219e+04 5.700342781097009975e-20 1.740984535113625939e-21
2.695851799244544964e+04 6.031491164998229553e-20 1.799758231534852451e-21
2.696910513670411092e+04 5.464974178607050344e-20 1.748455916627431322e-21
2.697969220732484246e+04 5.828966913463739490e-20 1.778022006488335212e-21
2.699027920426708079e+04 5.876475530241656308e-20 1.831515414993100547e-21
2.700086612750359200e+04 5.616421659218303697e-20 1.878999452302502104e-21
2.701121623369980080e+04 5.431652968908869670e-20 1.835674968072704924e-21
2.702180299589508286e+04 5.763993510669374370e-20 1.827533252604156251e-21
2.703238967624283760e+04 5.918857340826936559e-20 1.925127108217961265e-21
2.704297628263602383e+04 5.916516280855964713e-20 1.932081100582096058e-21
2.705356281510456756e+04 5.346066733137832960e-20 1.746726075801585474e-21
2.706414927361945956e+04 5.616300788518063949e-20 1.825041017294014965e-21
2.707473565814154063e+04 6.120868222888354511e-20 1.884680375011331640e-21
2.708532196863010540e+04 5.904950220240609696e-20 1.787149354668196786e-21
2.709590820505753072e+04 5.796894405752034712e-20 1.862851230863310624e-21
2.710649436736537245e+04 5.764124229011594508e-20 1.855791801986228900e-21
2.711708045551377654e+04 5.557806461388527624e-20 1.862929528582113592e-21
2.712766646946831315e+04 6.126250704789501052e-20 1.900245836025804874e-21
2.713825240677476177e+04 6.228454055367191351e-20 1.879344847756895835e-21
2.714883805628522532e+04 6.033471916552955931e-20 2.009779227785276508e-21
2.715942307711623289e+04 5.716453933383671001e-20 1.928152467446098683e-21
2.717000801744288037e+04 5.574290074132677924e-20 1.851995173145475387e-21
2.718059288338475017e+04 5.704298009287411938e-20 1.901406752168598179e-21
2.719117767490819097e+04 5.600416190481295752e-20 1.817928513725261296e-21
2.720176239197220639e+04 5.790607396354053122e-20 1.869642952282357753e-21
2.721234703453713155e+04 5.710352664616274166e-20 1.881534939113786014e-21
2.722293160256214469e+04 5.564044168557237026e-20 1.799053143111564643e-21
2.723351609601320888e+04 5.565859317474916013e-20 1.863585761843649294e-21
2.724410051484375799e+04 5.554773735390049714e-20 1.819232469811334028e-21
2.725468485901327949e+04 5.481959212966168681e-20 1.788110838035333751e-21
2.726526912847561834e+04 5.531522277875573906e-20 1.831240816956091882e-21
2.727585332320781890e+04 5.671400605858888522e-20 1.820962375050668586e-21
2.728643744315196091e+04 5.627454080187672521e-20 1.897099693089928743e-21
2.729702148836931883e+04 5.959326778785519199e-20 1.908419183781308707e-21
2.730736813535160036e+04 5.819766879240160902e-20 1.901996317356492255e-21
2.731795200905540332e+04 5.204655316227846547e-20 1.839343346463096206e-21
2.732853580783207144e+04 5.575253739691131651e-20 1.876241339898361372e-21
2.733911953161538986e+04 5.727452712601736811e-20 1.882678849219514811e-21
2.734970318036552271e+04 6.143835755924595460e-20 1.988982411982599068e-21
2.736028675404110254e+04 5.938025965547922097e-20 1.869870482183922088e-21
2.737087025261436793e+04 6.179435350275294727e-20 1.945662764740176430e-21
2.738145367603182240e+04 5.989439137049442411e-20 1.923891919151548335e-21
2.739203702426536620e+04 5.725457039763306738e-20 1.800322827221821744e-21
2.740262029727413392e+04 5.600545443470807869e-20 1.938300428684656711e-21
2.741320349499868098e+04 5.838051047122282334e-20 1.951773942687084808e-21
2.742378661742320401e+04 6.022178916359463057e-20 1.943720655635716809e-21
2.743436966449414103e+04 6.159405149023831334e-20 2.005113823396654637e-21
2.744495263617106320e+04 5.677741129827310073e-20 1.905493609307299325e-21
2.745553553240005203e+04 5.545995224499203176e-20 1.946413286898636464e-21
2.746611835317830264e+04 5.593693896271113725e-20 1.920204918095499622e-21
2.747670109842038073e+04 5.602447029591374202e-20 1.880049524290792030e-21
2.748728376810491682e+04 5.624925567418854309e-20 1.872584427988265669e-21
2.749786636218384592e+04 5.758081171130455683e-20 2.036461547237800621e-21
2.750844888062939208e+04 5.565614969749913872e-20 1.874060911790638553e-21
2.751903132339989679e+04 5.427640040378303934e-20 1.845434695281024393e-21
2.752961369044232924e+04 6.141944708798496008e-20 1.893585366308793240e-21
2.754019598173396298e+04 5.421551668807935120e-20 1.909525773864290611e-21
2.755077819721521155e+04 4.999540279129470996e-20 1.880815213934528429e-21
2.756136033684473659e+04 5.180624535376129488e-20 1.822804676145500288e-21
2.757194240060029188e+04 5.483822309247271628e-20 1.924475432551130317e-21
2.758252438842187985e+04 5.769839069179887481e-20 1.925861983228977103e-21
2.759310630026817671e+04 5.586543533149232917e-20 1.847919646201351663e-21
2.760368813609813151e+04 5.773425106399157801e-20 2.016337535740518438e-21
2.761426989590165249e+04 5.360905682672436369e-20 1.899534548024501381e-21
2.762485157960012657e+04 5.331545602383437937e-20 1.892933086178510914e-21
2.763543318716431168e+04 5.504839984529782732e-20 1.897901645940922929e-21
2.764601471855348063e+04 5.420226817130255473e-20 1.948019828153430380e-21
2.765659617373189758e+04 5.415410905574706935e-20 1.927405383217705192e-21
2.766717755264000880e+04 5.482929796380384971e-20 1.853392269419748784e-21
2.767775885524819387e+04 5.873265963235430894e-20 1.959117455707570778e-21
2.768834008152221941e+04 5.536921063343478837e-20 1.939267596479835712e-21
2.769892123141975753e+04 5.665109818367924294e-20 2.030314069758944747e-21
2.770950230488752641e+04 5.650545063273673746e-20 2.023122211046595707e-21
2.772008330189590924e+04 5.723975501921016321e-20 1.850019178515038033e-21
2.773066422238503583e+04 5.140651062219125007e-20 1.805581851733649083e-21
2.774124506633813144e+04 5.409254333171171597e-20 1.858980408281558402e-21
2.775182583370146313e+04 5.687057536281997333e-20 1.894449585449084263e-21
2.776240652442657301e+04 6.080843522131018463e-20 1.938301070861237182e-21
2.777298713847861654e+04 5.108322217054988831e-20 1.830705353528270603e-21
2.778356767581557506e+04 5.071212011143654853e-20 1.756820623839734587e-21
2.779414813640879584e+04 5.669846516662264755e-20 1.847224207708999086e-21
2.780472852018450794e+04 5.113154896655993136e-20 1.820940148407387909e-21
2.781530882713933897e+04 5.135788033584889440e-20 1.805120123216066528e-21
2.782588905719323157e+04 5.391822219325116423e-20 1.949908171917022501e-21
2.783646921034267507e+04 5.416440569232648627e-20 1.848988638948868188e-21
2.784704928650758666e+04 5.423537366116974262e-20 1.934715012185160889e-21
2.785762928568441203e+04 5.439341730056867737e-20 1.887497061147269244e-21
2.786820920779942753e+04 5.192664786176948814e-20 1.903460035309892796e-21
2.787878905283617496e+04 5.761660995105490560e-20 1.844126415935271063e-21
2.788936882072736262e+04 5.613022864252472849e-20 1.901240807397909500e-21
2.789994851144999848e+04 5.551600276649748430e-20 1.924871955086422513e-21
2.791052812495602484e+04 5.603141719506234990e-20 1.891040687643530746e-21
2.792110766119668187e+04 5.206622773862671122e-20 1.749202804124290547e-21
2.793168712014962148e+04 5.340653327633116869e-20 1.782289067461035547e-21
2.794226650175311079e+04 5.382837190228917537e-20 1.839123086388821579e-21
2.795284580597196327e+04 5.693804621515262606e-20 1.880702908954534496e-21
2.796342503275714989e+04 5.817068635064857549e-20 1.948444718524150037e-21
2.797400418208640622e+04 5.692161026718590936e-20 1.831032627950198210e-21
2.798458325389128731e+04 5.365847063964469593e-20 1.964189810441735197e-21
2.799516224815596433e+04 5.749055667129873045e-20 1.995056576840705515e-21
2.800574116481833335e+04 5.701283726133347882e-20 1.881259287811734076e-21
2.801632000383675768e+04 5.466806962903532017e-20 1.890888460118420568e-21
2.802689876518773599e+04 5.578849808611971216e-20 1.917077726828458998e-21
2.803747744881675317e+04 5.513024072284039352e-20 1.809978495537411285e-21
2.804805605467436180e+04 5.594886024504256662e-20 1.941534259168538233e-21
2.805863458271895433e+04 5.549474763516951937e-20 1.878355466575249929e-21
2.806921303292684388e+04 5.418476234219087446e-20 1.916939671614698142e-21
2.807979140523700335e+04 5.426110780346008828e-20 1.913936118843987453e-21
2.809036969961924115e+04 5.474999881386789547e-20 1.896310619113853899e-21
2.810094791602539772e+04 5.670062489720138306e-20 1.895661075605441587e-21
2.811152605440578918e+04 5.621201674295321760e-20 1.884095594540183802e-21
2.812210411473167551e+04 5.599033292505723592e-20 2.014436086815379359e-21
2.813268209694679899e+04 5.205987250834353645e-20 1.905137631623911692e-21
2.814326000102239050e+04 6.157009661121400462e-20 1.981842866761380222e-21
2.815383782690883527e+04 5.794995505213377969e-20 2.015377157599683250e-21
2.816417643618741204e+04 5.587176557047897291e-20 1.933581794156572032e-21
2.817475409205735195e+04 5.998076500486747684e-20 2.018568800088597523e-21
2.818533166142833215e+04 6.233533417067514499e-20 2.045490440491546437e-21
2.819590915235010834e+04 5.485746852053667002e-20 2.000726706152749477e-21
2.820648656486214531e+04 5.449215828928002679e-20 1.929996784499210302e-21
2.821706389893385131e+04 5.613502205821427810e-20 2.045445130255112593e-21
2.822764115452291662e+04 5.587586097299036033e-20 1.956744214617289870e-21
2.823821833156711364e+04 5.500628515719597199e-20 1.956274569883519899e-21
2.824879543004293737e+04 5.739970833102985454e-20 1.918750589447398530e-21
2.825937244989478495e+04 5.899611821562953643e-20 2.043811540962416218e-21
2.826994939109907136e+04 5.614014214573970308e-20 1.967757366532864070e-21
2.828052625359361264e+04 5.254232405089530773e-20 2.015545973131036089e-21
2.829110303734205081e+04 5.495160966442769612e-20 2.007430625301876702e-21
2.830167974230121763e+04 5.666274178340261226e-20 1.966622184678260956e-21
2.831225636842848689e+04 6.023442295917094142e-20 2.065801758515801053e-21
2.832283291568055211e+04 5.121036927909379481e-20 1.888798949134871121e-21
2.833340938401469612e+04 5.404269099276736947e-20 1.876616819510124876e-21
2.834398577338773975e+04 5.152784943188442934e-20 1.904535249916558936e-21
2.835456208376318682e+04 5.599208128426117195e-20 1.890702198166543155e-21
2.836513831509145166e+04 5.516229235090977237e-20 1.910798114367165604e-21
2.837571446732928598e+04 5.476533486027774143e-20 1.940217664525578893e-21
2.838629054042098142e+04 5.976542590112937289e-20 2.030575799585358435e-21
2.839686653435504923e+04 5.594444740413319630e-20 2.037219861526941278e-21
2.840744244905034429e+04 5.523389085335682412e-20 1.954545539359679362e-21
2.841801828449518871e+04 5.594287326753761818e-20 1.998720485048656431e-21
2.842859404073395854e+04 5.605529374766964502e-20 1.872218374123193652e-21
2.843893002057902777e+04 5.485175123794565416e-20 2.055381112943011511e-21
2.844950559616835017e+04 4.725746415468851623e-20 1.960612783997410396e-21
2.846008109229798356e+04 5.214778605538484689e-20 2.007705068885461913e-21
2.847065650894680948e+04 5.564765139533462439e-20 1.956084410044395580e-21
2.848123184607735675e+04 5.328212969706208050e-20 2.032554666760393562e-21
2.849180710364037805e+04 5.433406390540635792e-20 1.928117201776957537e-21
2.850238228158491256e+04 5.328831792965731618e-20 1.997407782873994786e-21
2.851295737988172550e+04 5.238721347837185494e-20 1.969150624745208529e-21
2.852353239848644444e+04 5.173576775846511019e-20 1.821920667497183242e-21
2.853410733734308815e+04 5.644678705221450355e-20 1.698469818659433275e-21
2.854468219640732787e+04 5.846942792683106102e-20 1.920935650333749266e-21
2.855525697564962684e+04 5.784329551334372491e-20 1.925857290192454188e-21
2.856583167502580909e+04 5.339539389772057561e-20 1.872393726709227896e-21
2.857640629446605089e+04 4.939318281257503819e-20 1.842501158771939719e-21
2.858698083397304435e+04 5.374437119803382863e-20 1.860720284254176511e-21
2.859755529345668765e+04 5.525337997010332981e-20 2.016119982432952312e-21
2.860812967289972221e+04 5.331573074315252641e-20 1.734533559068799990e-21
2.861870397225867782e+04 6.064308017011142456e-20 1.939142459378270395e-21
2.862927819148295384e+04 5.491848822932725463e-20 1.889483501605792547e-21
2.863985233051538671e+04 5.435171267220466719e-20 1.938848985732880352e-21
2.865042638933907074e+04 5.118322711058376153e-20 1.814190607908620669e-21
2.866100036788987563e+04 5.390263288175279807e-20 1.916150515524699392e-21
2.867157426613089410e+04 5.555118817665697346e-20 2.051180024485676545e-21
2.868214808402461858e+04 5.466624266388682434e-20 1.995693768633174013e-21
2.869272182150740628e+04 5.344637758577090598e-20 1.912430953915045318e-21
2.870329547856167846e+04 5.566313817570975799e-20 1.858736573367181572e-21
2.871386905513740567e+04 5.337821320694116225e-20 1.857247747379146392e-21
2.872444255116956629e+04 5.495062540067542732e-20 1.965232492572392987e-21
2.873501596662848169e+04 5.350497366247659333e-20 1.918168225037708684e-21
2.874558930147597857e+04 5.335797531040370710e-20 1.944766599584115611e-21
2.875616255565528263e+04 6.025118575825401867e-20 2.006023914178173014e-21
2.876673572914187025e+04 5.662139673466156192e-20 2.068946310446825716e-21
2.877730882186512463e+04 6.033595674952086895e-20 2.100755068322450959e-21
2.878788183380072223e+04 5.515324898306703165e-20 1.994784528232784445e-21
2.879845476489805878e+04 5.388305960570639594e-20 1.862186155426749817e-21
2.880902761510586424e+04 5.547292617690076542e-20 2.034240212129691166e-21
2.881960038438682750e+04 5.150347525643031372e-20 1.907623202147129221e-21
2.883017307270344463e+04 5.499626475461409677e-20 1.825141133402280061e-21
2.884074568001130683e+04 5.585084782012839192e-20 1.818993836501780016e-21
2.885131820624593820e+04 5.612277382860554031e-20 1.863281601126512683e-21
2.886189065138979277e+04 6.036532787861201191e-20 1.949042886211877671e-21
2.887246301537864565e+04 5.116789757984354897e-20 1.854519907255771338e-21
2.888303529817413437e+04 5.065312337442132149e-20 1.848480037708961041e-21
2.889360749973265774e+04 5.109650313566319948e-20 1.910124645646647960e-21
2.890417962000206535e+04 5.418411008584392622e-20 1.796234553279808847e-21
2.891475165895911778e+04 5.378263762203397322e-20 1.906367643040770652e-21
2.892532361655186469e+04 4.822437246063809888e-20 1.786425135562543622e-21
2.893589549270206044e+04 5.075146951224339659e-20 1.925991521287651396e-21
2.894646728741945117e+04 5.057953106939371317e-20 1.792997536364490483e-21
2.895703900061176319e+04 4.851594549152314558e-20 1.880579100557349165e-21
2.896761063226167971e+04 5.166672263065179372e-20 1.876486980103332900e-21
2.897818218231758146e+04 5.377797052036281355e-20 1.893433254249194988e-21
2.898875365074878937e+04 5.010805755636544374e-20 1.879361006520482376e-21
2.899932503748953241e+04 4.809606120038019071e-20 1.776269770685575775e-21
2.900989634249569281e+04 5.055417936791823149e-20 1.849033824747563341e-21
2.902046756572167942e+04 5.121475584928452941e-20 1.895562775380361809e-21
2.903103870715104131e+04 5.293154561364808275e-20 1.843092102857702567e-21
2.904160976670379750e+04 5.143019065331868143e-20 1.837234508248314445e-21
2.905218074435639210e+04 4.671207916271844365e-20 1.730570574829431866e-21
2.906275164005652550e+04 4.893017807162452260e-20 1.851889198342669403e-21
2.907332245375965431e+04 5.332984031864549003e-20 1.921758854249683081e-21
2.908389318541372995e+04 5.561042425098425895e-20 1.880956155094492768e-21
2.909446383498758951e+04 5.124830628500849693e-20 1.691444189929946974e-21
2.910503440242954093e+04 5.009327753032272190e-20 1.839657558602780241e-21
2.911560488769414951e+04 4.886461785272085382e-20 1.832018699418893855e-21
2.912617529073001788e+04 4.980488367504807199e-20 1.803601943205126526e-21
2.913674561150512454e+04 5.012132024028653427e-20 1.808119843666519027e-21
2.914731584996133461e+04 4.943030362103661990e-20 1.787757305147292594e-21
2.915788600608050911e+04 5.044487929131481581e-20 1.879810742922725766e-21
2.916845607977647160e+04 5.191990734658650084e-20 1.931140805312403858e-21
2.917902607103131231e+04 5.022916830347035274e-20 1.872384118347586777e-21
2.918959597980027320e+04 4.917375813481814059e-20 1.849458948562722917e-21
2.919992447556642219e+04 5.123192583009476581e-20 1.798522606530815700e-21
2.921049420566947447e+04 5.162117951896126053e-20 1.878438472868201460e-21
2.922106384483454895e+04 4.696234436155595300e-20 1.766146564449016911e-21
2.923163340119851273e+04 5.080086901200366575e-20 1.871681993079296073e-21
2.924220287485473818e+04 5.327407993554203848e-20 1.791301442504850016e-21
2.925277226575078021e+04 5.701053619100985397e-20 1.885445036348089226e-21
2.926334157383485217e+04 5.946600079145651765e-20 1.900563887920311020e-21
2.927391079906100640e+04 5.571244747232797159e-20 1.868388834198680827e-21
2.928447994137709611e+04 5.358897141387424189e-20 1.887310877572131811e-21
2.929504900074449324e+04 5.117510246716878828e-20 1.796124603240993122e-21
2.930561797711745385e+04 5.404631766358780865e-20 1.964243447160932794e-21
2.931618687045762272e+04 5.249886016122264665e-20 1.917738276561596407e-21
2.932675568070528243e+04 5.279029178598520116e-20 1.979380835051184777e-21
2.933732440782896083e+04 4.792897545097937122e-20 1.837508264326926546e-21
2.934789305177571077e+04 5.191963310526663401e-20 1.918406392482762050e-21
2.935846161250018849e+04 5.308778157439179543e-20 1.868430400802458890e-21
2.936903008995648634e+04 5.354973918519721195e-20 1.978342203348085369e-21
2.937959848409883125e+04 5.643824849036952981e-20 2.022688443396642978e-21
2.939016679488170121e+04 5.125020176840957908e-20 1.875480200306191506e-21
2.940073502225880293e+04 5.336025728958022967e-20 1.853046203825985189e-21
2.941130316618494908e+04 5.430685640522567417e-20 1.868031510314029247e-21
2.942187122661348258e+04 5.221069867823791198e-20 1.785056792420383901e-21
2.943243920349251857e+04 5.929611868428966036e-20 1.873460213435204426e-21
2.944300709690784424e+04 5.059510924760880895e-20 1.738518246004880023e-21
2.945333305707160980e+04 4.727603999219289224e-20 1.909158301384684458e-21
2.946390076105409753e+04 5.217828282641768885e-20 1.822032253730667900e-21
2.947446838130047036e+04 5.021877385467880947e-20 1.853625651024810687e-21
2.948503591778661212e+04 5.255623565617315517e-20 1.857835180826053229e-21
2.949560337048706788e+04 5.477451580175173569e-20 1.863861755516689086e-21
2.950617094090320097e+04 5.498174239249253073e-20 1.888266543119877353e-21
2.951673843226594909e+04 5.323719759857527721e-20 1.851823861761779669e-21
2.952730583963621393e+04 5.108045121070517857e-20 1.888416922046497060e-21
2.953787316302471663e+04 5.195775139270132526e-20 1.790433906793627610e-21
2.954844040232802581e+04 5.005632460975926728e-20 1.551901841479587451e-21
2.955900755755734281e+04 4.886615904090967940e-20 1.608403805184504163e-21
2.956957462861588283e+04 5.431777435463256906e-20 1.756180377955886075e-21
2.958014161550075369e+04 5.040590588969716394e-20 1.877141193716745020e-21
2.959070851813666377e+04 5.454094030242196203e-20 1.858206360477191750e-21
2.960127533647034215e+04 5.120170089611536676e-20 1.811377204101877030e-21
2.961184207048396638e+04 5.343447166893304186e-20 1.829953371954348999e-21
2.962240872011650936e+04 5.407701365569126282e-20 1.876287129476013218e-21
2.963297528531496573e+04 5.281225019676852242e-20 1.938695238628508824e-21
2.964354176604638633e+04 5.736490969587166108e-20 1.841093357563798602e-21
2.965410816226496900e+04 5.371269318764077230e-20 1.884881070128618100e-21
2.966467447390230518e+04 4.942940517479666480e-20 1.814510222531105452e-21
2.967524070093342016e+04 5.095103137447866251e-20 2.102330357359429172e-21
2.968580684330470831e+04 4.781433147365057435e-20 2.065192742156968291e-21
2.969637290095476055e+04 5.349190253756913736e-20 1.791721353559875911e-21
2.970693887387340874e+04 5.073415097404002509e-20 1.716239308954859565e-21
2.971750476198455726e+04 4.891451104698986412e-20 1.780714332948166695e-21
2.972807056524929430e+04 4.955444972051858556e-20 1.687936593239052474e-21
2.973863628362054806e+04 5.122081016015702339e-20 1.871925442389682748e-21
2.974920191705875914e+04 5.190103770227672619e-20 1.845764154541737904e-21
2.975976746550302050e+04 5.311304670802858209e-20 1.797033575753636096e-21
2.977033292890585290e+04 5.111396562933174534e-20 1.774098941116240620e-21
2.978089830723556952e+04 5.085504858926523673e-20 1.770795129053164650e-21
2.979146360045185429e+04 5.153393849050383391e-20 1.726354050777099608e-21
2.980202880847934284e+04 5.215009582935479027e-20 1.813415301001930858e-21
2.981259393128541342e+04 5.643156476021551223e-20 1.803837315655173557e-21
2.982315896882287052e+04 5.037994730975947259e-20 1.663264772008552475e-21
2.983372392104516257e+04 4.507929630505056643e-20 1.747422664398547906e-21
2.984428878791178431e+04 5.031536256612603263e-20 1.894886391444455768e-21
2.985485356936189055e+04 5.156387548193250298e-20 1.956154820304960950e-21
2.986541826536245935e+04 5.311923292908771976e-20 1.836166425376052832e-21
2.987598287585920480e+04 5.361790426805037000e-20 1.983868925357996459e-21
2.988654740079792464e+04 5.143367219830491028e-20 1.930015452730994231e-21
2.989711184014537139e+04 5.473647751551254228e-20 1.936132239830900547e-21
2.990767619384777936e+04 5.487213515417979903e-20 1.830565289986386984e-21
2.991824046185728366e+04 5.047820433065976179e-20 1.785886774071011515e-21
2.992880464411972935e+04 5.663346254470525827e-20 1.853537258639994025e-21
2.993936874059501861e+04 5.165838008726117260e-20 1.905948003314685047e-21
2.994993275124274078e+04 4.905356026926989446e-20 1.792543627445571558e-21
2.996049667601615147e+04 4.798747622008557848e-20 1.783273403217742867e-21
2.997106051485254648e+04 5.222749238050368043e-20 1.752804328892483987e-21
2.998162426771237733e+04 5.104164350172327196e-20 1.842952549570421733e-21
2.999218793454063780e+04 4.870253387682175631e-20 1.823889930657720494e-21
3.000275151530430958e+04 5.306971437938110144e-20 1.818920341113690998e-21
3.001331500994901580e+04 4.904554445172043917e-20 1.825834700464941579e-21
3.002387841842645867e+04 4.896066996591591422e-20 1.789116154116891987e-21
3.003444174068980283e+04 5.283567642369267954e-20 1.720912504148070519e-21
3.004500497669100878e+04 4.768861602775561188e-20 1.738155454623410707e-21
3.005556812638247720e+04 5.322863285482994148e-20 1.790538156020954991e-21
3.006613118972421944e+04 5.189642821129225897e-20 1.739447709204828238e-21
3.007669416665310200e+04 5.537863261281768614e-20 1.785030600054318859e-21
3.008725705712952185e+04 5.348797547366467484e-20 1.782094267017743576e-21
3.009781986110524304e+04 4.660946520868690772e-20 1.751961903001330704e-21
3.010838257853994583e+04 4.695940304222374068e-20 1.846383273148439039e-21
3.011894520937133711e+04 5.072727072314225222e-20 1.851434936940885623e-21
3.012950775356562008e+04 5.054006938541541726e-20 1.865917825966512600e-21
3.014007021106855609e+04 5.856030861166641939e-20 1.835411837464710195e-21
3.015038921285034667e+04 5.373921819861027727e-20 1.835248130327109242e-21
3.016095148323003741e+04 5.123964667309927670e-20 1.866611645944586723e-21
3.017151365834390526e+04 5.057311743916607277e-20 1.903788348891163556e-21
3.018207574645724162e+04 5.361873012711699895e-20 1.951466808461412767e-21
3.019263774764399932e+04 5.192353745474806621e-20 1.839141644696725283e-21
3.020319966184183795e+04 5.386197113310696703e-20 1.885548381156606355e-21
3.021376148901684792e+04 5.095181514870523588e-20 1.773408190641241920e-21
3.022432322912118616e+04 5.681735603723004298e-20 1.782844105818717249e-21
3.023488488208457056e+04 5.221350461399927967e-20 1.734041155719580351e-21
3.024544644787374273e+04 5.117903168958865455e-20 1.716898020274249860e-21
3.025600792645453839e+04 5.226866782742203452e-20 1.788519407074119913e-21
3.026656931775010162e+04 5.004074111233787851e-20 1.910793174215780873e-21
3.027713062174098013e+04 5.231128303132176178e-20 1.827429837111522252e-21
3.028769183835672447e+04 4.889522754184489757e-20 1.785079004006267680e-21
3.029825296754251031e+04 5.367083300606998069e-20 1.890190587644325009e-21
3.030881400929277879e+04 5.415758960131683375e-20 1.830467310728750979e-21
3.031937496351603477e+04 5.369886389507875312e-20 1.834320178053393674e-21
3.032993583018540448e+04 5.309745561534552865e-20 1.886869591466358717e-21
3.034049660923048214e+04 5.635336346554159245e-20 1.892437714197057744e-21
3.035105730062476141e+04 4.721404728793102560e-20 1.863742112636969200e-21
3.036161790431980626e+04 5.665484328148001896e-20 1.890215891887196555e-21
3.037217842035398644e+04 5.650831694955937568e-20 1.783610678133891671e-21
3.038273885704216809e+04 5.839161713331297455e-20 1.812173835313281219e-21
3.039305531881905335e+04 5.137053288423494371e-20 1.825279633367703441e-21
3.040361554902639182e+04 5.377139217689505010e-20 1.880349128377447860e-21
3.041417569127478782e+04 5.645441963340862523e-20 1.883050627659533813e-21
3.042473574552233549e+04 5.562999936213641550e-20 1.750440876149464992e-21
3.043529571172836950e+04 5.062602237256913586e-20 1.888876257442837369e-21
3.044585558983643205e+04 4.999397200976476411e-20 1.832397619322331172e-21
3.045641537978992346e+04 5.255248876319590712e-20 1.779523772052160657e-21
3.046697508154801471e+04 5.024871731803243595e-20 1.920846072338598638e-21
3.047753469507630143e+04 5.876933603079590820e-20 1.864793191120152209e-21
3.048809422030368660e+04 5.194148472565793664e-20 1.796799763686619725e-21
3.049865365718885369e+04 5.121063598053462225e-20 1.826920744517979708e-21
3.050921300567470826e+04 5.032086542765146169e-20 1.732402986976587036e-21
3.051977226572795553e+04 4.990014384605405865e-20 1.850139993031254772e-21
3.053033143729166477e+04 5.130365285539133152e-20 1.705744885574145814e-21
3.054089052032431209e+04 5.190062673867896550e-20 1.753117778801953030e-21
3.055144951475454218e+04 4.990036415802879935e-20 1.803147955544312056e-21
3.056200842054762325e+04 5.242481991651563336e-20 1.683196992836609993e-21
3.057256723766255527e+04 5.372418825135580438e-20 1.798330685401578681e-21
3.058312596605754879e+04 5.322386805621276818e-20 1.646393531580623672e-21
3.059368460564526686e+04 4.870875151131116509e-20 1.656005834550653204e-21
3.060424315640722853e+04 5.066665880283470804e-20 1.658220254129104354e-21
3.061480161829366625e+04 5.083673589819977202e-20 1.673737832673547933e-21
3.062535999124032969e+04 5.372915733166314149e-20 1.792029995060566124e-21
3.063591827520569859e+04 4.942277876846911614e-20 1.699654203401475484e-21
3.064647647015484472e+04 5.129117971456395853e-20 1.689005818537746245e-21
3.065703457600871116e+04 5.069060780286595252e-20 1.795760639757184372e-21
3.066759259272518830e+04 5.495311708551143037e-20 1.793269903078105866e-21
3.067815052028492210e+04 5.298378164207299951e-20 1.737892738127285609e-21
3.068870835859331419e+04 4.966312001235262338e-20 1.741994953236733109e-21
3.069926610763835924e+04 5.415261084120001264e-20 1.816629749494063638e-21
3.070982376734786885e+04 5.595182694584268887e-20 1.790949246873590718e-21
3.072038133768770422e+04 4.577119676498988357e-20 1.730904863579501497e-21
3.073093881859232715e+04 4.962799848100261254e-20 1.793736423305369302e-21
3.074149621004320215e+04 5.061903309818410306e-20 1.790804180759349996e-21
3.075205351194472314e+04 5.411065357641377175e-20 1.791449325872787150e-21
3.076261072426203100e+04 5.247139848538981039e-20 1.723606076973107786e-21
3.077316784697645198e+04 5.360820714511394510e-20 1.695378488743440898e-21
3.078372487999959412e+04 5.327388688439853132e-20 1.711449655105938015e-21
3.079428182331993594e+04 5.391779916894487586e-20 1.776607634404598489e-21
3.080483867683438075e+04 5.215950799306951871e-20 1.886163115383825957e-21
3.081539544053832287e+04 5.046187021739352780e-20 1.758882489412523406e-21
3.082595211437473336e+04 5.062209491078418205e-20 1.632513738673080162e-21
3.083650869827061979e+04 5.328824964677472883e-20 1.758001509831360203e-21
3.084706519220616974e+04 5.402649935692561388e-20 1.749067250390439491e-21
3.085762159612429969e+04 5.530802589635278075e-20 1.771803387614326764e-21
3.086817790994397728e+04 5.241992513828013433e-20 1.807298327150064542e-21
3.087873413363797226e+04 5.344427127631976120e-20 1.746002096681631536e-21
3.088929026717966917e+04 5.287957023127938708e-20 1.818527062523928969e-21
3.089984631048002120e+04 5.272981351298942240e-20 1.749850965068590962e-21
3.091040226350441662e+04 5.298849259628323964e-20 1.721210698437750630e-21
3.092095812621060759e+04 5.625331804865335067e-20 1.655634592912718204e-21
3.093151389852457214e+04 5.352754209270668165e-20 1.586805482562307860e-21
3.094206958041201142e+04 4.784452760046115554e-20 1.585633169740362229e-21
3.095262517184576063e+04 5.177826446748142883e-20 1.688975200805945301e-21
3.096318067273633278e+04 5.391901206382438822e-20 1.803092679093079465e-21
3.097373608304941081e+04 4.799275463116781941e-20 1.729613808264222699e-21
3.098429140274984820e+04 5.522878861158759087e-20 1.838977187120222454e-21
3.099484663177147013e+04 5.039955868846816636e-20 1.788835570993155366e-21
3.100540177005654186e+04 5.483059527686620191e-20 1.809613430542421125e-21
3.101595681753863755e+04 5.037069938088104030e-20 1.763202063222293715e-21
3.102651177422313049e+04 4.985203841471580182e-20 1.707655146058105984e-21
3.103682136277675090e+04 5.323271916778963850e-20 1.787274739826254703e-21
3.104737611546618791e+04 5.494317550369356872e-20 1.860190276382986220e-21
3.105793077702670053e+04 5.269822424180011896e-20 1.714442121614447088e-21
3.106848534758267124e+04 5.543539981624397458e-20 1.754991470609146957e-21
3.107903982703823567e+04 5.756350076681292177e-20 1.798560937004561789e-21
3.108959421535743604e+04 5.683434986023375822e-20 1.841956756906805446e-21
3.110014851247516708e+04 5.469698819302735628e-20 1.748998422197762150e-21
3.111070271838485860e+04 5.574255043881642243e-20 1.829019910680827363e-21
3.112125683297647993e+04 5.186559063144686977e-20 1.803502811627622631e-21
3.113181085625868945e+04 5.017416010960532419e-20 1.758029977923073209e-21
3.114236478812057976e+04 5.388487890808935245e-20 1.862084922634917863e-21
3.115291862857146771e+04 5.343323749465987718e-20 1.882965119489370061e-21
3.116347237751543435e+04 5.563375965249909364e-20 1.970791466573700169e-21
3.117402603491595073e+04 5.413115024415997871e-20 1.823018112601372157e-21
3.118457960073748836e+04 5.347715791753485745e-20 1.858981313451678062e-21
3.119513307488356804e+04 5.378609162402398164e-20 1.819805285929896056e-21
3.120568645734804886e+04 5.138173649013546954e-20 1.783266522685682527e-21
3.121623974806565820e+04 5.250630844122487586e-20 1.718010656657445863e-21
3.122679294699992170e+04 5.357897301839828736e-20 1.806557910301423136e-21
3.123734605418894353e+04 5.298618084675716870e-20 1.771720240396407060e-21
3.124789907802500602e+04 5.048900886958701132e-20 1.714655629568869094e-21
3.125820624652437255e+04 5.078712499991532863e-20 1.757497583493539609e-21
3.126875905539770974e+04 5.165029761229903495e-20 1.881945002532703575e-21
3.127931177220644895e+04 5.161934394383581847e-20 1.705524839491948845e-21
3.128986439691465421e+04 4.924336698676499634e-20 1.760844427734041412e-21
3.130041692947091724e+04 4.982357244626856294e-20 1.757728318232763479e-21
3.131096936980049577e+04 5.100839794361883478e-20 1.815820194749109168e-21
3.132152171788310807e+04 4.586816008730381358e-20 1.716626299587866993e-21
3.133207397364367716e+04 4.893543269621508245e-20 1.907330705399235031e-21
3.134262613703095485e+04 5.153000387254551167e-20 1.880002656602258873e-21
3.135317820800082336e+04 5.123855300068873921e-20 1.761341671492148316e-21
3.136373018651773600e+04 5.297211461884467037e-20 1.764447002112704180e-21
3.137428207251447384e+04 4.994433042583332462e-20 1.732254830349751389e-21
3.138483386593099567e+04 5.009089318755740384e-20 1.844081528489283840e-21
3.139538556673170751e+04 5.238956902659463751e-20 1.813107539477750476e-21
3.140593717484923764e+04 5.179858480312296808e-20 1.820929037324255569e-21
3.141648869023132283e+04 5.277189559053185417e-20 1.870766005718138345e-21
3.142704011285029628e+04 5.158132071317219784e-20 1.947990238298992899e-21
3.143759144263068811e+04 4.638836416065249412e-20 1.714566481439941049e-21
3.144814267952806767e+04 4.831350608058670191e-20 1.683441345940221803e-21
3.145869382349885200e+04 5.170055275913723402e-20 1.660519045700005922e-21
3.146924487447537103e+04 4.517753776441065817e-20 1.776207472225624139e-21
3.147979583242105218e+04 4.758924227581239316e-20 1.837476499022042513e-21
3.149034669727633081e+04 4.691316804575276926e-20 1.710631711922346337e-21
3.150089746898929297e+04 5.049177561229626966e-20 1.676853347443374973e-21
