9.796903802002718294e+03 1.141434173994822701e-19 5.980375299830340770e-20
9.803251518383744042e+03 1.470899637033248617e-19 4.416751686632057651e-20
9.809599217356368172e+03 1.985898902190596813e-19 4.478466710154887155e-20
9.815946898903166584e+03 6.909720946571496150e-20 4.299848359900826172e-20
9.822294562997232788e+03 1.307802776427230125e-19 3.971135227232173459e-20
9.828642209621497386e+03 -1.143040316682020011e-21 4.246627999049881489e-20
9.834989838755513119e+03 9.530140231599489944e-20 3.986247345819360346e-20
9.841337450379931397e+03 1.455716755184985411e-20 3.783894342453050479e-20
9.847685044471960282e+03 7.147315703297556305e-20 3.680649319398388330e-20
9.854032621013373500e+03 1.010088468546694255e-19 3.872185776907270089e-20
9.860380179982845220e+03 8.437101347415827509e-20 3.767542316847696120e-20
9.866727721359975476e+03 3.443433004667267166e-20 3.826587775654326718e-20
9.873075245123351124e+03 9.461399859262309526e-20 3.582049102624898599e-20
9.879422751253276147e+03 5.969955768742940865e-20 3.556574668905630512e-20
9.885770239730720277e+03 8.707053051147589887e-22 3.446488935285960276e-20
9.892117710534288562e+03 6.229748726828610723e-20 3.329365685791364954e-20
9.898465163643626511e+03 6.542034097767322449e-20 3.555454681879587094e-20
9.904812599038352346e+03 1.052512380951887314e-19 3.545234370953305470e-20
9.911160016697858737e+03 9.557679308671795618e-20 3.608652613470927148e-20
9.917507416601043587e+03 -2.510365961822478099e-20 3.256419849137470184e-20
9.923854798728634705e+03 5.926299846184698497e-21 3.453846329903810063e-20
9.930202163062438558e+03 4.291865110257059061e-20 3.433471382475132577e-20
9.936549509577778736e+03 6.758441550062711665e-20 3.454256235329281529e-20
9.942896838257440322e+03 5.205331347258933410e-20 3.455210653163406413e-20
9.949244149080283023e+03 7.374414561155288456e-20 3.472236155848307368e-20
9.955591442024957360e+03 8.597221341609823457e-20 3.439785527365923511e-20
9.961938717073338921e+03 8.086530050848979754e-20 3.629137078711682041e-20
9.968285974204924059e+03 7.861094052709805062e-20 3.674682552139662494e-20
9.974633213396318752e+03 1.451560860809534996e-19 3.573388248203969285e-20
9.980980434631675962e+03 4.104624721301313627e-20 3.446075344838401152e-20
9.987327637886482989e+03 9.730208397405905209e-20 3.537997737964602391e-20
9.993674823143746835e+03 7.128033533219472508e-20 3.401917929372770861e-20
1.000002199038186518e+04 3.302717569051330548e-20 3.917789767357404946e-20
1.000636913958185687e+04 6.529990403118701455e-20 3.720891715330066180e-20
1.001271627072038063e+04 1.258494355020830301e-19 3.768141863359780983e-20
1.001906338378153669e+04 7.740408278136197003e-20 3.673675721061728026e-20
1.002541047874194010e+04 8.528919246915065992e-20 3.544316619440463731e-20
1.003175755558108176e+04 2.032464478284517300e-20 3.397703904734828184e-20
1.003810461428113194e+04 1.039720017216439611e-21 3.456164471485827867e-20
1.004445165482091579e+04 1.355451649465352229e-19 3.465300301829373665e-20
1.005079867718026981e+04 7.058554149907379289e-20 3.336495448825511505e-20
1.005714568133908142e+04 7.865726825613833812e-20 3.287722157250557376e-20
1.006349266727798931e+04 1.545104159427468228e-19 3.798031275387449966e-20
1.006983963497484001e+04 1.060159443010128917e-19 3.315836305794368596e-20
1.007618658441177104e+04 4.511513164456310226e-20 3.440027178523844485e-20
1.008253351556648158e+04 -4.061051606959982010e-20 3.692314075729059614e-20
1.008888042841997049e+04 -6.520025371023884126e-20 3.552538410845981778e-20
1.009522732295188689e+04 1.134853808645070940e-19 3.437542147249009305e-20
1.010157419914221282e+04 1.273205274690586584e-19 3.386411047070283392e-20
1.010792105697097941e+04 1.185061230819431176e-19 3.446407572984988773e-20
1.011426789641810501e+04 7.466669491026242642e-20 3.497446936824631642e-20
1.012061471746461757e+04 8.820362798387877495e-20 3.444471608939560109e-20
1.012696152008810714e+04 1.116399920790668317e-19 3.205165439659829291e-20
1.013330830426955436e+04 5.588091764014050934e-20 3.048005178756999889e-20
1.013965506999018908e+04 3.936647663324001209e-20 2.974274686926573637e-20
1.014600181722776324e+04 1.316861802839969368e-19 3.377853244126767412e-20
1.015234854596334117e+04 8.731502000370440201e-20 3.375973197361296510e-20
1.015869525617795261e+04 4.595316968002952399e-20 3.245785586576145632e-20
1.016504194785024993e+04 1.149054398075598283e-19 3.213931300557679202e-20
1.017138862095936929e+04 7.832092971353049714e-20 3.352544917496704905e-20
1.017773527548640595e+04 1.846920689017884727e-20 3.178546721748161364e-20
1.018408191141135649e+04 9.160722350940386581e-20 3.329288590804315508e-20
1.019042852871535979e+04 2.183829238200143511e-20 3.312542801107280452e-20
1.019677512737591496e+04 8.908857148769848332e-20 3.272181023779589878e-20
1.020312170737438828e+04 9.033027379818359475e-21 3.287252138210414097e-20
1.020946826869195502e+04 8.049935897073387127e-20 3.233212895773618037e-20
1.021581481130754037e+04 3.063891466461891780e-20 3.154243929539167938e-20
1.022216133520011317e+04 6.114709591580726964e-20 3.298433591551560361e-20
1.022850784035062497e+04 1.316049037294149181e-19 3.350577921917947422e-20
1.023485432674140793e+04 1.247042989380602207e-19 3.324419811090860242e-20
1.024120079434819490e+04 1.289806097289339261e-19 3.364471268783197345e-20
1.024754724315329804e+04 1.340772926045915583e-19 3.249630972175537628e-20
1.025389367313791263e+04 8.126729067569908773e-20 3.284406607044591113e-20
1.026024008428101297e+04 6.470550655709102850e-20 3.276015600854623405e-20
1.026658647656131325e+04 8.725304305263605402e-20 3.069348382995105166e-20
1.027293284996139846e+04 5.670896801509058713e-20 3.078919800880644390e-20
1.027927920446028838e+04 5.755930878131798669e-20 3.052833344701310365e-20
1.028562554003695550e+04 8.840958306210953595e-20 3.341745106818280654e-20
1.029197185667381200e+04 2.721460881099836117e-20 3.383155271520678232e-20
1.029831815434855343e+04 5.576861456074702762e-20 3.309681306442795623e-20
1.030466443304359382e+04 9.689841415913478159e-20 3.199473849187111494e-20
1.031101069273808935e+04 1.332028565345723550e-19 3.153358523367684896e-20
1.031735693341333354e+04 1.706283990694483840e-19 3.283231316545716617e-20
1.032370315504495375e+04 8.191148574379151461e-20 3.223977686146441973e-20
1.033004935761994602e+04 7.994556602111977657e-20 3.348289974822195685e-20
1.033639554111252437e+04 9.825005335973470345e-20 3.128508850702653268e-20
1.034274170550650342e+04 1.346881920318604516e-19 3.105716845531840270e-20
1.034908785077983885e+04 5.006266601555421108e-20 2.933002402483733318e-20
1.035543397691500468e+04 2.837844837968730971e-20 2.973477057755147460e-20
1.036178008389220668e+04 1.232502946561165373e-19 3.297230580104510800e-20
1.036812617168821271e+04 1.123930959882793102e-19 3.305552173817876015e-20
1.037447224028759956e+04 1.671512423683007374e-19 3.139392181642156615e-20
1.038081828966624016e+04 2.712611821671111828e-20 3.213223125516165017e-20
1.038716431980895868e+04 -1.908630325828745250e-20 2.991012138320017174e-20
1.039351033069256118e+04 6.213425895404190151e-20 3.239368041617102268e-20
1.039985632229615294e+04 7.783746451010539437e-20 3.192091579370187318e-20
1.040620229460678274e+04 -3.695060115159587550e-21 3.123819057061622027e-20
1.041254824759771873e+04 4.342048708147944212e-21 3.024564436699866049e-20
1.041889418125057091e+04 2.568783557696575456e-20 3.214051154911740053e-20
1.042524009554789882e+04 6.871842569837912036e-20 2.918652059164508096e-20
1.043158599046999370e+04 2.590483257175628906e-20 2.868680868148304424e-20
1.043793186599601904e+04 1.323083246354594269e-19 3.082234805428868339e-20
1.044427772210383409e+04 1.401501405073689334e-20 2.848167724240468126e-20
1.045062355877714253e+04 6.570913493099976502e-20 3.140750043647025233e-20
1.045696937599642479e+04 2.201618536790201943e-20 3.076798386126205015e-20
1.046331517373852694e+04 2.878774472864499233e-20 2.980850437540164490e-20
1.046966095198608673e+04 1.000689973145809103e-19 3.005806976528039791e-20
1.047600671072407931e+04 4.501160629115623446e-20 2.856843252088054905e-20
1.048235244992347180e+04 1.000427006653973702e-19 3.024090108997712821e-20
1.048869816957032526e+04 9.745551107635678592e-21 2.892484666718339823e-20
1.049504386964399600e+04 2.439667449039359342e-21 2.987073268494658494e-20
1.050138955012717997e+04 2.503028305335068837e-20 2.996420130959209204e-20
1.050773521099324535e+04 -1.666195954154667009e-20 2.941242548042416785e-20
1.051408085223072521e+04 -4.937836812989807860e-22 2.862061862869120067e-20
1.052042647381646202e+04 6.216255232760665560e-20 3.099413615422926040e-20
1.052677207572950465e+04 9.164585851713396013e-20 3.134665696774348135e-20
1.053311765795161591e+04 5.157542069796606236e-20 2.766357069061348521e-20
1.053946322046436217e+04 1.279525261691071495e-19 2.935830401974352727e-20
1.054580876324699602e+04 4.138786038435059249e-20 2.904411702795203582e-20
1.055215428627638539e+04 9.302492529851377044e-20 2.987970258954225167e-20
1.055849978954118524e+04 6.109201070419253026e-20 2.898367431146458060e-20
1.056484527301571143e+04 4.386092564346513576e-20 2.777213711977932932e-20
1.057119073667942575e+04 1.297999446273717664e-19 3.007357668696258560e-20
1.057753618051749254e+04 4.449448118609160008e-20 2.787245408280811628e-20
1.058388160450800024e+04 5.412638037194390034e-20 2.845519010646888280e-20
1.059022700863022692e+04 4.165582534247321919e-20 2.888592559268649657e-20
1.059657239286701042e+04 9.031522185885664919e-20 2.767115926935195483e-20
1.060291775719626094e+04 9.026080934201470986e-20 2.806016242980441675e-20
1.060926310159970672e+04 5.050302241377178343e-20 2.805940670805606851e-20
1.061560842606028382e+04 6.914412676273914723e-20 2.830184017878501905e-20
1.062195373055254822e+04 9.336596264501568366e-20 2.754370268461043552e-20
1.062829901506292481e+04 9.939680143202849774e-20 2.830840193129792605e-20
1.063464427956953841e+04 8.396703227299816806e-20 2.717815246037137875e-20
1.064098952405288583e+04 5.987755216643241920e-20 2.730837955044801733e-20
1.064733474849445702e+04 4.157647218223672083e-20 2.720324533567924210e-20
1.065367995287020312e+04 7.286408202497880242e-20 2.776569414940799373e-20
1.066002513716661633e+04 2.100228316461307947e-20 2.725857348322443134e-20
1.066637030136184512e+04 7.054641396767721244e-20 2.569004768804784449e-20
1.067271544543403070e+04 1.158819825213267138e-19 2.954185635848505886e-20
1.067906056936970708e+04 1.002132876661496855e-19 2.855264552915208749e-20
1.068540567314572399e+04 2.063296027231246960e-20 2.585126577334355884e-20
1.069175075674003892e+04 1.106671869989045426e-19 2.837816398791076669e-20
1.069809581917022842e+04 1.146258695988652568e-19 2.958375892926184573e-20
1.070444083163701362e+04 7.173958000694197607e-20 2.892863716101888263e-20
1.071078582386197377e+04 3.738342443065745751e-20 2.881527805510506636e-20
1.071713079583651415e+04 2.423408866854560879e-20 2.891491725702461336e-20
1.072347574753281151e+04 -5.961062193859028424e-21 2.703183679000367294e-20
1.072982067893249041e+04 3.732038163858851323e-20 2.676698543899029170e-20
1.073616559002103531e+04 2.405106657093101029e-20 2.708126056770307544e-20
1.074251048077068481e+04 8.698009072489847023e-20 2.779406156506133465e-20
1.074885535117051040e+04 8.724901760151932791e-20 2.782256317619239169e-20
1.075520020119628498e+04 2.170956896887172371e-20 2.906394917542135348e-20
1.076154503082741940e+04 -1.039192486734870132e-20 2.765573586457925748e-20
1.076788984005306702e+04 9.039584919817343384e-20 2.752151176489248751e-20
1.077423462884153560e+04 1.092512339641904671e-19 2.795465196548427341e-20
1.078057939717959925e+04 9.431919847218652358e-20 2.657093064250098553e-20
1.078692414505408124e+04 7.475983717308937444e-20 2.833824608615928890e-20
1.079326887243589772e+04 8.522369431753151240e-20 2.874098566251604726e-20
1.079961357930936174e+04 6.776674527840288977e-20 2.802209624692364974e-20
1.080595826565512652e+04 5.426970948147166251e-20 2.694481850374750215e-20
1.081230293145633732e+04 1.156687524032781872e-19 2.821221723986155353e-20
1.081864757668743732e+04 6.836558733710064340e-20 2.834685483737677048e-20
1.082499220133274321e+04 6.256948914415009956e-20 2.947558656386852298e-20
1.083133680537551845e+04 2.838720059325481455e-20 3.435812508168094237e-20
1.083768138879278376e+04 3.606738768807455256e-20 3.034803065178808623e-20
1.084402595156647112e+04 8.044706519135572495e-20 2.790489454139612320e-20
1.085037049367850523e+04 4.451738013459370882e-20 2.640602852147011926e-20
1.085671501510715461e+04 5.176525726295839858e-20 2.750796095325613483e-20
1.086305951583433671e+04 9.014506639778111092e-20 2.517258005686679684e-20
1.086940399584061197e+04 9.075176117389060419e-20 2.625947283098773056e-20
1.087574845510811247e+04 1.205357565628731762e-19 2.856257228303327124e-20
1.088209289361510673e+04 7.919216782758732257e-20 2.700818143774802884e-20
1.088843731134358859e+04 4.309793660185595585e-20 2.648148059648508196e-20
1.089478170827552094e+04 2.894196973714956745e-20 2.578570744967009285e-20
1.090112608438795360e+04 3.490300520534474991e-20 2.684353239022238720e-20
1.090747043966782257e+04 -9.338201062679568197e-21 2.785919812587738433e-20
1.091395627790177969e+04 2.580951033871832775e-20 2.703285906012655100e-20
1.092030060068213606e+04 8.669384714598818790e-20 2.642878147141231247e-20
1.092664490695051427e+04 9.533931607501758756e-20 2.707916222373143724e-20
1.093298919235314861e+04 4.437407191236005725e-20 2.504825638573284937e-20
1.093933345682262552e+04 -1.912286279671387861e-20 2.579738296171453463e-20
1.094567770033980196e+04 -1.356386396177307406e-20 2.420637156334348400e-20
1.095202192288786682e+04 1.964529912147171779e-20 2.591008395127408661e-20
1.095836612444399907e+04 9.327784842787320032e-21 2.643219457334691399e-20
1.096471030498761866e+04 -2.617379265121210955e-20 2.617609473186668458e-20
1.097105446450447744e+04 2.873780476587421926e-20 2.504412916221600155e-20
1.097739860297187442e+04 2.731630030141904309e-20 2.408070593786307644e-20
1.098374272037422270e+04 4.782990193554930565e-20 2.617880789206834163e-20
1.099008681668752615e+04 7.857872738034429196e-20 2.572852602580730895e-20
1.099643089189622697e+04 -1.032995914189893744e-20 2.477657456282111885e-20
1.100277494597877012e+04 5.040996482099528641e-20 2.669057878762014868e-20
1.100911897891845365e+04 1.277130282606490822e-20 2.595269549919084375e-20
1.101546299069473935e+04 2.721526840999933637e-20 2.608249287074854705e-20
1.102180698128734912e+04 7.660058587737371291e-20 2.583714090659038068e-20
1.102815095067965194e+04 8.030443901819670233e-20 2.559638480758129329e-20
1.103449489885129697e+04 3.769219952189870806e-20 2.375897196984911063e-20
1.104083882578193334e+04 6.641321139750230449e-20 2.429277873598072118e-20
1.104718273145488456e+04 8.686569028836926120e-20 2.535739307361766759e-20
1.105352661584982161e+04 -3.932140468391542966e-21 2.408988059393362863e-20
1.105987047894641910e+04 5.272462484587305210e-20 2.580950425771735754e-20
1.106621432072794596e+04 -3.028299887455507473e-21 2.610964481788059342e-20
1.107255814117403679e+04 2.050299849603457309e-20 2.509142122137857713e-20
1.107890194026569770e+04 4.317188826310051621e-20 2.504518556638546896e-20
1.108524571798384022e+04 8.740567774317113759e-20 2.507960266454760139e-20
1.109158947430940862e+04 -5.396684034298134866e-21 2.477381637894307687e-20
1.109793320922451676e+04 7.986281691902258750e-20 2.426477375291780394e-20
1.110427692270641455e+04 1.475928261807232852e-19 2.699456520489930043e-20
1.111062061473972790e+04 8.370450076917825426e-20 2.621280110805164041e-20
1.111696428530419325e+04 3.074336302845588982e-20 2.505981841330689605e-20
1.112330793438058572e+04 1.024730356497775265e-19 2.532193805223154128e-20
1.112965156194996416e+04 9.691120720537654280e-20 2.627941061685511181e-20
1.113599516799576304e+04 5.696971260522927543e-20 2.622794440175533177e-20
1.114233875249152698e+04 2.452700773566605352e-20 2.428229707860763766e-20
1.114868231542562899e+04 6.486283889322219714e-20 2.454834126240514916e-20
1.115502585677665047e+04 1.307678321036393015e-19 2.544291206281369846e-20
1.116136937652795859e+04 5.174282799663669813e-20 2.616460626229597973e-20
1.116771287465312889e+04 7.628812432402454201e-20 2.485687354852652603e-20
1.117405635114305369e+04 4.843616908271563906e-20 2.360270881745237634e-20
1.118039980596991154e+04 4.723398529109426950e-20 2.458348071816848830e-20
1.118674323912096952e+04 5.801044176024593845e-20 2.416350849207336070e-20
1.119308665057355574e+04 3.798411639715507506e-20 2.258364378150620543e-20
1.119943004030991688e+04 1.218757729297322024e-19 2.548936708396850097e-20
1.120577340831230140e+04 5.831711294920263576e-20 2.390252837832071245e-20
1.121211675455797740e+04 1.032132039412485214e-19 2.289885067334162236e-20
1.121846007903171267e+04 1.002497263364174741e-19 2.388067815250244159e-20
1.122480338171456788e+04 5.737340601857443044e-20 2.394521870559732061e-20
1.123114666258630132e+04 -2.875915792572640667e-21 2.250654789138453958e-20
1.123748992162659488e+04 5.751643317850997762e-20 2.338493778007473515e-20
1.124383315881897397e+04 7.202652035704446994e-20 2.418319180673611444e-20
1.125017637414207638e+04 1.195239040993333145e-19 2.389746917150518570e-20
1.125651956757942207e+04 8.969695362081489515e-20 2.355437369431184619e-20
1.126286273910833916e+04 5.260902306104324769e-20 2.423881751969371318e-20
1.126920588871491782e+04 3.432031330769288027e-20 2.256598391874907588e-20
1.127554901637896364e+04 5.972840548261394274e-20 2.443128919334861084e-20
1.128189212207771743e+04 8.407173831765238298e-20 2.455325377752241020e-20
1.128823520579478281e+04 7.506941828403543218e-20 2.365983741184245978e-20
1.129457826751251559e+04 5.034532646703905309e-20 2.347473311951429473e-20
1.130092130720809655e+04 2.261388043460545856e-20 2.459133512609981911e-20
1.130726432486770136e+04 5.197292324006333585e-20 2.415219583281949620e-20
1.131360732046872909e+04 6.572570317528006948e-20 2.396714414432430317e-20
1.131995029399602208e+04 7.643835945115667412e-20 2.373853996150147830e-20
1.132629324542563882e+04 1.031361093906067354e-19 2.332240438204803428e-20
1.133263617474244893e+04 -1.120626992453474534e-21 2.316860374366232873e-20
1.133897908192633258e+04 5.593459824767888521e-20 2.337946576568274747e-20
1.134532196695836683e+04 5.983730993211358119e-20 2.156463154550533101e-20
1.135166482981841727e+04 3.173025698197764007e-20 1.909671748102678753e-20
1.135800767049141905e+04 8.422251907744118188e-20 2.054180299236906816e-20
1.136435048895333239e+04 8.167287554448194691e-20 2.233928022315611579e-20
1.137069328518777911e+04 8.065167610386589492e-20 2.359279771899886489e-20
1.137703605917603272e+04 1.891878971456451281e-20 2.315977440592670143e-20
1.138337881090177871e+04 8.653013357665936661e-20 2.266028908313356687e-20
1.138972154034106461e+04 8.302520379777661822e-20 2.247318093676908119e-20
1.139606424748010249e+04 1.109800020210065489e-19 2.343095704999083012e-20
1.140240693229495446e+04 3.738231116747489704e-20 2.332776077198529835e-20
1.140874959477061930e+04 6.520739742104516143e-20 2.355825391717100614e-20
1.141509223488825774e+04 8.320465848478401845e-20 2.435089538681025123e-20
1.142143485262517424e+04 9.331891424474663654e-20 2.336455956703903030e-20
1.142777744796639126e+04 5.098948892104129119e-20 2.305741693264500908e-20
1.143412002089176531e+04 5.652908790653541240e-20 2.323894404730185355e-20
1.144046257138371766e+04 5.906112993214984886e-20 2.351608797078318026e-20
1.144680509941962555e+04 1.190396709841011833e-20 2.224400742688745244e-20
1.145314760498454416e+04 4.096740334596278409e-20 2.165307487772196810e-20
1.145949008805713856e+04 2.201263814107782986e-20 2.219053661142522926e-20
1.146583254862374451e+04 3.094674949696762977e-20 2.299164224950388820e-20
1.147217498665907988e+04 4.445806776403632165e-20 2.232885108967886157e-20
1.147851740214564416e+04 8.629006055417293690e-20 2.296387525769983035e-20
1.148485979506983131e+04 3.877421207146910977e-20 2.301218851793555248e-20
1.149120216540507136e+04 4.134412694374561868e-20 2.292788003655550681e-20
1.149754451313774916e+04 4.587226448302180055e-20 2.367907859832484445e-20
1.150388683824784312e+04 3.842920880756417715e-20 2.311976399382953281e-20
1.151022914071773084e+04 3.811105100100311319e-20 2.220488842890742654e-20
1.151657142052613017e+04 1.183001219841592010e-20 2.136058504909311193e-20
1.152291367765558243e+04 6.782312822273253288e-20 2.285263054790862387e-20
1.152925591208862897e+04 2.260447172243170168e-20 2.290816900067359967e-20
1.153559812380261246e+04 5.235795828957280987e-20 2.192667381822020810e-20
1.154194031278399962e+04 1.776514061684591224e-20 2.107295859345638918e-20
1.154828247901143732e+04 -8.928188052105689725e-21 2.139013093592382148e-20
1.155462462246482937e+04 6.437266664064039380e-20 2.255155499396701055e-20
1.156096674312675714e+04 1.454454918918550198e-20 2.180832831984621640e-20
1.156730884092746601e+04 1.178252319116630592e-19 2.255074187538146513e-20
1.157379383274457905e+04 9.435947262696056005e-20 2.167413770065171497e-20
1.158013589851697725e+04 3.232716719665469680e-20 2.245150022221087595e-20
1.158647794142235034e+04 3.863584745254774300e-20 2.236470087868316322e-20
1.159281996144059303e+04 3.649822827320709966e-20 2.264775611582329692e-20
1.159916195855439946e+04 1.090359977340575457e-20 2.137586207283907119e-20
1.160550393274644557e+04 5.744938927788336151e-20 2.127280845187733425e-20
1.161184588399527456e+04 1.179767266744843322e-19 2.201334830662296839e-20
1.161818781228355874e+04 4.402998912694512325e-20 2.322375051480893734e-20
1.162452971759395041e+04 4.552882301799558784e-21 2.124956805059446310e-20
1.163087159990638429e+04 4.864230746360788826e-20 2.241177621128456982e-20
1.163721345920079693e+04 2.543044216966790734e-20 2.209888131266294108e-20
1.164355529546123398e+04 6.347459890704113239e-20 2.263307699793521021e-20
1.164989710866764108e+04 5.698128440969704178e-20 2.235879946474419793e-20
1.165623889879994931e+04 5.750832317649203011e-20 2.143140391324826024e-20
1.166258066584361768e+04 8.275575107989671358e-20 2.084951480897592507e-20
1.166892240977307301e+04 3.641500082703974034e-20 2.055582957021883600e-20
1.167526413057783066e+04 4.834842103753928753e-21 2.092229234731190313e-20
1.168160582823237564e+04 -2.677051854688650841e-20 1.970966082844031461e-20
1.168794750272221609e+04 1.988629585674672066e-20 2.117652258112118929e-20
1.169428915402590792e+04 7.766353193386327756e-20 2.342950219009880832e-20
1.170063078213034714e+04 1.498310046537251468e-20 2.305562709775251185e-20
1.170697238700717571e+04 2.993478268719133463e-20 2.031073794073788177e-20
1.171331396864466478e+04 8.313194270915474258e-20 2.066428420842157430e-20
1.171965552702694731e+04 9.582922770114887784e-20 2.106307944982144211e-20
1.172599706212704768e+04 3.816838194097321820e-20 2.111597762783266838e-20
1.173233857393188373e+04 1.705124915412159664e-20 2.011438641287976697e-20
1.173868006242002775e+04 5.488563480582253163e-20 2.021478359697237003e-20
1.174502152757563454e+04 6.115845384136339892e-20 2.307617053431394775e-20
1.175136296938007035e+04 5.019316831377599257e-20 2.299521969555566204e-20
1.175770438781053053e+04 3.236593364889086085e-20 2.139246646249091490e-20
1.176404578285397656e+04 3.787809403573061727e-20 2.022742656586936225e-20
1.177038715448750008e+04 5.150216130262287479e-20 2.100038839950860485e-20
1.177672850269255650e+04 4.589221233314077627e-20 2.019057531910614999e-20
1.178306982745333153e+04 1.522843917081734076e-20 1.986356663748317402e-20
1.178941112874982718e+04 2.022680772396087968e-20 2.053369930916029005e-20
1.179575240656484311e+04 -4.872901981417181097e-21 2.007336136439627127e-20
1.180209366087696071e+04 2.952579912874644775e-20 2.024482132877956305e-20
1.180843489166898144e+04 3.635258446118711443e-20 2.065775437969100906e-20
1.181477609892371765e+04 1.263461547844113663e-20 1.969543172781796776e-20
1.182111728261976350e+04 1.337652625102366146e-20 1.959185031301857114e-20
1.182745844273993316e+04 4.842533527740208157e-20 2.082932025173536908e-20
1.183379957926562929e+04 7.369528154924924505e-20 2.089589127422082565e-20
1.184014069217968790e+04 5.076349501900660691e-20 1.950882478374770445e-20
1.184648178146070495e+04 2.324120950207195249e-20 1.968753263574192111e-20
1.185282284709151281e+04 -2.088187488093040423e-20 1.949569862427975774e-20
1.185916388905353415e+04 5.691254462584043933e-20 1.921384023464837108e-20
1.186550490732819526e+04 2.566544332683095961e-20 2.008140347064457341e-20
1.187184590189834853e+04 2.251310142136943884e-20 2.015297849821933617e-20
1.187818687274252625e+04 1.342151465224832713e-20 1.944585386284436527e-20
1.188452781984505236e+04 4.704694938352105250e-20 2.021705313993188511e-20
1.189086874318453010e+04 5.119400008398208370e-20 2.089559963281698425e-20
1.189720964274383368e+04 1.003047687991723307e-19 2.020115164793894626e-20
1.190355051850441305e+04 3.782819912733879944e-20 1.970307721846438688e-20
1.190989137044914423e+04 4.746261127336672671e-20 2.098446535520778891e-20
1.191623219855804382e+04 1.217223935484849920e-20 1.995627512223504358e-20
1.192257300281115204e+04 6.545639368981458565e-20 1.976321354062041403e-20
1.192891378319277828e+04 9.493753723013407049e-20 2.134493833285776914e-20
1.193525453968295369e+04 2.594837337253130744e-20 2.020503986121663613e-20
1.194159527226314640e+04 5.566712288717122878e-20 2.069969109219007376e-20
1.194793598091338936e+04 1.747202946141273134e-20 1.974504305765802825e-20
1.195427666561658589e+04 5.004900673919054811e-20 1.867002298634771276e-20
1.196061732635563385e+04 7.422850279362202414e-20 1.979535788111225373e-20
1.196695796311058803e+04 6.034573565272356021e-21 1.948396784670817919e-20
1.197329857586148682e+04 1.146134516829940484e-19 1.969025052521212497e-20
1.197963916459268148e+04 9.683892243629437602e-20 1.957340124995262282e-20
1.198597972928566378e+04 5.433144980462902051e-20 1.992428970614683507e-20
1.199232026991616294e+04 4.402489177438864553e-20 1.929326767143095866e-20
1.199866078647286849e+04 4.298885058784656790e-20 2.100758209165656292e-20
1.200500127893580066e+04 7.354018720958537423e-20 2.078741625613192342e-20
1.201134174728212565e+04 1.154105560419537497e-19 2.114460515303849268e-20
1.201768219149625656e+04 4.624206575456789457e-20 2.018979180093364490e-20
1.202402261156258646e+04 4.078191121148314256e-20 1.762660753494583445e-20
1.203036300745684639e+04 1.186358429458896942e-19 1.779199762698097150e-20
1.203670337916776043e+04 3.190548464066882572e-20 1.795606115288672248e-20
1.204304372666671588e+04 5.086101460147649563e-20 1.962847876803244988e-20
1.204938404994392113e+04 7.146991948652387942e-20 1.902122266089098764e-20
1.205572434897942367e+04 9.123353379569711153e-21 1.917364060895028407e-20
1.206206462375185401e+04 4.364265089488845935e-20 2.017756265239751800e-20
1.206840487424272942e+04 7.814706148864119508e-21 1.911294131847665530e-20
1.207474510043792907e+04 5.220074714522693527e-20 2.008787830811611928e-20
1.208108530231461009e+04 4.518704011485673755e-20 1.945302699258463507e-20
1.208742547985577403e+04 4.330617299423597637e-20 2.031147733505770997e-20
1.209376563304146475e+04 -2.093954145429137876e-20 1.981058102317636524e-20
1.210010576185761056e+04 4.382977639634498429e-20 2.078050926243889441e-20
1.210644586628282195e+04 5.486537851879072824e-20 2.031182058749848826e-20
1.211278594629572581e+04 8.484397285208774059e-21 1.965207312379282222e-20
1.211912600188222495e+04 7.427560236527886304e-21 2.030207406352681266e-20
1.212546603302241238e+04 6.073643293817300750e-20 2.082081321101773908e-20
1.213180603969930053e+04 3.761622615507651493e-20 2.012540040552153867e-20
1.213814602189150355e+04 4.986059831164142834e-20 1.922689207168848955e-20
1.214448597958349455e+04 7.339523000463965926e-20 1.918024511217043180e-20
1.215082591275243794e+04 5.109900074910265731e-20 1.952039354495280643e-20
1.215716582138575723e+04 4.945517302932090269e-21 1.967821294590456343e-20
1.216350570546059498e+04 -1.639963738302525618e-20 1.922915523543065525e-20
1.216984556496145888e+04 3.945274305548259217e-20 1.903800433859131609e-20
1.217618539986692485e+04 7.658336848089673471e-20 1.956130402204338013e-20
1.218252521016153150e+04 5.015925875246482274e-20 1.920510112982827395e-20
1.218886499582391116e+04 4.845984736572558916e-20 1.909608368349508378e-20
1.219520475683857512e+04 8.130547295883268221e-20 1.883590428416479729e-20
1.220154449318414845e+04 7.371077207865853065e-20 1.820213631847162103e-20
1.220788420484367271e+04 8.377437235778751214e-20 2.433581695521796996e-20
1.319147076122508770e+04 6.143381691865260930e-20 2.807142358050015495e-20
1.319780646198278009e+04 4.155931963488824229e-20 1.953634748833954762e-20
1.320414213517002645e+04 1.979955326386311053e-20 1.797719033347123415e-20
1.321047778077503790e+04 8.981826978008910681e-21 1.852693911774557788e-20
1.321681339877301798e+04 -1.771593263537590425e-20 1.724731937782275888e-20
1.322314898915386038e+04 6.728779748226697535e-21 1.898000872203982876e-20
1.322948455188944536e+04 4.092384960836792251e-20 1.903096970395527804e-20
1.323582008696802041e+04 3.752320442148043177e-20 1.740950570727522680e-20
1.324215559436974945e+04 4.251885157978712485e-20 1.816502619434315376e-20
1.324849107407958400e+04 6.453248234931703668e-20 1.798102847333780187e-20
1.325482652607262207e+04 4.830227299173747784e-20 1.795490404122304001e-20
1.326116195033384429e+04 3.934251739448196140e-20 1.921746906939059427e-20
1.326749734684503164e+04 1.493768435138894471e-20 1.913513124476964974e-20
1.327383271559112291e+04 4.470278735201354877e-20 1.966434710157044340e-20
1.328016805654394557e+04 6.313852176474972006e-20 1.920079025341995972e-20
1.328650336969676755e+04 5.573494991398689669e-20 1.919520554296674024e-20
1.329283865502638037e+04 6.596116510261485015e-20 1.925039632008977239e-20
1.329917391251279332e+04 5.162554664758266169e-20 1.882092675945446352e-20
1.330550914214102340e+04 3.448779187933821446e-20 1.918188545447761626e-20
1.331184434389111266e+04 6.727804807951565914e-20 1.976112319980025754e-20
1.331817951774309586e+04 6.666866368212755830e-20 1.880438970748465167e-20
1.332451466368030742e+04 7.469521334939200209e-20 1.865294854341546170e-20
1.333084978168444832e+04 3.013211926496855741e-20 1.817135960080167242e-20
1.333718487174060829e+04 3.780157477366960206e-20 1.857578271530676970e-20
1.334351993382546243e+04 2.269066382649401076e-20 1.901522607324486814e-20
1.334985496792068989e+04 4.878410936584273356e-20 1.870096774010134325e-20
1.335618997401133493e+04 4.798552831304645909e-20 1.940041312187979294e-20
1.336252495207579886e+04 4.214027990063396266e-20 1.883475715227792216e-20
1.336885990210072669e+04 4.244994222027397380e-20 1.807766604825047563e-20
1.337519482405952476e+04 4.564553308725023095e-20 1.801343995047915693e-20
1.338152971794388577e+04 8.999411720232259248e-20 1.761432138542588215e-20
1.338786458373051391e+04 4.451783009295894985e-20 1.810481536560767895e-20
1.339419942139767409e+04 4.640521035739506660e-20 1.798639015787013489e-20
1.340053423093043421e+04 9.550630954493769421e-20 1.837494733048929215e-20
1.340686901231222873e+04 5.887163652206559946e-20 1.908486735406916304e-20
1.341320376552472226e+04 3.052237348580630261e-20 1.873575016930042036e-20
1.341953849054621423e+04 9.187538287957224197e-20 1.798796405976703003e-20
1.342587318735834378e+04 2.532387191438123674e-20 1.782032486240495420e-20
1.343220785594617155e+04 7.294137453170698029e-20 1.816535338692773604e-20
1.343854249629145488e+04 4.185815600356608269e-20 1.749326407961561429e-20
1.344487710837247687e+04 4.909435018469307011e-20 1.794098144423994237e-20
1.345121169217257739e+04 -2.641840726248819399e-20 1.866646574999667739e-20
1.345754624767181303e+04 7.285052356762543788e-21 1.736422133070191849e-20
1.346388077485690155e+04 1.017843334317875641e-19 1.828773878478999349e-20
1.347021527370448530e+04 7.240128370457675412e-20 1.865869102379521073e-20
1.347654974419788596e+04 8.754191527396970386e-20 1.866657167716950740e-20
1.348288418631882269e+04 2.882473000985936945e-20 1.806654652655921896e-20
1.348921860005064809e+04 4.414904921929361448e-20 1.895279324003646474e-20
1.349555298537164890e+04 8.066408301088153419e-20 1.780489702239725828e-20
1.350188734226516863e+04 1.071642491075233003e-19 1.845167419731280640e-20
1.350822167071291369e+04 4.757809914260159618e-20 1.761709569901701773e-20
1.351455597069654686e+04 4.114119775816372333e-20 1.825523325109428925e-20
1.352089024219934436e+04 6.747537499240485312e-20 1.704546139773777996e-20
1.352722448519966929e+04 1.148408170367625065e-19 1.755335568348223700e-20
1.353355869968085790e+04 2.928318510266156349e-20 1.818303029617578202e-20
1.353989288562462752e+04 5.762758230360281566e-20 1.785743747997599003e-20
1.354622704301435442e+04 5.977093027156520586e-20 1.919648173242267350e-20
1.355256117183000424e+04 2.139364135739022809e-20 1.776747439365375940e-20
1.355889527205488048e+04 1.844215358820888279e-20 1.698190534704513874e-20
1.356522934366383379e+04 6.087267515100681509e-20 1.851021019409283673e-20
1.357156338664534815e+04 5.681427406582265255e-20 1.866927404880626402e-20
1.357789740098111906e+04 2.684502636384568826e-20 1.738679229101025874e-20
1.358423138664938961e+04 5.783222150456587350e-20 1.771775243687508920e-20
1.359056534363524770e+04 2.999897569492694277e-20 1.825686980630690155e-20
1.359689927192027608e+04 2.724473303199444621e-20 1.801588010950860070e-20
1.360323317148093338e+04 3.571238013111245221e-20 1.848608669947280874e-20
1.360956704230235664e+04 5.285369064004303887e-20 1.745510833612031802e-20
1.361590088436796577e+04 4.800731701629317464e-20 1.722920907199929108e-20
1.362223469765770460e+04 2.814322226181356505e-20 1.893981995101751577e-20
1.362856848215318314e+04 1.637760783771106750e-20 1.772634547673630517e-20
1.363490223783603687e+04 2.929861849672604382e-20 1.853199318384277965e-20
1.364123596468618780e+04 3.422376018343070438e-20 1.779541563175801139e-20
1.364756966268702672e+04 6.040959979373418647e-20 1.762757849077608830e-20
1.365390333182365430e+04 3.932996975842626491e-20 1.928679885442281062e-20
1.366023697207253099e+04 -9.472609499355859900e-22 1.839705322855653887e-20
1.366657058341697302e+04 -3.125533092492744455e-20 1.642624123623721792e-20
1.367290416583690239e+04 -7.205901795803609148e-22 1.751618082116020709e-20
1.367923771932079944e+04 1.429112664600897144e-20 1.740612593427330536e-20
1.368557124384171948e+04 1.303228863285838017e-20 1.850059410535625533e-20
1.369190473938299874e+04 4.437605221317372889e-20 1.852554501812011389e-20
1.369823820592973061e+04 4.479819189726607895e-20 1.877843809632162154e-20
1.370457164346015998e+04 9.534669678735190968e-20 1.752256428132464150e-20
1.371090505196104277e+04 4.004476438400159094e-20 1.795028817637584129e-20
1.371723843140884492e+04 5.412811486192101113e-20 1.770235374944481932e-20
1.372357178178690083e+04 5.281885320161495676e-20 1.819440283912841936e-20
1.372990510307855220e+04 5.508084636199467451e-20 1.841115102250553738e-20
1.373623839526193660e+04 6.919148953300098197e-21 1.739237091796329493e-20
1.374257165831869133e+04 5.477734528319949522e-21 1.918455377527295551e-20
1.374890489223725854e+04 1.244693848826732423e-20 1.791413770990095417e-20
1.375523809699066805e+04 6.121141049586075284e-20 1.838505490874764384e-20
1.376157127256226704e+04 7.779737289415538314e-22 1.861380193766940893e-20
1.376790441894063224e+04 1.751156533659322034e-20 1.895280531844654556e-20
1.377423753609867163e+04 5.742455780426501857e-20 1.948499475413434874e-20
1.378057062401972507e+04 3.710840701303034346e-20 1.889247484840334905e-20
1.378690368269234386e+04 -9.338179156915160334e-21 1.927275097033058490e-20
1.379323671208772612e+04 5.563797668896038934e-20 1.885151844036573421e-20
1.379956971219614388e+04 4.018569865895717857e-20 1.885613685820244771e-20
1.380590268299574927e+04 5.509999172800297055e-20 2.037157776494747484e-20
1.381223562446625510e+04 8.010131034760518572e-20 1.932419561686426273e-20
1.381856853659279295e+04 -1.395157066527124019e-20 1.907766335995836381e-20
1.382490141935523388e+04 5.182342413748512407e-20 2.025323711565612091e-20
1.383123427273170091e+04 3.595527842835825561e-20 1.933267189228467835e-20
1.383756709671074350e+04 5.276603928331901422e-20 1.923938812930377296e-20
1.384389989126880937e+04 7.960096929499078727e-20 1.871311016517918493e-20
1.385023265639439524e+04 5.990803594456777874e-20 2.002891476616857357e-20
1.385656539205858644e+04 4.029571246728257456e-20 1.854610092741791449e-20
1.386289809830869490e+04 6.836734624103517828e-20 1.862103528043474727e-20
1.386908296525665537e+04 6.729474940058675113e-20 1.952291582699132174e-20
1.387541559895736646e+04 3.376022279717561415e-20 1.812330143961855470e-20
1.388174820313367491e+04 2.411282061681065659e-20 1.837007029613123988e-20
1.388808077775627498e+04 6.402375571621647187e-20 1.935770574895557289e-20
1.389441332281767609e+04 8.960384164408013572e-21 1.884643753583315105e-20
1.390074583829398216e+04 3.082993710366468546e-20 1.878499204581849750e-20
1.390707832416308702e+04 4.066041754723729007e-20 1.822421914576252746e-20
1.391341078041203218e+04 3.893305425608598902e-20 1.896331829063948843e-20
1.391974320702238583e+04 2.821029332755890760e-20 1.955022525088630403e-20
1.392607560396836925e+04 1.459611153664537164e-20 1.876817102025100266e-20
1.393240797124435085e+04 3.925422159990360599e-20 1.879567041966408475e-20
1.393874030881892213e+04 -5.417771492426206506e-21 1.929437543264534574e-20
1.394507261668107640e+04 4.843665277622060195e-20 1.954832575175773425e-20
1.395140489481054465e+04 8.063255036097663242e-20 2.026033870527000942e-20
1.395773714318886596e+04 -7.258794392625133556e-21 1.983683374813681555e-20
1.396406936179758850e+04 -4.510835265961320503e-20 1.883457345391653472e-20
1.397040155062191843e+04 4.025298624022034698e-20 1.874401004498948504e-20
1.397673370963420166e+04 3.355546537748599750e-20 2.017025439054225996e-20
1.398306583882516315e+04 8.245036424502663321e-20 1.990163877530321488e-20
1.398939793817084501e+04 8.762527640147582182e-20 1.891339361666854838e-20
1.399573000765440520e+04 7.738353026217707881e-20 2.119142899199835090e-20
1.400206204725936914e+04 2.656651211797653039e-20 2.070050529397759548e-20
1.400839405696358881e+04 1.237139137094424237e-20 1.896585607712552467e-20
1.401472603675042956e+04 4.923749797495614309e-20 1.921057393413500563e-20
1.402105798659955508e+04 3.775391608320190398e-20 1.837780492806005128e-20
1.402738990649988955e+04 6.957185313450763138e-20 2.095288410261131213e-20
1.403372179642553056e+04 2.507055889224841701e-20 1.877369622236651120e-20
1.404005365635800445e+04 2.677774499721785269e-20 1.880052699657649021e-20
1.404638548628064200e+04 5.584311965795488455e-20 1.811162522259962624e-20
1.405271728617852204e+04 2.971256826346263385e-21 1.854474412605345103e-20
1.405904905602585677e+04 3.207269030648627912e-20 1.808463197987508629e-20
1.406538079580602243e+04 6.342067765809587198e-20 1.879504173093189285e-20
1.407171250550606237e+04 5.325578986229945391e-20 1.932108730106453701e-20
1.407804418510564756e+04 5.095370214653325173e-21 1.807139776352613236e-20
1.408437583458066183e+04 -4.095091784449469451e-21 1.755552837496472313e-20
1.409070745391446872e+04 3.668059462884027736e-20 1.768860168404268356e-20
1.409703904309601785e+04 -3.147504557391137656e-22 1.923467310006244623e-20
1.410337060209917581e+04 -5.153923260587348542e-21 1.848400769939868815e-20
1.410970213090736252e+04 1.183739348667612283e-20 1.843199444561983589e-20
1.411603362950024894e+04 1.763958284013409711e-20 1.910439615452121456e-20
1.412236509786303941e+04 -2.576200633095668611e-21 1.994375501662016539e-20
1.412869653597534671e+04 4.052455836817638414e-20 1.986220667364405511e-20
1.413502794381862805e+04 3.955236902319221297e-20 1.893123332728893847e-20
1.414135932137622331e+04 5.397532885236872523e-20 1.932248589052818296e-20
1.414769066862399995e+04 1.003519714464584992e-19 1.954968098613508143e-20
1.415402198554892129e+04 2.775246103124130847e-20 1.840874634207925089e-20
1.416035327212867924e+04 6.511489132233325874e-20 1.955043777996428902e-20
1.416668452835045355e+04 3.523773480907986340e-20 1.878499306477844741e-20
1.417301575419007531e+04 6.416717339174858342e-20 1.993589840404782394e-20
1.417934694963085713e+04 4.745377653963084457e-20 1.865137626591724824e-20
1.418567811465614432e+04 6.699744748512822590e-20 1.995670839838460279e-20
1.419200924924171522e+04 6.928465829368365354e-20 1.956921845427391996e-20
1.419834035337467685e+04 7.402671863737988269e-21 1.965092856564674012e-20
1.420467142703444733e+04 -5.456497442695791964e-20 2.150063685542565243e-20
1.421100247020248207e+04 -1.251343466063244215e-20 2.055946873376220357e-20
1.421733348286218279e+04 1.961859402692379658e-21 1.972924588928008377e-20
1.422366446499120502e+04 -1.207500083885811341e-20 1.933753446538239533e-20
1.422999541657286682e+04 -4.419247657327779323e-20 1.902602708553930610e-20
1.423632633759046439e+04 3.502048567879357741e-20 1.889646284231068002e-20
1.424265722801786069e+04 5.409776785026454647e-20 1.872412894856577105e-20
1.424898808784783068e+04 6.146152339345742618e-20 1.805906784406154717e-20
1.425531891705589442e+04 4.433306930476968039e-20 1.943400913463233654e-20
1.426164971562362734e+04 5.899969736093662776e-20 1.948353089584654989e-20
1.426798048353056765e+04 2.691328563787607476e-20 1.964272755974077070e-20
1.427431122076189422e+04 8.748570858813947766e-20 1.984537871771073197e-20
1.428064192729712158e+04 3.787975085789534721e-21 1.874395586047155103e-20
1.428697260311573700e+04 3.327811555208959234e-20 1.834333681872857317e-20
1.429330324820294663e+04 2.710330828799188744e-20 1.966198301025117474e-20
1.429963386253623685e+04 4.477303955402668041e-20 2.056607325722883429e-20
1.430596444610074650e+04 7.695754953930790619e-20 2.009126403727733401e-20
1.431229499887607926e+04 5.709724766182198262e-20 2.133111215002748380e-20
1.431862552084170602e+04 5.112033392101556398e-20 1.999688930323818840e-20
1.432495601198091754e+04 4.282935419558578291e-20 1.994384375766690083e-20
1.433128647227698093e+04 1.347360148052211489e-20 1.981021487270965874e-20
1.433761690170935981e+04 2.324406701614048375e-21 1.932971148541306688e-20
1.434394730025940044e+04 4.556062850397488018e-20 2.036423244069858965e-20
1.435027766790829628e+04 5.356216988686882017e-20 1.960693194329502208e-20
1.435660800463374107e+04 2.286154722273305770e-20 1.839864492790782333e-20
1.436293831042475722e+04 4.735904499878337715e-20 1.772286457528028386e-20
1.436926858525887110e+04 9.111411912972676268e-20 1.962534467525579572e-20
1.437559882911741079e+04 3.874460542328323157e-20 1.977811721482058453e-20
1.438192904198366159e+04 2.105918043416757184e-20 2.049349253411419793e-20
1.438825922383319448e+04 1.978369893733955301e-20 1.834885001141688441e-20
1.439458937465290546e+04 5.434186109068221563e-20 1.865081519359366420e-20
1.440091949442238365e+04 6.049661511667522060e-20 1.795343695831010718e-20
1.440724958312296985e+04 5.924332268380950528e-20 1.857378161232559354e-20
1.441357964073599396e+04 8.034426160127880377e-20 1.894524089513272680e-20
1.441990966724277860e+04 6.606520698594987566e-20 1.802157258836047432e-20
1.442623966262655813e+04 3.888239130858366392e-20 1.855522497133500818e-20
1.443256962686671795e+04 8.292251369549424723e-20 1.922722099002990458e-20
1.443889955994245247e+04 -7.455512299905401898e-21 1.886917917705217889e-20
1.444522946183718159e+04 4.832647457476669157e-20 1.832921374557137671e-20
1.445155933253221156e+04 1.516549304452834353e-20 1.923848255631180087e-20
1.445788917200885226e+04 1.135983297594993309e-20 1.928735707286359048e-20
1.446421898024838447e+04 6.505252295878617133e-20 1.908793644939764280e-20
1.447054875723211808e+04 3.986965363408320031e-20 2.007035048257658411e-20
1.447687850294124655e+04 5.462890341617584919e-20 1.948494066474936137e-20
1.448320821736084508e+04 2.990273397511188399e-20 1.999856666756504146e-20
1.448953790046461472e+04 2.569352269427231421e-20 1.902943841322569176e-20
1.449586755223962973e+04 6.502788484225786789e-20 1.777993367434760644e-20
1.450219717266330190e+04 4.500088813929281154e-20 1.840289066332250323e-20
1.450852676171882558e+04 6.161758351197704699e-20 1.885522150086890500e-20
1.451485631938750157e+04 9.057055993892375844e-21 1.897582633699749057e-20
1.452118584565227138e+04 7.858584705471369888e-20 1.829596438383453333e-20
1.452751534049262955e+04 6.913261018737761758e-20 1.857131977419400675e-20
1.453384480388793236e+04 3.353296356868943362e-20 1.972402494805213589e-20
1.454017423582137417e+04 3.182298643623677880e-20 1.981421965447956164e-20
1.454650363627807928e+04 7.554219237937215288e-20 2.053540162030244730e-20
1.455283300523152320e+04 5.783914006830600110e-20 1.928944435652130615e-20
1.455916234266869833e+04 1.382135537387543420e-20 1.919766058015328476e-20
1.456549164856684547e+04 5.372785089087867204e-20 1.738564151314444293e-20
1.457182092291320077e+04 8.224816269057715685e-20 1.906511910640474089e-20
1.457815016568119790e+04 1.734861385202840060e-20 1.938155857847787131e-20
1.458447937685985562e+04 5.845078460157063076e-20 1.997880161188844168e-20
1.459080855642259485e+04 2.488708884706177508e-20 1.938767378706675457e-20
1.459713770435452170e+04 1.083370110226209465e-20 2.031177447499019745e-20
1.460346682063857224e+04 5.886209733950761508e-20 1.978588651236190043e-20
1.460979590525225103e+04 6.438088392002440657e-20 2.180052705424167678e-20
1.461612495818459320e+04 3.088453146785555101e-20 2.069945763264938995e-20
1.462245397940701150e+04 8.290894489220504053e-20 1.989863131817875114e-20
1.462878296890267666e+04 3.381796847211401965e-20 1.887289604149738385e-20
1.463511192665866292e+04 4.510811603261161508e-20 1.993147976633945718e-20
1.464144085264804380e+04 9.759767913493772638e-20 2.111619647276336985e-20
1.464776974686003996e+04 2.347238822562430752e-20 1.901824956316033206e-20
1.465409860926801957e+04 1.710112787114069268e-20 1.900150511373642941e-20
1.466042743985904235e+04 2.742035493653253080e-20 1.969166747083897344e-20
1.466675623861427630e+04 6.406280582715736050e-20 1.995244779891147193e-20
1.467308500550902136e+04 3.443712440272282592e-20 1.914092890164532314e-20
1.467941374053008803e+04 3.518824121384827659e-20 1.960141746063435288e-20
1.468574244366073435e+04 3.235961581990500877e-20 1.877985247808204017e-20
1.469207111487430484e+04 2.515461666402984321e-21 1.888001693273150407e-20
1.469839975415391746e+04 3.369226933314530063e-20 1.928360368859341800e-20
1.470472836148465649e+04 8.465136277611222723e-20 2.028276504433008106e-20
1.471105693685162441e+04 3.225216680137403993e-20 1.794884586559144053e-20
1.471738548022191026e+04 -1.882545970022121439e-20 1.892974782994612182e-20
1.472371399158860913e+04 1.991335456992624950e-20 1.807589548326449949e-20
1.473004247092699370e+04 3.342161404366282598e-20 1.903605880012536396e-20
1.473637091821819376e+04 6.176838737930530293e-21 1.883194643349455661e-20
1.474269933344923447e+04 1.857328189636010505e-20 1.981209246183184560e-20
1.474902771659930113e+04 3.843414683324716772e-20 1.936156045737462208e-20
1.475535606764524891e+04 4.390353449613403523e-20 1.894077344519963280e-20
1.476168438656837861e+04 4.251275452367205987e-20 1.922306255892867880e-20
1.476801267335181183e+04 6.074259403620136196e-20 1.898391665568212358e-20
1.477434092797465564e+04 4.276106741168839093e-21 1.812947879429195465e-20
1.478066915042791334e+04 5.346012872766841357e-21 1.937536881455749168e-20
1.478699734067878489e+04 1.376428783087584309e-20 2.011174014195307400e-20
1.479332549871404808e+04 3.540808932760463314e-20 1.937416627895933336e-20
1.479965362451301371e+04 5.233723063869233429e-20 1.823989339836389930e-20
1.480598171806671053e+04 5.475741255261619864e-20 1.875986646922330208e-20
1.481230977934626208e+04 4.867818448168209122e-20 1.864567047641675444e-20
1.481863780833074088e+04 5.213098935308204292e-20 1.920115755839520567e-20
1.482496580500509481e+04 3.146456995006695718e-20 1.890628787900704314e-20
1.483129376935424079e+04 -1.780043899952236778e-21 1.872438051267902203e-20
1.483762170135343149e+04 4.784619588730755057e-21 2.028096380601935907e-20
1.484394960098371666e+04 2.582939148537903058e-20 1.984305740562497352e-20
1.485027746823011694e+04 -1.933139340607843763e-20 1.826474105548001404e-20
1.485660530307371846e+04 2.497756738213048462e-20 2.002788602931848900e-20
1.486293310549322268e+04 2.764475795016577775e-20 2.014544347886605687e-20
1.486926087546587041e+04 -2.677563166370358585e-21 1.991678489895203824e-20
1.487558861297672047e+04 7.583843063645950672e-20 1.912719235484985337e-20
1.488191631801080803e+04 5.050441420940677347e-20 1.924522126303895996e-20
1.488824399054511559e+04 9.598543680333680836e-20 1.893364544963946020e-20
1.489457163055660385e+04 9.430082107875848997e-20 1.926424829922759017e-20
1.490089923803609963e+04 6.779420228374836067e-20 1.867409962671122857e-20
1.490722681295077382e+04 2.605539124048260347e-20 1.821676864858082163e-20
1.491355435529567330e+04 6.167059094343127966e-20 1.933271211351782536e-20
1.491988186504374426e+04 5.692434202229291175e-20 1.923788311204190684e-20
1.492620934218002185e+04 1.786570796164851933e-20 1.943046805181043844e-20
1.493253678667913846e+04 -1.004603927288522261e-20 1.911661471422084642e-20
1.493886419853233201e+04 4.523652296554813314e-20 1.914800315732572002e-20
1.494519157771256869e+04 3.378190746922706259e-20 1.919986597981272914e-20
1.495151892419879732e+04 5.156809130404727189e-20 1.896052793881664271e-20
1.495784623798002758e+04 2.062178384921724322e-20 1.852354283073114572e-20
1.496417351903304370e+04 3.467902240843849580e-20 1.964690917752031933e-20
1.497050076733469541e+04 2.567780430939051642e-20 1.846034599259625239e-20
1.497682798287417245e+04 3.287477065998892891e-21 1.777522883528472837e-20
1.498315516563039273e+04 6.808346722680833538e-20 1.773763264369823522e-20
1.498948231557619329e+04 5.353520654304793409e-21 1.824291644366228783e-20
1.499580943270458738e+04 4.536026400114884790e-20 1.772490538000362265e-20
1.500213651698413923e+04 4.663044156235777915e-20 1.749098802575522784e-20
1.500846356840410044e+04 3.578356965459970183e-20 1.841795837870870612e-20
1.501479058694739797e+04 5.921010957927361074e-21 1.843244328725568760e-20
1.502111757259090336e+04 3.030219226897870467e-20 1.891569175753630534e-20
1.502744452530940725e+04 5.046595586033792961e-20 1.852560902443928697e-20
1.503377144509774189e+04 4.854484060604084408e-20 1.846804268292875682e-20
1.504009833192078804e+04 4.103000312045688090e-20 1.824796345114820113e-20
1.504642518576959810e+04 -1.046734613962233803e-22 1.781330058532912980e-20
1.505275200662913448e+04 5.356637731241165154e-20 1.867949349785100866e-20
1.505907879447011146e+04 9.874717896536845948e-21 1.737731550336934126e-20
1.506540554927510857e+04 1.920750459052641362e-20 1.745073102893143040e-20
1.507173227102930468e+04 5.386099885409609889e-20 1.904663246821800488e-20
1.507805895971359132e+04 5.457954158223430697e-20 1.849932300550240498e-20
1.508438561530474726e+04 8.363569612330481692e-20 1.772255898739360973e-20
1.509071223778364947e+04 1.468868579699130800e-20 1.867797412019384503e-20
1.509703882713487474e+04 3.422582665994172459e-20 1.801080492866789292e-20
1.510336538333949829e+04 9.004643145496136098e-20 1.939848536024970564e-20
1.510969190637432075e+04 2.645726526683920808e-20 1.835058087636352693e-20
1.511601839622014995e+04 4.216578062907066706e-20 1.863203484618217366e-20
1.512234485286398194e+04 8.744160350089063649e-20 1.909722831657998473e-20
1.512867127628016169e+04 5.354060978658285145e-20 1.887198662764131908e-20
1.513499766645585441e+04 4.030885074354425648e-20 1.944550229420922525e-20
1.514132402336168161e+04 4.430829734186566099e-20 1.908090899800181507e-20
1.514765034698868658e+04 4.983539597358008298e-20 1.913504901882579166e-20
1.515397663731152898e+04 3.284140502022261118e-20 1.901089107916713252e-20
1.516030289431065466e+04 5.469148023102465357e-20 1.865156612911468938e-20
1.516662911797531706e+04 1.565046996717741993e-20 1.942730396220447701e-20
1.517295530827605216e+04 6.149893807435267818e-20 1.837975292981948683e-20
1.517928146519774054e+04 1.698130591803607585e-20 1.763021193652402635e-20
1.518560758872320730e+04 3.436651328012836972e-20 1.947836979272602092e-20
1.519193367882878010e+04 2.427888150577488893e-20 1.755765733384856980e-20
1.519825973550164963e+04 4.176585305216695424e-20 1.950306562110432697e-20
1.520458575871228823e+04 1.913428436759701595e-20 1.887690555790201003e-20
1.521091174845586465e+04 2.086367999391309420e-20 1.750439941934037813e-20
1.521723770469657757e+04 8.681324203132232432e-20 1.861861780254391298e-20
1.522356362742728197e+04 6.547474239387813933e-20 1.858656717328483621e-20
1.522988951662276486e+04 2.892248226854542932e-20 1.853889284212765376e-20
1.523621537226789405e+04 3.767978359355792816e-20 1.824757148511268565e-20
1.524254119434130553e+04 2.143493878329339002e-20 1.807021837766014157e-20
1.524886698282360521e+04 2.489909693093215028e-20 1.781562272723302592e-20
1.525519273769327447e+04 4.099431301839240680e-20 1.835270224571827551e-20
1.526151845893539394e+04 6.099895195332159881e-20 1.915870983833601589e-20
1.526784414652855958e+04 3.327621332760624258e-20 1.982986008829845632e-20
1.527416980045557102e+04 9.061372154114202482e-20 1.931633345990246260e-20
1.528049542069057679e+04 1.534361440954686596e-20 1.886766691250573665e-20
1.528682100721853567e+04 4.661160201398129124e-22 1.904459464119297260e-20
1.529314656002646734e+04 1.469802078805689778e-20 1.791369545477812487e-20
1.529947207908462588e+04 2.771541504345838489e-20 1.818889756110701053e-20
1.530579756437781907e+04 3.482152556837160495e-20 1.875469472001228685e-20
1.531212301588638911e+04 1.665181539637790264e-20 1.785749066281338148e-20
1.531844843359123479e+04 9.131027501046772325e-21 1.708515778076663851e-20
1.532477381747301843e+04 6.368223729399468834e-20 2.012776817992036894e-20
1.533109916751237870e+04 8.486081839413242019e-21 1.783335931598166890e-20
1.533742448369191516e+04 2.796898431166382127e-20 1.906022340519442950e-20
1.534374976598791909e+04 3.828438462181695686e-20 1.892619072194983411e-20
1.535007501438123290e+04 4.910447337467757698e-20 1.698803249979608174e-20
1.535640022885873623e+04 1.070561346399694784e-19 1.781265036916118215e-20
1.536272540939688952e+04 3.916585101430552842e-20 1.972908002913157116e-20
1.536905055597380488e+04 2.389125257258350523e-20 1.846924046174180375e-20
1.537537566857244383e+04 -4.300941522142898992e-21 1.861296120251041757e-20
1.538170074717551324e+04 4.924630496281148333e-20 1.901755788706350933e-20
1.538802579175941173e+04 -3.191110397647426916e-20 1.836187230965665222e-20
1.539435080230497988e+04 1.920535734914786697e-20 1.730021372892256579e-20
1.540067575548021523e+04 3.784463480558834411e-20 1.927263971979770948e-20
1.540700064602895509e+04 1.885499522865976876e-20 1.788126106738522789e-20
1.541332550247736799e+04 6.064867391581921443e-20 1.842035968343666077e-20
1.541965032481654089e+04 5.065406454834864105e-20 1.782847134171125989e-20
1.542597511302031671e+04 7.112912022897876486e-21 1.792976714887917867e-20
1.543229986707371972e+04 -6.866487957208352816e-21 1.802911079402265882e-20
1.543862458695521491e+04 6.143776180488836421e-20 1.812261650951890059e-20
1.544494927264608850e+04 6.616628684960145998e-20 1.926182962043095112e-20
1.545112271523756135e+04 7.921805331517464807e-20 1.747277209838302257e-20
1.545744731902247440e+04 4.233459680350055146e-20 1.926887617631586012e-20
1.546377188850601124e+04 1.562182494168494069e-20 1.778475788157259601e-20
1.547009642371785594e+04 1.375534766392058217e-20 1.939471027754185696e-20
1.547642092463642257e+04 3.125697114189828902e-20 1.790746777681196543e-20
1.548274539125210140e+04 4.013989367144556440e-20 1.955381990680945625e-20
1.548906982354153297e+04 3.089747462366786048e-20 1.879907620129563905e-20
1.549539422147497680e+04 1.344101412393451333e-20 1.858318927955137430e-20
1.550171858504517877e+04 3.432315609606069572e-20 2.013984386383711462e-20
1.550804291423029645e+04 3.389406486892005798e-20 1.943127886330670969e-20
1.551436720900680484e+04 2.617243725777215711e-20 1.915054979663637726e-20
1.552069146935727076e+04 6.182062443793188587e-20 1.865885870389764822e-20
1.552701569526218009e+04 5.767198549802015505e-20 1.786101705790384305e-20
1.553333988670387589e+04 6.678801062184296709e-20 1.828435562264873833e-20
1.553966404365851849e+04 6.842175550172412826e-20 1.885354814257488671e-20
1.554598816610876929e+04 5.697420737352095890e-20 1.802662634714187677e-20
1.555231225403308417e+04 4.271573815821186876e-20 1.872014089345414687e-20
1.555863630742000350e+04 2.021613217361644040e-20 1.933995880056551123e-20
1.556496032623935207e+04 1.764264718315808131e-20 1.877950103421299937e-20
1.557128431047385857e+04 3.593387083635920443e-20 1.776550096163680957e-20
1.557760826011214704e+04 -6.962975039824124656e-21 1.708055787341996134e-20
1.558393217512434421e+04 9.886838416420279799e-21 1.803291203621043590e-20
1.559025605549247666e+04 3.118389527610787465e-20 1.833674444054190886e-20
1.559657990120544673e+04 2.742142922995030430e-20 1.928060803571899546e-20
1.560290371223339753e+04 4.541477266183941911e-20 1.954434214090525804e-20
1.560922748856283761e+04 4.634311202019345656e-20 2.018619757742253774e-20
1.561555123017170081e+04 3.625229865251446450e-20 1.939497533880083228e-20
1.562187493703848486e+04 2.575195927939113741e-20 1.895366202287855503e-20
1.562819860914973287e+04 4.702586831090437388e-20 1.850098088646680244e-20
1.563452224647551884e+04 4.638942126795802169e-20 1.901973989570508576e-20
1.564084584900419213e+04 3.121541851469825726e-20 1.976232245379468661e-20
1.564716941672023677e+04 2.180828238102507689e-20 1.925403439460524361e-20
1.565349294959168219e+04 -3.101426354757622845e-21 1.720326730918762994e-20
1.565981644760498602e+04 4.539190356887630732e-20 1.914723908807036231e-20
1.566613991074245678e+04 8.210404049375700020e-20 1.963486820062097194e-20
1.567246333898419471e+04 1.448568638900154584e-21 1.889649534466753152e-20
1.567878673230248387e+04 2.113165064422368112e-21 1.831141651460594051e-20
1.568511009069199645e+04 3.181383295613739578e-20 1.962583759040103617e-20
1.569143341411643996e+04 -3.138199899455830064e-21 1.886033275111697708e-20
1.569775670257230922e+04 3.580934832465220995e-20 1.999231421183387523e-20
1.570407995602366645e+04 3.318820945547292028e-20 1.981897745928831871e-20
1.571040317446523295e+04 7.233385990530942227e-20 1.932073865753574469e-20
1.571672635787301806e+04 1.805325483714603959e-20 1.932421906565720934e-20
1.572304950621864737e+04 4.872403351956370186e-20 1.964282562882867839e-20
1.572937261949089589e+04 5.906191645511820287e-20 2.074614949881708289e-20
1.573569569772676186e+04 -1.510359230994914959e-20 1.920875775369731747e-20
1.574186690980508865e+04 4.475392064657213702e-20 1.986250642982663289e-20
1.574818990420088812e+04 7.447503329297253646e-20 2.052893510947947871e-20
1.575451286344391519e+04 3.282428843561136627e-20 2.001874664031084600e-20
1.576083578751001733e+04 5.540687886025738821e-20 2.141649764591523447e-20
1.576715867638142481e+04 1.650982161258439381e-19 2.041013826594103783e-20
1.577348153004027154e+04 9.039794704749410013e-20 2.001544542646920040e-20
1.577980434846049138e+04 1.733998396295743632e-19 2.058822131261208826e-20
1.578612713163093576e+04 1.485496547310576634e-19 2.051460799767319568e-20
1.579244987952727024e+04 5.497483207882114286e-20 1.891411903335447863e-20
1.579877259212946046e+04 5.747337858429465961e-20 2.037678040030352628e-20
1.580509526941573858e+04 5.428977648358810913e-20 1.991660741057856121e-20
1.581141791136623397e+04 8.265592856136829836e-20 1.885823873750859805e-20
1.581774051796960339e+04 1.804641719788713951e-20 1.892928863400392413e-20
1.582406308919714866e+04 1.055621926663143364e-21 1.810481517651576635e-20
1.583038562502919740e+04 6.646191740356564044e-20 1.990471901857047940e-20
1.583670812544806904e+04 6.031753722297308643e-20 1.957064437358352702e-20
1.584303059043792928e+04 3.500344465540234930e-21 1.829732799839507204e-20
1.584935301997017450e+04 -1.184979803696527128e-20 1.889006276357016833e-20
1.585567541402941788e+04 -3.374022900193798484e-21 1.927165019674207799e-20
1.586199777260016526e+04 2.942027810353325934e-20 2.158389519411331843e-20
1.586832009565550834e+04 5.462608156565814844e-20 2.057032951251006555e-20
1.587464238317570380e+04 5.419760115468483086e-20 2.080067718233995088e-20
1.588096463514309471e+04 5.613018305999799257e-20 2.006032025389344303e-20
1.588728685154434606e+04 4.764361391172358147e-20 1.999633880004888422e-20
1.589360903234588841e+04 2.606829344266831417e-20 1.964443098739165383e-20
1.589993117753902879e+04 3.261563462035194849e-20 1.971523001496470515e-20
1.590625328709505084e+04 6.805765311952865076e-20 1.968066789436617258e-20
1.591257536100053585e+04 1.315257370740336245e-20 1.942770562443667874e-20
1.591889739923293382e+04 3.790394870707390196e-20 1.882165679424360817e-20
1.592521940177254510e+04 9.605073276670793805e-21 1.861362945100080200e-20
1.593154136860160543e+04 1.350882691940239291e-20 1.788426254180258553e-20
1.593786329969337203e+04 9.246543715840917922e-21 1.850946463493119810e-20
1.594418519503639800e+04 -1.488944393435737344e-20 1.973799015599100305e-20
1.595050705460210520e+04 6.293659061395622731e-20 2.119170160212811124e-20
1.595682887837934322e+04 4.314398251379605897e-20 1.966793059901656155e-20
1.596315066634113464e+04 8.688513741483316903e-21 1.822418852884535971e-20
1.596947241847408077e+04 1.458475034272873101e-20 1.834557487365141078e-20
1.597579413474503963e+04 4.030148836981449377e-20 2.001192548495664360e-20
1.598211581514947648e+04 3.303138025739088751e-20 1.934146644068214948e-20
1.598843745966019924e+04 8.913170893273835606e-20 2.081137337279103477e-20
1.599475906825744278e+04 8.280871367874228847e-21 2.005075345412513776e-20
1.600108064092116365e+04 6.572319616213038013e-21 1.954359929327225064e-20
1.600740217762901921e+04 3.514108430997955707e-20 2.006295963034454486e-20
1.601372367836496414e+04 -8.026148237949650504e-21 1.850903390357188008e-20
1.602004514310478044e+04 4.561989411004461352e-21 1.853482719341878135e-20
1.602636657183059287e+04 8.632001917450843849e-20 2.057789090300339544e-20
1.603268796452427887e+04 4.151060089528627063e-20 2.025133475748322462e-20
1.603900932116116019e+04 5.294720157331182079e-20 2.087703327961356486e-20
1.604533064172801642e+04 -9.635595686829003327e-21 1.887294343534399238e-20
1.605165192619359732e+04 6.204108864749211421e-20 2.002436797021544204e-20
1.605797317455062148e+04 4.219507977407191768e-20 1.926194051826345197e-20
1.606429438676586869e+04 7.088763174405130450e-20 1.919781933025257332e-20
1.607061556283260506e+04 1.012549033339853779e-20 1.968741333018260180e-20
1.607693670272165582e+04 1.483910906090768857e-20 2.079077629542769424e-20
1.608325780641696656e+04 1.657321292830041404e-20 1.971303528768402873e-20
1.608957887388972267e+04 2.790277164678435443e-20 1.953733261728206192e-20
1.609589990513316479e+04 6.468921764038248853e-20 1.995932860444400899e-20
1.610222090011780529e+04 4.951021964202076163e-20 1.995672203633892025e-20
1.610854185882348793e+04 3.026858517735285213e-20 1.979407665392577520e-20
1.611486278123462944e+04 -1.274432424409634828e-20 1.975741200041434706e-20
1.612118366733098446e+04 8.990189671383347163e-21 1.952170731665319316e-20
1.612750451708740184e+04 7.365119083634693028e-20 1.945434146695903029e-20
1.613382533048845653e+04 6.139526871514507868e-20 1.900264974322440643e-20
1.614014610750493375e+04 6.382701400282864460e-20 1.992216041335424332e-20
1.614646684813431239e+04 1.691875572918499966e-20 1.866159239464899166e-20
1.615278755233824995e+04 -1.821439288301951082e-20 1.901644495333017005e-20
1.615910822010119409e+04 3.077659008527482445e-20 1.938821526613603868e-20
1.616542885141185798e+04 4.335997988511566937e-20 1.971564517160917090e-20
1.617174944623597185e+04 5.182780608936864014e-20 1.997599019566031350e-20
1.617807000456258174e+04 5.090934240338819908e-20 2.011071324361479308e-20
1.618439052636916131e+04 6.067013898136710618e-20 1.921936743734513463e-20
1.619071101163743515e+04 5.645661632707199920e-20 1.891183996740372642e-20
1.619703146034241763e+04 5.641260974824774073e-20 1.934207374820444050e-20
1.620335187246854548e+04 1.224795721814088032e-20 1.864639183317076848e-20
1.620967224799095857e+04 1.929346892173976369e-20 2.098078821397984347e-20
1.621599258689336239e+04 1.516656516364192756e-20 1.952169506610644600e-20
1.622231288915572077e+04 -9.498046929786563970e-21 1.889532246327298988e-20
1.622863315475093987e+04 6.452109708539624819e-20 1.927717773508418863e-20
1.623495338366290889e+04 9.280141471657139493e-20 2.046911011753223161e-20
1.624127357587341612e+04 3.899790854668944177e-20 2.061497294113201138e-20
1.624759373135777241e+04 2.258894296707932947e-20 1.997997413199574477e-20
1.625391385010009617e+04 6.137695967679962843e-20 2.101953990539794604e-20
1.626023393207953086e+04 2.775901814626676896e-20 2.003238923795297865e-20
1.626655397726691808e+04 4.266720620437756624e-20 1.892520824108940593e-20
1.627287398565552212e+04 5.185553151397606715e-20 1.951862734962859970e-20
1.627919395721316323e+04 3.058215807910826517e-20 1.936710642012680056e-20
1.628551389192630450e+04 4.475240833220848644e-20 1.997615716909719853e-20
1.629183378977467146e+04 -1.181729856683699231e-20 1.930469212810921931e-20
1.629815365073086650e+04 7.068162639206630727e-20 1.895816709740863209e-20
1.630447347478320808e+04 8.305223208124221365e-21 1.827417409630825499e-20
1.631079326190468964e+04 6.343790025049607472e-21 1.860439541998132437e-20
1.631711301207489123e+04 8.806588555965417247e-20 2.054090176333925330e-20
1.632343272527962654e+04 6.145270789499674519e-20 2.059279809098050625e-20
1.632975240149188539e+04 1.592581821114412543e-20 1.925867077729268230e-20
1.633607204069580075e+04 4.602702493370116053e-20 2.022861816178508678e-20
1.634239164286373307e+04 5.934003470185733552e-20 1.857962904641475163e-20
1.634871120798419543e+04 -1.876251990940322041e-20 1.917561826967207747e-20
1.635503073603004304e+04 2.949832300021519337e-20 1.889006110337537632e-20
1.636135022698066859e+04 5.190933405899904158e-20 1.920622903692769574e-20
1.636766968082199492e+04 3.901210729347005195e-20 1.876114989738410050e-20
1.637398909752691361e+04 3.361454970310806791e-20 1.899664009753977507e-20
1.638030847707952671e+04 3.470637360307141023e-21 1.961877837631630189e-20
1.638662781945641109e+04 4.409502076196019200e-20 1.842987098393360104e-20
1.639294712463270480e+04 7.024987908512531956e-20 2.012036553801170109e-20
1.639926639259710646e+04 7.128986026447883916e-20 1.940610376103123312e-20
1.640558562332180736e+04 5.237777965940588947e-20 1.731619818897136994e-20
1.641190481679073855e+04 4.959354945316047443e-20 1.927916965704378030e-20
1.641822397298121723e+04 4.952663522229898708e-20 1.751055894081953965e-20
1.642454309187251420e+04 -2.600847728859135889e-21 1.720399035836575116e-20
1.643086217343902536e+04 5.963732465312178537e-20 1.927749679101032685e-20
1.643718121767195407e+04 6.899702742399271992e-20 1.990467733451682743e-20
1.644350022454145801e+04 3.302586901533325530e-20 1.892828212201931461e-20
1.644981919402865969e+04 6.051081097774546945e-20 2.021715569775225325e-20
1.645613812610862442e+04 4.656231803073798600e-20 1.922020961948045970e-20
1.646245702077461829e+04 1.726460792225399917e-20 2.016298939659352689e-20
1.646877587799161847e+04 3.896720278917670554e-20 1.978216139033944100e-20
1.647509469773909586e+04 4.220706029291652440e-20 1.918853692923327934e-20
1.648141348001039296e+04 7.601220911672860346e-20 1.968918313298030684e-20
1.648773222476831143e+04 7.383792218121816104e-20 1.914036596221409476e-20
1.649405093200127521e+04 6.246005626561203326e-20 2.052076588530806044e-20
1.650036960168649239e+04 1.555785112424354838e-20 1.951537833940219546e-20
1.650668823380310278e+04 3.437312986224878958e-22 1.929407505927250820e-20
1.651300682833002065e+04 -3.615340324507647759e-21 2.177237073261410253e-20
1.651932538525144992e+04 6.437006980319041992e-20 2.175402631342652052e-20
1.652564390453267333e+04 5.135151121975426025e-20 1.991700642655779268e-20
1.653196238616638220e+04 3.636451906900182295e-20 2.027451949330341619e-20
1.653828083012982461e+04 5.138991678814565488e-21 2.033184418045859527e-20
1.654459923639762565e+04 4.087730039349856462e-21 1.967507073326406783e-20
1.655091760495072958e+04 3.196736605129578464e-20 2.010181751516832322e-20
1.655723593577334395e+04 -2.568379364600887577e-21 2.133709612971133862e-20
1.656355422883075516e+04 3.218980251180444410e-20 2.001732150418716589e-20
1.656987248412033659e+04 4.233599268736482438e-20 2.000919843432713930e-20
1.657619070160739648e+04 1.644542008667556895e-20 2.038778246333460193e-20
1.658250888127592771e+04 -2.985584414454739123e-21 1.869561217985769646e-20
1.658882702310941386e+04 4.778242227206931066e-20 1.834235760855595610e-20
1.659514512707760514e+04 4.011336617586784890e-20 2.049993175188586227e-20
1.660146319315984510e+04 4.060828542079995554e-20 1.943734704637526219e-20
1.660778122135377271e+04 4.513884639953776100e-20 1.984829193425802668e-20
1.661409921161016609e+04 3.240509571103219957e-20 1.963496783527723856e-20
1.662041716393185925e+04 1.435105312101313561e-20 1.923620259797498114e-20
1.662673507828373840e+04 2.813053399873123899e-20 1.932594852696897062e-20
1.663305295464923620e+04 1.265917430344165536e-20 1.984226910455578242e-20
1.663937079301325866e+04 5.327032649493326627e-20 2.054648702545867175e-20
1.664553479458095535e+04 3.874785522983613160e-20 1.956921316476866556e-20
1.665185254332597469e+04 1.846962728537785602e-20 2.044154009030936090e-20
1.665817025394128723e+04 -2.588894439393203693e-21 2.070270591884390872e-20
1.666448792646517541e+04 5.653078185719440254e-20 2.010920844629742778e-20
1.667080556087843797e+04 6.110447395853075791e-20 2.295364871537112998e-20
1.667712315715581281e+04 3.059052353336857649e-20 2.071801757178917011e-20
1.668344071527415508e+04 -9.170843226327562853e-21 2.083469194277884554e-20
1.668975823522551582e+04 1.138615436634247739e-20 1.939463949962170606e-20
1.669607571697335516e+04 4.888393802073338752e-20 1.896021800513951704e-20
1.670239316050124035e+04 2.842468020330548133e-20 2.081555287120787292e-20
1.670871056579901051e+04 3.863225303086171864e-20 1.950887161768750515e-20
1.671502793283231949e+04 4.151723432128053531e-20 1.893100530198338280e-20
1.672134526158237713e+04 3.270359421232729439e-20 2.097744098004739481e-20
1.672766255203228138e+04 4.904890295093566211e-20 1.929916477619489442e-20
1.673397980416804421e+04 2.740660808249186348e-20 2.034077866569913460e-20
1.674029701794582797e+04 2.820097453946143186e-21 2.058867478818943951e-20
1.674661419335994287e+04 -7.857845842487948857e-21 2.042782674148584009e-20
1.675293133039657550e+04 1.718702915385614039e-20 1.997117923741442447e-20
1.675924842901642478e+04 2.235398740891305743e-20 2.029271623232605850e-20
1.676556548920914793e+04 2.164399897995950773e-20 1.963386333340590304e-20
1.677188251095638770e+04 2.648261285586986213e-20 2.103796608177776943e-20
1.677819949423246362e+04 3.426879867841740120e-20 2.022296537490188918e-20
1.678451643901086572e+04 4.910733547018304630e-20 1.885910022634934715e-20
1.679083334526867111e+04 3.776112211691305514e-20 2.037225085279477953e-20
1.679715021300324952e+04 5.405666405725419765e-20 2.140870568534213206e-20
1.680346704218362720e+04 6.324900464312215175e-20 2.181045772171487973e-20
1.680978383277731336e+04 3.164343622170400996e-20 2.049603861130431124e-20
1.681610058477025086e+04 1.556617733159035695e-20 2.133340517467539469e-20
1.682241729815682993e+04 4.472567812840222441e-20 1.916986198629175505e-20
1.682873397289995773e+04 3.281374159493180805e-20 2.147160143126874124e-20
1.683505060896688519e+04 2.220106066017283596e-20 2.504207414145446923e-20
1.684136720635659731e+04 8.322829736230557522e-21 2.168954043377172434e-20
1.684768376510336748e+04 2.144882981018099384e-20 1.965584617531254023e-20
1.685400028963798468e+04 3.494352236629702539e-20 2.077146717128104251e-20
1.686016250488197329e+04 3.675297472579755496e-20 2.198238858847200722e-20
1.686647893371264217e+04 -7.012769881903421397e-21 2.110224821798645493e-20
1.687279532375493727e+04 2.818354331140498850e-20 1.890666410861240944e-20
1.687911167498712530e+04 4.457087685864000727e-20 1.840585288689052469e-20
1.688542798736669283e+04 5.859634265134851945e-20 2.088814724501994082e-20
1.689174426090586712e+04 2.954862006156966254e-20 2.076135836850380530e-20
1.689806049556608559e+04 9.019784242722472135e-20 2.043157027053771026e-20
1.690437669133599775e+04 1.022984962741548988e-20 2.058939373633104533e-20
1.691069284816769141e+04 1.657429307960002925e-20 2.068765265763777497e-20
1.691700896607794130e+04 1.145583925245146220e-20 2.109695593650446131e-20
1.692332504502409211e+04 2.217964316474190270e-20 2.072398470161439796e-20
1.692964108498455971e+04 4.142766099392203917e-20 2.308296380524397796e-20
1.693595708594011376e+04 2.361662626696587381e-20 2.115412787215015379e-20
1.694227304785522574e+04 6.306407575833185632e-20 1.938725364407514821e-20
1.694858897073955814e+04 6.817677347745722158e-20 1.956802605928479090e-20
1.695490485455227463e+04 2.433203301251775176e-20 2.072188890321824773e-20
1.696122069927949997e+04 2.918826820096589448e-20 2.158889423828789149e-20
1.696753650488247513e+04 -1.617723564015207712e-20 2.041710383566628622e-20
1.697385227135669629e+04 1.182918146991287202e-20 2.260516970852181870e-20
1.698016799868099042e+04 3.265654458224124884e-20 2.128417146969941148e-20
1.698648368682608270e+04 4.591298699590517106e-20 2.123154439846240810e-20
1.699279933577556949e+04 3.658649677567303865e-20 2.137012073285307012e-20
1.699911494549845520e+04 6.263977650891744658e-20 2.061315284316860716e-20
1.700543051597986778e+04 8.553462927435582020e-21 1.939093601217248101e-20
1.701174604720842399e+04 4.569841285781743288e-20 2.190576066348369735e-20
1.701806153914807146e+04 2.276821303761837802e-20 2.072991583882215181e-20
1.702437699178404000e+04 4.614655795495582094e-20 2.087107597074947341e-20
1.703069240509031079e+04 8.655655722659595078e-20 2.018635696709116332e-20
1.703700777903796552e+04 6.300114673023607505e-20 1.953001399568859819e-20
1.704332311362938344e+04 1.452687621784987178e-20 1.938872880185287928e-20
1.704963840882390286e+04 4.535596295640624447e-20 1.910113065930726456e-20
1.705595366460701553e+04 -1.016648655045716919e-20 1.894506996675194000e-20
1.706226888095692993e+04 4.687724856435237472e-20 1.892902638426893103e-20
1.706858405783286798e+04 1.551634818281634824e-20 1.908902815804329700e-20
1.707489919524453217e+04 3.677926307814779105e-20 2.068944378985902653e-20
1.708121429315813657e+04 4.587017171002092695e-20 2.026288508562343954e-20
1.708752935154990701e+04 3.220523553830197463e-20 2.068411493596578506e-20
1.709384437039020850e+04 7.669824360333124279e-20 2.087625429593151522e-20
1.710015934966752684e+04 4.003683196936656686e-20 2.067074405595649593e-20
1.710647428935049174e+04 5.356314811335832183e-20 2.080264395348557985e-20
1.711278918943401368e+04 -8.145137499137378829e-21 1.975564688915403048e-20
1.711910404988947266e+04 1.654494655235604546e-20 2.069517333700121622e-20
1.712541887069262884e+04 3.416111202506080301e-20 1.943660956252497875e-20
1.713173365182140333e+04 4.968499281409097052e-20 2.158463506945807692e-20
1.713804839325200010e+04 4.315572342976659296e-20 2.151380857468905036e-20
1.714436309495502064e+04 2.940166186396698552e-21 1.977611206889415516e-20
1.715067775692335999e+04 3.468188879531506631e-20 1.980681358661385222e-20
1.715699237913807519e+04 5.519389792203758200e-20 2.015268658884088611e-20
1.716330696156946578e+04 4.732188988199427254e-20 2.077455556827474250e-20
1.716962150419108730e+04 8.384500621279545332e-20 2.104387451737620442e-20
1.717593600699361559e+04 5.176251599525150505e-20 1.994638781378482748e-20
1.718225046993988872e+04 3.074238485692358154e-20 1.931539501457959277e-20
1.718856489300851899e+04 4.055595413729355577e-21 1.879035485437019269e-20
1.719487927619483526e+04 5.533087977203271152e-20 1.996241356512520091e-20
1.720119361946435311e+04 2.506977573772540285e-20 1.904163153388688986e-20
1.720750792280798123e+04 6.120980206431218166e-22 2.263942833637426162e-20
1.721382218618371917e+04 1.405570113022426757e-20 2.088466772196055110e-20
1.722013640958701944e+04 1.433424494647223527e-20 2.035856379103292369e-20
1.722645059298643173e+04 3.133366299367252309e-21 2.005319590158964131e-20
1.723276473635690854e+04 1.488489232241097040e-20 2.122008863749119849e-20
1.723907883967947419e+04 5.696020328512027940e-21 1.974237702736115101e-20
1.724539290293965678e+04 -6.666402602292685524e-21 2.008560091440523191e-20
1.725170692610762853e+04 -5.816202655527418542e-21 2.034407108231268308e-20
1.725802090916438101e+04 8.650684184444568422e-20 2.239470564183852001e-20
1.726433485209761784e+04 3.782183091945099499e-20 2.152303533495825292e-20
1.727064875486790697e+04 4.979340852735171838e-20 2.110067820432261867e-20
1.727696261746855089e+04 7.819441001460100485e-20 2.026338765262322465e-20
1.728327643985953546e+04 7.474646626977208690e-20 1.958733265361921879e-20
1.728959022203168934e+04 5.597593557543984143e-20 2.123801873112018077e-20
1.729590396395806602e+04 3.965185067643917100e-20 2.109748412264636800e-20
1.730221766562117773e+04 3.570071320681463042e-20 2.011667062941644553e-20
1.730853132700193601e+04 3.847285087462138854e-20 2.104556464230237812e-20
1.731484494806305884e+04 8.398836234760725247e-20 1.979590418125249957e-20
1.732115852879986051e+04 5.125024945733202806e-20 2.012175232966722252e-20
1.732747206918069060e+04 4.351298243324499452e-20 2.133566630737822886e-20
1.733378556919282710e+04 -7.954316818666026118e-21 1.934363732860036853e-20
1.734009902880209484e+04 -3.603518309923933915e-21 1.964481152269056718e-20
1.734641244799142078e+04 4.116196716959150007e-20 1.914621504966146301e-20
1.735272582673325087e+04 2.414695070212435536e-20 1.953343328421614094e-20
1.735903916501845379e+04 8.719411236521775873e-20 2.041992406274052743e-20
1.736535246281451327e+04 3.234163003890404612e-20 1.999861879980737441e-20
1.737166572010182426e+04 5.090670031321201814e-20 2.093724217918706586e-20
1.737797893685351664e+04 4.995681531462929405e-20 2.097745839225556782e-20
1.738429211305433273e+04 2.377294021441316836e-20 1.976455846394874669e-20
1.739060524868760695e+04 2.188582097226621136e-21 1.954894806728515853e-20
1.739691834371341611e+04 3.099572191960212655e-20 1.916230758747468948e-20
1.740323139812439331e+04 4.832921282676394558e-20 1.914931195511448515e-20
1.740954441189121280e+04 9.759304331484784235e-20 2.094606280816920564e-20
1.741585738500118168e+04 4.452102360858916298e-20 2.083465797375183800e-20
1.742217031741975734e+04 2.318755111964894711e-20 1.996818998960916011e-20
1.742848320912983399e+04 3.533689232781596382e-20 2.055437758654286451e-20
1.743479606010869611e+04 5.506711237747874052e-21 1.984393370480754692e-20
1.744110887033453764e+04 2.706577259524547516e-20 2.018703177495700151e-20
1.744742163978473400e+04 -1.470163751721195381e-20 1.853991592860740922e-20
1.745373436843954914e+04 3.500894860861534634e-20 1.968504785177754361e-20
1.746004705627192016e+04 -1.613029506921768629e-20 2.055306228991486985e-20
1.746635970326652387e+04 -6.236409347838860641e-21 2.144759637844939699e-20
1.747267230939138972e+04 4.850922566228061033e-20 1.909598868678242018e-20
1.747898487462904814e+04 2.213679532415111824e-20 2.063055207333416733e-20
1.748529739895700186e+04 5.584683995999285650e-20 1.959929238101636605e-20
1.749160988235835976e+04 4.319411021181663367e-20 1.976174433350861317e-20
1.749792232479486483e+04 8.638878267740549749e-20 2.082144732146499480e-20
1.750423472626493458e+04 9.514066783449029875e-20 1.937371428986042093e-20
1.751054708673082496e+04 7.670441118576613348e-20 2.054839489644434602e-20
1.751685940617748201e+04 5.422406195337071356e-20 2.125423755409302193e-20
1.752317168457785738e+04 4.997611361160450519e-21 1.997431990975889674e-20
1.752948392191654784e+04 -3.690943636624501543e-21 2.211556976646919797e-20
1.753579611816132092e+04 -1.356589333146323554e-20 2.024828716533992801e-20
1.754210827329988388e+04 3.147550043796103173e-20 2.087624959822612548e-20
1.754842038730064814e+04 5.023861765742529036e-20 2.041454667417638182e-20
1.755457666796297053e+04 -1.550007773494984730e-20 1.877509507997794604e-20
1.756088868600144269e+04 4.963988695115113100e-20 1.945568197539905891e-20
1.756720066277707883e+04 -4.331489065449847435e-21 1.909605981862015443e-20
1.757351259832823052e+04 3.451091390274731905e-20 2.112364160664116799e-20
1.757982449263199669e+04 4.890371527673174656e-20 2.016488539798220348e-20
1.758613634566632027e+04 4.267325706081649235e-20 2.022605867452706599e-20
1.759244815740808554e+04 2.001750776062171368e-20 2.018339680814568119e-20
1.759875992783507900e+04 5.042899284086765496e-20 2.014052943462078284e-20
1.760507165692475246e+04 -1.201441187840156038e-21 1.922913677054985088e-20
1.761138334465660228e+04 5.513560638373222600e-20 1.919225113535836826e-20
1.761769499100114626e+04 3.805401320175350129e-20 1.882926155977547383e-20
1.762400659594499302e+04 2.079577474361494043e-20 2.020590708745973019e-20
1.763031815945613926e+04 5.272740099545920414e-20 1.924879566594983334e-20
1.763662968152169924e+04 5.972968718953505673e-20 1.935200314645262761e-20
1.764294116211137953e+04 6.245620545518693276e-20 1.993190009865590232e-20
1.764925260120546227e+04 1.206534568264160029e-20 2.004962929562113813e-20
1.765556399878559751e+04 6.527169630846888800e-20 2.060185869953159849e-20
1.766187535481962186e+04 4.279091231223262170e-20 2.157401064284628508e-20
1.766818666928963285e+04 7.222142596270879203e-20 2.168746328929076898e-20
1.767449794217278395e+04 8.153032450830795071e-20 2.019481355723684280e-20
1.768080917344925183e+04 5.603750496335375247e-20 1.923364116668245296e-20
1.768712036309075120e+04 5.016894853117713035e-20 1.795510444733071208e-20
1.769343151108237726e+04 4.789565290174646810e-20 1.996235347203106409e-20
1.769974261738642963e+04 8.137945560876015522e-20 2.015805502633888074e-20
1.770605368200475277e+04 5.447779876847283451e-20 1.973006905762545245e-20
1.771236470489016938e+04 4.221958142637239023e-20 1.957470491468888406e-20
1.771867568603159452e+04 5.099068396843104014e-20 1.973206370733025224e-20
1.772498662546601190e+04 7.078711614871308886e-20 1.939197350656862759e-20
1.773129752764638761e+04 4.815001114714801953e-20 2.077251335880409030e-20
1.773745218935949742e+04 3.897556881936258149e-20 2.106992068827398178e-20
1.774376298957938707e+04 4.052243099082710841e-20 2.131532622693069153e-20
1.775007380812969859e+04 6.505204579796439262e-20 2.075523482270845397e-20
1.775638469378990703e+04 3.074380052187065092e-20 2.077831783329545999e-20
1.776269553754156368e+04 2.429911816639507390e-20 2.022051500903959581e-20
1.776900633936286613e+04 5.168658250833748726e-20 1.976110058843567953e-20
1.777531709923087692e+04 3.993728139551616494e-20 2.036944821132189048e-20
1.778162781710941272e+04 4.707691736429241570e-20 1.923148620310632656e-20
1.778793849299422072e+04 7.212948769416900838e-20 1.855231220208218055e-20
1.779424912685126765e+04 2.052203297724405404e-20 1.964899594532000148e-20
1.780055971866600521e+04 1.012152082765901695e-20 1.964589355511159717e-20
1.780687026839951795e+04 3.616390991001674554e-20 1.996120335504175312e-20
1.781318077604707287e+04 4.715849287426794408e-20 2.216210730334369628e-20
1.781949124157288315e+04 4.150000008669076459e-20 2.006812204003146990e-20
1.782580166496391394e+04 5.680096196407390845e-20 1.977577067531155609e-20
1.783211204618984266e+04 5.691451303246347841e-20 2.003487256725825016e-20
1.783842238522972184e+04 8.937736215541652790e-21 2.030020078135256110e-20
1.784473268206347348e+04 4.885004623333748498e-20 2.051067975785005483e-20
1.785104293666798549e+04 6.158701951250462101e-20 2.050556576595222849e-20
1.785735314901472884e+04 6.892740496402581543e-20 2.037776020226814781e-20
1.786366331908104985e+04 7.614441413005979965e-20 2.023063625556410019e-20
1.786997344685110511e+04 4.771096585256527763e-20 2.005120392926188390e-20
1.787628353229188724e+04 2.465788842393199519e-20 2.006970220022811977e-20
1.788259357538246695e+04 2.318991866364646401e-20 2.008101184686935747e-20
1.788890357611038780e+04 3.523346861093036431e-20 1.995718914828725486e-20
1.789521353443947737e+04 1.453613094097897336e-20 2.077751155654735468e-20
1.790152345035937833e+04 5.143194437279945679e-20 2.000324112577335729e-20
1.790783332383166635e+04 3.527653657467916217e-20 2.053847947999364357e-20
1.791414315484298641e+04 1.520539125045118167e-20 2.123954013090000246e-20
1.792045294336550432e+04 1.467570954445388327e-20 1.888431297957481778e-20
1.792676268938351859e+04 -3.639239499469700194e-21 1.936623055304084401e-20
1.793307239286340700e+04 4.675064995705985321e-20 2.077290536563168973e-20
1.793938205378994826e+04 3.825917394474575378e-20 1.942190663961004011e-20
1.794569167214220943e+04 3.324230424523624011e-20 1.883026123308285052e-20
1.795200124788424728e+04 2.522669978829180988e-20 1.958447953062858502e-20
1.795831078100530431e+04 3.607147954620348719e-20 1.807741002420453079e-20
1.796462027147479967e+04 4.239893576944197472e-20 1.883793629202772004e-20
1.797092971926905011e+04 2.454841537801542550e-20 1.919383914020739459e-20
1.797723912437279796e+04 2.548859276163696128e-20 1.925672776042115839e-20
1.798354848674961249e+04 1.367264597287483036e-20 2.177155725101486682e-20
1.798985780639700533e+04 4.280309381620826625e-21 1.937636394080636587e-20
1.799616708327093147e+04 2.733107105971779864e-22 2.082992903814487150e-20
1.800247631735799587e+04 2.902136493966941315e-20 2.027486403416562815e-20
1.800878550863543569e+04 2.833793436076306647e-20 2.045570510089106901e-20
1.801509465706880292e+04 1.536397533221800628e-21 1.961439994139655037e-20
1.802140376264555744e+04 1.395264059464796250e-20 1.987936716779743205e-20
1.802771282534224520e+04 2.983472961728611739e-20 1.928186440354832172e-20
1.803402184512997701e+04 -1.025912435785174420e-20 2.064674369592383070e-20
1.804033082199627825e+04 9.929917238574634702e-21 1.925390655899126103e-20
1.804663975590124028e+04 1.551665356192600828e-20 1.974388680258685784e-20
1.805294864683262495e+04 -7.242443804692099416e-21 2.022685255744039183e-20
1.805925749476103738e+04 2.749473666926810759e-20 2.184967716070113734e-20
1.806556629966877517e+04 3.749513645533377458e-20 2.187776209264784652e-20
1.807187506152677452e+04 6.504563669774368790e-20 2.020603073539565780e-20
1.807818378031686734e+04 7.045993728972398660e-20 1.992218799539764013e-20
1.808449245601569419e+04 2.203588005879005578e-20 1.988116976424634683e-20
1.809080108859138272e+04 1.267754629715356656e-19 2.071934325177301326e-20
1.809710967802884988e+04 1.072172471285720166e-19 2.224619921193601789e-20
1.810341822430391403e+04 5.219537849613665632e-20 2.150216064317558765e-20
1.810972672738828624e+04 1.153461189305117219e-19 2.189637256457718348e-20
1.811603518726318725e+04 2.117794373714333199e-19 2.543007204888764083e-20
1.812234360389735593e+04 2.431752718735713697e-19 2.338324490424159018e-20
1.812865197727503255e+04 2.968324802746674039e-19 2.407756177934834090e-20
1.813496030737255205e+04 1.912450193889966970e-19 2.189235784290879672e-20
1.814126859416112347e+04 5.851474199925826435e-20 2.069631787047383364e-20
1.814757683762207307e+04 4.699194988281407708e-20 1.869212561221722531e-20
1.815388503772955664e+04 2.358780588236012646e-20 1.965570263724539070e-20
1.816019319445657675e+04 3.727326188183135965e-20 1.982249019777241812e-20
1.816650130778006132e+04 5.529221454904422108e-20 2.029643770761795600e-20
1.817280937768114381e+04 7.148532031921909484e-20 2.075789827578097628e-20
1.817911740414183805e+04 7.036611245928716797e-21 1.996646396894277682e-20
1.818542538711943052e+04 5.982908073853338070e-20 2.114196266721163206e-20
1.819173332660629603e+04 8.355313532659234269e-20 2.108539085873095084e-20
1.819804122257611380e+04 5.973395678797721768e-20 1.916549140219427111e-20
1.820434907499409383e+04 1.202266269437284701e-20 1.947703403135514523e-20
1.821065688384759051e+04 2.616128635834816516e-20 2.039753069050890280e-20
1.821696464911764997e+04 -1.418890942452297454e-21 2.032059027264997240e-20
1.822327237076223537e+04 4.440703669945543392e-20 2.085534114100917330e-20
1.822958004877300846e+04 3.111816630974943717e-20 1.980546133913293861e-20
1.823588768312132743e+04 -1.958794473021422278e-20 2.198220329992815695e-20
1.824219527378562634e+04 -1.166365401239553552e-21 1.973631838316469586e-20
1.824850282074226197e+04 -3.296726292689846639e-20 2.031697389892248297e-20
1.825481032395379225e+04 -1.043928711035386058e-20 2.105813040135491218e-20
1.826111778340973615e+04 4.938860142216680804e-20 2.072460146922300064e-20
1.826742519908638496e+04 6.651633513073969131e-21 1.960178245103607663e-20
1.827373257095138251e+04 4.348503019119052602e-21 1.924652092607814525e-20
1.828003989899745648e+04 1.868092731272997273e-20 2.075054344989476472e-20
1.828634718318928935e+04 1.091858581873661988e-20 2.196103197348946703e-20
1.829265442349543082e+04 4.946540723494549684e-20 2.079066410627936687e-20
1.829896161990746259e+04 5.951135166673049454e-20 2.047841617309201052e-20
1.830526877238847374e+04 2.153022450645928281e-20 2.028593112261577568e-20
1.831157588091952493e+04 -5.088432009985086228e-20 1.925527505703837134e-20
1.831772545279520637e+04 1.555686036238011175e-20 1.986707922692260944e-20
1.832403246418136041e+04 1.933734206798353902e-20 1.950984230859184326e-20
1.833033942699436739e+04 2.803586403454063071e-20 2.016900304111475577e-20
1.833664634570217822e+04 2.955767612249734993e-20 2.056872424560511747e-20
1.834295322033892444e+04 3.050762463113538711e-20 2.048123398484823392e-20
1.834926005087557496e+04 5.653527810902881475e-20 1.963241270402660730e-20
1.835556683729810175e+04 7.221045733863624942e-20 1.974211819057378344e-20
1.836187357957247877e+04 4.136250392421844390e-20 1.877544804660912427e-20
1.836818027768442334e+04 1.184620452115689877e-19 2.067135144095286989e-20
1.837448693160265975e+04 8.938523531034851399e-20 2.008295244804165883e-20
1.838079354130751381e+04 1.069254462557466013e-19 2.109578817563254001e-20
1.838710010677295213e+04 4.264800378646290013e-20 2.068745719098233895e-20
1.839340662797674668e+04 4.779575095286426646e-20 1.935212450690017125e-20
1.839971310488994277e+04 6.050062625160326851e-20 2.008104483427207773e-20
1.840601953749055247e+04 3.359766454687443730e-20 2.037422435211215357e-20
1.841232592575464514e+04 1.133592091503008236e-20 2.012193995429769288e-20
1.841863226965780268e+04 -1.537620201240950765e-21 2.019395442524800317e-20
1.842493856917328958e+04 3.505643453653426257e-20 2.033597862743105676e-20
1.843124482428735064e+04 5.113333582016784493e-20 2.019366133449374025e-20
1.843755103496240190e+04 4.261481121977805941e-20 2.041949614732868258e-20
1.844385720117701567e+04 3.312063952234552532e-20 2.000385362089414448e-20
1.845016332291711660e+04 2.544764106490856341e-20 1.919961052747829686e-20
1.845646940014559368e+04 2.412092552553787184e-20 1.977839113210420975e-20
1.846277543284027342e+04 3.047949538375390015e-20 1.918127678770763129e-20
1.846908142105434672e+04 3.091347942738548123e-20 1.880116018562752806e-20
1.847522953166706066e+04 3.526886837095137271e-20 1.988822023227065742e-20
1.848153541682090145e+04 1.787874114022385474e-20 1.854025989255204614e-20
1.848784125734790359e+04 3.204862716266930553e-20 1.948372371792507725e-20
1.849414705321890506e+04 2.986774305546415338e-20 2.045950766400058530e-20
1.850045280441707655e+04 3.455972866835130448e-20 2.032576492677292166e-20
1.850675851090480501e+04 7.068645395651666236e-21 1.955496200396259930e-20
1.851306417267092183e+04 -7.444441941092694405e-23 1.891587700976139002e-20
1.851936978969137635e+04 5.550050984584597232e-20 2.097188332717913896e-20
1.852567536192484840e+04 1.577603877767996961e-20 2.082608593404030027e-20
1.853198088935809210e+04 1.769458819803195979e-20 2.007450781937762014e-20
1.853828637198025172e+04 2.341244582056877583e-20 2.051209674578939761e-20
1.854459180974207266e+04 2.632581406895451872e-20 2.221671302100193978e-20
1.855089720263280469e+04 5.823920095329362721e-21 2.042335918643831843e-20
1.855720255062232536e+04 -1.555497304943256386e-20 1.925552150219400061e-20
1.856350785369171717e+04 -1.977125079909194616e-20 1.983762312850359334e-20
1.856981311181349156e+04 3.251257583613422102e-20 2.069082097125094194e-20
1.857611832496327042e+04 8.260184705281084538e-21 2.186969951906129521e-20
1.858242349311617727e+04 5.831307451155004467e-20 2.032645655732726996e-20
1.858872861624793222e+04 7.497023706890923173e-20 2.018904635877758883e-20
1.859503369433353510e+04 8.804164850778290793e-20 1.994251463289979814e-20
1.860133872735153273e+04 5.018060267061004268e-20 1.940436972474351039e-20
1.860764371526849209e+04 1.592625275261291455e-20 2.064488055550895131e-20
1.861394865807133829e+04 3.124364642261502625e-20 1.997166351795541012e-20
1.862025355573206980e+04 -1.683278140496907206e-21 1.893135374114109894e-20
1.862655840821269157e+04 -2.843019516370371326e-21 2.008533112633244291e-20
1.863286321550453067e+04 3.821776736752840642e-20 1.968684909421694482e-20
1.863916797758074608e+04 2.592096540017839665e-21 1.987872662009458802e-20
1.864547269441589378e+04 2.968442273746292668e-20 2.031323771666769724e-20
1.865177736597204421e+04 6.188782917796008392e-21 1.971104590295050414e-20
1.865808199224594500e+04 1.106020240025964513e-20 1.889645170355186141e-20
1.866438657319962658e+04 3.475255238487431196e-21 1.917020736193881619e-20
1.867069110880759763e+04 -4.288005037896244265e-21 1.997678906299578589e-20
1.867699559904847774e+04 5.495447209226026162e-20 2.106744166262866788e-20
1.868330004390241083e+04 4.268950446258621444e-20 2.079459574388081085e-20
1.868960444333676423e+04 8.774650590114266043e-20 2.011138606926207407e-20
1.869590879732334361e+04 3.356458844954189049e-20 2.139188901083208887e-20
1.870221310584896491e+04 5.832380286947601443e-20 2.089560011888645769e-20
1.870851736888547020e+04 5.909814344837527827e-20 2.087934293095057505e-20
1.871482158640002672e+04 1.034140845906756753e-20 1.918397828718439453e-20
1.872112575837567420e+04 2.817950129884780085e-20 2.004731311048900812e-20
1.872742988478791813e+04 2.251064964123414643e-20 1.929012582106363931e-20
1.873373396560580295e+04 3.238292826835089159e-20 2.006109805475618027e-20
1.874003800081036024e+04 3.294787859700232022e-20 1.931467246718567871e-20
1.874634199036785139e+04 7.265425676497149658e-20 2.100604975479489365e-20
1.875264593426205101e+04 6.715553231887532487e-20 2.077016251672693198e-20
1.875894983246199990e+04 3.824766849481378693e-20 2.138166050513250534e-20
1.876525368495145085e+04 4.207803687912411215e-20 2.132834592055339817e-20
1.877155749169662158e+04 6.480714021485241963e-20 2.321030735408992145e-20
1.877786125268401884e+04 3.233372511601719758e-20 2.050761250619257491e-20
1.878416496786860080e+04 7.495385186598789016e-20 2.135514085328524771e-20
1.879046863723686693e+04 8.175711397283641436e-20 2.222346865812708880e-20
1.879677226076620718e+04 -1.082150608460598372e-20 1.996791936059895514e-20
1.880307583843466273e+04 -4.070465249002716961e-21 2.508924273426973011e-20
