1.073042125124416634e+04 5.489521630403979911e-19 4.086061729194528807e-20
1.073678205320017514e+04 5.775406064251273453e-19 3.071704273268031012e-20
1.074314282678151903e+04 5.595411123437600751e-19 2.847503446707329804e-20
1.074950357197540870e+04 6.104355707968330287e-19 2.970324965660820277e-20
1.075586428876907848e+04 5.828000940866315560e-19 2.861989587370177939e-20
1.076222497714417841e+04 6.261507192379856020e-19 3.084210719005454329e-20
1.076858563708605652e+04 5.928617150414065703e-19 3.058461047648704523e-20
1.077494626858381889e+04 5.369922680716348208e-19 3.030883216956419018e-20
1.078130687162095637e+04 5.987703979577391390e-19 3.152312792511928138e-20
1.078766744618283883e+04 6.631255835521845112e-19 3.075035477596800874e-20
1.079402799225482158e+04 5.460857155578274665e-19 2.999745042693116993e-20
1.080038850982036638e+04 5.945522392520294023e-19 2.892945097380889178e-20
1.080674899886859566e+04 5.880533318901681586e-19 3.037337049888314110e-20
1.081310945938487021e+04 6.188570340568539312e-19 3.074670939173570728e-20
1.081946989135080184e+04 5.803135297809067971e-19 2.927067239209566650e-20
1.082583029475361764e+04 5.467388811558871854e-19 2.877642057708053217e-20
1.083219066957679024e+04 5.537817316810076790e-19 3.100152562985649911e-20
1.083855101581129929e+04 6.370128280432697748e-19 3.224086287406297591e-20
1.084491133343499496e+04 5.350641067844931821e-19 2.892929186230717901e-20
1.085127162243884777e+04 5.949765181381274406e-19 2.993012821774015622e-20
1.085763188280444410e+04 6.348009693597141211e-19 2.963172800131976934e-20
1.086399211452277632e+04 6.224444538511505516e-19 2.910203585299917952e-20
1.087035231757166548e+04 5.840261426606536454e-19 3.030695343167733929e-20
1.087671249194208394e+04 6.592756452646630764e-19 2.922236593093074385e-20
1.088307263761562717e+04 5.490372062231189812e-19 2.752349612480832155e-20
1.088943275458138123e+04 5.798105460056675944e-19 2.805078492873343197e-20
1.089579284282093067e+04 5.694481076370928326e-19 2.914450874913666897e-20
1.090215290232336338e+04 5.236994912711238020e-19 2.822114478770057465e-20
1.090851293307025844e+04 5.649492471158706107e-19 3.048628009336601645e-20
1.091487293504882291e+04 6.363280234734899651e-19 2.941171419374171598e-20
1.092123290824626929e+04 5.960450595292269659e-19 2.925079663238510217e-20
1.092759285264605387e+04 5.819017919452213155e-19 2.828439328976007216e-20
1.093395276822969390e+04 6.047952017180153524e-19 2.906003732357631802e-20
1.094031265499197434e+04 6.010761844760660928e-19 2.845173340966511229e-20
1.094667251290688546e+04 5.659956711646928484e-19 2.870125614079306273e-20
1.095303234196920857e+04 5.644235447033564417e-19 2.889824571670678681e-20
1.095939214216048276e+04 5.847790733496204879e-19 2.817076896358471015e-20
1.096575191346412066e+04 6.077737056770697124e-19 2.886532283062065807e-20
1.097211165586734569e+04 6.112603540375438554e-19 2.776307338586367572e-20
1.097847136935735580e+04 6.255419030062791351e-19 2.663983456681302518e-20
1.098483105391378558e+04 5.842765870153647017e-19 2.833015920851937245e-20
1.099119070952762559e+04 5.738252135203953552e-19 2.658936459402068317e-20
1.099755033618228845e+04 5.216020757435595565e-19 2.803056179572090273e-20
1.100390993386498303e+04 5.786018187279048215e-19 2.748029886719335702e-20
1.101026950255531847e+04 5.959270923959988896e-19 2.737083342480297851e-20
1.101662904224429258e+04 5.602802153159607850e-19 2.703980043639415482e-20
1.102298855291720611e+04 5.717525222285045734e-19 2.803637374444379591e-20
1.102934803455556175e+04 6.363118108246629575e-19 2.759556085008373772e-20
1.103570748714654292e+04 5.627555716447381469e-19 2.805935763198970302e-20
1.104206691067545580e+04 5.610559186655768620e-19 2.671511654484753534e-20
1.104842630512757933e+04 5.575029887850074651e-19 2.666431842578699919e-20
1.105478567048819059e+04 5.175490023683852890e-19 2.606600060787772558e-20
1.106114500674260307e+04 5.935901582345080708e-19 2.612311745608362880e-20
1.106750431387420213e+04 5.654797911508584982e-19 2.683358729958312938e-20
1.107386359187398011e+04 5.578074795530470898e-19 2.772033351609003256e-20
1.108022284072150978e+04 5.427942112755870206e-19 2.690800437019361472e-20
1.108658206040206642e+04 5.887832098424829646e-19 2.570449551932171385e-20
1.109294125090282614e+04 5.828440583182745855e-19 2.700465600096008876e-20
1.109930041221098872e+04 5.902482040402374761e-19 2.711953619623171236e-20
1.110565954430991223e+04 5.534754584704366171e-19 2.690693020928829850e-20
1.111201864718486468e+04 5.766399685396913054e-19 2.571272228130130839e-20
1.111837772082112497e+04 5.705337022366411302e-19 2.640391114665251015e-20
1.112473676520202753e+04 5.807976050202938713e-19 2.711437475340491371e-20
1.113109578031285128e+04 6.280297753581447528e-19 2.659062790616973884e-20
1.113745476614650761e+04 5.261694103748944514e-19 2.699762175574484056e-20
1.114381372268060841e+04 6.138092991980754017e-19 2.652835621041608300e-20
1.115017264990231160e+04 5.581334950758948472e-19 2.797343343225196523e-20
1.115653154779493707e+04 5.657489293599008899e-19 2.722893046652623072e-20
1.116289041634374553e+04 5.190890105983138793e-19 2.801896847288744239e-20
1.116924925553976209e+04 5.426884015705921237e-19 2.704671130403617401e-20
1.117560806536631571e+04 5.934100613477384124e-19 2.706467950643427387e-20
1.118196684580480905e+04 5.412420420488204494e-19 2.733127219445086291e-20
1.118832559683857289e+04 5.311363055996918174e-19 2.649993075670119611e-20
1.119468431845860141e+04 6.259212730811866670e-19 2.715809022814354425e-20
1.120104301064820902e+04 5.381189480029052143e-19 2.559501822369511856e-20
1.120740167339455547e+04 6.087983995860042361e-19 2.762203538442240677e-20
1.121376030667903069e+04 6.590082911859983177e-19 2.762411361139280455e-20
1.122011891049263795e+04 7.302186808859163989e-19 2.873825289800485216e-20
1.122647748481097915e+04 5.681695473990936880e-19 2.627980448399862382e-20
1.123283602962698023e+04 5.434599508015736806e-19 2.622625305966835711e-20
1.123919454492201112e+04 5.231820895497372319e-19 2.708080568968501582e-20
1.124555303068706053e+04 5.298677694610807781e-19 2.484160066296185805e-20
1.125191148689961483e+04 5.272706376108620397e-19 2.532939555707997211e-20
1.125826991355263817e+04 5.550833883577422891e-19 2.556438054269667404e-20
1.126462831062941223e+04 6.049969871090400964e-19 2.600623062619695185e-20
1.127098667810935876e+04 5.793108667727358671e-19 2.642966019485147858e-20
1.127734501597961025e+04 5.630895063663013843e-19 2.633989833101039052e-20
1.128370332422729916e+04 5.999418653323036783e-19 2.623773200873978559e-20
1.129006160284150064e+04 5.665038753629632275e-19 2.697365224960109586e-20
1.129641985179967742e+04 4.984866970376192890e-19 2.458609731875823603e-20
1.130277807109282185e+04 5.854023537569842174e-19 2.535372016605602608e-20
1.130913626070420287e+04 5.468239334846507253e-19 2.582545091551080795e-20
1.131549442062094022e+04 5.776553619918497258e-19 2.563820836023848212e-20
1.132185255082046751e+04 5.246661896313595801e-19 2.532283480792347667e-20
1.132821065130154602e+04 5.487282433942016485e-19 2.563425335991080721e-20
1.133456872203770399e+04 5.943286883573118687e-19 2.545905023755527460e-20
1.134092676301409665e+04 5.231560773931615748e-19 2.508925077309960872e-20
1.134728477422370270e+04 5.974357523225608403e-19 2.552999019361996319e-20
1.135364275564587479e+04 5.959120365654116995e-19 2.536923155735387251e-20
1.136000070726964805e+04 5.274690699841551641e-19 2.572419503773677517e-20
1.136635862907632145e+04 5.901857912943238217e-19 2.653766274804730943e-20
1.137271652105689100e+04 4.830923358935084161e-19 2.605165126025381177e-20
1.137907438319067478e+04 5.523984002648977728e-19 2.647565014770025661e-20
1.138543221546283894e+04 5.248594826127196073e-19 2.564540958623317511e-20
1.139179001786047957e+04 5.673000158427929927e-19 2.546843080979824263e-20
1.139814779037069093e+04 5.990160554481155522e-19 2.605948121112717879e-20
1.140450553297473562e+04 6.459727114325096330e-19 2.576861045414247736e-20
1.141086324565970608e+04 6.149019474641528575e-19 2.575020376995765902e-20
1.141722092841656558e+04 5.790817757784027431e-19 2.598994592727132181e-20
1.142357858121680874e+04 5.390202874520463441e-19 2.576873702252816402e-20
1.142993620405728325e+04 5.291610311009207441e-19 2.596169434693145326e-20
1.143629379691534086e+04 5.655745818828996521e-19 2.588408183387683263e-20
1.144265135978585386e+04 5.556407440822486923e-19 2.531921475835781088e-20
1.144900889264224134e+04 5.950563267069819635e-19 2.472182751223135439e-20
1.145536639547940285e+04 5.634640054062426802e-19 2.659658324458438422e-20
1.146172386827462287e+04 5.292601415472138156e-19 2.619269552459157583e-20
1.146808131102085099e+04 5.694640088167596473e-19 2.660063349095722630e-20
1.147443872369537348e+04 5.622085384561153380e-19 2.623786389708145453e-20
1.148079610629113267e+04 4.991938214647375719e-19 2.595560103890322650e-20
1.148715345878736116e+04 5.304730671063385582e-19 2.529287435630345526e-20
1.149351078117306679e+04 5.410945402769576566e-19 2.403154819432969614e-20
1.149986807342940301e+04 5.624041851619366143e-19 2.542173513671151695e-20
1.150622533554346228e+04 5.911889557293072847e-19 2.680838357388978571e-20
1.151258256750035798e+04 5.676407207195050479e-19 2.633648933343521966e-20
1.151893976928515622e+04 5.845457202825734119e-19 2.652784419930126586e-20
1.152529694088099495e+04 6.162883409627055010e-19 2.532472233821000096e-20
1.153165408227885018e+04 5.528947167150294760e-19 2.470323825007725344e-20
1.153801119345593543e+04 5.548354551755879535e-19 2.619459438675769922e-20
1.154436827440520210e+04 5.801812129647610294e-19 2.627337034908234428e-20
1.155072532510384553e+04 5.335932060432149527e-19 2.559239774521855807e-20
1.155708234554481533e+04 5.963592001309887593e-19 2.489778456182010047e-20
1.156343933570333684e+04 6.065891272654603439e-19 2.547137138642547496e-20
1.156979629557820954e+04 5.645317876568870483e-19 2.490395629210165816e-20
1.157615322513875071e+04 5.622613238828656375e-19 2.553073897930203142e-20
1.158251012437989812e+04 5.518327234232489666e-19 2.589102961683983182e-20
1.158886699328669420e+04 5.409276778561983624e-19 2.444163825358053354e-20
1.159522383184025057e+04 5.637157210146994946e-19 2.613236332854755533e-20
1.160158064003153959e+04 5.488995233265782335e-19 2.556123488528120641e-20
1.160793741783769292e+04 6.170007313825958566e-19 2.614300508361987692e-20
1.161429416525165107e+04 5.644757340973350568e-19 2.482457094801554509e-20
1.162065088224857755e+04 5.522351005810644486e-19 2.515941961065150166e-20
1.162700756882535643e+04 5.520521270289325337e-19 2.577868811432911366e-20
1.163336422495712031e+04 5.477435619675058859e-19 2.499107102587729630e-20
1.163972085063677696e+04 5.382958372891455186e-19 2.584353321606009702e-20
1.164607744584144530e+04 5.943712344846777137e-19 2.639864475665238807e-20
1.165243401056209404e+04 5.763630561346225157e-19 2.560852532622826830e-20
1.165879054477977297e+04 5.392704167162422442e-19 2.531265367855627532e-20
1.166514704848148176e+04 5.294268732927636629e-19 2.580734377724115435e-20
1.167150352165221921e+04 5.685238120551132899e-19 2.521929529013902752e-20
1.167785996427698046e+04 4.760142199838510165e-19 2.497940717587248440e-20
1.168421637634076433e+04 5.400315639817044912e-19 2.610009826963273564e-20
1.169057275783055229e+04 5.604505367107175844e-19 2.485052224485481036e-20
1.169692910872736138e+04 5.590285323913084508e-19 2.535356117936910545e-20
1.170328542901816218e+04 5.476618051284869998e-19 2.467263640838338201e-20
1.170964171869184247e+04 5.022911513098457774e-19 2.572359948943991843e-20
1.171599797772350212e+04 5.436660926801530254e-19 2.540085458551248016e-20
1.172235420611005429e+04 4.698793431366065482e-19 2.524917508777268996e-20
1.172871040382452702e+04 5.847911799101821539e-19 2.606666371321819918e-20
1.173506657085784354e+04 5.946839544436891075e-19 2.504040447069462833e-20
1.174142270719497901e+04 5.322539951846899694e-19 2.333176492874466984e-20
1.174777881282288035e+04 5.981658147269250174e-19 2.365345862996847044e-20
1.175413488772649907e+04 4.824646345012680675e-19 2.554664981054284601e-20
1.176049093188679581e+04 5.308343424639228568e-19 2.406829348396899691e-20
1.176684694529270382e+04 5.210392489014687831e-19 2.435829124341902727e-20
1.177320292792511100e+04 4.402816210703930104e-19 2.497343306279039661e-20
1.177955887977300699e+04 5.735556068455479891e-19 2.500283983057352486e-20
1.178591480081333066e+04 5.087853562136852181e-19 2.400530443881469372e-20
1.179227069104100701e+04 5.293605501187106533e-19 2.402158384040601067e-20
1.179862655043495943e+04 5.036049549189344821e-19 2.478706525015308532e-20
1.180498237898611114e+04 5.552445332793304406e-19 2.462355443850340007e-20
1.181133817667136827e+04 5.725154817579203987e-19 2.461824440212449273e-20
1.181769394348366222e+04 5.136463731523750887e-19 2.448908948568922441e-20
1.182404967939987546e+04 4.705929137080781694e-19 2.541189975233759693e-20
1.183040538440690943e+04 5.700984455403095907e-19 2.458061093309738508e-20
1.183676105849562373e+04 5.961204515892077125e-19 2.462659568632454070e-20
1.184311670164896350e+04 5.463206711996126033e-19 2.383880094669234434e-20
1.184947231384580846e+04 5.213078786970646938e-19 2.401304878967262862e-20
1.185582789507706002e+04 5.481175085924325656e-19 2.466881181872844473e-20
1.186218344532559604e+04 4.944076282247828559e-19 2.332988444731183034e-20
1.186853896457629162e+04 4.655497685418446314e-19 2.336726237317869675e-20
1.187489445280999280e+04 4.472926599720463301e-19 2.342512539120419839e-20
1.188124991002162824e+04 5.028178482151629749e-19 2.458175423233483953e-20
1.188760533618599766e+04 5.938865838408647372e-19 2.459351926523164174e-20
1.189396073129395518e+04 4.263159530211100750e-19 2.342674359078772269e-20
1.190031609532634502e+04 4.878301624664609943e-19 2.368554651218803632e-20
1.190667142826804957e+04 4.867663345961701398e-19 2.530217769757009000e-20
1.191302673011196384e+04 4.851913350163447586e-19 2.416367672185886409e-20
1.191938200083286029e+04 5.234263600182020104e-19 2.392232210468242031e-20
1.192573724041960304e+04 4.843161656535036144e-19 2.272737439082723434e-20
1.193209244885702537e+04 5.296309983402354437e-19 2.342038220002462878e-20
1.193844762612995510e+04 4.834293049045531193e-19 2.333089673998008507e-20
1.194480277222523364e+04 4.858459948211894280e-19 2.290072402415218332e-20
1.195115788712158428e+04 5.371461019143612925e-19 2.380382462678929676e-20
1.195751297081188750e+04 5.461848503858936626e-19 2.273164349606798057e-20
1.196386802327292389e+04 4.804827211763551801e-19 2.347977406011676172e-20
1.197022304449959665e+04 4.464240580225210189e-19 2.323642246403250571e-20
1.197657803446458092e+04 5.170888345212736496e-19 2.369909956536318104e-20
1.198293299316074445e+04 5.099528075365061589e-19 2.277647337360842789e-20
1.198928792057087230e+04 5.509996346329361148e-19 2.391156471715840540e-20
1.199564281667974319e+04 5.174152813084943827e-19 2.390630217492072905e-20
1.200199768147213035e+04 5.559908448012202878e-19 2.351901687333780112e-20
1.200835251493278156e+04 5.340670829578892441e-19 2.337850373066228216e-20
1.201470731704443278e+04 5.250507807261031484e-19 2.464729167013093306e-20
1.202106208779797817e+04 5.387099903485536638e-19 2.373198737748417525e-20
1.202741682717209733e+04 5.798003345308357294e-19 2.329510443850667979e-20
1.203377153515356076e+04 6.217382577806001480e-19 2.375821880185896999e-20
1.204012621172510444e+04 4.997328689241118029e-19 2.287375431399378492e-20
1.204648085687552521e+04 4.902298622160182594e-19 2.321171111621799653e-20
1.205283547058754266e+04 5.468473612605114310e-19 2.380613853094287259e-20
1.205919005284385094e+04 5.404660722290980406e-19 2.386997763665487324e-20
1.206554460363523503e+04 4.996048764274122727e-19 2.422806546505774041e-20
1.207189912293831367e+04 5.032615224888529155e-19 2.361453599819552090e-20
1.207825361074190732e+04 4.790916225406859362e-19 2.243477828713735631e-20
1.208460806703276648e+04 5.603481801201204185e-19 2.329348904569602803e-20
1.209096249179356710e+04 5.181856963297440134e-19 2.352489992421843676e-20
1.209731688500492965e+04 4.851012837522690292e-19 2.344343295144905623e-20
1.210367124666176824e+04 5.074352683871182079e-19 2.442737213120353509e-20
1.211002557673856973e+04 4.916943256386787063e-19 2.354470870191477754e-20
1.211637987522407275e+04 5.502054196570274257e-19 2.345456226248638842e-20
1.212273414210499141e+04 4.913658097732721139e-19 2.396454868424790087e-20
1.212908837736402529e+04 4.921320740376732462e-19 2.401832686761563279e-20
1.213544258098379214e+04 5.509356743290697036e-19 2.378214820289532826e-20
1.214179675295305788e+04 5.629185565530992611e-19 2.370938780750896927e-20
1.214815089325034751e+04 5.350759949501628773e-19 2.368429222428486927e-20
1.215450500186852150e+04 5.704384708275556277e-19 2.351752372264572891e-20
1.216085907878607395e+04 5.068246473631724266e-19 2.383791135657846944e-20
1.216721312398969349e+04 5.571890561638936243e-19 2.431625201470299143e-20
1.217356713746603782e+04 5.397788637013099397e-19 2.361854552030613283e-20
1.217992111919365016e+04 5.089795340123559982e-19 2.443939151852756883e-20
1.218627506916536913e+04 5.353341049768554143e-19 2.355835368628944221e-20
1.219262898735967974e+04 5.238254882518972794e-19 2.319410539621363190e-20
1.219898287376323970e+04 5.018969137732866436e-19 2.340703026676514619e-20
1.220533672836274854e+04 5.277946896356843120e-19 2.284797086303058566e-20
1.221169055113662762e+04 5.219708025595858744e-19 2.256065580328974877e-20
1.221804434207564191e+04 4.526716613783307474e-19 2.297370064100572431e-20
1.222439810116435910e+04 5.130045653700297320e-19 2.432017515856899214e-20
1.223075182838125693e+04 5.301264335951885663e-19 2.347849067512031448e-20
1.223710552371710946e+04 5.646300729769704236e-19 2.340525764377634385e-20
1.224345918715443986e+04 5.146329250954144104e-19 2.318060113114953032e-20
1.224981281867783218e+04 5.393695748453921988e-19 2.343076149277066000e-20
1.225616641827185595e+04 5.359846149580865547e-19 2.409951723716186883e-20
1.226251998592108976e+04 4.644030055000701468e-19 2.349803316617099145e-20
1.226887352161005037e+04 4.967252443919945872e-19 2.391265451334226068e-20
1.227522702531916730e+04 4.681118934444215528e-19 2.330117574423585722e-20
1.228158049704129553e+04 4.760790184553952534e-19 2.419586471757983831e-20
1.228793393675684820e+04 5.146282652752019490e-19 2.464441817648453680e-20
1.229428734445038026e+04 5.220515832210211024e-19 2.497546863450841948e-20
1.230064072010435302e+04 5.537481427878057572e-19 2.411350248880934316e-20
1.230699406370950419e+04 5.184622237776944105e-19 2.393653645870332169e-20
1.231334737524415686e+04 5.072566735538421167e-19 2.355263079924258008e-20
1.231970065469274596e+04 5.035626341011339168e-19 2.377665252771676692e-20
1.232605390204191826e+04 5.629982399068801444e-19 2.354651409112258378e-20
1.233240711727620328e+04 5.076505961406920844e-19 2.368947472526564058e-20
1.233876030038216959e+04 4.572336257648351361e-19 2.374207139490942132e-20
1.234511345134017211e+04 4.907367030521137921e-19 2.406868101118592694e-20
1.235146657013884760e+04 5.127620987022763102e-19 2.254524732971246931e-20
1.235781965675852916e+04 5.281225304564404356e-19 2.414055053876850277e-20
1.236417271118782628e+04 5.387106276573243595e-19 2.406702112047019075e-20
1.237052573340703020e+04 5.176643042532159720e-19 2.551936053734413926e-20
1.237687872340272952e+04 4.845424414115792097e-19 2.443029284122612191e-20
1.238323168116148190e+04 5.143439731343899083e-19 2.617208853255918996e-20
1.238958460666150313e+04 5.214460938280764844e-19 2.510383761775751600e-20
1.239593749989763819e+04 4.467931054004645092e-19 2.356046794043827428e-20
1.240229036084393738e+04 4.970615097137572544e-19 2.229250261010819055e-20
1.240864318948690743e+04 4.808027053109296490e-19 2.267362340610897011e-20
1.241499598581506325e+04 4.487802476525377094e-19 2.247879294550630843e-20
1.242134874981292342e+04 5.096364578684770650e-19 2.363462088567857384e-20
1.242770148146073370e+04 4.988053026104608642e-19 2.406796800220362639e-20
1.243405418074500631e+04 4.971764390831332749e-19 2.367284143444636298e-20
1.244040684765014703e+04 4.369533023579068640e-19 2.265116874796791058e-20
1.244675948216054894e+04 5.225059343994594444e-19 2.339196649430519871e-20
1.245311208426061785e+04 5.567293963591209286e-19 2.410489252683717306e-20
1.245946465393257859e+04 5.032212344707501661e-19 2.389599181035303182e-20
1.246581719116504973e+04 4.724796808355900079e-19 2.312492503715322914e-20
1.247216969594451803e+04 4.847127078750442762e-19 2.224211042006302198e-20
1.247852216824491188e+04 5.106926644893281934e-19 2.230419389280939135e-20
1.248487460805685805e+04 5.137559571986434023e-19 2.238440073357504975e-20
1.249122701536682325e+04 5.186232000752762977e-19 2.390001717919985965e-20
1.249757939015496231e+04 7.147951932902490418e-19 2.621930603712519199e-20
1.250393173241184013e+04 8.054232142664935843e-19 2.580115677251243156e-20
1.251028404211556881e+04 5.807199917714269302e-19 2.260188112417848433e-20
1.251663631925049594e+04 6.501809590698032966e-19 2.633574019071308794e-20
1.252298856380305006e+04 2.325795983194292943e-18 3.617285656999657663e-20
1.252934077576175878e+04 5.159665887033676249e-18 5.028732708263212194e-20
1.253569295510463780e+04 2.825348511101027567e-18 3.945060432600560935e-20
1.254204510181389196e+04 7.203528654234812214e-19 2.492536419960665815e-20
1.254839721588215616e+04 4.652596146020094916e-19 2.227139631672993730e-20
1.255474929729168252e+04 5.114546445173533885e-19 2.363138385847742524e-20
1.256110134601627942e+04 8.068966542552463351e-19 2.595437138943521418e-20
1.256745336205704552e+04 1.465468150192678399e-18 3.124709472794847912e-20
1.257380534538564643e+04 1.206725503680659905e-18 2.925728821689748573e-20
1.258015729598845428e+04 6.058783438869528947e-19 2.372871205015470147e-20
1.258650921386025766e+04 5.229721872115637086e-19 2.276851384523116975e-20
1.259286109896627022e+04 4.824885799641198552e-19 2.263148307920208204e-20
1.259921295130980616e+04 5.172528869324767650e-19 2.347498041326593280e-20
1.260556477086246559e+04 5.040342770237817444e-19 2.303878583592072427e-20
1.261191655761270158e+04 5.096356457129091359e-19 2.271603610557892793e-20
1.261826831154686442e+04 4.953121654610215603e-19 2.257446039682743194e-20
1.262462003264284431e+04 5.175362803581288993e-19 2.509743220953700053e-20
1.263097172089327614e+04 4.941454460955497554e-19 2.270150138287707612e-20
1.263732337627600828e+04 5.183575262886889572e-19 2.355831771226850401e-20
1.264367499877741830e+04 5.891407900587097419e-19 2.262958250744762376e-20
1.265002658838383286e+04 5.391800086787440832e-19 2.293594858486315728e-20
1.265627219181339206e+04 4.725192302371196899e-19 2.199076683833819649e-20
1.266262370799253222e+04 5.232443335428568198e-19 2.253090372357989348e-20
1.266897519124726023e+04 4.666630049087162057e-19 2.147734715055804502e-20
1.267532664154343183e+04 4.452119973198022846e-19 2.252343997686190355e-20
1.268167805886121278e+04 4.952993471286481719e-19 2.267060790494403032e-20
1.268802944319297421e+04 5.094888643542499624e-19 2.270468268448912872e-20
1.269438079451051817e+04 4.416586813824019487e-19 2.260955677292085622e-20
1.270073211280822579e+04 5.322257157999413605e-19 2.299421616373695676e-20
1.270708339805996184e+04 5.394647827919676948e-19 2.264106009018679189e-20
1.271343465026014565e+04 5.550001471794810634e-19 2.317657758992506050e-20
1.271978586938879562e+04 5.353679334807518699e-19 2.327346917958193366e-20
1.272613705542800562e+04 5.144880645318834289e-19 2.391913988023706004e-20
1.273248820836809500e+04 5.046661204018890315e-19 2.381455539575966083e-20
1.273883932818694666e+04 4.727880904735389201e-19 2.277863612309320565e-20
1.274519041486863534e+04 5.443218876685164898e-19 2.326142413236431646e-20
1.275154146840136673e+04 5.214643230889521249e-19 2.287852417783856804e-20
1.275789248876507190e+04 4.762045291341924967e-19 2.276418468591217574e-20
1.276424347594596657e+04 4.965187738482480737e-19 2.255705947783989155e-20
1.277059442993023185e+04 5.009814726513590004e-19 2.229165034062903393e-20
1.277694535070188067e+04 4.591865422921137516e-19 2.289668942421975173e-20
1.278329623823669863e+04 5.201444822949344666e-19 2.332550731878843935e-20
1.278964709253109322e+04 4.883716185256337794e-19 2.322210319277894128e-20
1.279599791355459456e+04 5.032669776057035520e-19 2.364327123389649728e-20
1.280234870130375930e+04 4.880527598697958344e-19 2.242001979098122636e-20
1.280869945576266218e+04 5.479420058518477097e-19 2.361966836886887519e-20
1.281505017690700879e+04 7.793171901867949083e-19 2.653979560002244850e-20
1.282140086472903567e+04 1.226472296469254904e-18 2.929470894896682187e-20
1.282775151920032113e+04 1.000169249186998401e-18 2.553640213446555392e-20
1.283410214032142176e+04 5.877936726556952002e-19 1.998785221304732867e-20
1.284045272805976128e+04 5.569451133663183103e-19 2.211220919772604700e-20
1.284680328241184725e+04 9.512654896569189831e-19 2.704912430514334825e-20
1.285315380336171074e+04 1.065316847952838123e-18 2.800698844296886647e-20
1.285950429088491728e+04 6.545899004324202944e-19 2.591656636907012456e-20
1.286585474496957067e+04 5.263356942912623677e-19 2.234359696389256689e-20
1.287220516559962016e+04 5.386332437109405850e-19 2.377834047826587577e-20
1.287855555275902589e+04 5.014936754304137914e-19 2.246779734507610430e-20
1.288490590643177893e+04 5.266058430433927139e-19 2.301253516108926360e-20
1.289125622660178851e+04 5.126530842827235104e-19 2.285184045413229482e-20
1.289760651324881110e+04 5.061536967664471927e-19 2.235613079985731874e-20
1.290395676636519056e+04 5.476221796281435818e-19 2.251488280977014715e-20
1.291030698593477246e+04 4.545677521669203273e-19 2.240762506003470941e-20
1.291665717193097589e+04 5.361638732275316195e-19 2.380917625979773593e-20
1.292300732434610654e+04 5.292497655411103814e-19 2.282541462280101147e-20
1.292935744316200362e+04 5.546926933309114396e-19 2.366279682634731988e-20
1.293570752836252177e+04 4.843782418547031260e-19 2.296050216253435845e-20
1.294205757992944018e+04 5.387993917624069519e-19 2.289615204677898379e-20
1.294840759785076807e+04 4.963683457242664639e-19 2.308606549363210542e-20
1.295475758210622007e+04 5.231304133471570669e-19 2.322387549087371990e-20
1.296110753268388180e+04 4.768240941315531772e-19 2.257750393782112510e-20
1.296745744956551971e+04 4.954998084044606474e-19 2.188239580459391408e-20
1.297380733273493388e+04 4.893828019327788705e-19 2.332136155932191086e-20
1.298015718217385438e+04 4.543918524477980999e-19 2.256742831832990344e-20
1.298650699787025042e+04 5.311707783202269080e-19 2.169960964936740740e-20
1.299285677980377841e+04 5.216578990312951292e-19 2.228052227720887898e-20
1.299920652796039212e+04 4.677548857947039714e-19 2.196325637962620209e-20
1.300555624232598711e+04 4.708656969451036761e-19 2.244872081069225352e-20
1.301190592287807704e+04 4.598571587500072182e-19 2.295385022176138460e-20
1.301825556961092298e+04 4.508738869753383982e-19 2.239804567511318059e-20
1.302460518249775305e+04 5.079151425339965508e-19 2.184738163834091334e-20
1.303095476152657284e+04 5.154770170066277149e-19 2.281820918184630728e-20
1.303730430668328881e+04 4.774550315189911774e-19 2.265230423132545508e-20
1.304365381794743735e+04 5.014563722621795592e-19 2.388787839107945743e-20
1.305000329615353621e+04 5.057874885158427467e-19 2.303287422014220173e-20
1.305635283969118973e+04 5.099921370956103016e-19 2.332384319602618455e-20
1.306270240497308805e+04 5.038463996207090563e-19 2.300636572899813050e-20
1.306905193676907220e+04 4.586113450773615190e-19 2.300091143808467826e-20
1.307540143458655075e+04 5.463755186973257562e-19 2.429997592898035162e-20
1.308175089841556292e+04 4.786882894678686296e-19 2.357131386697776073e-20
1.308810032823983602e+04 4.872703144872287796e-19 2.297296876606105499e-20
1.309444972403873180e+04 5.122875630870992965e-19 2.227252248162373346e-20
1.310079908579806943e+04 5.324031840096976727e-19 2.408166551255759137e-20
1.310714841350157076e+04 4.768331418305454410e-19 2.233444332250176308e-20
1.311349770713078942e+04 4.740172581432334534e-19 2.207053316749720141e-20
1.311984696667365824e+04 5.133370578568698737e-19 2.396819417639049646e-20
1.312619619211167810e+04 5.405408485417606722e-19 2.280938190095480655e-20
1.313254538342844171e+04 5.081325427282001096e-19 2.127849851838293307e-20
1.313889454060763819e+04 4.992737168377534862e-19 2.080025520946276604e-20
1.314524366363290392e+04 5.172313728452252087e-19 2.244368834226664386e-20
1.315159275248572703e+04 5.419011162941245127e-19 2.240593138613037473e-20
1.315794180715189395e+04 4.726813915869251196e-19 2.251401273349380370e-20
1.316429082761919381e+04 5.572924313378033577e-19 2.276106860964720199e-20
1.317063981383993450e+04 4.481174234838847924e-19 2.283854725604139397e-20
1.317688218931726260e+04 5.121108822990569950e-19 2.176098591109070401e-20
1.318323109949357786e+04 5.152872655443399792e-19 2.252253021518395310e-20
1.318957997540308497e+04 4.898572156056984882e-19 2.160908590916000793e-20
1.319592881702709565e+04 5.176301456285443179e-19 2.356876242273741178e-20
1.320227762434917713e+04 3.930839326617847150e-19 2.132035869785168348e-20
1.320862639735073753e+04 5.031935577943434071e-19 2.262103028174169494e-20
1.321497513601970786e+04 5.022437269678240494e-19 2.264142466595640005e-20
1.322132384033522430e+04 5.298513782834180248e-19 2.198980907134350704e-20
1.322767251028299870e+04 4.978318647399303348e-19 2.348094716177820485e-20
1.323402114584645096e+04 4.819601670002959386e-19 2.258201730519489711e-20
1.324036974701140025e+04 4.776083617261516854e-19 2.251754135876934820e-20
1.324671831375473448e+04 5.291766303226621519e-19 2.329267492019768492e-20
1.325306684606876843e+04 4.484253374823569728e-19 2.186252169421559595e-20
1.325941534393036818e+04 4.426708752553263367e-19 2.226231527862738053e-20
1.326576380732731559e+04 5.167348751171277719e-19 2.216664546229886177e-20
1.327211223623874503e+04 5.171725285246975267e-19 2.289349085929896597e-20
1.327846063065033923e+04 4.584565676174819859e-19 2.172808557389350556e-20
1.328480899054555266e+04 4.989207961457413600e-19 2.182839803082106460e-20
1.329115731590782889e+04 5.141090458766896024e-19 2.232509969882398007e-20
1.329750560672054417e+04 4.930130131208421596e-19 2.275064907903191613e-20
1.330385386296709839e+04 5.110823368909281161e-19 2.146856661956718816e-20
1.331020208463099334e+04 4.919132891877168711e-19 2.083188254150408917e-20
1.331655027169563436e+04 4.859760503966980775e-19 2.538329055301641637e-20
1.332289842414441955e+04 4.246755407243589534e-19 2.293103944746397788e-20
1.332924654196070514e+04 4.925237921308567578e-19 2.213108082873101945e-20
1.333559462512780919e+04 4.719412106663858435e-19 2.202119130446907372e-20
1.334194267362920436e+04 4.450317519464920824e-19 2.251884585187780404e-20
1.334829068744603319e+04 4.555320570390126893e-19 2.247108611274399154e-20
1.335463866656387836e+04 5.023329583490066228e-19 2.114437320498463760e-20
1.336098661097051627e+04 4.364736391509631668e-19 2.148413334743166820e-20
1.336733452064028643e+04 4.748994153033618156e-19 2.242558406694004297e-20
1.337368239556331537e+04 4.529231025669026205e-19 2.122832271320266960e-20
1.338003023571847552e+04 4.007819835333904501e-19 2.095279082847703482e-20
1.338637804109352874e+04 4.816785526177786967e-19 2.102913157526925607e-20
1.339272581166955388e+04 4.769097377412854571e-19 2.196460875336231385e-20
1.339907354742974348e+04 4.549239626019309538e-19 2.221948934268354025e-20
1.340542124835747200e+04 5.307969670326241807e-19 2.163857418751928081e-20
1.341176891443603927e+04 5.034637352584214830e-19 2.141408904509144167e-20
1.341811654564871787e+04 4.621306511687282576e-19 2.250099454463632496e-20
1.342446414197207378e+04 4.960566141939127197e-19 2.200174233084045090e-20
1.343081170340040626e+04 4.548266116433300166e-19 2.215370497978943433e-20
1.343715922991482148e+04 4.810880480551574080e-19 2.249502598777549298e-20
1.344350672149634192e+04 4.807660208052173255e-19 2.173591136154250059e-20
1.344985417812595369e+04 4.856472701283303479e-19 2.209696839744487232e-20
1.345620159979135497e+04 4.518027649668728549e-19 2.213563068954627014e-20
1.346254898647117807e+04 4.710596056039683986e-19 2.177898948918058971e-20
1.346889633815092566e+04 4.553235789333362630e-19 2.171801709259567593e-20
1.347524365481607128e+04 4.238254756850188314e-19 2.089176656951849770e-20
1.348159093644305904e+04 5.010719127415442542e-19 2.265357807038806988e-20
1.348793818302179898e+04 5.094311828906922310e-19 2.210137208247275460e-20
1.349428539453310259e+04 4.918709834469653716e-19 2.159668125276779029e-20
1.350063257095796143e+04 4.622524939803587391e-19 2.187643465468849924e-20
1.350697971228403912e+04 4.910371128094624218e-19 2.229162890143252410e-20
1.351332681849673645e+04 4.218622196488587074e-19 2.241634506558602758e-20
1.351967388956792092e+04 5.172744156000411506e-19 2.329613546312247320e-20
1.352602092548960172e+04 5.024416480707134725e-19 2.271096733245096997e-20
1.353236792624498412e+04 4.742101446172946865e-19 2.187391614412141539e-20
1.353871489181044308e+04 4.590099409140137615e-19 2.144272982878390024e-20
1.354506182217582318e+04 4.264918687117791937e-19 2.203197795952163255e-20
1.355140871731969673e+04 4.856626055814990385e-19 2.168184751965719600e-20
1.355775557723177371e+04 4.740103733933613925e-19 2.245766426875071861e-20
1.356410240188622629e+04 4.478182234356890928e-19 2.278540542081790988e-20
1.357044919127288995e+04 4.491873608141459213e-19 2.269448412528571758e-20
1.357679594537253797e+04 4.804547949688444030e-19 2.489676312710688841e-20
1.358314266416595456e+04 4.713696562121402467e-19 2.196624827060910575e-20
1.358948934764056139e+04 4.903192817573700447e-19 2.122468624495173597e-20
1.359583599577499444e+04 4.732320604089713084e-19 2.184704816973496643e-20
1.360218260855678818e+04 5.004187153319269530e-19 2.268306969775589969e-20
1.360852918596666859e+04 3.996049649346128977e-19 2.209321137750893044e-20
1.361487572798759902e+04 4.516856470531186714e-19 2.156123280977853474e-20
1.362122223459796260e+04 5.444608941567600508e-19 2.356835683228189203e-20
1.362756870578990493e+04 4.964478163167441902e-19 2.239106021769682140e-20
1.363391514153958997e+04 4.307523504531680788e-19 2.114520628204470517e-20
1.364026154182995742e+04 4.716759320929831319e-19 2.173512196671866648e-20
1.364660790665297645e+04 4.492569101850495529e-19 2.278213013516393208e-20
1.365295423598249545e+04 4.599279481024119878e-19 2.136594221930337302e-20
1.365930052979924403e+04 4.133994692751534974e-19 2.201681158843991930e-20
1.366564678809522957e+04 4.482424610252454767e-19 2.198330013257463088e-20
1.367199301084880790e+04 4.620455255712803829e-19 2.209187624922287592e-20
1.367833919803821482e+04 4.649290737126242111e-19 2.290358396464614139e-20
1.368468534965553044e+04 4.597033069300771999e-19 2.237280620246219633e-20
1.369103146567683689e+04 4.036284487698868303e-19 2.117990439614183784e-20
1.369737754608270734e+04 4.190930924539702397e-19 2.283549888954253213e-20
1.370372359086968754e+04 4.957054935058979839e-19 2.278651607286087730e-20
1.371006960000681283e+04 4.249461626941728592e-19 2.185863015975680397e-20
1.371641557347934940e+04 4.443385079597091845e-19 2.216502138670091950e-20
1.372276151127696903e+04 4.433118890572640201e-19 2.205700940462695507e-20
1.372910741337565378e+04 4.084906837461636898e-19 2.128946666156140030e-20
1.373545327976042063e+04 3.457752390976203886e-19 2.194984548842517710e-20
1.374179911041406558e+04 4.254744625545137701e-19 2.230991296134800952e-20
1.374814490531489355e+04 4.561220375426613045e-19 2.134506938969209735e-20
1.375449066445712015e+04 4.483576755828326770e-19 2.210078721309751629e-20
1.376083638781437548e+04 4.446654918434192904e-19 2.143522594470349755e-20
1.376718207537157105e+04 4.323346504533387821e-19 2.265186919209487483e-20
1.377352772711158286e+04 4.462358805925330863e-19 2.209117110512253479e-20
1.377987334301487499e+04 4.151165671609387864e-19 2.243972682494935433e-20
1.378621892306877453e+04 5.064138210328714794e-19 2.150096193080928129e-20
1.379256446725138267e+04 4.284644324101339996e-19 2.148187206204243211e-20
1.379890997554992282e+04 4.716941864596911336e-19 2.253241712869030278e-20
1.380525544794492816e+04 4.504998063040860822e-19 2.245709585128480010e-20
1.381160088441679909e+04 4.535677055678073982e-19 2.238040770818704789e-20
1.381794628495280267e+04 4.215045418823498391e-19 2.122689289366989508e-20
1.382429164953093277e+04 4.755805596587349199e-19 2.168288720767432352e-20
1.383063697813620456e+04 4.218574016694711018e-19 2.111094984860371405e-20
1.383698227075362229e+04 3.914507377377424363e-19 2.068491427597008326e-20
1.384332752736123621e+04 4.156017566513017538e-19 2.219430169153438896e-20
1.384967274794625337e+04 5.257843633641347160e-19 2.280230410005503802e-20
1.385601793248429749e+04 4.304867621505048751e-19 2.175011739224799251e-20
1.386236308096733046e+04 4.287198628148839603e-19 2.195533766489560203e-20
1.386870819337104149e+04 4.241236935571393867e-19 2.288251006383613719e-20
1.387505326968264671e+04 4.564483490484058167e-19 2.210007784600454048e-20
1.388139830988000722e+04 3.955405904040570679e-19 2.141266103175243046e-20
1.388774331395038462e+04 4.798548654215377607e-19 2.141580427847861818e-20
1.389408828186944993e+04 4.343315814399605868e-19 2.135792010962879961e-20
1.390043321362670213e+04 4.022906383066560410e-19 2.125641127021871473e-20
1.390677810920002230e+04 4.490890737560726455e-19 2.142051375046834065e-20
1.391312296858114132e+04 4.490377569259285794e-19 2.072329805356348850e-20
1.391946779173879258e+04 4.158213198046637995e-19 2.155146595912135321e-20
1.392581257866477972e+04 4.403645296937348922e-19 2.130457934798497041e-20
1.393215732933926301e+04 4.010931542712605723e-19 2.229102953709857510e-20
1.393850204374463465e+04 4.433358978124444157e-19 2.186818100768301800e-20
1.394484672186580246e+04 4.069997724199628720e-19 2.047040942880806141e-20
1.395119136367829742e+04 4.491761405750902061e-19 2.206304080047417379e-20
1.395753596917156392e+04 4.371760212352319601e-19 2.217756540460417619e-20
1.396388053832332298e+04 4.200764401275880428e-19 2.153975408326777614e-20
1.397022507112067069e+04 4.087705336170280222e-19 2.137808137172970736e-20
1.397656956754380553e+04 4.707681190236961801e-19 2.192192705716064872e-20
1.398291402757281685e+04 4.222221140125142856e-19 2.123394861642431228e-20
1.398925845119708174e+04 4.655941661762992320e-19 2.242791124883678098e-20
1.399560283838725809e+04 4.471325572442379131e-19 2.271734833086647164e-20
1.400194718913750694e+04 4.755775492993895549e-19 2.260360453366836591e-20
1.400829150342557841e+04 4.200797568097439258e-19 2.181366227097484073e-20
1.401463578123382467e+04 4.556466637452790792e-19 2.191457783193937321e-20
1.402098002253981576e+04 4.389404508257513075e-19 2.048234679699331256e-20
1.402732422733535168e+04 3.558537045323016770e-19 2.105014098538785757e-20
1.403366839559813525e+04 4.703026205724989896e-19 2.206358083307033959e-20
1.404001252731048589e+04 4.705665841275520133e-19 2.196184480266238104e-20
1.404635662244997729e+04 4.517399027461702805e-19 2.240972522897731398e-20
1.405270068100828757e+04 4.715783810557476706e-19 2.216919093432290684e-20
1.405904470296076761e+04 3.957574692326909174e-19 2.144878362689670351e-20
1.406538868829205603e+04 4.132425588911647051e-19 2.185413201922182273e-20
1.407173263698436858e+04 4.714915385394168075e-19 2.115557456793870921e-20
1.407807654901992646e+04 5.152469099926450540e-19 2.199619927178780947e-20
1.408442042438109638e+04 4.737189470085698091e-19 2.168073579917777637e-20
1.409076426305248060e+04 4.656308820873632606e-19 2.125474072007051028e-20
1.409710806501160368e+04 4.189692395763570429e-19 2.090968760378348359e-20
1.410345183024055041e+04 4.271753601645822569e-19 2.215809022468415230e-20
1.410979555872875244e+04 4.175354734787773074e-19 2.115879952581257996e-20
1.411613925045135329e+04 4.179262021513382663e-19 2.075618332255102275e-20
1.412248290539054506e+04 4.911088253096556544e-19 2.223245426814638955e-20
1.412882652353308367e+04 4.477698026510072160e-19 2.156791924965477863e-20
1.413517010486127401e+04 4.721654898982778559e-19 2.142180973509312036e-20
1.414151364935256788e+04 4.569275165132783015e-19 2.129978332466929270e-20
1.414785715698914282e+04 4.038831002776794449e-19 2.043562782343053747e-20
1.415420062775772931e+04 3.831413388534564844e-19 2.081999651754148788e-20
1.416054406164052125e+04 4.694309620401992531e-19 2.207315793289449638e-20
1.416688745861261305e+04 4.232212961361916237e-19 2.142121361626290862e-20
1.417323081865847234e+04 4.531593030876340323e-19 2.071438416950285422e-20
1.417957414177193095e+04 4.383192710243465906e-19 2.241535796747552081e-20
1.418591742791853721e+04 4.215666633205252305e-19 2.191397315334900589e-20
1.419226067708754272e+04 4.638717519723424625e-19 2.226830047627496553e-20
1.419860388926338055e+04 4.515828455822456979e-19 2.266209747057581343e-20
1.420494706442330425e+04 4.206804709679500400e-19 2.105840015824646204e-20
1.421129020255643263e+04 4.641969568116206584e-19 1.957460310224033411e-20
1.421763330363543355e+04 4.567591953637294447e-19 1.997369538840623760e-20
1.422397636764467097e+04 4.450896379289645508e-19 2.186482053990143602e-20
1.423031939457561748e+04 4.710668892637026904e-19 2.257500597957838789e-20
1.423666238439596600e+04 4.829610809085460750e-19 2.235883119535393061e-20
1.424300533709969750e+04 4.260329347538769548e-19 2.130526057593242219e-20
1.424934825266166263e+04 4.414855494174817711e-19 2.127634166397414291e-20
1.425569113106853547e+04 4.013376014851996088e-19 2.098291462947354283e-20
1.426203397229744587e+04 4.865318218889774695e-19 2.202917259621426252e-20
1.426837677633522071e+04 4.443505127129752736e-19 2.157071333567279909e-20
1.427471954315664880e+04 4.006594623876885141e-19 2.133324491831904687e-20
1.428106227275314632e+04 4.430422243249790280e-19 2.255516349108050960e-20
1.428740496509937475e+04 4.412058621838890081e-19 2.137362111527810060e-20
1.429363967893244626e+04 4.229770875101487538e-19 2.173464751062699231e-20
1.429998228638386354e+04 4.161457255596014246e-19 2.109021231899747461e-20
1.430632485919931787e+04 4.350762784956682432e-19 2.145286686914054972e-20
1.431266739472175868e+04 4.104144150887257555e-19 2.245619992757061683e-20
1.431900989290071630e+04 3.553078430220600359e-19 2.370953490780950164e-20
1.432535235372728130e+04 4.244495316251229281e-19 2.472264388022544800e-20
1.433169477717393602e+04 4.887665695297222998e-19 2.153814053227094997e-20
1.433803716322948094e+04 4.387666188718947259e-19 2.258249990000101779e-20
1.434437951187580620e+04 4.712408985924941212e-19 2.266666426299474639e-20
1.435072182308770607e+04 3.988230735863627120e-19 2.097014387167949861e-20
1.435706409685154904e+04 3.964746306990328120e-19 2.157296754387611536e-20
1.436340633315378727e+04 4.354103567007154373e-19 2.180987482213498149e-20
1.436974853196462573e+04 4.664438710849199544e-19 2.188781692972065719e-20
1.437609069327747602e+04 4.831651889005688102e-19 2.164591626546700947e-20
1.438243281707165443e+04 4.589324546269588008e-19 2.378259507503118126e-20
1.438877490331956142e+04 4.978865074034900337e-19 2.226094041763565062e-20
1.439511695201469229e+04 4.204177910885719816e-19 2.224224784160135795e-20
1.440145896313642152e+04 4.293683669025902765e-19 2.168186231256693786e-20
1.440780093665694403e+04 4.413328513277407641e-19 2.210732652752319176e-20
1.441414287256969692e+04 4.366089097596511097e-19 2.235384502042289910e-20
1.442048477084945989e+04 4.482086540006516377e-19 2.203754681467468469e-20
1.442682663148252141e+04 4.145141475223730133e-19 2.155313649305109697e-20
1.443316845444574210e+04 4.633122702040568300e-19 2.205325030182992933e-20
1.443951023972317853e+04 4.630599705371704566e-19 2.429617165540773704e-20
1.444585198729889635e+04 4.290131130691726590e-19 2.404429386545323257e-20
1.445219369715208995e+04 4.289249081455430641e-19 2.290827000081071815e-20
1.445853536925956178e+04 4.488814327141667268e-19 2.277805863514255899e-20
1.446487700361005045e+04 4.395448036105033876e-19 2.340613908269280012e-20
1.447121860018284315e+04 4.867182908898171497e-19 2.253065113745600152e-20
1.447756015895716700e+04 4.424450325527106394e-19 2.204713408935541604e-20
1.448390167992389433e+04 4.239994861677427439e-19 2.168034567228875777e-20
1.449024316305520915e+04 4.728784788088414464e-19 2.300446518162175040e-20
1.449658460832794481e+04 4.269628398381242413e-19 2.241806524600449808e-20
1.450292601573772299e+04 4.541612685816720701e-19 2.247365385437741429e-20
1.450926738525425935e+04 4.773918265925732942e-19 2.263572054087229456e-20
1.451560871686618702e+04 4.550430470080324915e-19 2.293738185064355111e-20
1.452195001055267130e+04 4.769737786876917516e-19 2.355665664140356470e-20
1.452829126629277198e+04 4.381292777909987244e-19 2.302350783959411210e-20
1.453463248407500578e+04 4.393811936068927279e-19 2.321509470084810821e-20
1.454097366387381771e+04 4.690777099325927602e-19 2.270523875032336925e-20
1.454731480567064318e+04 4.031264077525605739e-19 2.194410567757177815e-20
1.455365590945155964e+04 4.489723045674566489e-19 2.272103508243893322e-20
1.455999697519567781e+04 4.133924896579756140e-19 2.267407118680899707e-20
1.456633800288447128e+04 4.347933598377117286e-19 2.260447443400035915e-20
1.457267899250164373e+04 4.613850241501112072e-19 2.218841163783172616e-20
1.457901994401900447e+04 4.857284500473878732e-19 2.237355184732065775e-20
1.458536085742982141e+04 4.263362694735660054e-19 2.196264875091182562e-20
1.459170173270611303e+04 3.920204292834006032e-19 2.177572443683094731e-20
1.459804256984101266e+04 3.586172853808207797e-19 2.306835867106172942e-20
1.460438336880391944e+04 4.173195738880528125e-19 2.387243876042465077e-20
1.461072412958332643e+04 4.334949457656349829e-19 2.269343456388487439e-20
1.461706485215583234e+04 4.664514776870063854e-19 2.292265909876890384e-20
1.462340553650269430e+04 3.850160022897446216e-19 2.268734867355482075e-20
1.462974618258877854e+04 4.091277575462618940e-19 2.227006196719881669e-20
1.463597843247919081e+04 4.225490710713679176e-19 2.215444021117106567e-20
1.464231899436619096e+04 4.238947711677788021e-19 2.228300262400767563e-20
1.464865951795186083e+04 4.510373084855511137e-19 2.395780558063656350e-20
1.465500000321759944e+04 4.511777236884277713e-19 2.286183822493840892e-20
1.466134045015690572e+04 4.346412512194536490e-19 2.228667051496940715e-20
1.466768085872642223e+04 4.372443476815247689e-19 2.181138648829700922e-20
1.467402122893669184e+04 4.089977910598120662e-19 2.231897592759757481e-20
1.468036156074205610e+04 4.476940528219276270e-19 2.318858275003777462e-20
1.468670185414334082e+04 3.857355118264874236e-19 2.234322440319136712e-20
1.469304210910930306e+04 4.248055413304168904e-19 2.318478930131363571e-20
1.469938232562852136e+04 4.623659385039135260e-19 2.250326636144173674e-20
1.470572250367974630e+04 4.303571405370525448e-19 2.208784233726524090e-20
1.471206264324164113e+04 4.202381007850236831e-19 2.377620690040922423e-20
1.471840274430501995e+04 4.558421553456506013e-19 2.269103041439223830e-20
1.472474280683388133e+04 3.969583235770200393e-19 2.291457753739133998e-20
1.473108283082906564e+04 3.965230291466919491e-19 2.216517898071687784e-20
1.473742281624693533e+04 3.804218793271932890e-19 2.189978644009278635e-20
1.474376276310053800e+04 4.224704358894607791e-19 2.286676787843105797e-20
1.475010267134146488e+04 4.482281919531673432e-19 2.398441594297353271e-20
1.475644254097050543e+04 3.788133263245399397e-19 2.159824515815273553e-20
1.476278237195375186e+04 4.298920020409213725e-19 2.344761473096218607e-20
1.476912216428462489e+04 4.064094344651878928e-19 2.254975604099611711e-20
1.477546191793927210e+04 4.187124792341152767e-19 2.247731379090258148e-20
1.478180163289618758e+04 4.120903706363110709e-19 2.190913992791323080e-20
1.478814130914114685e+04 4.202234552018075092e-19 2.188046469246895748e-20
1.479448094665033750e+04 4.380063382622125895e-19 2.187537484282208716e-20
1.480082054541215257e+04 3.965771883856731064e-19 2.242551904787879986e-20
1.480716010539504896e+04 4.499296383895820770e-19 2.244596203719879381e-20
1.481349962659731318e+04 4.448226714512945603e-19 2.145547004697102622e-20
1.481983910897515307e+04 4.346541557061697470e-19 2.316718545776190367e-20
1.482617855253926427e+04 4.437910319035855085e-19 2.213305734435857106e-20
1.483251795724056319e+04 3.693357324765772851e-19 2.170048859224593901e-20
1.483885732308990009e+04 3.652434836432388924e-19 2.253327522898831408e-20
1.484519665003834416e+04 3.908365339326839146e-19 2.196840235829413169e-20
1.485153593809651647e+04 3.698934471814215875e-19 2.224277018383657247e-20
1.485787518721534980e+04 3.361375577424657231e-19 2.127901683115780143e-20
1.486421439740568167e+04 4.139596220469870633e-19 2.295738963205198855e-20
1.487055356862092412e+04 4.058619481127847076e-19 2.191243282319101898e-20
1.487689270086665056e+04 4.052745714019742806e-19 2.271353937852975961e-20
1.488323179409386103e+04 4.239270769605452106e-19 2.235181522073019945e-20
1.488957084832077817e+04 4.345449133073166971e-19 2.169326628772246627e-20
1.489590986348819752e+04 3.702214209762803214e-19 2.172716882323421146e-20
1.490224883961673004e+04 3.959763824783014054e-19 2.165982762138635328e-20
1.490858777664730042e+04 4.325043940937873280e-19 2.085425160982326955e-20
1.491492667459812583e+04 4.352780512262184822e-19 2.311437345978217182e-20
1.492126553341724866e+04 3.556119758555206803e-19 2.056162639667773253e-20
1.492760435311552646e+04 4.934315439881085238e-19 2.138725107161510178e-20
1.493394313364364643e+04 4.969601711786846510e-19 2.217398981867114785e-20
1.494028187500476088e+04 3.807131361724239643e-19 2.135265757940101174e-20
1.494662057717195603e+04 3.724339619413120769e-19 2.205039930420228893e-20
1.495295924012099567e+04 3.753341946992958608e-19 2.180310535061900237e-20
1.495929786384507133e+04 4.234335174230222251e-19 2.154662791984464165e-20
1.496563644830455814e+04 3.916051005583443709e-19 2.054471396001886336e-20
1.497197499351033730e+04 3.653237305878736365e-19 2.049721686976453511e-20
1.497831349940787732e+04 3.583520896889688490e-19 2.064217095459932167e-20
1.498465196601540083e+04 3.443713519262087974e-19 2.140386106724834494e-20
1.499099039327319406e+04 3.732468904368225070e-19 2.001114259471485819e-20
1.499732878119968154e+04 4.147435648843659456e-19 2.082635667690120390e-20
1.500366712974017719e+04 4.114396676273440255e-19 2.037561368909007773e-20
1.501000543891026791e+04 3.672910238957454679e-19 2.095398982832797227e-20
1.501634370865792880e+04 3.989430650907231846e-19 2.010108738996205496e-20
1.502268193897878155e+04 3.753479443528235956e-19 1.985940854565749874e-20
1.502902012986584668e+04 3.650205344098529166e-19 1.994311668939675857e-20
1.503535828126932938e+04 3.819377361265735909e-19 2.045375606522806511e-20
1.504169639320766692e+04 3.543008815028338659e-19 2.091580768403425520e-20
1.504803446562593308e+04 3.853943535379695449e-19 2.021784661181297440e-20
1.505437249853475623e+04 3.801006939858455118e-19 2.053024347155057777e-20
1.506071049188186953e+04 3.876324323135730880e-19 2.054490893632634548e-20
1.506704844568057160e+04 3.437110339253132882e-19 1.993922013251450488e-20
1.507338635988329224e+04 3.394688434790792413e-19 1.999854709365529647e-20
1.507972423447808615e+04 4.046471997688740388e-19 2.029783301057392542e-20
1.508606206947075225e+04 3.974252262811499690e-19 2.252575659224558245e-20
1.509239986480354673e+04 3.425318606654450741e-19 2.032716496646643495e-20
1.509873762049228935e+04 3.645729209567637608e-19 1.966894529798659306e-20
1.510507533647937453e+04 3.269356571281101293e-19 1.938938901285354948e-20
1.511141301277050843e+04 3.637104031911315706e-19 2.118339257484897234e-20
1.511775064935597948e+04 4.089198914558464550e-19 2.053823074150457739e-20
1.512408824617816208e+04 3.515600236724376221e-19 2.052674296215636177e-20
1.513042580326564712e+04 3.520043220681510701e-19 2.017603125017730974e-20
1.513676332055280000e+04 3.442963300655032695e-19 2.008883183940351860e-20
1.514310079804029374e+04 3.532542019363840450e-19 2.063801963915772237e-20
1.514943823572371548e+04 3.598233344003016920e-19 1.867395400510402062e-20
1.515577563355268649e+04 3.599577658353837695e-19 1.927135509476916749e-20
1.516211299153791879e+04 2.862017774404714866e-19 1.908310588085700624e-20
1.516845030962916644e+04 3.252153455386863299e-19 1.977071497988812671e-20
1.517478758781937358e+04 3.485755893751184852e-19 2.057442428050278298e-20
1.518112482611148698e+04 4.378322704523886267e-19 2.094903665238431922e-20
1.518746202444502887e+04 3.933828491905839205e-19 2.153691544995083948e-20
1.519379918284101950e+04 3.384677993140674199e-19 2.183109234391504754e-20
1.520013630124111660e+04 3.600963568719604147e-19 2.141848628179934334e-20
1.520647337964087455e+04 4.037811255814319329e-19 2.098412135350140746e-20
1.521281041804348388e+04 3.288021992143203264e-19 2.067687003790785230e-20
1.521914741638545274e+04 3.907183541072130143e-19 2.024394476915436800e-20
1.522548437469292367e+04 4.035328028990532552e-19 2.023977115313539748e-20
1.523182129290766716e+04 3.473897006119738291e-19 1.957967086636930601e-20
1.523815817101995344e+04 3.629862767609122149e-19 1.965180254575829051e-20
1.524449500903275475e+04 3.772880282375176051e-19 2.002472569494805062e-20
1.525083180689036089e+04 4.019031233677543626e-19 2.065307517437492841e-20
1.525716856459333758e+04 4.068839845262638590e-19 2.041954811327859264e-20
1.526350528213433790e+04 3.830420287636095594e-19 2.014343210337184360e-20
1.526984195946009095e+04 3.295613910790095397e-19 1.990082692880636257e-20
1.527617859657118606e+04 3.640983355817583823e-19 2.016968191233822495e-20
1.528251519346031455e+04 4.038325606973537065e-19 2.013539893596923962e-20
1.528885175007401085e+04 4.517644316859582955e-19 2.158653632482361387e-20
1.529518826642576823e+04 4.121671501632404586e-19 2.086719651440344080e-20
1.530152474246709426e+04 4.405427177610870497e-19 2.016071101379429036e-20
1.530786117819071114e+04 4.211300360161066260e-19 1.998388926119287167e-20
1.531419757358955576e+04 3.804193574656824287e-19 2.128597417574408294e-20
1.532053392861768407e+04 3.324796977736185942e-19 1.991333259740773152e-20
1.532687024326511346e+04 3.446094106439097046e-19 1.894174939681765598e-20
1.533320651753254970e+04 3.221592265726440086e-19 2.025455637954182962e-20
1.533954275136365868e+04 4.007782865780846403e-19 2.036592844888026263e-20
1.534587894475615758e+04 3.310143675411056632e-19 1.938667063783675613e-20
1.535221509770556077e+04 3.509207431810788506e-19 2.014848476346215872e-20
1.535855121016581325e+04 3.285418795730164078e-19 1.980889739017351799e-20
1.536488728211909984e+04 4.293302938952215234e-19 2.065896559270857517e-20
1.537122331357122130e+04 3.575055463574358784e-19 2.006779967859446528e-20
1.537755930447088031e+04 3.526906986985015948e-19 2.041785420672160169e-20
1.538389525480806151e+04 3.865705024626250221e-19 2.041094457711723836e-20
1.539023116457549622e+04 3.333121377084546135e-19 2.089105959339704978e-20
1.539656703374001700e+04 4.015082472524608388e-19 2.061226619498169168e-20
1.540290286000389096e+04 3.615168836239311343e-19 1.971398770270797233e-20
1.540923862552896207e+04 3.273042455624835244e-19 2.002502838210355129e-20
1.541557435039059965e+04 3.518885784633017734e-19 1.958546991096686448e-20
1.542191003456319049e+04 4.191085068537538231e-19 1.991322503712692388e-20
1.542824567803669197e+04 3.903304003883069714e-19 2.059289683045255183e-20
1.543458128080129609e+04 3.332239110447226467e-19 1.935116672334436808e-20
1.544091684280266963e+04 3.627235883793094758e-19 2.144991908021885895e-20
1.544714299177834437e+04 3.767957828826156563e-19 2.145771373814046994e-20
1.545347846174968254e+04 3.583413694119446734e-19 2.221675383033773470e-20
1.545981389360940193e+04 4.313999593055240011e-19 2.167724735558955819e-20
1.546614928466837046e+04 3.023677783975982866e-19 2.116647713580473012e-20
1.547248463489237838e+04 3.879580751465864190e-19 2.269877103568933057e-20
1.547881994424815639e+04 3.606333521979495937e-19 2.061143779017341214e-20
1.548515521270986392e+04 3.719293092194093652e-19 2.031172333976576377e-20
1.549149044026241609e+04 3.698157243202442362e-19 2.092774129871324872e-20
1.549782562690561281e+04 3.583623765713018965e-19 2.129309098821181155e-20
1.550416077258312362e+04 4.060065036451763106e-19 2.133043759169269449e-20
1.551049587729481573e+04 3.936600653938541568e-19 2.119698532292075128e-20
1.551683094102289579e+04 3.908249271567654811e-19 2.036107531936823283e-20
1.552316596374404799e+04 3.499939073143602778e-19 2.091966529407514221e-20
1.552950094542997977e+04 3.633846783366086643e-19 2.329157097311386391e-20
1.553583588605773184e+04 4.034588425347107367e-19 2.239349047293834786e-20
1.554217078563208815e+04 4.034482426909716827e-19 2.183845143491104461e-20
1.554850564410696097e+04 4.077079316377789206e-19 2.194035422798655374e-20
1.555484046146411856e+04 3.945243171357953481e-19 2.172571801698565872e-20
1.556117523768550018e+04 3.711021505328444603e-19 2.102691616726848711e-20
1.556750997276332782e+04 3.670872173877111581e-19 2.138944108388701231e-20
1.557384466666415210e+04 3.961838806096385109e-19 2.239525553793479083e-20
1.558017931936448258e+04 4.227807924382842849e-19 2.187113626687791058e-20
1.558651393084888514e+04 4.193006257147307429e-19 2.345827282763303319e-20
1.559284850110699881e+04 3.421818762889064535e-19 2.266090633574841231e-20
1.559918303010245836e+04 3.747165390721695119e-19 2.359214056793937626e-20
1.560551751780929044e+04 3.566258705106688801e-19 2.219694061282050938e-20
1.561185196421982437e+04 4.068176556968019716e-19 2.211895206429563006e-20
1.561818636932095615e+04 4.090430727473776141e-19 2.176767349595858275e-20
1.562452073307893988e+04 3.496821853691142145e-19 2.056401721580441471e-20
1.563085505547037246e+04 3.907782619844427121e-19 2.163096949977418185e-20
1.563718933647701670e+04 4.389604396418338085e-19 2.225774588872534990e-20
1.564352357609086721e+04 3.863054137106491960e-19 2.162323242056904892e-20
1.564985777427319408e+04 3.627901749154343211e-19 2.211271605053842263e-20
1.565619193101578639e+04 3.755894173715565422e-19 2.080937091367871654e-20
1.566252604628487643e+04 4.190351356326969917e-19 2.097416328913116994e-20
1.566886012006997771e+04 3.757551293588923446e-19 2.185678264248853439e-20
1.567519415234761800e+04 3.909545654223565191e-19 2.146663114110284480e-20
1.568152814310192116e+04 4.454546429680854834e-19 2.208097133440008470e-20
1.568786209230168970e+04 4.085927969938650864e-19 2.224848569006474351e-20
1.569419599992847725e+04 4.169364748131425316e-19 2.355849492757797009e-20
1.570052986597163545e+04 4.053775788918088802e-19 2.120187820155864628e-20
1.570686369039739839e+04 3.360946527149714239e-19 2.155422764198210601e-20
1.571319747319489397e+04 3.506089802237391413e-19 2.000792103173961905e-20
1.571953121430037208e+04 3.699086872957426087e-19 2.186451037796857322e-20
1.572575519605364752e+04 3.619358409345421449e-19 2.078550513987109870e-20
1.573208884601291356e+04 4.164612209787099355e-19 2.209998268043367895e-20
1.573842245425915098e+04 3.061845433864929063e-19 2.011791001927322566e-20
1.574475602076338146e+04 3.959780760653764675e-19 2.123471820737406650e-20
1.575108954550431008e+04 3.535080574723101423e-19 2.009639444968015815e-20
1.575742302845825361e+04 4.141629496800668021e-19 2.191500139949511035e-20
1.576375646961483289e+04 3.911989690253217092e-19 2.123370254082454367e-20
1.577008986895007183e+04 3.562414538509684972e-19 2.041693938160186297e-20
1.577642322643755324e+04 4.512737794726173214e-19 2.155161333820693161e-20
1.578275654206153922e+04 4.189663211236460637e-19 2.101690419137421365e-20
1.578908981579260762e+04 3.879492238383221957e-19 2.275684325599738253e-20
1.579542304761504056e+04 3.616019080866988651e-19 2.239798126861120840e-20
1.580175623751034072e+04 3.665785226462308288e-19 2.223755371074929784e-20
1.580808938545173805e+04 3.707334129546545426e-19 2.470418251222593534e-20
1.581442249142347646e+04 3.846789894064074713e-19 2.439209654834651616e-20
1.582075555540435198e+04 3.289521169730101494e-19 2.186190451194574497e-20
1.582708857736481332e+04 3.668154911815308212e-19 2.175856433221158683e-20
1.583342155728911166e+04 3.469679541529577260e-19 2.281392084944170575e-20
1.583975449515865512e+04 3.320055144972503666e-19 2.047682467188909551e-20
1.584608739094651537e+04 3.717027004470418082e-19 2.183037408129746836e-20
1.585242024463694725e+04 3.063217011172986156e-19 2.099647879124998005e-20
1.585875305620588915e+04 3.633251656607452708e-19 2.170512053900851401e-20
1.586508582562908123e+04 3.254744376392088459e-19 2.256035508770439581e-20
1.587141855289073646e+04 3.288138454606692041e-19 2.189686037490617757e-20
1.587775123796133448e+04 3.768689434000085684e-19 2.104465466890727088e-20
1.588408388083278078e+04 3.368057738297516206e-19 2.224436690184927631e-20
1.589041648146763873e+04 3.425897735613450790e-19 2.032477804052704977e-20
1.589674903985791389e+04 3.562998485867591928e-19 2.152758219600266170e-20
1.590308155597392397e+04 3.554882059076627983e-19 2.097614012853385823e-20
1.590941402979433769e+04 3.303205912238926000e-19 2.038375693122603067e-20
1.591574646130571455e+04 3.239323835641045721e-19 2.098788964684335006e-20
1.592207885047836680e+04 3.190095354459083658e-19 2.216975184769547520e-20
1.592841119729360435e+04 3.920131720931527438e-19 2.109423197887246010e-20
1.593474350173249513e+04 4.007226561664730230e-19 2.208956147556393632e-20
1.594107576376263569e+04 3.223842254801844978e-19 2.231662607435844591e-20
1.594740798337883825e+04 3.157755012325545828e-19 2.221544128083382378e-20
1.595374016055124048e+04 3.717597981081132147e-19 2.183424293248321794e-20
1.596007229525014736e+04 3.439102229506949853e-19 2.214668540619492978e-20
1.596640438747032022e+04 3.600686770869977622e-19 2.171389456968571256e-20
1.597273643717364757e+04 3.917488616124847027e-19 2.082039672556164011e-20
1.597906844435219318e+04 3.580073282194705728e-19 2.062451717340254265e-20
1.598540040897891413e+04 3.892401285162067722e-19 2.098331112072537566e-20
1.599173233103191524e+04 2.823937404870474329e-19 2.142885506607211017e-20
1.599806421048697484e+04 3.135841602734766590e-19 2.115912840927519605e-20
1.600439604732783118e+04 3.358066832186292165e-19 2.160685211360830150e-20
1.601072784153254906e+04 3.327481012996700221e-19 2.207728822195411408e-20
1.601705959307143348e+04 3.555128121750170983e-19 2.199034480300547184e-20
1.602339130192539778e+04 3.395601744758758239e-19 2.182548363004665687e-20
1.602972296808072861e+04 3.373004277382932642e-19 2.060279531794138215e-20
1.603605459150761999e+04 3.695762560560113409e-19 2.101342728730264470e-20
1.604238617218964828e+04 3.343798124339503410e-19 2.160843294831444322e-20
1.604871771009946497e+04 4.047422121746373640e-19 2.105165964216020457e-20
1.605504920522359862e+04 3.438031700953214867e-19 1.991961692285948619e-20
1.606138065752636976e+04 3.004724904920953405e-19 2.039065111970460890e-20
1.606771206699688446e+04 3.223190076242913247e-19 2.264259835589086366e-20
1.607404343361063547e+04 3.149685411079173552e-19 2.217019474624448475e-20
1.608037475734280270e+04 3.352706682973462192e-19 2.071762528876463143e-20
1.608670603817981646e+04 3.456097490299056891e-19 2.087657324240419891e-20
1.609303727609431553e+04 3.265570137155893595e-19 2.085015224282616810e-20
1.609936847106138157e+04 3.462797121775327320e-19 2.210846107783896470e-20
1.610569962305927038e+04 3.923080201721109552e-19 2.150632260897532633e-20
1.611203073207421767e+04 3.651583980130142725e-19 2.160530195119706274e-20
1.611836179807307781e+04 4.251439701495045487e-19 2.531173587900204038e-20
1.612469282103953265e+04 4.116569527289037060e-19 2.249124713286804280e-20
1.613102380095696572e+04 2.988409394372324058e-19 2.074016409261633103e-20
1.613735473779502718e+04 3.394554359111065399e-19 2.038555292009649551e-20
1.614368563153731702e+04 3.716066983505481556e-19 2.078366803800215257e-20
1.615001648215335263e+04 4.354311244163876934e-19 2.068887947256904871e-20
1.615634728962658846e+04 3.523173075383760098e-19 2.110311250769043577e-20
1.616267805394055540e+04 3.764506804747492107e-19 2.190435039277433492e-20
1.616900877506187680e+04 3.537840967125463400e-19 2.240724920273620812e-20
1.617533945297409809e+04 4.508917118493380170e-19 2.268762286321033488e-20
1.618167008765508945e+04 3.712583306524211231e-19 2.120070171790781513e-20
1.618800067908524579e+04 3.408043787955063417e-19 2.145715509046241415e-20
1.619433122723705674e+04 3.780714368337611909e-19 2.007565496584366157e-20
1.620066173209657245e+04 3.538330019885961102e-19 2.057740475421588784e-20
1.620699219363039265e+04 3.487634645038492834e-19 2.065448246641847839e-20
1.621332261182199363e+04 3.240553839522368421e-19 2.061492149874740856e-20
1.621965298664898000e+04 3.403253703111535556e-19 2.018468731429862079e-20
1.622598331808913281e+04 2.805850751438432297e-19 1.974620101948829131e-20
1.623231360612581011e+04 3.248704967394911770e-19 2.075113289517839444e-20
1.623864385072541518e+04 3.534007899969958235e-19 2.029106149636869765e-20
1.624497405187135337e+04 3.573289193484041685e-19 2.098910953938999364e-20
1.625130420953572866e+04 3.190888509527001348e-19 2.068797681728229522e-20
1.625763432370714690e+04 3.275300242056809984e-19 1.922737915005803719e-20
1.626396439435788125e+04 3.249247964786930701e-19 1.920657494654500296e-20
1.627029442146546353e+04 2.939960975728116322e-19 2.052858668128105929e-20
1.627662440500745106e+04 3.591408775651038741e-19 2.101447359665902170e-20
1.628295434496157941e+04 3.753485753509896798e-19 2.081377449347211351e-20
1.628928424130524036e+04 3.274917171040409881e-19 1.922006584669685146e-20
1.629561409401609126e+04 3.476755468193414514e-19 2.164940837578933757e-20
1.630194390307174945e+04 2.697944474045325714e-19 1.937513437623702282e-20
1.630827366844948301e+04 2.229411513339230503e-19 1.839823373859002594e-20
1.631460339012704753e+04 2.011595156878134929e-19 1.845008772065182790e-20
1.632093306808186207e+04 3.022119600154457201e-19 1.932268919553949550e-20
1.632726270229129659e+04 3.448076530700454590e-19 1.969140451369866314e-20
1.633359229273298843e+04 3.986638729359926355e-19 1.877578811981348458e-20
1.633992183937861955e+04 3.760111707720211473e-19 1.962268770045547600e-20
1.634625134221685948e+04 3.673925552219829013e-19 1.983045567291618514e-20
1.635258080121963576e+04 3.234961314352021360e-19 2.007704516604378060e-20
1.635891021636408914e+04 3.521693054117821542e-19 1.956589329302068739e-20
1.636523958762500661e+04 3.749255213968939972e-19 2.053417051346779950e-20
1.637156891498531877e+04 3.640283460233949384e-19 1.944761195713877263e-20
1.637789819841382450e+04 3.488834561175240471e-19 1.983652162379079242e-20
1.638422743789924425e+04 3.542084141518685494e-19 2.123086956321245212e-20
1.639044606466643745e+04 3.544490151134185448e-19 1.950830260042444535e-20
1.639677520551577618e+04 3.367566952895443378e-19 2.049861701730781417e-20
1.640310430508886202e+04 3.391372179677220886e-19 1.924840865436887110e-20
1.640943336064274990e+04 3.305656976175617734e-19 2.082097008522619183e-20
1.641576237213889544e+04 3.406659136212419940e-19 2.114463582461905319e-20
1.642209133954892241e+04 3.074358136182651660e-19 2.048285433438671935e-20
1.642842026284723761e+04 3.117107640895822643e-19 1.987758437056664046e-20
1.643474914201117281e+04 3.658615291621673966e-19 2.040072144448977989e-20
1.644107797702599782e+04 3.988835302528590648e-19 2.087188486907153221e-20
1.644740676786349650e+04 3.577931978929764444e-19 2.100847690969346836e-20
1.645373551449527076e+04 3.651577595333947856e-19 2.131988098445393261e-20
1.646006421690653951e+04 4.457722542898956457e-19 2.365926281210312387e-20
1.646639287506916662e+04 3.345500936798861697e-19 1.998983506001983442e-20
1.647272148896559520e+04 3.783280055531941872e-19 2.100546789080738164e-20
1.647905005857294964e+04 3.937772011537026652e-19 2.080645264770759892e-20
1.648537858386001972e+04 3.618163901055369123e-19 2.103992674454331782e-20
1.649170706480648732e+04 3.657266811328368711e-19 2.305984160464507242e-20
1.649803550140063453e+04 3.489365413589289519e-19 2.007762120249358759e-20
1.650436389361109468e+04 4.388890623767596232e-19 2.248360857467358017e-20
1.651069224140921506e+04 3.504728971862231325e-19 2.202873872574619173e-20
1.651702054478040736e+04 3.124535117789349111e-19 2.235779972621404811e-20
1.652334880369593884e+04 3.681831605506426196e-19 2.155584234205019523e-20
1.652967701813560052e+04 3.144450616995245755e-19 2.006853571793537178e-20
1.653600518807363551e+04 2.495951606181175056e-19 1.936657880235390385e-20
1.654233331349502623e+04 3.429493591996700524e-19 2.192479679219302855e-20
1.654866139436312733e+04 3.614390796036680294e-19 2.091876692825374611e-20
1.655498943067400614e+04 3.397818881540294452e-19 2.226368732927142602e-20
1.656131742239073719e+04 2.834365138226295191e-19 2.036811560665058274e-20
1.656764536949016110e+04 2.821155638263891906e-19 2.103727297322520394e-20
1.657397327195448815e+04 3.242520870242727126e-19 2.013684286647034424e-20
1.658030112975512020e+04 3.466405806932047606e-19 1.987738843967592655e-20
1.658662894286879236e+04 3.827476462584122697e-19 2.067754909722389913e-20
1.659295671127780224e+04 3.501603254124022166e-19 1.993161735839915797e-20
1.659928443495902684e+04 3.438546493598829174e-19 2.008060808775555466e-20
1.660561211387791263e+04 3.898291856773119290e-19 2.055497216107744713e-20
1.661193974802798402e+04 3.883036841616189545e-19 2.073025502574922956e-20
1.661826733737488394e+04 3.276342415668323110e-19 2.130266062884776929e-20
1.662459488187315219e+04 3.370870174851988017e-19 2.035183874902179345e-20
1.663081150911904115e+04 3.940351122011979126e-19 2.215297172247280036e-20
1.663713895598367526e+04 3.653750849782062017e-19 2.012335749889373138e-20
1.664346635795643306e+04 3.762019443181590728e-19 2.082029951369297818e-20
1.664979371500812340e+04 3.551290124823801903e-19 2.071010497852231127e-20
1.665612102712099295e+04 3.637196947843872505e-19 2.060489375320356824e-20
1.666244829427181321e+04 3.614428814379755771e-19 2.068535371246505046e-20
1.666877551642542312e+04 3.917368873441543391e-19 2.144113422756353955e-20
1.667510269357578363e+04 3.679034021007970931e-19 2.089249662226637935e-20
1.668142982568790467e+04 3.330974008868476674e-19 2.078653183949769672e-20
1.668775691273239499e+04 3.608156758358166485e-19 2.115985607287764437e-20
1.669408395470324831e+04 3.595324789124454172e-19 2.092191933692022896e-20
1.670041095157096061e+04 3.750638274846524102e-19 2.074230928020384961e-20
1.670673790330060365e+04 3.401412579563214387e-19 2.175708692309806876e-20
1.671306480988014664e+04 3.387806273415841954e-19 2.114514952333831677e-20
1.671939167128588451e+04 3.418215100245438263e-19 2.131683232899666091e-20
1.672571848748865159e+04 3.181924942788463469e-19 1.957212699481335770e-20
1.673204525846463002e+04 3.430078638727773252e-19 2.028467246201035858e-20
1.673837198420188361e+04 3.376972359466766236e-19 2.048256477730309147e-20
1.674469866465944142e+04 3.089648782073886571e-19 2.034424333833384579e-20
1.675102529982504711e+04 3.106246657338683401e-19 2.120806370462765507e-20
1.675735188967232898e+04 3.713635234803864959e-19 2.240958203642617334e-20
1.676367843418032135e+04 3.827871643676069452e-19 2.115989574271247121e-20
1.677000493331379403e+04 4.089577444628520023e-19 2.113782893126131801e-20
1.677633138706647151e+04 3.436694799946703696e-19 2.186489569966275071e-20
1.678265779540280346e+04 3.666423471851200621e-19 2.150206826651378593e-20
1.678898415829925216e+04 3.419215299488974575e-19 2.126801193268148693e-20
1.679531047573766409e+04 4.250519295094600183e-19 2.247428301909209678e-20
1.680163674769141653e+04 3.528245730308395862e-19 2.169199617089092371e-20
1.680796297413382854e+04 3.427652852054876974e-19 2.114440384572794210e-20
1.681428915504669567e+04 3.138181332517169306e-19 2.096108928100542775e-20
1.682061529040348614e+04 3.033347419380658607e-19 2.123962260758878997e-20
1.682694138017721707e+04 3.923645920083554814e-19 2.262482467611242870e-20
1.683326742434409243e+04 3.830346016725728902e-19 2.225626051361460217e-20
1.683959342288899279e+04 3.564274653644664540e-19 2.143044967811657313e-20
1.684591937578491343e+04 3.256463044956025912e-19 2.078975549522339914e-20
1.685224528300228485e+04 3.618852580373436182e-19 2.094465255831190476e-20
1.685857114451402958e+04 2.973418807032288709e-19 2.205852625999766775e-20
1.686489696030505002e+04 3.398517320659319676e-19 2.098938082943174683e-20
1.687122273035135731e+04 2.938069754115907508e-19 2.142839405361169314e-20
1.687754845462588492e+04 2.808968695547825115e-19 2.217825078264190104e-20
1.688387413310187185e+04 4.204167686059071041e-19 2.278280866808879680e-20
1.689019976575504552e+04 4.190694632622377641e-19 2.153491485928547232e-20
1.689652535257028285e+04 3.997253728343142773e-19 2.189913633488357299e-20
1.690285089351174975e+04 3.675018599624719496e-19 2.249033273999399693e-20
1.690917638856403937e+04 3.492505786927198725e-19 2.174534785419976601e-20
1.691550183770322110e+04 3.382524638612977754e-19 2.220041040245147823e-20
1.692182724090195552e+04 3.584076759331700219e-19 2.256986632619870278e-20
1.692815259813046214e+04 3.434581134509343787e-19 2.218936188250844179e-20
1.693447790937031823e+04 3.219237033431996829e-19 2.208316864523469686e-20
1.694080317460024526e+04 3.383485655882777223e-19 2.025355940737789512e-20
1.694712839379029901e+04 3.336341995693105192e-19 2.099700018121377685e-20
1.695345356691893539e+04 3.369419405017742036e-19 2.064593547381285295e-20
1.695977869396804454e+04 3.492926281872885169e-19 2.185418103822871592e-20
1.696610377490438259e+04 3.114165882676076867e-19 2.179057101719554660e-20
1.697242880970370970e+04 3.537802719253368788e-19 2.188642434677486471e-20
1.697875379834474734e+04 3.059493025880489074e-19 2.110161749559463761e-20
1.698507874080296097e+04 3.423547824247097783e-19 2.127265322176294732e-20
1.699140363706018252e+04 3.252783180957307215e-19 2.047002534349935971e-20
1.699772848708297897e+04 3.915071761662978661e-19 2.159847565231758877e-20
1.700405329084711047e+04 3.277229926791883533e-19 2.051367614010237423e-20
1.701037804833112023e+04 3.405159198149068788e-19 2.087142836849169174e-20
1.701670275951049916e+04 3.347306496375338408e-19 2.105320517688877978e-20
1.702302742436101471e+04 3.116472129096432067e-19 2.054423203167259969e-20
1.702935204285796135e+04 3.723928856506743082e-19 2.233562584533430380e-20
1.703567661497711015e+04 3.437548020179302765e-19 2.232202344186779296e-20
1.704200114069977280e+04 3.297190880085819666e-19 2.269213988870116387e-20
1.704832561998960955e+04 3.468780365177402175e-19 2.319140128608728333e-20
1.705465005283111168e+04 3.575427714268249755e-19 2.135924250000767666e-20
1.706097443919357829e+04 3.275863643746376609e-19 2.082794340842286625e-20
1.706729877904676323e+04 4.017767322469680918e-19 2.138059181610432912e-20
1.707362307238669382e+04 3.408698531923967443e-19 2.176224897188419610e-20
1.707994731917402532e+04 3.429254513125212368e-19 2.099184150085197266e-20
1.708627151938711540e+04 3.554910938253609365e-19 2.183280697356000184e-20
1.709259567300125491e+04 3.659792343847951064e-19 2.217733112434883135e-20
1.709891977999196388e+04 3.224972431901416362e-19 2.223466735939798549e-20
1.710524384033135357e+04 3.195372662816476896e-19 2.267233612380035037e-20
1.711156785399795262e+04 3.690219844696719278e-19 2.154131437582405148e-20
1.711789182096991135e+04 3.797712381394958561e-19 2.199837415519565170e-20
1.712421574121954473e+04 3.864971380690473808e-19 2.196680481654627671e-20
1.713053961472221636e+04 3.829783015016056355e-19 2.122842516885073590e-20
1.713686344145892872e+04 3.237289842107077182e-19 2.142339350286491550e-20
1.714318722138426892e+04 3.695170622577552202e-19 2.124224540195073488e-20
1.714951095449408967e+04 3.643648153153256939e-19 2.132725344455795655e-20
1.715583464076676682e+04 3.044194630633115393e-19 2.173566178863490913e-20
1.716215828015646184e+04 3.618855581144994898e-19 2.217002615842913131e-20
1.716848187265624438e+04 3.176451447923169478e-19 2.268309292612900793e-20
1.717480541822639861e+04 3.138525976423447705e-19 2.232409827779046206e-20
1.718112891685380600e+04 3.301881643489349867e-19 2.002915228336458295e-20
1.718745236852279049e+04 2.895306398279306095e-19 2.055240389461122654e-20
1.719377577318426120e+04 3.228542644715798565e-19 2.239459349801343907e-20
1.720009913083135689e+04 3.009036752479932362e-19 2.076936395696526732e-20
1.720631081533051110e+04 3.440398205233345209e-19 2.110354322969201829e-20
1.721263406801531164e+04 3.104702559296649000e-19 2.202269243395640877e-20
1.721895727638473909e+04 3.042874421880422017e-19 2.180416980533002167e-20
1.722528043766362316e+04 2.962334852952549343e-19 2.172061977898286499e-20
1.723160355179326871e+04 2.998997521197037415e-19 2.337790754592647990e-20
1.723792661875126578e+04 3.381306504019652079e-19 2.279567210016580424e-20
1.724424963850985660e+04 3.668402133856745905e-19 2.168025551468630580e-20
1.725057261104965073e+04 3.854394940334025985e-19 2.316997141938040333e-20
1.725689553633982359e+04 3.260553675483977559e-19 2.261458366480199683e-20
1.726321841436694376e+04 3.470617334921163893e-19 2.074809246422289872e-20
1.726954124508809764e+04 3.342757943346144520e-19 2.136364447506473737e-20
1.727586402848414218e+04 3.135678874168245275e-19 2.209840894964798876e-20
1.728218676453863736e+04 3.620957203684852767e-19 2.215253797081349112e-20
1.728850945322356711e+04 3.603475083835464125e-19 2.124599234077790799e-20
1.729483209450179493e+04 3.942071084650399523e-19 2.142953888598506893e-20
1.730115468836281070e+04 3.518066181352301064e-19 2.001715764982703004e-20
1.730747723477259933e+04 4.619764608932054872e-19 2.238234983985006300e-20
1.731379973370579683e+04 6.749190046546749599e-19 2.471684583810743120e-20
1.732012218514906999e+04 4.588557378559535499e-19 2.253623999733175610e-20
1.732644458906508589e+04 3.608644421230784290e-19 2.156491298948332900e-20
1.733276694542565747e+04 3.530198740961508634e-19 2.034637137752829089e-20
1.733908925421128515e+04 3.475374526673537544e-19 2.140920529552411882e-20
1.734541151540559804e+04 3.253089489845821689e-19 2.247012184092887443e-20
1.735173372897130321e+04 2.876890640854106651e-19 1.991770322410422494e-20
1.735805589487988618e+04 2.819036749445991761e-19 2.069374276231694987e-20
1.736437801311201474e+04 2.623010564908323175e-19 2.235993067162987302e-20
1.737070008364516252e+04 3.188432885451698975e-19 2.195131232429644888e-20
1.737702210645988453e+04 3.044831380769860839e-19 2.093769331388619164e-20
1.738334408150966556e+04 3.161374244457558461e-19 2.127482363870149246e-20
1.738966600877510064e+04 3.270565565776486113e-19 2.014362677197898740e-20
1.739598788824853909e+04 3.394199655809967991e-19 2.269833745579996955e-20
1.740230971989553291e+04 3.259527304472963888e-19 2.207286457997959201e-20
1.740863150368151400e+04 3.308041876988520560e-19 2.139655218216178073e-20
1.741495323955206186e+04 3.034496933570281952e-19 2.167335612786786871e-20
1.742116302487018766e+04 3.502449822701828380e-19 2.123887318422070046e-20
1.742748465686592681e+04 3.583044231502162689e-19 2.160234060906822532e-20
1.743380624089709090e+04 3.410750204807364282e-19 2.018684946834133856e-20
1.744012777695303885e+04 3.581797842372549985e-19 2.015996991552546079e-20
1.744644926498998393e+04 3.281192998404137534e-19 2.121131155280999395e-20
1.745277070500350965e+04 2.887616658996250774e-19 2.095778022161447303e-20
1.745909209694040692e+04 3.460028927527531869e-19 2.173225556105955446e-20
1.746541344080557610e+04 3.170832573253632552e-19 2.084342151148167746e-20
1.747173473654252302e+04 2.869723843118044986e-19 2.150934876131026923e-20
1.747805598415018176e+04 3.387414063690703154e-19 1.991640440501690912e-20
1.748437718359023347e+04 3.205804486195727388e-19 2.144945815415939372e-20
1.749069833484330593e+04 2.613233147988917569e-19 2.043823715494406454e-20
1.749701943787711207e+04 3.094716209631179522e-19 2.162400014339918191e-20
1.750334049266606235e+04 3.090039664667581380e-19 2.156245852681555962e-20
1.750966149919334566e+04 3.000446541765128174e-19 2.051854973736727281e-20
1.751598245742393192e+04 3.085838403299167812e-19 2.032246056510442223e-20
1.752230336733497825e+04 3.155659520010299959e-19 2.178648683840060761e-20
1.752862422889739537e+04 3.209936847430132449e-19 2.181274350404898852e-20
1.753494504209464139e+04 3.062553796526111319e-19 2.196551284696517117e-20
1.754126580688510876e+04 3.182238966736403745e-19 2.116884259688620494e-20
1.754758652326467927e+04 3.297033047977998648e-19 2.127946320944612031e-20
1.755390719118543711e+04 3.151890048957576304e-19 2.045796800228588037e-20
1.756022781063398725e+04 3.514488735022237210e-19 2.203570846663947569e-20
1.756654838157790073e+04 3.030429486012423711e-19 2.148763523340208768e-20
1.757286890399124241e+04 2.869925109563663792e-19 2.071595099517683965e-20
1.757918937786025344e+04 3.432229790626900570e-19 2.076429467898648307e-20
1.758550980314642584e+04 3.471674190751812312e-19 2.249394478088914287e-20
1.759183017982062665e+04 3.388324433599123384e-19 2.029520770365336259e-20
1.759815050787206928e+04 2.866827545028038711e-19 1.951797334171610862e-20
1.760447078726239488e+04 3.060397660635329140e-19 1.996661021367926479e-20
1.761079101797135809e+04 3.121754617110276533e-19 2.056580292564974066e-20
1.761711119995441186e+04 3.488414862395847120e-19 2.089197536583358893e-20
1.762343133321924688e+04 3.512306177135635013e-19 2.206134579926609167e-20
1.762975141771186827e+04 3.230792176244490080e-19 2.127905062855944995e-20
1.763607145341208889e+04 3.168365237558618944e-19 2.140419938938051042e-20
1.764239144029681484e+04 2.962694022916481499e-19 2.116193502334321607e-20
1.764871137834907859e+04 3.048231374728002723e-19 2.187141587575059049e-20
1.765503126752382377e+04 3.395631505010615469e-19 2.167212502405619968e-20
1.766135110781041294e+04 2.655043947897118028e-19 2.089034986373072650e-20
1.766767089917295743e+04 2.466141863850267302e-19 2.093954184509300320e-20
1.767399064159154659e+04 2.561673461871556142e-19 2.152091300279559774e-20
1.768031033503013168e+04 2.907385689710608859e-19 2.070473991436506045e-20
1.768662997946884570e+04 3.065956160705884459e-19 2.086391837006680506e-20
1.769294957488411455e+04 3.271714451784113827e-19 2.102794086854457157e-20
1.769926912124968658e+04 2.982254179896788284e-19 2.064177443978216814e-20
1.770558861852956761e+04 3.237075339446269806e-19 2.150339048159056226e-20
1.771190806670672828e+04 2.567232543786629853e-19 2.122726810167600806e-20
1.771822746574836856e+04 3.044148400346251992e-19 2.149443864623340402e-20
1.772454681563104532e+04 2.724429159935104487e-19 2.113613827614283551e-20
1.773086611632830318e+04 2.772433775659893774e-19 2.172862179460235327e-20
1.773718536782283263e+04 3.449865337523439459e-19 2.336325577574098994e-20
1.774350457006312718e+04 2.985483159810947316e-19 2.120341833218354116e-20
1.774982372305139506e+04 3.193212140968369768e-19 2.150442340886600476e-20
1.775614283546288789e+04 2.849052284600561666e-19 2.072329247808366750e-20
1.776246190395744634e+04 3.511116195469942842e-19 2.124658582761964289e-20
1.776878092310656211e+04 3.262952332225886081e-19 2.226398663819228355e-20
1.777509989288650104e+04 3.354137443769295485e-19 2.184044647727842272e-20
1.778141881327068040e+04 3.441398920199013355e-19 2.099701165207899212e-20
1.778773768421651403e+04 3.584608926496944834e-19 2.263526694868289445e-20
1.779405650571622755e+04 3.588124876945441816e-19 2.128701164409661615e-20
1.780037527773988404e+04 3.076994483683996220e-19 2.085890773801325199e-20
1.780669400025117284e+04 3.442427175444362341e-19 2.138760144397064714e-20
1.781301267323284992e+04 3.052607170471257144e-19 2.170912238870812321e-20
1.781933129665794331e+04 3.009360659561603358e-19 1.966209885921330036e-20
1.782564987048713374e+04 3.065789391115689678e-19 2.104014873407228930e-20
1.783196839471545900e+04 3.154997953972071877e-19 2.189345805319969751e-20
1.783828686929732430e+04 3.282209154745817956e-19 2.180503936844385714e-20
1.784460529420548119e+04 3.299682603272803105e-19 2.222626027332602750e-20
1.785092366943233719e+04 2.952602748653291940e-19 2.135467488672174763e-20
1.785724199492529078e+04 3.511333933036974308e-19 2.026212965870056086e-20
1.786356027067664763e+04 3.387875163134978879e-19 2.237962315939738431e-20
1.786987849665285466e+04 2.685555821966076819e-19 2.173118595633311741e-20
1.787619667282705996e+04 3.301391417950558973e-19 2.186306278112986553e-20
1.788251479916895551e+04 3.469017840378135486e-19 2.130555052284824562e-20
1.788883287565468709e+04 3.356832616685229050e-19 2.080904633623025765e-20
1.789515090226039320e+04 2.584153652555223515e-19 2.187909308157426564e-20
1.790146887895255713e+04 2.773583205891702422e-19 2.172401542389428796e-20
1.790778680570733559e+04 2.747285006365813046e-19 2.111488507270181257e-20
1.791410468250065242e+04 3.065091236270697260e-19 2.068999282452126523e-20
1.792042250929912916e+04 2.613986929194666930e-19 2.300807787159083004e-20
1.792674028607854416e+04 3.327884181167998349e-19 2.276207820879145681e-20
1.793294542474840637e+04 3.091874974696748134e-19 2.078535361153324643e-20
1.793926309038318868e+04 3.586288371137380546e-19 2.313505346790616256e-20
1.794558070875443809e+04 3.181338237372522628e-19 2.191091244032003181e-20
1.795189827701875765e+04 3.179078756529538714e-19 2.193235327506370477e-20
1.795821579511750679e+04 3.008004363924196909e-19 1.986254762678665904e-20
1.796453326303881477e+04 2.672649130090702126e-19 2.045486591712709983e-20
1.797085068075247182e+04 2.854862433200696380e-19 2.076027361631614124e-20
1.797716804822154154e+04 3.346147215329805402e-19 2.096306216407566090e-20
1.798348536542509464e+04 3.535930130588040884e-19 2.110331863266890210e-20
1.798980263233877849e+04 3.585015869771159657e-19 2.180729947957709128e-20
1.799611984893841145e+04 3.170435839597725254e-19 2.108531686376586442e-20
1.800243701517765658e+04 3.165447490180129783e-19 2.120024048728072322e-20
1.800875413104792460e+04 3.192326114596357656e-19 2.132141761745766788e-20
1.801507119651235917e+04 2.710436018924502223e-19 2.095087205573652395e-20
1.802138821154979814e+04 2.336957885948045761e-19 2.038566595032012339e-20
1.802770517612949334e+04 2.492222927327023281e-19 2.168225616762279294e-20
1.803402209021780072e+04 2.759920187862434508e-19 2.111210828137922200e-20
1.804033895380582908e+04 2.600741238295067206e-19 2.259560516568260425e-20
1.804665576684099869e+04 2.907605885579291842e-19 2.152770780260517793e-20
1.805297252930826289e+04 3.020815151807090610e-19 2.177797094374018577e-20
1.805928924118944269e+04 2.925558881239546566e-19 2.185191682881546565e-20
1.806560590244128616e+04 3.095395546334072766e-19 2.426909823572614687e-20
1.807192251304223828e+04 2.885490731386030824e-19 2.325249537094998010e-20
1.807823907296479229e+04 2.728229665928381497e-19 2.317469978334883196e-20
1.808455558217803627e+04 3.420918964901223589e-19 2.386807825620770387e-20
1.809087204066692721e+04 3.350874007175867255e-19 2.450069482992042741e-20
1.809718844838160658e+04 2.862338440095150242e-19 2.290865563959672438e-20
1.810350480531646463e+04 2.940868900622633576e-19 2.132119582891803220e-20
1.810982111143098518e+04 3.281487900602661306e-19 2.242757658863704804e-20
1.811613736669444188e+04 3.269198867147153516e-19 2.020240569820937837e-20
1.812245357107174277e+04 2.794635053200909832e-19 2.011536127860998417e-20
1.812876972171512898e+04 3.090037380887151336e-19 2.145059822016266289e-20
1.813497297425273791e+04 2.990065751445495978e-19 2.193987539406559335e-20
1.814128901765836417e+04 2.909079272278410826e-19 2.146806510779500618e-20
1.814760501007525454e+04 3.140220629661592963e-19 2.242796915472410210e-20
1.815392095148225053e+04 3.188194227718625490e-19 2.441283351936664821e-20
1.816023684184789818e+04 2.818610526179626076e-19 2.342023240093906075e-20
1.816655268114128194e+04 3.002020230883037300e-19 2.022964950709195904e-20
1.817286846934712594e+04 3.347202750742446281e-19 2.158172776627794640e-20
1.817918420641169359e+04 3.786029068702312254e-19 2.246242487617449117e-20
1.818549989233271845e+04 4.240506887202564249e-19 2.380947721401332614e-20
1.819181552707268202e+04 9.041457243854235898e-19 2.824306803110800838e-20
1.819813111059997027e+04 1.059520406788280019e-18 2.985293032693181062e-20
1.820444664289330831e+04 4.797862187382500722e-19 2.436186953479741142e-20
1.821076212391452282e+04 2.832968252069452518e-19 2.183373883850115557e-20
1.821707755364553668e+04 3.122021956816530674e-19 2.173892816445552986e-20
1.822339293205798822e+04 3.347474935349829514e-19 2.219896837431301720e-20
1.822970825911736756e+04 2.703909513600180309e-19 2.095914290917428356e-20
1.823602353478873556e+04 2.510431931892150713e-19 2.007792672117336245e-20
1.824233875907028414e+04 2.846089828059528492e-19 2.069771360003334271e-20
1.824865393191395560e+04 3.254668716806944698e-19 2.146039328224621140e-20
1.825496905328835783e+04 2.902831942710854876e-19 2.078135757785506961e-20
1.826128412317492621e+04 3.139572744666235771e-19 1.953681623987228077e-20
1.826759914153894351e+04 3.274680314721427277e-19 2.073113431110151394e-20
1.827391410835852366e+04 2.622058197312468807e-19 2.188659023806453604e-20
1.828022902360545413e+04 3.152151488169306593e-19 2.209836870206840298e-20
1.828654388723813099e+04 2.661691795718254114e-19 2.215107849928206100e-20
1.829285869924799408e+04 3.030318811936509135e-19 2.136912386927431474e-20
1.829917345959340309e+04 3.038430332816610986e-19 2.054407748561839723e-20
1.830548816824272217e+04 3.219945804535105227e-19 2.092471947910416643e-20
1.831180282517730666e+04 3.061456666485106694e-19 2.146072428377411120e-20
1.831811743036878397e+04 3.187368926179353194e-19 2.121477314693841956e-20
1.832443198378860325e+04 3.232514377668114638e-19 2.169011134504388415e-20
1.833074648538851034e+04 2.928936470730069023e-19 2.182001535697850210e-20
1.833706093517295085e+04 2.538437643809228620e-19 2.181238347862010383e-20
1.834337533309360879e+04 3.103883133741639786e-19 2.230455863186125108e-20
1.834968967911854998e+04 3.191700801916259625e-19 2.082394584912279580e-20
1.835600397322915887e+04 3.400937228244787657e-19 2.232478766394740866e-20
1.836231821539015800e+04 2.798961038849872864e-19 2.086159553104091412e-20
1.836863240558622783e+04 3.199273682048293442e-19 2.056213954099021989e-20
1.837494654376876497e+04 2.841490201879115101e-19 2.165131121799419682e-20
1.838126062992905281e+04 2.555884411550588081e-19 2.322832844260208069e-20
1.838757466401842612e+04 3.159502438856625906e-19 2.172492359910907431e-20
1.839388864602484318e+04 2.841081539005003400e-19 2.183013306667573914e-20
1.840020257590285473e+04 3.246756084623864767e-19 2.199761318987376898e-20
1.840651645364374417e+04 3.196910212181969603e-19 2.218778848814492854e-20
1.841283027920201857e+04 3.144709103276191222e-19 2.107938303245198328e-20
1.841914405255560632e+04 2.236255165715596582e-19 2.150138968384322206e-20
1.842545777367893606e+04 2.773729279804138839e-19 2.105418729633214067e-20
1.843177144254324594e+04 3.308669077112622085e-19 2.124664339879302373e-20
1.843808505911292013e+04 2.989274184702711113e-19 2.162682752443607373e-20
1.844439862335248836e+04 3.054201101253108257e-19 2.149301891309094216e-20
1.845071213525628627e+04 3.409485800400410252e-19 2.220323837133324428e-20
1.845702559477548130e+04 3.181496428361963527e-19 2.232732085509385278e-20
1.846333900189101405e+04 2.896267157337805916e-19 2.081036603010294963e-20
1.846965235656735604e+04 2.804210998356891420e-19 2.152782314695029418e-20
1.847596565877870671e+04 2.581463882985745649e-19 2.063402943291787259e-20
1.848227890849621690e+04 2.792338081471550648e-19 2.058095543770309577e-20
1.848859210569066636e+04 2.787809665732080600e-19 2.224932436419237480e-20
1.849490525032647929e+04 2.872922867067934211e-19 2.314089216414183515e-20
1.850121834239115560e+04 3.066235235852278129e-19 2.071481755117898709e-20
1.850753138185576245e+04 2.930607905191046941e-19 2.154621940542695415e-20
1.851384436866081523e+04 2.764256232322763294e-19 2.028990200359190438e-20
1.852015730280757271e+04 2.548338231473504824e-19 2.085075613252895907e-20
1.852647018424648195e+04 2.971115266768061101e-19 2.206469511638109802e-20
1.853278301297210419e+04 3.092781373641257931e-19 2.133048594426935990e-20
1.853909578892810532e+04 3.978283027987939980e-19 2.212177766699650166e-20
1.854540851210568508e+04 2.588441513926716816e-19 2.199218129937770068e-20
1.855172118246184255e+04 3.065639818961968165e-19 2.188472899618563092e-20
1.855803379998781384e+04 3.291677223946440444e-19 2.232774542530304006e-20
1.856434636462029084e+04 2.934093917336060855e-19 2.053862270218125600e-20
1.857065887638083586e+04 3.007799347381992139e-19 2.054676912899135169e-20
1.857697133518583723e+04 2.679393014143127713e-19 2.047401105292425604e-20
1.858328374103660826e+04 2.524384583862489046e-19 2.045520597390334090e-20
1.858959609389671459e+04 3.109367369160755990e-19 2.169095652348879089e-20
1.859579491044891984e+04 2.514383771378386796e-19 2.004180669591162485e-20
1.860210714604153691e+04 2.613412096146939430e-19 2.145738740687263364e-20
1.860841933142445851e+04 3.170470304171035589e-19 2.152775535254377720e-20
1.861473146371777693e+04 2.922736549541169309e-19 2.107459519751871289e-20
1.862104354287858587e+04 2.641271758760402117e-19 2.078299314759056575e-20
1.862735556886428458e+04 2.794957950304861839e-19 2.034221622476302088e-20
1.863366754165841485e+04 3.007857504349800834e-19 2.224087471598679082e-20
1.863997946121835048e+04 3.075857220303362242e-19 2.068145961908767207e-20
1.864629132752755686e+04 3.129382018029814954e-19 2.210879225345366430e-20
1.865260314054340051e+04 2.738152572274868062e-19 2.158608157465959926e-20
1.865891490024926316e+04 3.476857121813285536e-19 2.263529907304196860e-20
1.866522660660251131e+04 3.230924541157932536e-19 2.168062848382667608e-20
1.867153825958644302e+04 2.988729345572642906e-19 2.222353060048499963e-20
1.867784985915837387e+04 3.282286682482000993e-19 2.220341983849802331e-20
1.868416140529828408e+04 3.053624838984929349e-19 2.065117516105001747e-20
1.869047289797339545e+04 3.719714312618789701e-19 2.311245321393216715e-20
1.869678433715354913e+04 2.941064620075027668e-19 2.177466287134029966e-20
1.870309572279277563e+04 3.667818521023619085e-19 2.349242249888172472e-20
1.870940705490081382e+04 3.285310496802578074e-19 2.253355228468045404e-20
1.871571833341176898e+04 3.198963974938388082e-19 2.356828087606904656e-20
1.872202955832186126e+04 3.947026994324566104e-19 2.483167410014990005e-20
1.872834072957497119e+04 3.083903837757576846e-19 2.288991084818321604e-20
1.873465184716088697e+04 3.009942429944113786e-19 2.367824684069084793e-20
1.874096291104332704e+04 2.524148507774402879e-19 2.271099890195841419e-20
1.874727392119207434e+04 3.299877161314696353e-19 2.321107870667245155e-20
1.875358487757066541e+04 3.193798351607506144e-19 2.302307049965055432e-20
1.875989578015905136e+04 2.943782789823293484e-19 2.118021720343477368e-20
1.876620662892732071e+04 2.917524995100667167e-19 2.226040853481472455e-20
1.877251742380483847e+04 3.260804551048009269e-19 2.253867742552168436e-20
1.877871443741081384e+04 3.040899106421134279e-19 2.216143297916987634e-20
1.878502511618653079e+04 3.166957323437739820e-19 2.168972591041661431e-20
1.879133574102400598e+04 2.965444178030468847e-19 2.292490808858191386e-20
1.879764631187616033e+04 3.420242116718042245e-19 2.136259014282485369e-20
1.880395682871946701e+04 3.696349848546574564e-19 2.714727911186887523e-20
