2.878313504192297114e+04 6.131264373032587290e-20 5.327815603482964083e-20
2.880104297539287654e+04 -1.768954416268070851e-20 1.793385805467349802e-20
2.881895087917026103e+04 -7.007900049488080798e-20 1.589421897744385021e-20
2.883685875318013495e+04 -2.610729539237514889e-20 1.553572907807541298e-20
2.885476659736210786e+04 2.638636406254226181e-22 1.610618329078200093e-20
2.887267441164160482e+04 -8.496510222365887097e-21 1.569431843058060807e-20
2.889058219596239360e+04 -1.091328554467532333e-20 1.556250576168881111e-20
2.890848995025064505e+04 -1.165454298966192043e-20 1.523877856520223893e-20
2.892639767444114113e+04 1.728105714983818404e-20 1.533323610358534436e-20
2.894430536847266558e+04 9.760520046861598704e-21 1.525604339020990706e-20
2.896221303227431054e+04 5.478632859768985761e-21 1.447250087989139616e-20
2.898012066578013764e+04 3.416635413057293179e-21 1.595351912400625117e-20
2.899802826892285520e+04 4.632507820307106969e-21 1.572433083707582847e-20
2.901593584163844571e+04 -2.640059239236330106e-20 1.373438631838206370e-20
2.903384338386210220e+04 -6.790876549166782487e-21 1.519871921934548184e-20
2.905175089552323334e+04 1.337788021627316950e-20 1.497178907747601352e-20
2.906965837655991709e+04 -1.363773082331598697e-20 1.410242160650604220e-20
2.908756582690067080e+04 -4.602742420024250554e-21 1.422730631971631732e-20
2.910547324648852009e+04 3.952176634381545528e-20 1.534859453396584573e-20
2.912338063524717290e+04 -8.355578470343808724e-21 1.576913757031560385e-20
2.914128799311867988e+04 1.125428360042279215e-21 1.482595639009734481e-20
2.915919532003482891e+04 1.162471285957144648e-20 1.507904526376164536e-20
2.917710261592968527e+04 -5.276370979103083566e-21 1.349268438185687464e-20
2.919500988073417830e+04 1.106302627784950246e-20 1.467559987269902235e-20
2.921291711438855782e+04 2.425526138573149171e-20 1.496880707980683910e-20
2.923082431681815069e+04 -1.453565572593756355e-20 1.371087963232927015e-20
2.924873148796650275e+04 1.286979539116457694e-20 1.403621737415275713e-20
2.926663862776396127e+04 -4.243505137954181788e-21 1.504616518939804162e-20
2.928454573614471883e+04 1.209642605153570000e-20 1.617881204468539772e-20
2.930245281304256059e+04 -4.462018917303856910e-21 1.486459160310993759e-20
2.932035985839373097e+04 -1.261753237027836339e-20 1.406847608317757242e-20
2.933826687213193873e+04 3.624337513389999702e-21 1.431041861335982567e-20
2.935617385419373750e+04 9.709627331047459159e-21 1.446962663888484261e-20
2.937408080450710986e+04 -1.399765178601138583e-21 1.377703680013681109e-20
2.939198772301152712e+04 8.872295141791542477e-21 1.342924026496826841e-20
2.940989460964435420e+04 1.280125761684079314e-20 1.399077552902756176e-20
2.942780146433612390e+04 1.523270418160483048e-20 1.416395252179385587e-20
2.944570828701802384e+04 1.383397773144094162e-20 1.354887113767771644e-20
2.946361507763512418e+04 3.007998483505598936e-20 1.398819363150888256e-20
2.948152183615111426e+04 8.663559420937819395e-21 1.325001975195099256e-20
2.949942877315999431e+04 6.896572082568668066e-21 1.395716775131173602e-20
2.951733604957152784e+04 1.772500763396657784e-20 1.324626879545832419e-20
2.953524329365137601e+04 2.605087023594677014e-22 1.390231312929374900e-20
2.955315050532679015e+04 -1.581409404312215270e-20 1.276600973810493686e-20
2.957105768454408826e+04 -1.146594067897047351e-20 1.306976233084089693e-20
2.958896483122335485e+04 1.205242771536890192e-20 1.289896324087478989e-20
2.960687194531254863e+04 8.046212043210035198e-21 1.301287269222696267e-20
2.962477902673552308e+04 -1.053529177907284465e-20 1.399919445940734197e-20
2.964268607544030601e+04 -6.955446028152458532e-21 1.200640756382117736e-20
2.966059309134996874e+04 -1.604093077301291628e-20 1.323264730469071643e-20
2.967850007440713307e+04 -1.330470377531690703e-20 1.312388985649879616e-20
2.969640702454157872e+04 4.638660256032986415e-22 1.284409434061925131e-20
2.971431394169421765e+04 1.860864592704940016e-20 1.292910618958170779e-20
2.973222082579689595e+04 -5.127647613448151908e-21 1.231854282521350914e-20
2.975012767678246382e+04 1.239469323403333266e-20 1.202772629163892589e-20
2.976803449459164767e+04 -2.717315511923249422e-21 1.289394738637189780e-20
2.978594127915532954e+04 -1.169231202788752331e-20 1.293014331744550510e-20
2.980384803041111809e+04 1.065359220180253755e-20 1.273545796830433058e-20
2.982175474829466111e+04 -3.734382773492269462e-20 1.203258328825145184e-20
2.983966143273909256e+04 -8.730489609240231302e-21 1.238456550246450983e-20
2.985756808368014026e+04 -6.801683017391285862e-21 1.319216273657011269e-20
2.987547470105672255e+04 1.888542414428242957e-22 1.217291209997622121e-20
2.989338128480085652e+04 -1.441175078409480501e-21 1.122348426755024299e-20
2.991128783485141321e+04 -5.360965402392067556e-21 1.226748251442765938e-20
2.992919435113741565e+04 2.351897061033662826e-20 1.250323316319141761e-20
2.994710083360459248e+04 1.657705306819296107e-20 1.262755168543172629e-20
2.996500728217798314e+04 -1.305672044556770028e-20 1.357638752559631573e-20
2.998291369680081334e+04 2.380679044054221887e-20 1.275890322829130629e-20
3.000082007740502013e+04 -1.944682583689347118e-20 1.250755560795758373e-20
3.001872642392924172e+04 -8.941940376996926749e-21 1.243611164002877067e-20
3.003663273630518597e+04 -6.319578512973821707e-21 1.294997733314965973e-20
3.005453901447327735e+04 -1.104465125212313627e-20 1.225214460332027782e-20
3.007244525836525281e+04 -3.329952578780845317e-20 1.176585295856028616e-20
3.009035146791662191e+04 9.535876192698500466e-21 1.190414244044742501e-20
3.010825764306951532e+04 1.767039785385469574e-20 1.146330620002253940e-20
3.012657438786773128e+04 1.989320281859227419e-20 1.229051692923669891e-20
3.014448051902174848e+04 -1.711327243537737319e-20 1.170740368502455368e-20
3.016238663110490597e+04 -4.255340501814966435e-21 1.245024230845390462e-20
3.018029270870783876e+04 1.708639416323980899e-20 1.372852668245100081e-20
3.019819875158430295e+04 -1.844178668240052897e-20 1.315486381129243113e-20
3.021610475967442835e+04 -8.351432991392342503e-21 1.275561964553972072e-20
3.023401073290908971e+04 8.279666688221744979e-21 1.301132775277549907e-20
3.025191667122402214e+04 1.923359032051813328e-20 1.173554329837991697e-20
3.026982257455948275e+04 1.676188127370217878e-20 1.189508576325360675e-20
3.028772844284809980e+04 -1.769989861550435607e-22 1.152801597669563322e-20
3.030563427602741649e+04 -2.936827890409968361e-20 1.151268463965167773e-20
3.032354007403444848e+04 -1.907922726766606783e-20 1.229198029529167384e-20
3.034144583680701180e+04 -7.057887469615469614e-21 1.203703810504418373e-20
3.035935156427938273e+04 -2.275143372400421535e-20 1.187755327220238685e-20
3.037725725620291996e+04 -1.239355332622903814e-20 1.349780861213449072e-20
3.039557411151117776e+04 -3.245781318641320011e-20 1.172818834356157599e-20
3.041347977335701216e+04 -6.421768396828538097e-21 1.136371829263400004e-20
3.043138539964529991e+04 1.942079538039129355e-20 1.237187771687808366e-20
3.044929099031124861e+04 -1.386965997516178986e-20 1.171626646302352252e-20
3.046719654529382751e+04 -1.668665426932812997e-20 1.217731210355431495e-20
3.048510206452860075e+04 2.750026258898334396e-20 1.237273453483003288e-20
3.050300754795263492e+04 3.956487961368225169e-20 1.305619183100415651e-20
3.052091299549970063e+04 8.396756234787938506e-21 1.201797289463509254e-20
3.053881840710891993e+04 -2.951371535723218073e-20 1.188365245577910850e-20
3.055672378272117930e+04 3.883430294292521969e-21 1.174884549456168103e-20
3.057462912226494154e+04 9.406429663332722728e-21 1.165771179939000229e-20
3.059253442568474929e+04 1.878278952149434256e-20 1.134026177902336350e-20
3.061043969291073518e+04 -1.043522731703427932e-20 1.100321311056713892e-20
3.062834492388609578e+04 2.075350408173600062e-21 1.063416120247740500e-20
3.064625011854073091e+04 2.689763211571137095e-20 1.198726761760789681e-20
3.066415527681958702e+04 -1.847923253643490187e-20 1.134071017067932020e-20
3.068206039865137791e+04 4.955976999435136022e-21 1.160451041806860348e-20
3.069996548398244704e+04 2.478009143665637053e-20 1.121236044338936927e-20
3.071787053273764104e+04 1.283630917475342007e-20 1.180261890036241607e-20
3.073577554486623922e+04 5.709494650211428193e-21 1.161245451436096343e-20
3.075368052029776663e+04 8.644551368743716849e-21 1.102279095551750880e-20
3.077158545896837677e+04 2.407887391568878645e-21 1.093055403386247416e-20
3.078949036082393286e+04 -5.179964689542210924e-21 1.046742831732829353e-20
3.080739522579374170e+04 -5.520404065357216784e-21 1.019860668560534322e-20
3.082530005381976298e+04 1.289437440001391098e-20 1.164259406562034011e-20
3.084320484483513792e+04 -2.167522794301152342e-20 1.060065141844953727e-20
3.086110959877818095e+04 6.023339876975959961e-21 1.189485456621187838e-20
3.087901431558365948e+04 -2.357792700736105008e-20 1.155134632137918440e-20
3.089691899520191146e+04 3.841850341691343843e-20 1.166332996299263557e-20
3.091482363755213737e+04 2.393165355197503289e-20 1.161128005385679526e-20
3.093272824258443870e+04 -2.701952864944264365e-20 1.097817948051979199e-20
3.095063281022872980e+04 5.430531648248717114e-21 1.167313463780652719e-20
3.096853734042473297e+04 2.649350241036190441e-20 1.117484653439604661e-20
3.098644183311707820e+04 -6.893355175883697894e-21 1.128001455257582468e-20
3.100434628823387902e+04 2.364132360980738887e-20 1.109485173516779472e-20
3.102225070571717515e+04 1.014007949992137703e-20 1.180840800257842683e-20
3.104015508550162849e+04 4.339437187078281384e-21 1.206464325592067146e-20
3.105805942752711053e+04 5.559347193778630990e-21 1.089216574551532539e-20
3.107596373172844324e+04 -1.070464096144553546e-20 1.082895283678390255e-20
3.109386799804933980e+04 8.627211998922001611e-21 1.043302336615640296e-20
3.111177222642241759e+04 -2.423550272686231245e-21 1.346273324562459353e-20
3.112967641678862128e+04 3.504512975903885577e-21 1.188552762839106222e-20
3.114758056908351136e+04 -5.503533765908965820e-22 1.120993745498335833e-20
3.116548468324389978e+04 1.427058299850708523e-20 1.065883411470834988e-20
3.118338875920925057e+04 1.300409745051003797e-20 1.082548556350082481e-20
3.120129279691841293e+04 1.282615588853253023e-20 1.018473388711522639e-20
3.121919679630664905e+04 1.093817593241322162e-20 1.003926418008629753e-20
3.123710075731386314e+04 -4.397470066035790154e-21 1.036235365670064159e-20
3.125500467988041783e+04 1.077579141090121584e-20 1.075577113749594667e-20
3.127290856393595823e+04 1.952801390004680418e-20 1.105193765287394110e-20
3.129081240942831573e+04 -7.187512254858620808e-21 9.889227191974057548e-21
3.130871621629060246e+04 2.103957155946866010e-20 1.012119349307109995e-20
3.132661998445953941e+04 3.325933818560436920e-20 1.120867411338564516e-20
3.134452371387761377e+04 -1.412228219605380832e-20 1.072184381292218616e-20
3.136242740447640244e+04 -7.604490371928739585e-21 1.165319536418479810e-20
3.138033105620175047e+04 -1.311127008616225992e-20 1.040629548674413037e-20
3.139823466898682091e+04 -3.910695488715932617e-20 1.035178002601502652e-20
3.141613824277554522e+04 2.470562610359815053e-21 1.060717575106141771e-20
3.143404177749721566e+04 -9.693497372436953563e-21 1.058509851106321317e-20
3.145194527309533441e+04 -2.578843088844496031e-20 1.099163127760103649e-20
3.146984872951024226e+04 -7.911399022093913491e-21 1.057497273805782735e-20
3.148775214667706678e+04 3.255245980477922269e-20 1.061108768106188950e-20
3.150565552453714554e+04 1.004626793511220205e-19 1.240203657105984037e-20
3.152355886302117869e+04 6.354950310903046117e-20 1.201993327003001587e-20
3.154146216207883481e+04 3.247920090987052651e-20 1.098645303948541546e-20
3.155936542163860577e+04 1.836306389258396914e-21 1.021388187938362372e-20
3.157726864164371364e+04 -1.260344365882718790e-20 1.041999753890227728e-20
3.159517182203649281e+04 1.678091994870827075e-20 1.069437138837822638e-20
3.161307496274643199e+04 4.700376710435109751e-20 1.101581745881691276e-20
3.163097806372143896e+04 1.686139946946553734e-20 1.101818031316004098e-20
3.164888112489203922e+04 -5.219536614198294750e-21 1.000086670035709035e-20
3.166678414620179319e+04 3.086160106649754955e-20 9.903556815414670120e-21
3.168468712758819674e+04 -8.530617158410759462e-21 9.708366769788992311e-21
3.170259006899027736e+04 1.378697778652832112e-20 1.047222381098817988e-20
3.172049297034618212e+04 -1.953507899361794770e-20 1.044936673107737562e-20
3.173839583159437097e+04 1.021602439024216331e-20 1.063555651626361426e-20
3.175629865267452260e+04 -3.165571317355552462e-22 1.023297476372654014e-20
3.177420143352546438e+04 -2.565201343244805455e-20 1.058422836514508345e-20
3.179210417408050489e+04 1.097122983995787988e-20 9.769390610532862153e-21
3.181000687429016762e+04 -1.023380466765772284e-20 9.849505240548735957e-21
3.182790953409858048e+04 3.421509954636278728e-20 1.070098196550228496e-20
3.184581232199052829e+04 2.204325226114818129e-20 1.077016153672361772e-20
3.186371592071471969e+04 -1.746151335042948520e-20 1.069281431391395147e-20
3.188161947883835455e+04 -1.088767379011442354e-20 1.083455864751566788e-20
3.189952299629617119e+04 1.954566599760267652e-20 1.051100504462832751e-20
3.191742647302397017e+04 1.654492668647975055e-20 1.002150900119377828e-20
3.193532990897248965e+04 -2.824216328111241951e-21 1.049344199697130575e-20
3.195323330407043977e+04 -1.453032471671267313e-20 1.008989839481315814e-20
3.197113665826435317e+04 7.243570701798011995e-21 1.121195975438578001e-20
3.198903997148546114e+04 8.315229235894911005e-21 1.063493947347836230e-20
3.200694324368176603e+04 1.688192803807112618e-20 1.000502213590301739e-20
3.202484647478814077e+04 -2.106674631918931592e-20 9.824820980158173741e-21
3.204274966474070243e+04 -2.321807646311489794e-20 9.883959378619478592e-21
3.206065281348203280e+04 4.882911968852640910e-23 1.015429159394551824e-20
3.207855592095140310e+04 5.626520136767420427e-21 1.003680405556784198e-20
3.209645898708940149e+04 8.783841844417116050e-21 1.030788448478164790e-20
3.211436201182939112e+04 1.623399157128012064e-20 1.090154304194781259e-20
3.213226499512178998e+04 1.517639533296594646e-20 1.118248785976615530e-20
3.215016793689330734e+04 1.511746122560234877e-20 1.093733981309520823e-20
3.216807083709057770e+04 2.089811882045582317e-20 1.081820211996814846e-20
3.218597369565437839e+04 6.889560072932256397e-21 1.035640036005086920e-20
3.220387651251998614e+04 -2.504027182883843278e-21 1.061422847120815236e-20
3.222177928762830925e+04 4.462338195930390346e-21 9.706804772095376203e-21
3.223968202092317733e+04 -1.367663425558322271e-20 9.759121439788099465e-21
3.225758471233422824e+04 -2.455588206943872138e-20 1.055516422841304216e-20
3.227548736181381173e+04 1.910732430201297247e-20 1.034849414888633209e-20
3.229338996928965935e+04 1.320088889783554609e-20 9.971446052699129104e-21
3.231129253470898038e+04 -6.584889824324350358e-21 1.015318983175899642e-20
3.232919505800730622e+04 -1.203819156109239361e-20 9.755170703380012450e-21
3.234709753912602901e+04 8.320483686407470138e-21 9.431162356730067942e-21
3.236499997800656274e+04 -2.896806880484126652e-21 1.001665066412214701e-20
3.238290237458957563e+04 1.351963567021582883e-20 1.001956084298359339e-20
3.240080472880846719e+04 -7.067923589967071139e-22 9.609655301318870448e-21
3.241870704060641947e+04 3.041372388714626445e-21 1.008985876837150853e-20
3.243660930992591238e+04 -1.372307496293803467e-21 1.000970068606175651e-20
3.245451153670293570e+04 -7.875629831248535460e-21 9.848048288579880972e-21
3.247241372087955824e+04 -2.882068610638125780e-21 9.399347603402858568e-21
3.249031586239438184e+04 5.975038629029801873e-22 9.883541052490744259e-21
3.250821796119304418e+04 3.099661092315155767e-20 9.729903068149688376e-21
3.252612001720902481e+04 8.278349003247016676e-21 9.738290650936431032e-21
3.254402203038627340e+04 1.630638127778765298e-21 9.737206758463255100e-21
3.256192400065780748e+04 -2.442982053278888103e-21 9.849392782481453279e-21
3.257982592796894460e+04 -8.533989952296421373e-21 9.822996486284971856e-21
3.259772781226197912e+04 3.209526380883068746e-20 9.651153260025409421e-21
3.261562965347621503e+04 7.886947944663628131e-21 9.791301559161290453e-21
3.263353145154553931e+04 -9.365200382917798512e-21 9.941699023169964633e-21
3.265143320641501850e+04 1.304753852017372303e-21 1.014769003337152030e-20
3.266933491802923527e+04 -1.141546767748142426e-20 9.411905505707590799e-21
3.268723658632070874e+04 2.831878108100463475e-20 9.300467991450715005e-21
3.270513821123065281e+04 2.076135865435290659e-20 9.530858450021701446e-21
3.272303979270169657e+04 -9.188026730081985656e-21 9.276013588500965703e-21
3.274094133067847724e+04 -2.461464016136461994e-20 9.789212480398243298e-21
3.275884282509363038e+04 -1.982381245183633297e-20 1.069294536277700610e-20
3.277674427588869730e+04 -1.226649301645781161e-20 1.100264478489494909e-20
3.279464568300629617e+04 6.806339531626137670e-21 1.047057203088807636e-20
3.281254704639086412e+04 -9.921284248966386322e-21 9.291764042993427110e-21
3.283044836597567337e+04 8.278878364414650296e-21 9.992823803612231310e-21
3.284834964170653257e+04 2.786986380860211383e-21 9.324912795986039952e-21
3.286625087351729599e+04 1.475563649784814433e-20 1.000550934440538239e-20
3.288415206135678454e+04 -1.716859812216185442e-20 9.419496930459969243e-21
3.290205320516096253e+04 2.340489259360655303e-20 1.017748748757342756e-20
3.291995430487112753e+04 2.212437055722752091e-20 1.010441978568575854e-20
3.293785536042338208e+04 -1.513613661635968336e-20 1.004295324137885660e-20
3.295575637176655437e+04 -1.491237951950831777e-20 9.610055052676019850e-21
3.297365733883481880e+04 2.275906374582210753e-20 9.018618570069235664e-21
3.299155826157383854e+04 2.460539671109041272e-21 9.271683638395766968e-21
3.300945913992208807e+04 -1.840928957461366167e-20 9.162333301048853669e-21
3.302735997381940251e+04 3.640543092781845857e-21 1.004419099060497673e-20
3.304526076320253924e+04 1.026889414166694555e-20 1.005877690648063604e-20
3.306316150802165794e+04 -5.250354421638253621e-21 9.257904250803529009e-21
3.308106220820402814e+04 5.673165269231673480e-21 1.017186856742789178e-20
3.309896286370756570e+04 2.834908550171373784e-20 9.982680378025116539e-21
3.311686347446482250e+04 1.935649849597392288e-20 9.681392837590445941e-21
3.313476404041692149e+04 2.437723814807416454e-20 9.915177752956743586e-21
3.315266456149797159e+04 3.945195315439881760e-21 9.542372239520601252e-21
3.317056503766148671e+04 1.856661158130011162e-21 9.539265314831855643e-21
3.318846546883790143e+04 1.358472326938594389e-20 9.517561292979465927e-21
3.320636585497522901e+04 8.047508596270272479e-21 9.748476222088267315e-21
3.322426619601446146e+04 1.799729400297054552e-20 9.868289213086732467e-21
3.324216649189333111e+04 2.085192652475917488e-20 9.926685340791280213e-21
3.326006674254918471e+04 1.066317380810099897e-20 9.811339249904284545e-21
3.327796694793243660e+04 -4.107788243736403404e-21 1.000420145977739017e-20
3.329586710797960404e+04 -6.024061533880095929e-21 1.014480902958841035e-20
3.331376722263082047e+04 3.738670620004015253e-21 8.877238308106367218e-21
3.333208506722084712e+04 5.854999154540399390e-21 9.725020912368148492e-21
3.334998513082361023e+04 8.298516187593368377e-21 9.453299577699432301e-21
3.336788514904055774e+04 -3.532591287372037350e-21 9.488118543956660461e-21
3.338578512162398692e+04 -5.323876450112004577e-22 9.141472900959037368e-21
3.340368504851519538e+04 6.833683722586716341e-21 1.015097470292770416e-20
3.342158492965552432e+04 3.552484713739566070e-21 9.333507812704436433e-21
3.343948476498657692e+04 -1.524616750755020708e-20 9.257549473845382314e-21
3.345738455444488500e+04 -1.031973367416629473e-20 9.510606841615584337e-21
3.347528429798073921e+04 5.916212135846167750e-21 9.570519724341474734e-21
3.349318399553110066e+04 1.172009067678009505e-20 9.228624408337210966e-21
3.351108364703774714e+04 -1.726315041225221203e-20 9.240532338697700610e-21
3.352898325244180887e+04 1.145832051264660458e-20 9.340361512903442866e-21
3.354688281168463436e+04 -1.835985100741242327e-20 9.079875869765536578e-21
3.356478232470760122e+04 -6.018491575256033057e-21 9.121917789508140728e-21
3.358268179145049362e+04 -1.546668621141643687e-20 8.579088600607840179e-21
3.360058121185913478e+04 1.103188761064487233e-20 9.285944329880564170e-21
3.361848058587264677e+04 8.621248136811729949e-21 9.306720418450504737e-21
3.363637991343244357e+04 2.621224593324337643e-21 9.592734903648224855e-21
3.365427919429389294e+04 -2.095583328604898802e-20 9.977974264052780216e-21
3.367217841320059233e+04 3.188010832470151364e-21 1.053516555039424169e-20
3.369049619356195763e+04 -5.956417122460801508e-21 1.024493461624243492e-20
3.370839537477312842e+04 6.691754101582160845e-21 9.162758051479633308e-21
3.372629450923636614e+04 3.395427468940463415e-22 8.544420080453510952e-21
3.374419359689359408e+04 2.115946470099063501e-20 8.665412323745647805e-21
3.376209263768655364e+04 -1.011707542642393031e-20 9.016280308522793692e-21
3.377999163155639690e+04 -1.143100431001606709e-20 9.312016589034715877e-21
3.379789057844505442e+04 -1.855455980373826500e-20 9.325816235297526072e-21
3.381578947829484969e+04 1.050142588012745258e-20 9.096933137226861360e-21
3.383368833104765508e+04 1.259025435559029398e-20 9.661392318036085160e-21
3.385158713664500829e+04 1.814099992585143018e-20 9.268971117184706484e-21
3.386948589502828690e+04 3.455727836127966139e-22 9.679496299110251370e-21
3.388738460614025826e+04 -2.467129216699483611e-20 9.095812973893430540e-21
3.390528326992289658e+04 -8.529718496241981091e-22 9.522010752003758858e-21
3.392318188631811063e+04 3.988068238894961686e-21 9.231383271078247748e-21
3.394108045527160721e+04 1.082953572910449536e-20 9.646866581936992153e-21
3.395897897671689861e+04 1.215028664918334958e-21 9.397686521690547663e-21
3.397687745060081215e+04 1.011562885584126623e-20 9.694914268702017447e-21
3.399477587686541665e+04 4.896334842022889432e-21 8.681539603044263121e-21
3.401267425545460719e+04 1.524253918238589690e-20 9.125968566026620901e-21
3.403057258630578144e+04 -5.104218797386390923e-21 9.390663566620670752e-21
3.404847086936396227e+04 2.001113047173691377e-20 9.855714890930857158e-21
3.406636910457619524e+04 -6.650811892738692415e-21 9.274389093023439361e-21
3.408426729188204627e+04 -1.181699049972414145e-20 8.938672539953826387e-21
3.410216543121320137e+04 -2.631646372163817533e-20 8.820859226077074596e-21
3.412006352252503711e+04 1.981394930845710986e-20 9.585268912569388282e-21
3.413796156574517227e+04 6.856231213114687140e-21 9.149069448091737015e-21
3.415585956083529891e+04 1.411854332483491761e-20 8.267463766383820754e-21
3.417375750772241008e+04 3.848250861223279319e-20 9.046539661061396337e-21
3.419165540637073718e+04 5.174225004294907033e-21 9.265635031069927166e-21
3.420955332071927842e+04 1.660979333960084219e-20 9.519514852502113973e-21
3.422745119146342768e+04 6.852867735717002665e-21 9.102791264566066146e-21
3.424534901377879578e+04 8.954135672009454468e-21 9.053429079414114966e-21
3.426324678760704410e+04 1.575105160171143219e-20 1.023090488680995645e-20
3.428114451289157296e+04 2.563885949614620945e-20 1.068584459259340905e-20
3.429904218957478588e+04 -1.290455141250075519e-20 8.804910771501764658e-21
3.431693981760158931e+04 9.977653497030950959e-21 9.367905879379965947e-21
3.433483739690900256e+04 1.507395148306972591e-20 8.985416112882750614e-21
3.435273492744704708e+04 -1.176187267816569492e-21 9.018087520671542854e-21
3.437063240914887137e+04 8.925059601975088594e-21 8.938156769115729373e-21
3.438852984196694888e+04 -2.075025902585139002e-20 8.704496053776365793e-21
3.440642722583391878e+04 -1.141446280296020019e-20 8.946875571882249855e-21
3.442432456069876935e+04 4.339921753260160255e-21 9.356830541752382508e-21
3.444222184650519193e+04 6.827861832324641094e-21 8.638512164765610947e-21
3.446011908318837959e+04 2.578539625351045830e-21 8.733840386412052696e-21
3.447801627070095856e+04 1.416643743706349368e-20 8.701378471865161041e-21
3.449591340897536429e+04 1.279557856003498127e-20 9.213366474253850192e-21
3.451381049795879517e+04 1.692011641228746469e-20 8.794437794556096587e-21
3.453170753759484796e+04 7.805683460559989487e-22 9.286521566105367664e-21
3.454960452782869106e+04 9.726521215017389933e-21 8.865449442125363913e-21
3.456750146860308450e+04 -2.078078825608067294e-21 8.481473266357558929e-21
3.458539835985283571e+04 -1.350962783811987700e-21 8.268682906174909097e-21
3.460329520153334306e+04 -6.266860249872281630e-22 8.515293855802301764e-21
3.462119199357290199e+04 8.171910872579731850e-21 8.559351956383410949e-21
3.463908873592696182e+04 2.877513113375347382e-20 8.432073701370524859e-21
3.465698542853331310e+04 1.257389535835256310e-20 8.880313161685279765e-21
3.467488207133406831e+04 6.229794939179842558e-21 8.657114940545961846e-21
3.469277866426778928e+04 -1.451098580871693453e-21 8.468767859507275637e-21
3.471067520728512318e+04 -7.289231845341311987e-21 8.747639862432336615e-21
3.472857170032912109e+04 3.148509621956215286e-20 9.057912381462729271e-21
3.474646814333512884e+04 -6.229380331543530649e-21 8.940334893417342774e-21
3.476436453625022841e+04 5.171306326210158236e-21 8.581599787253681873e-21
3.478226087902356085e+04 -1.812984008742917331e-20 8.381193179959987556e-21
3.480015717159052292e+04 2.917132019596482223e-20 9.373888341852857417e-21
3.481805341389933892e+04 3.859030796574132547e-20 9.467905322589356711e-21
3.483594960589046241e+04 1.107866236252930263e-20 8.894568072878394603e-21
3.485384574750361207e+04 -1.700691530875576708e-20 8.608673355316584074e-21
3.487174183868803084e+04 -1.693090394784024786e-21 9.494132418163952953e-21
3.488963787937911547e+04 1.148507023361372258e-20 8.675282393635798460e-21
3.490753386953035078e+04 -5.207256044044083706e-21 9.745684298516275007e-21
3.492542980907455785e+04 -1.203740357321867334e-20 8.566570546174148854e-21
3.494332569796185999e+04 -3.695802236443099712e-20 8.770130396951484191e-21
3.496122153613647242e+04 1.790590008106880326e-20 8.689318769640061465e-21
3.497911732354155538e+04 1.387637352736537734e-20 8.555173905964102273e-21
3.499701306011535053e+04 -1.360306673973023642e-20 8.202295408171488398e-21
3.501490874580363015e+04 1.742460908919871398e-21 8.877204550828462833e-21
3.503280438054630940e+04 -3.206209606997776320e-21 8.610534094000612074e-21
3.505069996428773447e+04 1.429241808534171685e-21 8.282551531383461296e-21
3.506859549697884358e+04 3.402944028790610009e-20 8.618550556026148747e-21
3.508649097855801665e+04 -1.609003723063384388e-21 8.585235552441778314e-21
3.510438640896855941e+04 -1.479951724083271659e-20 8.717590821772840099e-21
3.512228178815042338e+04 -9.895965212452060812e-21 8.191192812239643466e-21
3.514017711605322256e+04 4.642464707254463717e-21 8.464420422867145568e-21
3.515807239261773793e+04 1.582535427832540364e-20 8.833506594507092412e-21
3.517596761779019289e+04 3.349539290971450119e-20 9.188449562141223253e-21
3.519386279150361952e+04 2.302119060738065036e-20 9.122908389756776374e-21
3.521175791371372907e+04 -1.735923559537662645e-20 8.883142355216518415e-21
3.522965298435703153e+04 -2.661838831424952986e-20 8.509879165961197474e-21
3.524754800338232599e+04 -9.208784904316877977e-21 8.732266345218150133e-21
3.526544297073333291e+04 -3.239060383843031076e-21 8.090186110565143873e-21
3.528333788634833036e+04 2.477887071252829208e-20 9.206310405283029592e-21
3.530123275017569540e+04 1.006682801185432218e-20 8.807604301178779779e-21
3.531912756214879482e+04 -2.638838925426453978e-21 9.389777433331682613e-21
3.533702232222473685e+04 1.264061410307427158e-20 8.804451918926954241e-21
3.535491703034464444e+04 1.141032170246955067e-20 9.333919474442280647e-21
3.537281168644691934e+04 -1.556045739737172328e-20 8.575751713133469144e-21
3.539070629047245893e+04 2.265131466593392022e-20 8.321722410778837072e-21
3.540860084238032141e+04 2.860580732513163761e-20 8.521503660616259076e-21
3.542649534209666308e+04 2.643132376179650237e-20 9.375678861624468602e-21
3.544438978958089865e+04 1.977583230338365491e-20 9.479530397295392596e-21
3.546228418475852959e+04 -1.071116065620021792e-20 8.551927988673729354e-21
3.548017852759176458e+04 1.035368703310189965e-20 8.539013290228971539e-21
3.549807281801571662e+04 -9.860625413538783161e-21 8.806443415149832726e-21
3.551596705597241089e+04 -7.978939112611479449e-21 9.243125392792516504e-21
3.553386124140839820e+04 -2.981321066647846047e-20 8.760325234141810015e-21
3.555175537427031668e+04 9.491161586020677076e-21 9.415254710273011614e-21
3.556964945449668448e+04 -6.680868730577920975e-21 9.113675813235296172e-21
3.558754348203114205e+04 -1.896393888870174402e-20 8.879619458439538615e-21
3.560543745682275767e+04 -3.620810721895924402e-21 9.551941151579946804e-21
3.562333137881615403e+04 -3.070653097550963666e-20 8.690989735923353168e-21
3.564122524795520440e+04 1.713977212731210630e-21 8.736600792035365884e-21
3.565911906417604769e+04 2.355458392045948837e-20 9.079813955607164220e-21
3.567701282742532931e+04 -2.845816741879087976e-22 8.462258931049002353e-21
3.569490653765160823e+04 -1.966626179768037082e-20 9.007100252218362316e-21
3.571280019479976181e+04 -8.414030769179755121e-21 9.259621604655788208e-21
3.573069379881391797e+04 9.102205072944118033e-21 8.852648799627429935e-21
3.574858734963288589e+04 -4.862256007370312030e-21 9.287860439389533709e-21
3.576648084719538747e+04 1.406158889628685836e-20 9.286630003866828508e-21
3.578437429146147770e+04 9.811164826473875910e-21 8.762392193983750156e-21
3.580226768236411590e+04 -5.324313941312712478e-21 8.343049592461230059e-21
3.582016101985360001e+04 -9.968616362215427750e-21 7.978163602626830585e-21
3.583805430387403612e+04 -5.786873499858525125e-21 8.641462010683603833e-21
3.585594753436440806e+04 6.452365238488028614e-21 8.880840776184568028e-21
3.587384071126878553e+04 1.668880512628412100e-20 8.970525101961856031e-21
3.589173383453385031e+04 -8.756965687458520713e-22 9.088055134985709709e-21
3.590962690410104551e+04 -1.783088710980575584e-20 8.435335870262689571e-21
3.592751991992876719e+04 -1.790988113874505179e-20 8.741087497583021998e-21
3.594541288194224762e+04 4.651806032375140886e-21 8.866549840757227124e-21
3.596330579009407666e+04 -4.711283562335708067e-21 8.416380666067991761e-21
3.598119864433664770e+04 9.876584167803530437e-21 8.315140877023198673e-21
3.599909144459482923e+04 1.123707603681695905e-20 9.211787274244140450e-21
3.601698419082680630e+04 -2.159103053873178575e-20 9.554106858671988680e-21
3.603487688298280409e+04 1.034468499490712468e-20 8.581571222754119419e-21
3.605276952099084156e+04 6.578806056663515202e-22 8.927666771886250141e-21
3.607066210480632435e+04 -4.206020587694180846e-22 9.244158754403258759e-21
3.608855463436816353e+04 2.738512431613336675e-20 9.721319043369162848e-21
3.610644710963124089e+04 9.760569851018178259e-21 9.607651378440803853e-21
3.612433953052400466e+04 -2.281545168886639182e-20 8.905394711435691916e-21
3.614223189700217335e+04 -4.527627155457888606e-21 9.144852388180983357e-21
3.616012420900745201e+04 8.607486168006084976e-21 9.364040784577849456e-21
3.617801646648723545e+04 -5.219892031081894939e-21 9.243556318681238671e-21
3.619590866937502869e+04 -9.181468774108782912e-21 8.885356405685455580e-21
3.621380081763142516e+04 -3.861087388823559364e-21 8.765099640289920440e-21
3.623169291119570698e+04 1.318419964830349998e-20 8.414615128325372820e-21
3.624958494999916002e+04 3.561360203413620341e-22 9.157737627411910156e-21
3.626747693401099968e+04 -1.344819192669836501e-20 9.373019269133885793e-21
3.628536886314854928e+04 -1.285559333595302342e-20 9.420463254364373255e-21
3.630326073737280967e+04 -9.884681068221713861e-21 1.012942724591200306e-20
3.632115255663378048e+04 2.818894286619669134e-21 9.561577865551462271e-21
3.633904432086220186e+04 1.539698628029939218e-20 9.628980191137398222e-21
3.635693603000607254e+04 -4.098689953392238927e-21 9.271356219775813057e-21
3.637482768402108923e+04 9.660875994264176693e-21 9.680960198980442535e-21
3.639271928283831949e+04 2.589337608945146397e-20 9.096896012070938911e-21
3.641061082641069515e+04 1.335689561346509605e-20 9.432495138521635519e-21
3.642850231468296261e+04 -5.464782895498091855e-21 8.734194421614820234e-21
3.644639374758269696e+04 2.320956847053346127e-20 8.931056205554100012e-21
3.646428512507768755e+04 4.971780995672384390e-21 9.332490861526708809e-21
3.648217644711547473e+04 7.004771027785032495e-21 9.118396570261937491e-21
3.650006771361591382e+04 8.560822413262871884e-21 9.154942636200004356e-21
3.651795892454056593e+04 1.126569421014735346e-21 9.165813366884843258e-21
3.653585007984731055e+04 7.645461024983301142e-21 8.288935872301016850e-21
3.655374149192567711e+04 3.921634073646924689e-22 8.814311097501259978e-21
3.657163305344623950e+04 1.498038180498181619e-20 8.300687869125635091e-21
3.658952455915753671e+04 -3.653517703945740296e-21 9.073193294564433670e-21
3.660741600901273341e+04 -8.190985500494955695e-21 9.031329453015543928e-21
3.662530740294577117e+04 5.894136518797360034e-21 8.524885850840667692e-21
3.664319874092110695e+04 -2.722058743624293954e-20 8.199133314581316892e-21
3.666109002286972100e+04 -4.456347470812939156e-21 8.957627344294571613e-21
3.667898124874165660e+04 7.903592460390511731e-21 9.272734457087176786e-21
3.669687241846854886e+04 -1.862152811200775756e-20 8.584251543239745494e-21
3.671476353202357132e+04 2.782536886788749608e-21 9.584307223107974889e-21
3.673265458932364709e+04 -9.240518149021903974e-21 8.427932039968239133e-21
3.675054559032794350e+04 -4.788901389909370879e-21 9.047392310196902050e-21
3.676843653497584455e+04 -3.837582708491623981e-20 8.494550264555069549e-21
3.678632742321793921e+04 -2.208270871257938215e-20 9.026931966302581384e-21
3.680421825499342958e+04 7.842674402455947654e-21 9.341381433389820712e-21
3.682210903025652806e+04 -6.307277838040858830e-21 7.951780096630608193e-21
3.683999974894094339e+04 -1.380548983398904106e-20 8.366745976161675920e-21
3.685789041100325267e+04 1.502796730172722094e-20 8.415894499860956376e-21
3.687578101638014050e+04 1.947750539871947314e-20 7.944101154574552056e-21
3.689367156501674617e+04 -1.028450423833505356e-20 9.072677273194403040e-21
3.691156205686653993e+04 -1.163080328081002980e-20 8.555251357301873117e-21
3.692945249186617002e+04 1.308776475968469630e-20 9.792766733324837889e-21
3.694734286996704031e+04 -9.176388232215134184e-21 8.935801866125298751e-21
3.696523319110574084e+04 3.172893379366956625e-21 9.343600885987986850e-21
3.698312345523904514e+04 -7.881903164480178660e-21 8.701831750223795231e-21
3.700101366230652638e+04 2.191034234269050925e-20 8.738016477721262686e-21
3.701890381224773591e+04 -9.688678795492702684e-21 8.369551859868398195e-21
3.703679390501638409e+04 1.154693128538876224e-22 8.740203835770128568e-21
3.705468394055189128e+04 5.179510961909471093e-21 9.048173693895046836e-21
3.707257391881442891e+04 -5.829635375248964840e-22 7.987288076368714163e-21
3.709046383972640615e+04 1.922972395683896910e-21 7.879161046276437647e-21
3.710835370325611439e+04 1.033470363937315891e-21 8.684227017348746383e-21
3.712624350932324160e+04 -2.194763184634777677e-20 8.137752483024767249e-21
3.714413325789027294e+04 1.503261104216269909e-20 9.257514404102951504e-21
3.716202294890555640e+04 -6.127218506561603781e-21 8.977358791881510581e-21
3.717991258230537642e+04 -4.234540628014096142e-21 8.654415903634165925e-21
3.719780215804156614e+04 6.940671142303169030e-21 8.726646205834047962e-21
3.721569167605676921e+04 -7.671406357193874316e-21 8.772115459878131243e-21
3.723358113629635045e+04 -4.173114201842008920e-20 7.957467655866621534e-21
3.725147053870598029e+04 -2.144228306001893353e-20 9.246254836258998453e-21
3.726935988322525372e+04 -1.153134520048465547e-21 7.751022939433656048e-21
3.728724916981135175e+04 -5.343354821260741643e-21 8.621245129124825462e-21
3.730513839840358560e+04 -1.329315726307173651e-20 8.344883882780881532e-21
3.732302756894485356e+04 1.338801339135528347e-20 8.555062749317418231e-21
3.734091668139553076e+04 -3.530843788421227666e-21 8.574064771131252367e-21
3.735880573567208194e+04 1.359162641443010286e-20 8.415094440963223018e-21
3.737669473174628365e+04 -1.104030207423296081e-20 8.414692320251479832e-21
3.739458366955511883e+04 -7.511008207878936853e-21 9.010783618728735028e-21
3.741247254903826979e+04 -2.060775114161445044e-20 9.049480583879846022e-21
3.743036137015896384e+04 -1.561953436003147342e-20 9.013809438585351113e-21
3.744825013283893350e+04 -1.741910453254481174e-20 8.881133264695332821e-21
3.746613883704775071e+04 -3.142632251840287236e-21 8.801686882159715766e-21
3.748402748271372548e+04 2.519651012680270194e-20 9.025725453754984168e-21
3.750191606977950141e+04 -2.527458269309510207e-20 8.968323549717372972e-21
3.751980459821134718e+04 5.483799133050427528e-21 8.724315301578890113e-21
3.753769306794332806e+04 -2.162951385271938638e-20 8.426823935356973982e-21
3.755558147891232511e+04 1.245125785447315084e-20 8.596354499646231799e-21
3.757346983108756831e+04 1.264375871889982206e-20 8.834976302095603143e-21
3.759135812439085566e+04 -5.190721237061249608e-21 8.645501334114332112e-21
3.760924635876849788e+04 1.581980946988393247e-20 8.473323129372375414e-21
3.762713453418990684e+04 -6.132532339774344751e-21 8.766322072933363593e-21
3.764502265058020566e+04 5.078859226011529179e-21 8.713025648831928090e-21
3.766291070789119112e+04 4.131805874296210550e-21 8.995533272796756849e-21
3.768079870607459452e+04 2.287788664336134723e-20 8.737796303474678915e-21
3.769868664505856577e+04 -1.650511446266922303e-20 8.791713646745524953e-21
3.771657452480080246e+04 -8.068319864302234825e-21 8.295777236127133155e-21
3.773446234525843465e+04 -9.067507255822572129e-21 8.007968390830359016e-21
3.775235010636603693e+04 7.106528219208403897e-21 8.336165956462663143e-21
3.777023780806376453e+04 1.021384810666908087e-20 8.474905907397723618e-21
3.778812545030927140e+04 1.422834960997097458e-20 8.796506937448074195e-21
3.780601303303074383e+04 -1.274498180801991120e-20 8.060063400921752555e-21
3.782390055618607585e+04 -1.105214957468295525e-21 8.683374258332968464e-21
3.784178801973299414e+04 6.601110178149516662e-21 8.863813076812867172e-21
3.785967542360562220e+04 -6.568993462102855998e-21 9.195758461137360578e-21
3.787756276774393336e+04 -3.210721625183659206e-20 8.006553449325575715e-21
3.789545005210550880e+04 -1.512834261124446431e-20 8.067041154224189621e-21
3.791333727662493766e+04 9.068805248904303142e-21 8.384778965219527971e-21
3.793122444124828326e+04 4.834684415296354379e-21 8.101058651567491608e-21
3.794911154593931860e+04 1.669021529127887281e-20 8.308215581850370007e-21
3.796699859063230542e+04 -1.681370458916966490e-20 8.322285872686552708e-21
3.798488557526735531e+04 1.694033863353542694e-20 8.442514222118035198e-21
3.800277249979644694e+04 -1.758893168843830161e-20 8.825985955964961097e-21
3.802065936416572367e+04 9.005055748217250575e-21 9.347544998606758623e-21
3.803854616832100874e+04 -3.737774635448552496e-21 8.992345016168787253e-21
3.805643291220843093e+04 2.146632473073347585e-20 8.906745030876200023e-21
3.807431959578338137e+04 1.936338807498050125e-20 8.531329626578722455e-21
3.809220621897410456e+04 1.462634143295391882e-20 8.865790935438600937e-21
3.811009278173563507e+04 -1.439410756826809442e-23 8.735234620652132513e-21
3.812797928402020625e+04 8.887689732368457418e-21 8.574318780199978477e-21
3.814586572576806066e+04 1.959110054596249022e-20 8.562329844150033416e-21
3.816375210691626853e+04 1.262315010534440114e-20 9.525290390607087972e-21
3.818163842742612906e+04 3.150322857791283642e-21 8.445066708779275366e-21
3.819952468723771017e+04 1.277482592964451095e-20 8.012918537777095984e-21
3.821741088629698061e+04 1.217526811957112353e-20 8.732229345266080242e-21
3.823529702455059305e+04 2.875991919651642544e-22 8.464837476245768284e-21
3.825318310195090453e+04 -3.143715616477922068e-20 8.144129895245189426e-21
3.827106911843202397e+04 -5.220966477677045569e-21 9.175775015846448934e-21
3.828895507394022570e+04 -3.384985102934926497e-21 8.483362404300458774e-21
3.830684096843394946e+04 -1.317607243079798482e-20 8.861199688101654609e-21
3.832472680185344507e+04 -6.019906252151834215e-21 8.566676453916070037e-21
3.834261257415104046e+04 2.914148694345058489e-21 8.611163019580411005e-21
3.836049828526102647e+04 -8.948392277703938115e-21 8.670427028367758836e-21
3.837838393513542542e+04 -5.382518737581736387e-21 9.010408425365139414e-21
3.839626952372071537e+04 5.918185783307940366e-21 9.116116640495606888e-21
3.841415505096351262e+04 2.850917857807238044e-20 8.669018659958405143e-21
3.843204051681626152e+04 5.953845413822733420e-21 8.774853161286340852e-21
3.844992592120705376e+04 -6.350007250587197056e-21 9.107455042638434632e-21
3.846781126410666184e+04 4.899173455992824610e-21 7.840327965879874604e-21
3.848569654543715296e+04 -8.086573805571377439e-21 7.643525317619003092e-21
3.850358176516932872e+04 -1.820315769378945227e-21 8.226139393381740066e-21
3.852146692323738534e+04 1.251753077144309424e-20 7.516648589233139956e-21
3.853935201957559184e+04 1.164491040011357043e-20 8.179279152641191524e-21
3.855723705415463337e+04 3.652882422970683975e-20 8.791649212721612129e-21
3.857512202689643891e+04 1.476983626934306110e-20 9.012755703295187512e-21
3.859300693777226115e+04 1.313901662516741328e-20 8.179325088802189957e-21
3.861089178671638365e+04 -1.240218919459846980e-20 7.840098734490678597e-21
3.862877657366299536e+04 -1.908522127667506046e-20 8.462736133537505039e-21
3.864666129858310887e+04 4.847456119379143642e-22 8.173506656164611466e-21
3.866454596140488138e+04 1.478202926375590111e-20 8.808035860751860589e-21
3.868243056208719645e+04 -1.325767424961350483e-21 8.431939095693281095e-21
3.870031510056419211e+04 1.442133297880794546e-20 8.408320610721571274e-21
3.871819957678247010e+04 -2.131427434123928284e-22 8.099759341902626965e-21
3.873608399070704763e+04 1.451750713871435894e-20 8.437918211368879619e-21
3.875396834227190993e+04 1.785019785914846036e-20 8.532234392565421250e-21
3.877185263142378244e+04 5.945838901673658076e-21 8.134121168805546548e-21
3.878973685809710878e+04 -2.420982990874249848e-20 7.910293974306149563e-21
3.880762102226318530e+04 -7.311544016485071883e-21 8.542317701646245605e-21
3.882550512385008187e+04 4.645915672909345431e-21 8.278683729409839682e-21
3.884338916282296123e+04 -6.670306930260311146e-21 8.610226848463297884e-21
3.886127313909755321e+04 -2.718448738957915820e-20 8.549575219386945506e-21
3.887915705264528515e+04 2.657803670302067489e-21 8.030103194976025570e-21
3.889704107847408159e+04 6.251546829091874238e-21 8.289201198581820725e-21
3.891492565243305580e+04 5.506190760086458661e-21 8.509981758274930284e-21
3.893281016350310529e+04 -4.432542064677516347e-21 7.824284549386341252e-21
3.895069461161216896e+04 -7.722027777770411634e-21 8.065484929067690044e-21
3.896857899671916675e+04 1.673834800417558838e-20 8.478596902883325679e-21
3.898646331876489421e+04 -1.844895330471398905e-20 8.592260898010284561e-21
3.900434757769591670e+04 -8.498651382137484722e-21 8.089483343246137485e-21
3.902266215199184808e+04 5.774824892833005130e-21 7.615523921763292680e-21
3.904054630902988720e+04 9.518437220216820321e-22 7.982290019241791444e-21
3.905843041749193071e+04 -4.946814865736962974e-21 8.394746118069766145e-21
3.907631446280732780e+04 1.347643436090004617e-20 8.643122357003881844e-21
3.909419844473426201e+04 6.103253699717254522e-21 8.449800501529180826e-21
3.911208236322551238e+04 5.233817238937237982e-21 7.996661144350582037e-21
3.912996621823400346e+04 -4.941716394394925351e-22 8.339241527906076758e-21
3.914785000970052351e+04 1.420911763201551441e-20 8.734774357979994967e-21
3.916573373757173249e+04 1.232986969810402584e-20 8.932082214696503508e-21
3.918361740178829496e+04 1.760185890268549870e-20 8.200535135262940205e-21
3.920150100230934913e+04 6.317422487562363456e-21 8.000906390419978761e-21
3.921938453908158408e+04 1.142520809610763789e-20 8.070462453010941828e-21
3.923726801202780189e+04 9.647987627294235079e-21 8.058224793258259244e-21
3.925515142112485046e+04 -2.231431422358306302e-20 7.864460902317107612e-21
3.927303476630774094e+04 1.285671396729474174e-20 8.712985711631023250e-21
3.929091804752332973e+04 1.064673942719972974e-20 8.649083870514527332e-21
3.930880126471838594e+04 -9.258267200522498113e-21 8.590047480823698258e-21
3.932668441783393791e+04 7.564722715801092548e-21 7.987973416915493773e-21
3.934456750683495920e+04 5.480370208496766150e-21 8.663199018311924419e-21
3.936245053165021818e+04 -2.270545037757451655e-20 8.401730874478473557e-21
3.938033349223245023e+04 -4.580327646309819202e-21 8.557327880536852157e-21
3.939821638851663010e+04 -1.352852904394440385e-20 8.264290143426122686e-21
3.941609922047398868e+04 1.109940521161331745e-20 8.022634383122929133e-21
3.943398198804556887e+04 1.449146587440989265e-21 8.298539696926001374e-21
3.945186469117195520e+04 3.309278258401910928e-21 8.838726005207818138e-21
3.946974732978189422e+04 3.362274805583929573e-22 8.583041882355330764e-21
3.948762990385300509e+04 3.654596462165184256e-20 8.407570091031938267e-21
3.950551241333210055e+04 -2.068923964101986688e-21 8.351029843147786036e-21
3.952339485813563806e+04 1.461364864802695584e-20 9.088098671974496819e-21
3.954127723822888220e+04 1.789963422599704498e-20 8.721495746436578439e-21
3.955915955356531049e+04 3.077512707703822418e-21 8.663531838545386899e-21
3.957704180409789114e+04 -4.075316591190232433e-21 9.157566668089692593e-21
3.959492398974294338e+04 2.126760649503678719e-20 8.549730157216737743e-21
3.961280611046584090e+04 1.647316143710426300e-20 8.612552374217999325e-21
3.963068816622610029e+04 -1.414907697875529427e-21 8.129257412604421427e-21
3.964857015695841255e+04 1.840355357322982329e-21 8.255446874521243220e-21
3.966645208259741776e+04 1.200257964289095846e-20 8.561002669754788844e-21
3.968433394310250878e+04 5.672688101325675184e-21 8.362907983196777901e-21
3.970221573843929218e+04 4.599000109487868418e-21 7.783351245429726345e-21
3.972009746852410899e+04 2.100697952838361061e-20 8.606166488457554130e-21
3.973797913331002928e+04 -1.040479483603483041e-20 7.947405530458039481e-21
3.975586073275675881e+04 2.041430182987614210e-21 8.222239503068607657e-21
3.977374226681737491e+04 -2.601573702629307553e-20 8.740581091846324800e-21
3.979162373540813132e+04 -4.453997071602622995e-21 8.700815276076595109e-21
3.980950513850075367e+04 6.248337576816815129e-21 9.365468377550973272e-21
3.982738647603650315e+04 2.246318628969291948e-20 9.043737382689139780e-21
3.984526774796856625e+04 -8.700292631905601879e-21 8.115429585582947719e-21
3.986314895423164853e+04 1.150528657211024430e-21 8.406671906896094061e-21
3.988103009477306477e+04 -4.131558455700740179e-21 8.498318748265149743e-21
3.989891116956458427e+04 4.753570157384535887e-22 8.383071178407761694e-21
3.991679217852258444e+04 1.074129249071715423e-20 8.349094085300098971e-21
3.993467312160637084e+04 -8.606344133534894352e-21 8.389815245443670364e-21
3.995255399876341835e+04 2.128761001589247524e-20 9.414101340935680811e-21
3.997043480995317805e+04 -1.101702848887698567e-20 8.776056047046856177e-21
3.998831555509793543e+04 -4.203255188625704716e-21 8.365908636188628814e-21
4.000619623415726528e+04 8.897744553731874318e-21 9.002563382505305348e-21
4.002407684707858425e+04 -6.453931883985845800e-21 9.055237342447165715e-21
4.004195739381520980e+04 2.771502944264045422e-21 9.364418845861982472e-21
4.005983787429577205e+04 1.114674556401750211e-20 9.985553120682528851e-21
4.007771828848628502e+04 2.158819819001720963e-20 8.941799201008266362e-21
4.009559863634008798e+04 3.689350920082838236e-20 1.008431527790094495e-20
4.011347891777946643e+04 1.384101883691519800e-20 9.080942816474022459e-21
4.013135913275805069e+04 -6.100665678397838118e-22 9.363359384194610343e-21
4.014923928125420207e+04 1.088418706698500795e-20 9.772218128805259535e-21
4.016711936317159416e+04 2.304510269132778016e-20 1.006017392138954296e-20
4.018499937846978719e+04 9.560284068360875356e-21 9.738615851909083391e-21
4.020287932711509347e+04 -8.821214882722084423e-21 1.163907598308695757e-20
4.022075920904843952e+04 5.423011460432599432e-22 1.215554906531079538e-20
4.023863902419195801e+04 2.737743212119078711e-20 1.190963877388067762e-20
4.025651877251193946e+04 1.626510607534393380e-20 1.148406107349209582e-20
4.027439845398077159e+04 -1.668513909772130324e-21 9.805042803459715178e-21
4.029227806832125498e+04 -2.458195512146703564e-20 9.260195745846802883e-21
4.031059081089455140e+04 9.108592614229422378e-22 9.987028203476872333e-21
4.032847033068896417e+04 9.687543687873949487e-22 8.294848994327903364e-21
4.034634978337965003e+04 5.584242917682497423e-21 8.927014708792748875e-21
4.036422916893588263e+04 -2.660192290293711762e-20 1.048616839402244908e-20
4.313830703978758538e+04 2.503194607189983250e-20 2.016077976798589767e-20
4.315617539127156488e+04 1.146283781822216335e-20 1.143609927825760257e-20
4.317404366740545083e+04 -1.596109599586987212e-20 1.080582194111129057e-20
4.319191186808997736e+04 2.010071948154050293e-20 1.125972882978083088e-20
4.320977999332669424e+04 6.907688582045146880e-21 1.155219048014797967e-20
4.322764804300953983e+04 -1.871067366276367302e-20 1.061005246886018933e-20
4.324551601713348646e+04 -2.527234540334401394e-21 1.099500297478847911e-20
4.326338391561945173e+04 7.602293485535946128e-21 1.100713194824431411e-20
4.328125173842182994e+04 2.289143416952310726e-20 1.111402863993586932e-20
4.329911948549511726e+04 1.828194580426394236e-20 1.152031646838846239e-20
4.331698715695560531e+04 -3.669379547013088112e-20 1.156381429298650200e-20
4.333441494426069403e+04 5.452218582075931295e-21 1.138548797195583875e-20
4.335228242468701501e+04 1.953567997994386109e-20 1.156374709253448229e-20
4.337014982919045724e+04 4.760128881724226162e-21 1.159663757107344184e-20
4.338801715767618589e+04 7.502567897941626914e-21 1.195138026712272331e-20
4.340588441014166165e+04 3.013099323274862650e-20 1.177556790693922741e-20
4.342375158647070930e+04 -2.799128802577040045e-20 1.160396792713248820e-20
4.344161868667503586e+04 9.629631618043141871e-21 1.134490634037078864e-20
4.345948571065263241e+04 -2.233635048281300452e-20 1.202579370344089664e-20
4.347735265838672785e+04 -3.914754021092074900e-21 1.165383757579347695e-20
4.349521952980362403e+04 1.752112114568306162e-21 1.192964315508156727e-20
4.351308632485831913e+04 1.429827323521933676e-20 1.154395667127098325e-20
4.353095304349860817e+04 3.163663914563827989e-20 1.145682935234826196e-20
4.354881968568641605e+04 -2.132212073225611983e-21 1.128439767012359317e-20
4.356668625133391470e+04 -1.069714711377991511e-20 1.102907274496355739e-20
4.358455274047226703e+04 2.189557853755898202e-21 1.124067536325544173e-20
4.360241932444912527e+04 -6.072723925362362383e-21 1.172414002913989665e-20
4.362028600268712762e+04 3.354658409916122678e-21 1.175231237449067981e-20
4.363815260420693812e+04 2.478593062645914076e-20 1.118199807624013533e-20
4.365601912892775727e+04 9.106599607065413500e-21 1.164237416325893115e-20
4.367388557681871316e+04 -5.221544607413494746e-22 1.118717521147302695e-20
4.369175194780611491e+04 -1.432074939083485711e-20 1.179619913771932712e-20
4.370961824187337334e+04 7.437679684853003083e-21 1.147688241578043714e-20
4.372748445893250027e+04 -3.769757847393400880e-21 1.112015980997065598e-20
4.374535059895973973e+04 1.183200325735420945e-20 1.158127933511247182e-20
4.376321666186710354e+04 -1.358378929424106221e-20 1.094317230860382560e-20
4.378108264764519845e+04 -3.240126640226380178e-21 1.070492491628162595e-20
4.379894855620594171e+04 -2.394223918580088770e-21 1.083148499178669608e-20
4.381681438751849782e+04 7.849526903700841584e-21 1.135650426189174382e-20
4.383468014151619718e+04 -4.191805119036795208e-21 1.098699100471447441e-20
4.385254581816091377e+04 8.202920653766559720e-21 1.083344805033030068e-20
4.387041141738619626e+04 -1.160642693401456932e-20 1.050019111859074509e-20
4.388827693915411510e+04 3.870112757283664543e-21 1.143086380048198847e-20
4.390614238341231976e+04 -1.580367591742893131e-20 1.094530276390684062e-20
4.392400775008697383e+04 3.410841416358751632e-20 1.120727820149926157e-20
4.394187303914735094e+04 2.607309451972011638e-20 1.141413205319049015e-20
4.395973825053383189e+04 2.514734806091683267e-20 1.128482237387086314e-20
4.397760338419417531e+04 -2.668742430898937323e-20 1.133060703920926724e-20
4.399546844008319749e+04 6.017380662646911002e-22 1.113843547262553494e-20
4.401333341812703293e+04 1.559663056034011164e-20 1.118996762023903717e-20
4.403119831829492614e+04 -8.081782977553659077e-21 1.068481171189021466e-20
4.404906314052009839e+04 7.445750600863400727e-22 1.077679327960290356e-20
4.406692788477180875e+04 -9.232980198292120148e-21 1.069939022737066923e-20
4.408479255096895213e+04 7.143009165002097873e-21 1.097482637703089347e-20
4.410265713908796897e+04 6.685171832352823351e-21 1.110122925578156737e-20
4.412052164904766687e+04 -7.475642780304905722e-21 1.138003806012622349e-20
4.413838608082434075e+04 2.026834289221757171e-20 1.138536175742100951e-20
4.415625043433687824e+04 -8.999634894585985394e-21 1.121518687537356133e-20
4.417411470956187259e+04 -2.621550371087306435e-20 1.125304492390913751e-20
4.419197890642530547e+04 1.838462955040695517e-20 1.192493537988733298e-20
4.420984302488204412e+04 -1.554660019231230436e-20 1.116550168942059371e-20
4.422770706487972348e+04 1.968344412154109595e-21 1.100391517143385046e-20
4.424557102636589843e+04 9.242823580197426598e-21 1.148056311834787514e-20
4.426343490928824758e+04 -3.082756745533534898e-21 1.087575955518336920e-20
4.428129871359434765e+04 2.155325805764021517e-20 1.161504696058385776e-20
4.429916243923186994e+04 3.966440799943569242e-21 1.087087756994437335e-20
4.431702608615560894e+04 -3.963364624992919891e-20 1.047428631763729774e-20
4.433488965429866221e+04 -1.676752581336115392e-20 1.144375118043685655e-20
4.435275314361591882e+04 9.831586536631359221e-21 1.219521699630330657e-20
4.437061655406220234e+04 -1.540074341097979963e-20 1.099916142819091890e-20
4.438847988556339260e+04 -4.279874216822250116e-21 1.147856570391318126e-20
4.440634313810293679e+04 2.364083798112300743e-20 1.111495294969140415e-20
4.442420631159246841e+04 1.270647183536660208e-20 1.193461736204941831e-20
4.444206940599413065e+04 8.206414607320400978e-21 1.219264254319462730e-20
4.445993242126271798e+04 1.855093174423432093e-20 1.224765498682019648e-20
4.447779535733860394e+04 -1.789407981134638134e-20 1.114295989987086143e-20
4.449565821416200924e+04 -1.430330080240491186e-20 1.093461496783939097e-20
4.451352099168777931e+04 1.651642206188099293e-20 1.124564766203189743e-20
4.453138368987077411e+04 -2.725604316386733571e-20 1.141069721632147135e-20
4.454924630864397477e+04 -1.583156579443019985e-20 1.088163361141956919e-20
4.456710884796217579e+04 -1.571650999027209763e-20 1.086045257101707100e-20
4.458497130778023711e+04 -1.141163937538432533e-20 1.116568090401031301e-20
4.460283368803110352e+04 6.100028506003495511e-21 1.235479175621999584e-20
4.462069598867687455e+04 6.200453249764964381e-21 1.228229027873177122e-20
4.463855820965034945e+04 2.518639044566523319e-20 1.175390624887484138e-20
4.465642035090630088e+04 -1.484856737794611960e-20 1.186217902320769237e-20
4.467428241239971976e+04 -3.534063638885086643e-20 1.170333529099050337e-20
4.469214439406357269e+04 2.609682198079205381e-21 1.225986802245994750e-20
4.471000629586720606e+04 -1.657136606039310189e-20 1.195096052054102531e-20
4.472786811772899091e+04 1.071303498522702480e-20 1.240479423595696997e-20
4.474572985961093218e+04 -1.247573374708503529e-20 1.158516001452535012e-20
4.476359152147518034e+04 -2.075398891516591379e-20 1.117604514412580121e-20
4.478145310324007005e+04 6.343315417275265702e-22 1.172044429918182037e-20
4.479931460487487493e+04 3.000102804786566121e-20 1.219950066648949738e-20
4.481717602631252521e+04 1.127883565389777310e-20 1.180215231739486145e-20
4.483503736751508404e+04 -1.909556609430511661e-20 1.172703782037126134e-20
4.485289862842261209e+04 2.775875771766753262e-20 1.171904114381122600e-20
4.487075980898237322e+04 -1.483075439687796174e-22 1.211910063416148074e-20
4.488862090913479187e+04 9.961686004349221169e-21 1.168050473370018845e-20
4.490648192884925083e+04 -2.561914134437077088e-21 1.083981307067261299e-20
4.492434286804401927e+04 7.813705035660454090e-21 1.111514470117076679e-20
4.494220372668105847e+04 -1.467985000913812737e-20 1.128919932760129105e-20
4.496006450472247525e+04 -1.178724463689573630e-20 1.181828333278718812e-20
4.497792520208638598e+04 -8.190012913170506061e-21 1.124549211175057199e-20
4.499578581874228257e+04 5.755174508758260224e-22 1.176427668324307486e-20
4.501364635463745071e+04 -8.931838561612246317e-21 1.165876098658489919e-20
4.503150680969737004e+04 -6.296470476433288166e-21 1.179258615373708552e-20
4.504936718389145972e+04 2.149244809577798603e-20 1.188993435164037589e-20
4.506722747716667800e+04 1.364806145401456123e-20 1.236693337458824864e-20
4.508508768944875919e+04 -1.348443998802179984e-20 1.224162515729660065e-20
4.510294782070715155e+04 -8.049281921301811624e-21 1.200273862446424922e-20
4.512080787088925717e+04 -5.761595475136782128e-21 1.233839858533257653e-20
4.513866783992040291e+04 8.507140607979788527e-22 1.175480561511967892e-20
4.515652772776261554e+04 5.529823498913677906e-21 1.205855734519425235e-20
4.517438753437795822e+04 -8.571305198965101918e-21 1.173192591179050749e-20
4.519224725969183783e+04 -1.346273559429211024e-20 1.175382304834291406e-20
4.521010690365879418e+04 7.770156998473331460e-21 1.174993496379340366e-20
4.522796646622624394e+04 1.183105504202902761e-20 1.251646638987161330e-20
4.524582594734882150e+04 -1.854829439586325393e-20 1.247471511521135552e-20
4.526368534695879498e+04 1.027491159891769869e-20 1.267552288764751971e-20
4.528154466500385024e+04 -3.993995720803075143e-21 1.245388774018482347e-20
4.529940390146076970e+04 -3.125089301049945313e-20 1.237472581900902808e-20
4.531726305623272492e+04 1.254118165289374563e-20 1.241393071356176841e-20
4.533512212930377427e+04 7.847259794131180053e-21 1.191947620879043698e-20
4.535298112059176492e+04 3.462023165211297754e-20 1.327470190855092528e-20
4.537084003007351566e+04 6.538906933416501024e-21 1.283795732221897833e-20
4.538869885768146924e+04 -7.528368111719862154e-21 1.257802864271799788e-20
4.540655760334819206e+04 -7.659915279467139805e-21 1.269307430903067348e-20
4.542441626705047383e+04 -9.364061996408657571e-21 1.191115593800570281e-20
4.544227484871297202e+04 -1.380280209588802224e-20 1.264204120686549879e-20
4.546013334829807718e+04 -9.492565378215648219e-21 1.198279689476296240e-20
4.547799176573099976e+04 -4.384147650782306101e-21 1.205679239976057852e-20
4.549585010098850034e+04 -5.885202473272713582e-21 1.276761816543986184e-20
4.551370835400298529e+04 -1.560950059430423237e-20 1.255797970867801381e-20
4.553156652471431153e+04 3.285694389628875609e-20 1.235004635176976737e-20
4.554942461308455677e+04 -1.024963368120803672e-20 1.271485414949692897e-20
4.556728261904603278e+04 4.293330399907821548e-21 1.249308683769474915e-20
4.558514054255335213e+04 5.576995435710809536e-21 1.288163397122779153e-20
4.560299838356098917e+04 4.097952621406436705e-21 1.309550782605815343e-20
4.562085614200851705e+04 2.613920487835615829e-20 1.333482992320504981e-20
4.563871381783606193e+04 -1.737709768568610098e-20 1.206547256134765133e-20
4.565657141099824366e+04 -6.518127413211833785e-21 1.279269519669611870e-20
4.567442892144958023e+04 1.928352087970281079e-21 1.298367755851864630e-20
4.569228634912983398e+04 -8.112796325433709655e-21 1.297934834890581691e-20
4.571014369397877454e+04 1.876320351846250404e-20 1.258905102227732424e-20
4.572800095595091989e+04 7.267139449467187076e-21 1.251657026645756233e-20
4.574585813500823861e+04 -6.425494560897257004e-21 1.292860968202334397e-20
4.576371523107555549e+04 7.582943933720826383e-21 1.274925300024504596e-20
4.578157224409215996e+04 -1.560798539945352002e-20 1.245912901132262105e-20
4.579942917404267791e+04 -1.253854448516910856e-20 1.273994208536986105e-20
4.581728602083725127e+04 3.576372748453620300e-20 1.263728944911243230e-20
4.583514278445252421e+04 2.431147900726744642e-20 1.248199815637946711e-20
4.585299946480592916e+04 7.875054823574070503e-21 1.410130549070820427e-20
4.587085606186685618e+04 1.616976221248681192e-20 1.352322512285046475e-20
4.588871257557490026e+04 -2.106428336048660308e-21 1.301650040245134035e-20
4.590656900586968550e+04 3.169116589289465037e-21 1.332863769350833655e-20
4.592442535272045643e+04 -1.676320701983577522e-20 1.324678551826970796e-20
4.594228161603680201e+04 4.095387339590064435e-21 1.195421333319155244e-20
4.596013797784653434e+04 -2.016934059442916294e-20 1.260767180677139611e-20
4.597799427237135387e+04 -6.889403901600260475e-21 1.320567775678609742e-20
4.599585048321604700e+04 -8.475838174158354287e-21 1.353957470460174058e-20
4.601370661033432407e+04 -1.709433870447988738e-20 1.413506397534660404e-20
4.603156265367330343e+04 2.161994189873929674e-20 1.510632487084088673e-20
4.604941861317978328e+04 -6.233438143734332392e-21 1.543858271810859308e-20
4.606727448879340955e+04 -9.419238753041240297e-21 1.475969730706492328e-20
4.608513028047559783e+04 8.592891987263412012e-21 1.381335608211373366e-20
4.610298598816616141e+04 1.215014333575477369e-20 1.447393323578211581e-20
4.612084161181224772e+04 1.240811677536832362e-20 1.419341305618003690e-20
4.613869715136074228e+04 1.234679163045353651e-20 1.429894815328689841e-20
4.615655260675861791e+04 4.911784216731403256e-21 1.460246484603195975e-20
4.617440797796028346e+04 -1.314852042594608731e-20 1.389509606084492265e-20
4.619226326489019993e+04 6.450344125289053599e-21 1.450180836392502885e-20
4.621011846752522251e+04 2.071792902452179594e-20 1.545969868567435424e-20
4.622797358578198327e+04 1.977330292741367945e-21 1.468618840367687682e-20
4.624582861962987226e+04 -3.022647888667547732e-20 1.388392126454560703e-20
4.626368356901610969e+04 -4.055326062209644632e-21 1.331996033771963530e-20
4.628153843387256347e+04 -2.512177050615083951e-20 1.282132778923516752e-20
4.629939321414606820e+04 2.759458253164559791e-20 1.448726074249167396e-20
4.631724790981351543e+04 -8.981570010735916779e-21 1.398792247370438028e-20
4.633510252077675250e+04 -2.463627209166665722e-20 1.415795266465083910e-20
4.635295704702009243e+04 1.144942875339690964e-20 1.416088286350957141e-20
4.637081148847498844e+04 -4.129814703041181349e-21 1.335168164561404467e-20
4.638866584508089727e+04 -3.442385587377608092e-20 1.414722099138941900e-20
4.640652011679243878e+04 -1.354420952853925632e-20 1.503066149741764896e-20
4.642437430355634569e+04 1.204443374109630363e-20 1.462778120474326178e-20
4.644222840531940892e+04 -2.013595941243363601e-23 1.499442482168713423e-20
4.646008242204349517e+04 3.213113312076769162e-20 1.497019892365019685e-20
4.647793635364526563e+04 3.633109693772093277e-21 1.423169030175764872e-20
4.649579020008657244e+04 1.632037991237220576e-20 1.551570330447858962e-20
4.651364396132098045e+04 -1.500944328198991455e-20 1.427525238699928210e-20
4.653149763728083781e+04 -2.492780300272790730e-20 1.426440748879268687e-20
4.654935122792046604e+04 -7.118195424365134158e-21 1.439576040676258790e-20
4.656720473319400480e+04 -1.128542433982746602e-20 1.411795869028122458e-20
4.658505815304077259e+04 -2.067964369829384418e-20 1.403609777855442479e-20
4.660291148739988421e+04 -1.230102378608738163e-20 1.383292629664343819e-20
4.662076473623306083e+04 -2.794807498691491848e-20 1.425538110669060735e-20
4.663861789947917714e+04 -3.306106527957026145e-20 1.408760397675385104e-20
4.665647097707734792e+04 -1.740820203224732858e-20 1.397756205824740674e-20
4.667432396898211300e+04 -1.075059806826313114e-21 1.451022844681216285e-20
4.669217687514766294e+04 -1.612577192042977409e-21 1.464366805561584076e-20
4.671002969551305432e+04 6.290760166214055169e-20 1.472256540346578897e-20
4.672788243001752562e+04 3.700039259933667929e-20 1.523010351215194351e-20
4.674573507863011764e+04 1.412077550392902398e-20 1.453792094253176717e-20
4.676358764126727328e+04 -9.763429875796036719e-21 1.412992495332820132e-20
4.678144011789778597e+04 2.133450634665814071e-20 1.436218063964268857e-20
4.679929250846125797e+04 1.145288637074948884e-20 1.496478948151520628e-20
4.681714481289671676e+04 2.348844004706282053e-20 1.543596053787418581e-20
4.683499703116579622e+04 2.722784411106946703e-20 1.506119098656435394e-20
4.685284916320758930e+04 -2.293256050805526500e-20 1.516886793120297981e-20
4.687070120896097069e+04 -2.646865092428355058e-21 1.547418440847063189e-20
4.688855316838756698e+04 2.103477155895532724e-20 1.469362172445938522e-20
4.690640504142583086e+04 7.998523056141770693e-21 1.447604120901534690e-20
4.692425682801534276e+04 8.855932218455773821e-21 1.378576455094745622e-20
4.694210852811772929e+04 1.573865529851850859e-20 1.453723464691249282e-20
4.695996014167183603e+04 2.186165570858140362e-20 1.543380940792710134e-20
4.697781166862429382e+04 6.466021299191866063e-21 1.494442006865110261e-20
4.699566310891387548e+04 1.117877555306681728e-20 1.619239289073184303e-20
4.701351446250204754e+04 -1.902631726775865082e-20 1.403979444242800987e-20
4.703136572933490970e+04 -3.144142067918838998e-20 1.459005562262370930e-20
4.704921690935943479e+04 -1.606685895418530316e-20 1.466790960387006364e-20
4.706706800249181833e+04 1.422015092586910933e-20 1.452924185104850989e-20
4.708491900870866084e+04 -1.683837365312017315e-20 1.471263326821032581e-20
4.710276992794889520e+04 -2.139477685590966811e-20 1.436480532771784143e-20
4.712062076015124330e+04 3.448477805581209590e-20 1.482345499870731122e-20
4.713847150528452039e+04 2.063296348907921131e-21 1.568616206366688388e-20
4.715632216326474008e+04 -5.235927249527940308e-20 1.629222984520011572e-20
4.717417273406145250e+04 9.716250180830707683e-21 1.513574921062742001e-20
4.719202321762088832e+04 3.651481818508293727e-20 1.543816051965528063e-20
4.720987361386674456e+04 3.688382395958976257e-20 1.581369731384072901e-20
4.722772392278318148e+04 2.031327047732759162e-20 1.627285515170503289e-20
4.724557414427865297e+04 -9.754480336956904862e-22 1.448513364490901855e-20
4.726342427830626548e+04 -1.072974439435310066e-20 1.432209004615371510e-20
4.728127432483577286e+04 1.939329618171591849e-20 1.491160738871275930e-20
4.729912428379079211e+04 4.951120424986849596e-21 1.446322255878245405e-20
4.731697415512506996e+04 -2.167160862290962688e-20 1.458360913758250608e-20
4.733482393878497533e+04 -1.755904564005592010e-20 1.476275707168858541e-20
4.735267363473180012e+04 8.631589229209269404e-21 1.577073988349784037e-20
4.737052324288115778e+04 -4.720641005325263966e-21 1.518515644648064584e-20
4.738837276319431840e+04 2.111555994400319400e-20 1.508611322230295509e-20
4.740622219562559621e+04 -2.451726133628028833e-20 1.459259866535833356e-20
4.742407154009827354e+04 4.703521636464682802e-21 1.462072463331060159e-20
4.744192079658146395e+04 -2.867506988254507421e-20 1.441182418550121376e-20
4.745976996502120892e+04 -2.984474402866609177e-21 1.582153958400418917e-20
4.747761904535598296e+04 1.214258046404966054e-20 1.563292023058072650e-20
4.749546803752379492e+04 4.343174810150136172e-21 1.494987065645085306e-20
4.751331694148670795e+04 -4.348317596521350198e-20 1.468202916352820139e-20
4.753116575718314562e+04 -3.441680693622230845e-21 1.554739830270898281e-20
4.754901448454405181e+04 -1.074199207112644804e-20 1.555488541638537152e-20
4.756686312354593974e+04 -1.968831159028985973e-20 1.518534935407745024e-20
4.758471167411965143e+04 -2.118582224061242695e-20 1.454676735121199686e-20
4.760256013621050806e+04 -3.691538623189958273e-20 1.516386224214469680e-20
4.762040850975770445e+04 -2.246726454603388972e-22 1.492998967062362099e-20
4.763825679472256161e+04 1.450352879116890857e-20 1.441579169054791107e-20
4.765610499104346673e+04 -1.378660010062307990e-20 1.495304456704755302e-20
4.767395309865879972e+04 6.226704006018177634e-21 1.578821838447004781e-20
4.769180111752986704e+04 -9.053173735437423010e-21 1.547177167465138803e-20
4.770964904758655757e+04 2.287261394013944934e-20 1.525859294671989225e-20
4.772749688879088353e+04 2.877043594304485602e-21 1.537969478514073986e-20
4.774534464108890097e+04 -1.246809855417789297e-20 1.520552932368503319e-20
4.776319230440359388e+04 -8.174769501482088226e-21 1.480403666521221940e-20
4.778103987869620323e+04 -2.465930649032633632e-20 1.462569451314710854e-20
4.779888736392793362e+04 -3.998948955023726152e-20 1.449006849626789514e-20
4.781673476001329254e+04 -1.308059093145247407e-20 1.480277922598046366e-20
4.783458206692196836e+04 -1.630468971023324726e-20 1.497888348382490439e-20
4.785242928459218092e+04 -1.751248494600316975e-20 1.648963701841811281e-20
4.787027641297746595e+04 -3.740050259204464608e-20 1.551926614728636201e-20
4.788812345200072014e+04 -8.422246647850234993e-21 1.659158096536996029e-20
4.790597040163064958e+04 2.084801592448820744e-21 1.631788590169511164e-20
4.792381726180481201e+04 -7.719587387421000960e-21 1.478096575088849627e-20
4.794166403246978007e+04 8.952263064634632994e-21 1.563695041238134427e-20
4.795951071357895853e+04 2.022521465117680807e-21 1.531281036445155527e-20
4.797735730505527317e+04 3.389355221110805816e-20 1.600982425820863246e-20
4.799520380685971759e+04 1.748849247447182503e-20 1.613391231572418705e-20
4.801305021895308892e+04 6.197971388931272003e-21 1.574859984901791209e-20
4.803089654125793459e+04 -2.482753662247081128e-20 1.497520562849043471e-20
4.804874277372828510e+04 1.113435231793836251e-20 1.601737153172026808e-20
4.806658891630973085e+04 -1.313409969506662901e-20 1.570263464515456644e-20
4.808443496894807322e+04 -3.795278515710859408e-21 1.464020494217893354e-20
4.810228093158896081e+04 8.033474525817254045e-21 1.559114782783851659e-20
4.812012680418512173e+04 2.991916021797571021e-20 1.666565981612826555e-20
4.813797258665966365e+04 2.673772140553660402e-20 1.703534513591630095e-20
4.815581827899678319e+04 -2.985948137766111608e-20 1.551722441266632836e-20
4.817366388110376283e+04 -2.676349786456082104e-20 1.558468144186147702e-20
4.819150939294159616e+04 7.351719066028549159e-21 1.647154052469729273e-20
4.820935481444805191e+04 3.902183595485360325e-20 1.662492527222915755e-20
4.822720014559118863e+04 1.824775437363587572e-20 1.584814375542934936e-20
4.824504538630199386e+04 -7.493569801059098306e-21 1.566809910386425793e-20
4.826289053651060385e+04 1.467716237286082910e-20 1.548463831204940098e-20
4.828073559618572472e+04 1.278561533186433948e-20 1.607322608562699262e-20
4.829858042707974528e+04 -8.500199344551623449e-21 1.603369052170753732e-20
4.831642476040353358e+04 -1.303514897694551239e-20 1.666554183388500457e-20
4.833426900294956431e+04 -1.524672973174210631e-20 1.557271300629503698e-20
4.835211315474476578e+04 -2.820309247479980216e-20 1.549393673836167069e-20
4.836995721571926697e+04 -1.786377521005608318e-20 1.508503485732741936e-20
4.838780118584926822e+04 9.567671272187901032e-21 1.588000431589577268e-20
4.840564506507230544e+04 -1.615524531280511552e-20 1.590946848231315626e-20
4.842348885330261692e+04 -5.979066246503253942e-21 1.449453896797942951e-20
4.844133255052487220e+04 -1.978277357499812138e-20 1.549114434443830301e-20
4.845917615666127676e+04 2.186296600579987555e-20 1.678241384856824429e-20
4.847701967167272960e+04 3.964516891362376523e-20 1.719106426328285148e-20
4.849486309550453734e+04 -2.543665190696109900e-20 1.623654368054107613e-20
4.851270642807805416e+04 -2.826846177833850892e-21 1.604143297104243779e-20
4.853054966935500852e+04 1.097987293840130673e-20 1.664154599670119527e-20
4.854839281928069249e+04 2.416765662310270760e-20 1.670525655554781102e-20
4.856623587780821254e+04 -4.257964239895816731e-20 1.584898024891433003e-20
4.858407884487509000e+04 -7.601892409764460297e-21 1.697846550251316737e-20
4.860192172043366736e+04 1.276946769978575580e-20 1.616639334782463204e-20
4.861976450439883047e+04 -3.564901499587276017e-21 1.667142806734298391e-20
4.863760719675467408e+04 -7.920181637346461181e-21 1.641110419278292723e-20
4.865544979743104341e+04 -2.801945837039903329e-20 1.637889965225794216e-20
4.867329230637309956e+04 -1.775712586263331149e-20 1.638532907069628422e-20
4.869113472352553799e+04 2.677279534141658518e-20 1.697956621631092637e-20
4.870897704882599646e+04 1.151991395717459643e-20 1.597978172848106143e-20
4.872681928224326839e+04 -3.051205663744094288e-20 1.617837431331699962e-20
4.874466142369159934e+04 1.314037338157605412e-20 1.714058256133284394e-20
4.876250347313154634e+04 -4.036891894275970673e-21 1.618297759225223060e-20
4.878034543052333174e+04 -6.009580777742876728e-22 1.606907940103760192e-20
4.879818729578881175e+04 -2.246616060299683196e-20 1.590106357155057271e-20
4.881602906888135476e+04 1.257941082446856889e-20 1.655153322875470348e-20
4.883387074973828567e+04 1.687246029012938304e-20 1.743778986951494799e-20
4.885171233833571023e+04 -1.852431993665084013e-20 1.662472932240271547e-20
4.886955383457167045e+04 1.420997499924665751e-20 1.683292564797415170e-20
4.888739523842218478e+04 1.937893633032834617e-21 1.746345789340872459e-20
4.890523654982508015e+04 -3.737118362114248789e-20 1.676903871240574296e-20
4.892307776871758688e+04 -4.645120576801009016e-20 1.752778438744970897e-20
4.894091889506797452e+04 -1.046673950904387627e-20 1.710077081935963404e-20
4.895875992879746627e+04 -2.032161874014860700e-20 1.646970495850832209e-20
4.897660086986655369e+04 -2.083924749592788697e-20 1.740496078960393097e-20
4.899444171819737676e+04 -1.877829820157367034e-20 1.689535560598145483e-20
4.901228247375819774e+04 -2.260918543435390366e-20 1.662569562590862195e-20
4.903012313648612326e+04 -2.148778099588750207e-20 1.697271169273087811e-20
4.904796370633324841e+04 4.463251974307148023e-20 1.829771276438538658e-20
4.906580418322909827e+04 1.823795023185180160e-20 1.694758683668281459e-20
4.908364456713451364e+04 4.810287467922325856e-21 1.682050915641569780e-20
4.910148485797883768e+04 -1.157371006826134689e-20 1.599959095119277796e-20
4.911932505570675858e+04 -1.682533565978115513e-20 1.712022856841740596e-20
4.913716516028581827e+04 -5.045727584735298272e-20 1.698504952668578503e-20
4.915500517163790937e+04 -9.241420081594096045e-21 1.631506943499176530e-20
4.917284508972366893e+04 6.268983567761130618e-21 1.615163989729290758e-20
4.919068491448012355e+04 3.074036201128204640e-20 1.786931954802294955e-20
4.920852464584412519e+04 2.499885045020374061e-20 1.812089226013097327e-20
4.922636428375944524e+04 1.833371179678982657e-21 1.905586959378099878e-20
4.924420382819522638e+04 -8.370473611970632188e-25 1.856544008138263398e-20
4.926204327908837149e+04 -6.745029716947284211e-21 1.762548050840028883e-20
4.927988263635231124e+04 -1.356949595005630109e-21 1.700525922223881097e-20
4.929772189997052919e+04 -3.345944361696407365e-20 1.651118319828518675e-20
4.931556106987148814e+04 2.859862254488835320e-20 1.811119986366346411e-20
4.933340014599285496e+04 -2.576187515605493945e-20 1.669176427592882986e-20
4.935123912827921595e+04 -4.858350835539259247e-21 1.624860755748932147e-20
4.936907801671424386e+04 3.649415394072674440e-20 1.644308051247473245e-20
4.938691681117935514e+04 -6.631808577734246736e-22 1.720483717501276838e-20
4.940475551166622608e+04 -6.053932998574725998e-21 1.714030393067569373e-20
4.942259411810419260e+04 -2.094942096771032494e-20 1.631196252747827335e-20
4.944043263044566265e+04 -1.759115592393863740e-21 1.734369385012726233e-20
4.945827104860373947e+04 -1.075777656475079764e-20 1.737334491447767756e-20
4.947610937255325553e+04 1.979100578460915234e-20 1.713196887439599983e-20
4.949394760225536447e+04 -2.140203861725850890e-20 1.737912829861076342e-20
4.951178573759969004e+04 -6.803375359096743288e-20 1.659074879248547419e-20
4.952962377857774118e+04 -4.668301460234890768e-20 1.604603346079330630e-20
4.954746172511778423e+04 1.933224931854191549e-20 1.723237823075581311e-20
4.956529957716402714e+04 1.082898996022967895e-20 1.628860838318009450e-20
4.958313733466935810e+04 2.344760255874168266e-20 1.639388501834957172e-20
4.960097499753892043e+04 7.505721681660124164e-20 1.740299593201974072e-20
4.961881256578768807e+04 1.292169318470825911e-20 1.589959517467055407e-20
4.963665003930411331e+04 1.931277803639214954e-20 1.673600390283559209e-20
4.965448741804114979e+04 1.732186453179868633e-20 1.638716278516818916e-20
4.967232470195108908e+04 -1.735960413921803021e-20 1.650315277488923293e-20
4.969016189099397161e+04 3.594941837504393134e-20 1.724437917415382834e-20
4.970799898509010382e+04 -8.912160657313226117e-21 1.749637256179846217e-20
4.972538208934194699e+04 7.633525993306078602e-21 1.792032620344107898e-20
4.974321896663868392e+04 9.014824690959885335e-21 1.707666270751892220e-20
4.976105573658977664e+04 1.019762837423654745e-20 1.640883904209515673e-20
4.977889241123104875e+04 -4.386056975937769246e-21 1.608453954413947293e-20
4.979672899063069781e+04 -2.731099079319272524e-20 1.606277678987186208e-20
4.981456547475582920e+04 -4.304620454384273391e-20 1.578553776016330505e-20
4.983240186356611957e+04 3.392669047134113522e-21 1.579949621006725535e-20
4.985023815699063562e+04 -9.244410256306349953e-21 1.630074251150469974e-20
4.986807435496551625e+04 8.573242227747886165e-21 1.656539267547711884e-20
4.988591045744964504e+04 3.803188080497367427e-21 1.738148650803858773e-20
4.990374646435704199e+04 9.629534406072062601e-21 1.671503963658147004e-20
4.992158237567760807e+04 3.112600652131684860e-20 1.784346080942555260e-20
4.993941819133273384e+04 1.926674428794210777e-20 1.735612897707896295e-20
4.995725391125825263e+04 3.576253860358545322e-20 1.825281059051484636e-20
4.997508953541301889e+04 4.030875320796178370e-20 1.749028774408658127e-20
4.999292506371148920e+04 -1.110404724229783549e-20 1.815609552611336058e-20
5.001076049615071679e+04 -3.879000820237787036e-20 1.711597847978612338e-20
5.002859583263628156e+04 -1.405150384314051977e-20 1.821566982741721718e-20
5.004643107311196945e+04 4.507330182106376262e-20 1.857496643943346228e-20
5.006426621753688232e+04 -1.090983698151907926e-20 1.739308752139900689e-20
5.008210126600832155e+04 -2.352700483378124794e-20 1.641320752591266699e-20
5.009948151323459751e+04 -1.558763658108957645e-20 1.764917654821429576e-20
5.011731632996829285e+04 -4.617125335676102305e-20 1.802986394429652199e-20
5.013515105042573850e+04 2.049936251610750116e-20 1.678936639655456235e-20
5.015298567454358999e+04 1.719878003027338779e-21 1.775166220755942066e-20
5.017082020226560417e+04 1.621667482574951525e-20 1.670211338613460522e-20
5.018865463351955987e+04 -1.831406228150392651e-20 1.775905191970141605e-20
5.020648896827998396e+04 2.403079576724240371e-20 1.758989771499508486e-20
5.022432320646785956e+04 -2.018234923465159018e-20 1.806795618553616033e-20
5.024215734804273234e+04 -1.359987412194876541e-20 1.805600970565598671e-20
5.025999139294827910e+04 -1.440292675014693937e-20 1.773261265713706463e-20
5.027782534110324923e+04 3.107571284696653995e-20 1.802793127032581238e-20
5.029565919246816338e+04 4.209739615567930131e-21 1.815482976840482956e-20
5.031349294699468010e+04 4.622990500514749523e-20 1.979536143215895976e-20
5.033132660460255283e+04 1.198444294595159689e-20 1.843408430036525572e-20
5.034916016527413012e+04 -2.869450511355309100e-21 1.953676713914916106e-20
5.036699362892189674e+04 -2.580912597314424705e-20 1.881641659370634903e-20
5.038482699550552934e+04 -1.483244447849205500e-20 1.843351776781968191e-20
5.040266026495265396e+04 3.385308452488088141e-21 1.859901294883361790e-20
5.042049343721385958e+04 -2.892483658116229086e-21 1.815887004274520916e-20
5.043832651220923435e+04 -3.409407505032919452e-21 1.800788945717106848e-20
5.045615948993831989e+04 -1.574187098324663527e-20 1.833338927465952126e-20
5.047399237030475342e+04 -8.050032282016220915e-21 1.709874897385479195e-20
5.049182515326710563e+04 -1.332351968395050987e-20 1.780098872357154756e-20
5.050965783875316265e+04 -2.268079492435833331e-20 1.756125837670769908e-20
5.052749042671471398e+04 2.209078542909095657e-21 1.753564682279896796e-20
5.054532291709512356e+04 5.328583114335177189e-20 1.755996890707152890e-20
5.056315530983696954e+04 3.447367804243393392e-20 1.853256925763476432e-20
5.058098760487588879e+04 2.451346249493944956e-20 1.845803468524809364e-20
5.059881980216358352e+04 1.200829931621834466e-20 1.838308864074039152e-20
5.061665190165135573e+04 -6.194501356251806569e-21 1.668943924305508945e-20
5.063448390328248934e+04 5.385515799380133553e-21 1.696612488300055648e-20
5.065231590010746004e+04 3.350497964608322491e-21 1.767231693826753470e-20
5.067014791290337598e+04 1.055336665552601230e-20 1.706482003109501157e-20
5.068797982766885980e+04 1.417018682689725282e-20 1.793671162786272368e-20
5.070581164433823869e+04 -1.287323735979226924e-20 1.794753115948754142e-20
5.072364336283908779e+04 5.115218452222779617e-20 1.859216603970506186e-20
5.074147498312297103e+04 -3.739773080381867783e-20 1.895257282715781859e-20
5.075930650516496098e+04 -4.164018012419054541e-20 1.838882512811179791e-20
5.077713792888322496e+04 -3.642684603293671553e-20 1.917468686601303783e-20
5.079496925420543266e+04 -2.863970355404941805e-20 1.877730303276572564e-20
5.081280048110696225e+04 -9.024278151352574272e-21 2.022179062861007194e-20
5.083063160951485770e+04 1.382977000609687731e-20 1.808649554272322903e-20
5.084846263936303876e+04 3.405523259672275213e-20 1.818441502812523295e-20
5.086629357061936025e+04 -3.794536352997430953e-20 1.866859396369624029e-20
5.088412440319497546e+04 4.522975397006648072e-21 1.932826930783802716e-20
5.090195513705683697e+04 4.996213722907189857e-21 1.815454094099272161e-20
5.091978577213059907e+04 2.307838407660137644e-20 1.875383809427385014e-20
5.093761630836037511e+04 4.744223770626199050e-21 1.885824621173953774e-20
5.095544674571308133e+04 -2.017005622831537092e-20 1.783764161404492535e-20
5.097327708411545609e+04 7.151416593965822697e-21 1.831914163131032382e-20
5.099110732349326281e+04 1.973674609479673704e-20 2.027247282065191706e-20
5.100893746382258541e+04 -1.017588300080554646e-20 2.028658532475995675e-20
5.102676750503011863e+04 -2.300618921855893722e-20 1.991136136592861062e-20
5.104459744705020421e+04 3.685814713323701196e-20 1.974410851195367416e-20
5.106242728984119458e+04 -1.867931038034964257e-21 1.886908432101178565e-20
5.108025703333868296e+04 -1.913426259964846856e-20 1.803251463371134990e-20
5.109808667748534936e+04 -3.328273029932074572e-20 1.951671054811903815e-20
5.111591622221514262e+04 3.224055528100556324e-21 1.862411644079735124e-20
5.113374566749493533e+04 1.192209401941524950e-20 1.940800826895692206e-20
5.115157501323583710e+04 -1.060411533214755047e-20 1.867306904943398796e-20
5.116940425939651323e+04 1.546837782816487003e-20 1.908486636834047530e-20
5.118723340593463945e+04 8.934907401584676493e-21 1.917237582029955809e-20
5.120506245276133996e+04 1.728103169026089307e-20 1.935019717200932041e-20
5.122289139984363283e+04 3.150242143383136418e-20 1.839521137560988445e-20
5.124072024711590348e+04 -2.887588002855317490e-20 1.819556128146419842e-20
5.125854899451946403e+04 3.144870839233234897e-20 1.950169262660424475e-20
5.127637764199805679e+04 -9.555022143005275370e-21 1.989226979920460800e-20
5.129420618949420168e+04 -2.707727527740987493e-20 1.845265850277898747e-20
5.131203463694978564e+04 8.162797352565344360e-21 1.870554055729984253e-20
5.132986298430691386e+04 -1.567600031715535041e-20 1.886524399140830806e-20
5.134769123150879022e+04 3.073040928972420414e-20 1.872275076604977443e-20
5.136551937849785463e+04 7.700144752424354228e-20 2.028965918812862533e-20
5.138334742521548469e+04 5.959859940652781190e-20 1.959495364589170111e-20
5.140117537160451320e+04 1.409340326925466543e-20 1.934400660680677145e-20
5.141900321759962389e+04 -2.301808634206770424e-20 1.757308892262160606e-20
5.143683096316727460e+04 -6.407272579628521328e-20 1.764643287076751249e-20
5.145465860822424293e+04 -1.302465951421204306e-21 1.818950894530409714e-20
5.147248615272212919e+04 3.793366291165490828e-21 1.849244625662648145e-20
5.149031359660321323e+04 2.621569950274407013e-20 1.878940814852016663e-20
5.150814093980905454e+04 -1.157716099584960974e-21 1.936790364183456504e-20
5.152596818228162738e+04 -7.376331333704788886e-21 1.843744847998553178e-20
5.154379532396390277e+04 -3.837251161272036747e-20 1.914849084435694088e-20
5.156162236479797866e+04 3.365189263081885611e-20 1.895447116989867093e-20
5.157944930472481792e+04 3.969318122828018831e-21 1.886213726196614830e-20
5.159727614369550429e+04 -1.426639494842343292e-20 1.926076775744741493e-20
5.161510288162807410e+04 1.881790548101812082e-20 1.777469878265445409e-20
5.163292951850467216e+04 6.522520729641631531e-21 1.860142586539382477e-20
5.165075605422615627e+04 1.133967485947134239e-20 1.978996956632404869e-20
5.166858248875172285e+04 -2.848784990145306293e-20 1.956297694743972412e-20
5.168640882202337525e+04 -1.052010871331999450e-19 1.856456653226039906e-20
5.170423505398206180e+04 -2.707776146932542391e-20 1.911098925644294844e-20
5.172206118458644050e+04 -1.371745079852011628e-20 1.917739522489288385e-20
5.173988721373836597e+04 -7.269361118953465219e-21 1.817374604136319162e-20
5.175771314142808114e+04 3.040595920796187564e-20 2.047406425902088075e-20
5.177553896755594178e+04 1.744087034246334545e-20 1.900891362194442344e-20
5.179336469208118797e+04 3.916345266901187133e-20 1.965752038331202935e-20
5.181119031495377567e+04 -3.136381541705772112e-20 1.837142361496582383e-20
5.182901583610634407e+04 -3.444283165092134155e-20 1.839721201638209273e-20
5.184684125547307485e+04 2.167961255631826501e-20 1.947752183316582341e-20
5.186466657300426596e+04 3.477620627256902432e-20 1.850641356871017319e-20
5.188249178864950227e+04 2.272279967706626421e-20 1.907066595747998490e-20
5.190031690234955022e+04 2.538768203051324494e-20 1.927476151174324142e-20
5.191814191402289725e+04 -4.093854866648439144e-20 1.920294018993852100e-20
5.193596682363549917e+04 2.015849243721382148e-20 2.003865208870965730e-20
5.195379163111984963e+04 5.209170338184881456e-20 2.067487546926810105e-20
5.197161633641007938e+04 2.135258911443946670e-20 1.989143709415932614e-20
5.198944093946435169e+04 5.206155720708903169e-20 2.092671075027358310e-20
5.200726544021569862e+04 8.492297221998872145e-20 2.557928221693813737e-20
