1.699173371546241833e+04 -1.257665697960427497e-20 8.240249271982401747e-21
1.700244093018879357e+04 2.167828556881212358e-20 5.317113250792124199e-21
1.701314813560839684e+04 3.410808923250115821e-20 5.028026518897390644e-21
1.702385533167637550e+04 2.583552109767638877e-20 5.348657008269208335e-21
1.703456251834919385e+04 8.923230440591053598e-21 5.061416792394441422e-21
1.704526969558205747e+04 -1.561267490318580271e-21 5.003908270864589315e-21
1.705597686333005186e+04 2.085867456231374005e-20 5.180073987078494164e-21
1.706668402154982323e+04 1.878176920945824289e-20 5.088581987564289321e-21
1.707739117019659170e+04 1.255278590385240351e-20 5.079469557800242326e-21
1.708809830922556648e+04 1.844051480465706203e-20 4.942646972090313173e-21
1.709880543859260797e+04 2.156648514141958881e-20 4.844730376265241260e-21
1.710951255825599583e+04 2.092528031615441513e-20 5.520250407920723813e-21
1.712021966816806889e+04 8.529742611754588897e-21 4.913300636340323499e-21
1.713092676828562253e+04 2.344499598822596157e-20 4.655608295639574722e-21
1.714163385856715104e+04 3.617926801150739100e-20 5.640385382894519148e-21
1.715234093896509512e+04 2.545819775064657173e-20 5.500568534831047887e-21
1.716304800943639930e+04 1.729174892125863765e-20 5.916794733014887260e-21
1.717375506993967792e+04 1.662914443238902787e-20 6.645866734096666924e-21
1.718446212042629486e+04 1.642756246414866809e-20 6.220969304243572938e-21
1.719516916085642879e+04 1.545307260669921869e-20 5.207324685893472473e-21
1.720587619118528528e+04 1.513317672523811792e-20 4.860464457466212407e-21
1.721658321136682207e+04 8.280592280613575011e-21 5.530874327099628194e-21
1.722729022135939886e+04 2.905669364633160314e-20 7.362755215111976756e-21
1.723799722112025120e+04 3.030846596665994232e-20 7.113020456059849492e-21
1.724870421060182343e+04 3.190428413091626841e-20 5.277069803774782180e-21
1.725941118976318830e+04 3.229631780096011258e-20 5.061455348982061092e-21
1.727011815856061730e+04 3.127063227548893775e-20 5.301578793066694065e-21
1.728082511694995992e+04 1.217631424121630366e-20 5.489473311210361819e-21
1.729153206488594878e+04 1.943189580635737102e-20 5.343947616837626634e-21
1.730223900232818414e+04 1.531656396170069065e-20 5.218871446074963959e-21
1.731294592923271193e+04 8.419153881736347632e-21 5.621485012965204050e-21
1.732365284555210019e+04 1.897300587093843335e-20 4.688473202665277121e-21
1.733435975124732431e+04 -3.358318141580543362e-21 4.463785809665957769e-21
1.734506664627436840e+04 1.416024858772371862e-20 5.238674981311169160e-21
1.735577353058583321e+04 2.670979276001596378e-20 5.081089199942412765e-21
1.736648040414234856e+04 3.401257390204872932e-20 5.678354357455281803e-21
1.737718726690111362e+04 3.237905876460630129e-20 5.216637587071771201e-21
1.738789411881488923e+04 1.617540918503682928e-20 4.487298913773705057e-21
1.739860095984208601e+04 1.760372203033874799e-20 4.755065500579544754e-21
1.740930778994388311e+04 1.486600813770411918e-20 4.666801574674855060e-21
1.742001460906925786e+04 1.172824090518501873e-20 4.103576974519986917e-21
1.743072141717949489e+04 2.264281537504964060e-20 4.724286396536119915e-21
1.744142821423327041e+04 1.734414951916607334e-20 4.996872500129038028e-21
1.745213500025299800e+04 8.078296419924919588e-21 4.545764149119140065e-21
1.746303982769787035e+04 1.754060788915687143e-20 4.755175570365804112e-21
1.747374660629635764e+04 2.396540016939406472e-20 4.684628810468014171e-21
1.748445337365926389e+04 2.504032724668915334e-20 4.748935874715307100e-21
1.749516012974533805e+04 1.921950735750374834e-20 4.506899024464706236e-21
1.750586687451083708e+04 1.716290491147138645e-20 4.465518129100436934e-21
1.751657360791157771e+04 1.801311290257943579e-20 4.865924585329774488e-21
1.752728032990587599e+04 2.206420299728281967e-20 4.426509412598185987e-21
1.753798704045070190e+04 9.061041746497942596e-21 4.365912334769394553e-21
1.754869373950426598e+04 1.487266060265715109e-20 4.438141404480779361e-21
1.755940042702179926e+04 1.795605456722642059e-20 4.466882785783399633e-21
1.757010710295994068e+04 1.408009615334170647e-20 4.492534750120907712e-21
1.758081376728016039e+04 2.002767606951392801e-20 4.467330065154977211e-21
1.759152041993600142e+04 2.164877232485221843e-20 4.568997744521661348e-21
1.760222706088447012e+04 1.581164557271021396e-20 4.052616062043177421e-21
1.761293369008847367e+04 2.213337099839952873e-20 4.208907517171304147e-21
1.762364030749741505e+04 7.121027145685256773e-21 4.217726556201588636e-21
1.763434691307406683e+04 1.721976435398082451e-20 4.594016237133661735e-21
1.764505350677600654e+04 4.117768280670203095e-21 4.683123296023010101e-21
1.765576008855710097e+04 2.334474151061299746e-20 4.511905879694323214e-21
1.766646665837801993e+04 2.126331762169876996e-20 4.657504897328857024e-21
1.767717321619661016e+04 1.784046244630439780e-20 4.428885920631333936e-21
1.768787976196672389e+04 1.027988045312098972e-20 4.080748287723463043e-21
1.769858629565015872e+04 7.688943350193650051e-21 4.294371646077018962e-21
1.770929281720264044e+04 6.902429326264770447e-21 4.027043996591847470e-21
1.771999932658251782e+04 9.289879558011669832e-21 4.066617065858005583e-21
1.773070582374730657e+04 8.072151047791408060e-21 4.054035681470283843e-21
1.774141230865397301e+04 2.904837905325992641e-20 3.829452133061225690e-21
1.775211878126403099e+04 1.517541549144116206e-20 4.367559994920592862e-21
1.776282537750953270e+04 1.890541194052662883e-20 4.314752958373023068e-21
1.777353202065504956e+04 2.634437291140042498e-20 4.272742822961906048e-21
1.778423865137811299e+04 1.650819408898725491e-20 4.511351919729560217e-21
1.779494526962830059e+04 1.690485423767993961e-20 4.032030652395022075e-21
1.780565187536807571e+04 9.239133735020333573e-21 3.985450198550237334e-21
1.781635846855706404e+04 2.912563181949042028e-20 4.485616725209025734e-21
1.782706504915141704e+04 1.145088697649660851e-20 3.596464381579011222e-21
1.783777161710882501e+04 2.748892496414276203e-20 4.249569456188874115e-21
1.784847817238669086e+04 1.907202959574340987e-20 4.172628753761012579e-21
1.785918471494649930e+04 2.069416463337461810e-20 4.305638326138553179e-21
1.786989124474282289e+04 5.435788002731435486e-20 4.558924164239653304e-21
1.788059776173295541e+04 1.573532028323370585e-19 5.561019453018658068e-21
1.789130426588034243e+04 2.381057159405374728e-19 6.984544227254068909e-21
1.790201075713933096e+04 1.575553470358711812e-19 6.358055133224160393e-21
1.791271723546850626e+04 5.477853487625254122e-20 4.655294777015257820e-21
1.792342370082910202e+04 2.124701455075537514e-20 4.220048880243998810e-21
1.793413015317407189e+04 -5.193191634571895964e-22 4.155738732000600624e-21
1.794483659246654497e+04 1.773028525258653891e-20 4.411212462049189928e-21
1.795554301866327660e+04 1.676644067389580264e-20 4.409308209141326427e-21
1.796624943172404164e+04 1.683817933198395342e-20 4.267685275919054869e-21
1.797695583160351453e+04 2.210971985460410495e-20 4.063800141440530497e-21
1.798766221826313995e+04 1.936726469505228148e-20 4.230962980456310656e-21
1.799836859166329305e+04 2.460424959139649625e-20 4.466468083182155899e-21
1.800907495175766599e+04 2.274090198400933699e-20 3.987171708563854494e-21
1.801978129850862751e+04 1.499182840286629076e-20 3.498875095334343602e-21
1.803048763187180884e+04 2.276114328663125798e-20 3.607015279881937374e-21
1.804119395181203436e+04 1.783515917993476241e-20 4.444468545623774717e-21
1.805190025828078797e+04 1.473488401676011620e-20 3.908978602981883968e-21
1.806260655123934703e+04 2.816232135687969990e-20 4.147725789328730766e-21
1.807331283065094613e+04 3.864286409491028106e-20 4.368186238906981707e-21
1.808401909646615240e+04 2.576829549123760055e-20 4.140849681171287216e-21
1.809472534864892077e+04 1.785552158671650734e-20 4.014515771104937381e-21
1.810543158715832033e+04 2.325702318754064862e-20 3.994784459215050063e-21
1.811613781195091360e+04 1.630285693253801265e-20 4.086793635387788990e-21
1.812684402298607529e+04 1.995724024519081345e-20 4.042685940877227489e-21
1.813755022022413323e+04 1.977092732358866495e-20 3.813736510968097446e-21
1.814825640362670674e+04 2.307641518209323558e-20 4.245500869252074381e-21
1.815896257314637842e+04 2.912143062442081568e-20 4.320619623287850687e-21
1.816966872874326145e+04 2.191981121025839382e-20 3.843179021427966377e-21
1.818037487038475956e+04 2.954490687383734619e-20 4.110108310875551299e-21
1.819108099801899152e+04 2.468821721890798608e-20 4.520994372665482234e-21
1.820178711161089814e+04 2.396539351461272092e-20 4.126646768014282192e-21
1.821249321111799873e+04 3.139888653157114673e-20 4.270234808893580305e-21
1.822319929650300037e+04 2.831908296090516682e-20 4.187762019567609332e-21
1.823390536771958796e+04 2.475828909132123561e-20 4.178512299063680472e-21
1.824461142472886786e+04 1.662058249456908932e-20 3.979457268559444405e-21
1.825531746749710146e+04 1.434778523257098240e-20 4.073363908714652833e-21
1.826602349597181092e+04 1.378648371030262728e-20 4.255266313289235928e-21
1.827672951012006160e+04 1.782517443998511154e-20 4.102700708652452879e-21
1.828743550989796131e+04 2.056279578983656840e-20 4.185567487604638241e-21
1.829814149526799156e+04 3.536835765366054503e-20 4.242244025548738407e-21
1.830884746618839563e+04 2.367490517745973529e-20 4.118274559136677624e-21
1.831955342261732221e+04 2.643061281128885077e-20 4.326093711493150111e-21
1.833045857839508608e+04 1.737512856912114749e-20 3.927632785736193950e-21
1.834116452045903861e+04 1.871228820959110477e-20 3.817899644327287109e-21
1.835187044783888268e+04 1.862749796852352419e-20 4.303553720804278106e-21
1.836257636056277624e+04 2.612699848721961064e-20 4.109606594899441275e-21
1.837328225859264421e+04 2.566008899818494181e-20 4.286457277406255384e-21
1.838398814188512188e+04 1.152288458795257542e-20 3.404378269182829285e-21
1.839469401039759032e+04 1.775544831961976153e-20 3.794571686504084239e-21
1.840539986409970152e+04 2.506682872333518995e-20 3.920289691130695299e-21
1.841610570293910860e+04 3.108255447052764912e-20 3.782761063727426082e-21
1.842681152687928989e+04 1.891390951504819021e-20 3.278026718834441037e-21
1.843751733588547722e+04 2.369488140844692597e-20 3.929656510013568613e-21
1.844822312991305444e+04 2.635260400774029652e-20 3.822638707641509764e-21
1.845892890892260402e+04 3.126048426513900928e-20 4.008909153279849160e-21
1.846963467287087042e+04 2.400648962541378407e-20 3.977702688585906605e-21
1.848034042172721092e+04 2.592685349371359062e-20 3.748605077941778057e-21
1.849104615543998807e+04 2.226100774843303663e-20 3.617580399528249270e-21
1.850175187397533227e+04 2.185525014162859492e-20 3.669992046082678984e-21
1.851245757729334946e+04 2.179684571431091009e-20 3.815222259330830969e-21
1.852316326535416010e+04 2.944765480845883954e-20 4.020463378028155718e-21
1.853386893811787013e+04 2.657936755299581583e-20 3.677957950046048665e-21
1.854457459553901572e+04 3.001158440996964334e-20 3.573778179831550855e-21
1.855528023758964264e+04 4.911414469926231748e-20 4.149973587477816294e-21
1.856598586421738219e+04 5.421734037002470216e-20 4.449353400578656103e-21
1.857669147538869220e+04 3.450756334808175161e-20 3.998379366764021224e-21
1.858739707106384594e+04 2.793303781771405984e-20 3.609610666575195245e-21
1.859810265120482291e+04 2.258862178538669148e-20 4.030107496929536649e-21
1.860880821576711969e+04 1.170168393666436625e-20 3.544965218632478118e-21
1.861951376471014373e+04 2.170061622929936099e-20 3.846989701080555951e-21
1.863021929800403450e+04 2.205559816403680763e-20 3.957347120618439450e-21
1.864092481559719454e+04 1.506942881611482621e-20 3.678467554796308235e-21
1.865163031745879562e+04 2.827724943979803109e-20 3.628094143741584617e-21
1.866233580354455262e+04 3.195896849783286903e-20 3.755857294553108621e-21
1.867304127382064689e+04 3.079942202174244515e-20 3.683940926754207649e-21
1.868374672824027584e+04 1.633687958849807094e-20 3.174696432095110124e-21
1.869445216676389828e+04 2.749390262308222257e-20 3.440113632470472611e-21
1.870515758935954364e+04 2.714909137621407924e-20 3.542202307254708538e-21
1.871586299598303594e+04 2.745002353574812334e-20 3.541570560309210951e-21
1.872656838659644200e+04 2.773201223115920261e-20 3.532473455313753390e-21
1.873727376115399966e+04 3.065892907802072580e-20 3.690250652547699078e-21
1.874797911963296065e+04 1.433036866821078514e-20 3.667925714820113224e-21
1.875868446197831508e+04 1.215493058303722986e-20 3.229028063684056413e-21
1.876938978815068549e+04 2.364861417953036067e-20 3.479954398879986390e-21
1.878009509812102260e+04 1.834891368668927741e-20 3.378878909350771544e-21
1.879080039184517591e+04 2.701549284096793858e-20 3.931871110325013848e-21
1.880150566928297485e+04 3.017037398684667529e-20 3.649400203482470179e-21
1.881221093039297193e+04 2.890784271092134454e-20 3.459578796528686329e-21
1.882291617514363679e+04 3.158154627458799424e-20 3.499377628158869731e-21
1.883362140349078982e+04 2.037691743791889823e-20 4.054560906126860341e-21
1.884432661539796754e+04 1.469720796608582426e-20 3.415224585514570819e-21
1.885503181081951698e+04 1.420756371089362869e-20 3.243966806342703430e-21
1.886573698972820057e+04 2.614125149837508257e-20 3.587139531682986592e-21
1.887644215207664820e+04 2.472461785239907394e-20 3.137756877849363849e-21
1.888714729782258655e+04 1.563345312886703871e-20 3.149265760839383176e-21
1.889785242693644977e+04 1.772597139745878109e-20 3.110872261811372309e-21
1.890855753937431655e+04 3.955860139089032191e-20 3.629617980664327066e-21
1.891926263509905402e+04 1.993602292030085867e-20 3.501202622796024159e-21
1.892996771406506377e+04 2.568868432638041145e-20 3.669784116252939886e-21
1.894067277631457910e+04 1.800055703105167979e-20 3.399694563000427759e-21
1.895157788049162991e+04 1.860153453924007693e-20 3.487364989343031302e-21
1.896228292343587236e+04 1.644757176975398855e-20 3.594460309484108517e-21
1.897298794946474663e+04 2.510641666951264523e-20 3.772410201252323424e-21
1.898369295854829397e+04 1.120707550166178568e-20 3.662013146174688982e-21
1.899439795064431382e+04 1.369873341914431369e-20 3.466381728806865792e-21
1.900510292571096215e+04 1.986113899082246816e-20 3.415309555089475316e-21
1.901580788370930895e+04 2.027887988020073358e-20 3.334618778799159124e-21
1.902651282460633593e+04 2.362329109786219620e-20 3.393966463294140785e-21
1.903721774836655459e+04 3.191744627662810081e-20 3.531837842392134103e-21
1.904792265493754894e+04 4.085382733608896528e-20 3.701764258224462445e-21
1.905862754429369670e+04 4.034124926147514755e-20 3.950628227280272709e-21
1.906933241638776963e+04 1.911654240274351913e-20 3.606548853266364254e-21
1.908003727119465839e+04 2.432125009377776515e-20 3.653491578394293049e-21
1.909074210865701389e+04 2.856691707236360858e-20 3.636236039173620937e-21
1.910144692875232431e+04 1.625568949063047630e-20 3.334119460550866003e-21
1.911215173143268112e+04 1.963420861031236858e-20 3.305269731509460364e-21
1.912285651666924969e+04 3.171358998920101726e-20 3.404653154234425899e-21
1.913356128441298642e+04 2.048673171346139388e-20 3.402207283071170571e-21
1.914426603463443098e+04 2.683494531001613269e-20 3.388053570691595669e-21
1.915497076729012770e+04 2.543066857889608966e-20 3.326661287078454703e-21
1.916567548234586866e+04 2.922091033504503015e-20 3.407408556260554788e-21
1.917638017975563707e+04 2.010991225499261823e-20 3.372589167654275691e-21
1.918708485949275200e+04 3.002130189747741178e-20 3.289499934309113605e-21
1.919778952151379781e+04 1.973625084084840347e-20 3.094894086394348027e-21
1.920849416577842931e+04 1.222295360633152306e-20 2.755309372920748211e-21
1.921919879224697434e+04 1.643335826875416076e-20 2.905857795117984325e-21
1.922990340089111123e+04 1.492136152991998825e-20 3.570425829804949371e-21
1.924060799166866127e+04 1.677546417451729934e-20 3.215983891457697742e-21
1.925131256453442984e+04 1.476371350690588406e-20 3.593306475182205827e-21
1.926201711945639909e+04 1.784468057229344389e-20 3.365872268508400194e-21
1.927272165639814921e+04 1.956922933497513139e-20 3.309710099000054169e-21
1.928342617532399527e+04 1.937015735376068425e-20 3.455084598977062062e-21
1.929413067618686546e+04 2.834219234718046647e-20 3.655894463689691854e-21
1.930483515895617165e+04 3.370047326744905911e-20 3.860557091168785127e-21
1.931553962359052821e+04 2.839551736312237669e-20 3.670789900328912905e-21
1.932624407006204274e+04 2.591166514779176219e-20 3.334279406351181062e-21
1.933694849831731699e+04 2.036910219281953385e-20 3.515542390403431863e-21
1.934765290832649407e+04 2.300284966084015269e-20 3.572219096534933068e-21
1.935835730005410369e+04 1.260632611362252458e-20 3.202115579355548146e-21
1.936906167346220900e+04 1.676803025821541089e-20 3.389218447887008010e-21
1.937976602850948257e+04 2.273347171377786488e-20 3.147385944137740128e-21
1.939047036515859509e+04 2.461881245776435165e-20 3.126656401742129469e-21
1.940117468337565879e+04 2.039170634108286744e-20 3.475474200183180865e-21
1.941187898312316247e+04 2.805013567241402200e-20 3.341304116976440797e-21
1.942258326436003699e+04 2.343804806090419428e-20 3.503044683927433852e-21
1.943328752704863291e+04 2.704086715151898840e-20 3.741158866140835397e-21
1.944399177115536440e+04 1.401009785749035162e-20 3.266211706885815016e-21
1.945469599664316411e+04 1.815262292300659085e-20 3.017411013821483424e-21
1.946540020347061727e+04 1.537937663137791133e-20 3.088017142674311361e-21
1.947610439160017631e+04 1.484957409245188339e-20 2.967861524817566666e-21
1.948680856099884113e+04 1.567100323253716667e-20 3.412377835831066342e-21
1.949751271162733610e+04 1.087513772360504022e-20 3.253143166524316464e-21
1.950821684345005269e+04 1.910431723823040468e-20 3.386713284177568790e-21
1.951892095642422282e+04 1.697377409295676419e-20 3.118465880592708350e-21
1.952962505051866538e+04 1.396180786847465351e-20 3.097353598494097694e-21
1.954032912569174368e+04 2.110518370276610847e-20 3.211196532213054519e-21
1.955103318191475773e+04 2.696157229120167451e-20 3.398236253653715309e-21
1.956173721913678673e+04 2.228318641043934475e-20 3.323165337957552405e-21
1.957244123733412198e+04 1.431559031953400133e-20 2.942333433582319175e-21
1.958314523645616646e+04 1.183504202016620005e-20 3.209391210968962022e-21
1.959384921648613818e+04 2.173322236711121992e-20 3.363685813187663576e-21
1.960455317736639699e+04 9.598270040417896474e-21 3.030551255074538372e-21
1.961525711907041841e+04 2.283542341885929486e-20 3.108177843817212768e-21
1.962596104155538342e+04 1.439922850241705073e-20 3.071529204037309998e-21
1.963666494479401808e+04 1.040265604871557806e-20 2.924833480491223611e-21
1.964736882874364164e+04 1.428222371841664673e-20 3.014325025547050671e-21
1.965807269336357422e+04 1.637720886994659844e-20 2.857121548620106700e-21
1.966877653862063016e+04 2.273296227320829868e-20 2.912300017514017217e-21
1.967948036447817503e+04 2.006887714945618473e-20 3.071312610606945937e-21
1.969018417090577714e+04 3.883596654841523212e-20 3.472923597141741017e-21
1.970088795785422553e+04 1.383747227866228650e-20 2.746313690896643199e-21
1.971159172529283387e+04 1.829338817112954144e-20 3.078993331365276249e-21
1.972229547318523328e+04 1.611633528295588194e-20 2.874775075086993193e-21
1.973299920149880199e+04 1.369757420495709661e-20 3.095768271687665474e-21
1.974370291019042634e+04 1.743979658662969917e-20 2.969660575716147008e-21
1.975440659922591294e+04 1.789440512704238476e-20 3.015955064897014148e-21
1.976511026856466560e+04 2.288793008064832729e-20 3.170440625373815445e-21
1.977581391817990152e+04 1.244623205222523989e-20 3.063124358685590706e-21
1.978651754802729556e+04 1.445100072842230211e-20 3.100239427204419407e-21
1.979722115807255977e+04 1.268377194058118380e-20 3.072381387073759368e-21
1.980792474827452315e+04 1.419246142086095302e-20 2.978185799068562496e-21
1.981862831860541337e+04 1.321067904444956287e-20 2.883832538907644332e-21
1.982933186902694797e+04 1.809122874948697074e-20 3.000061211386365163e-21
1.984003539949601327e+04 1.517442447660563556e-20 2.876961023999494629e-21
1.985073890998063871e+04 1.556955881424754235e-20 2.720300461183413827e-21
1.986144240044676553e+04 1.914477684782887286e-20 2.794999218596930580e-21
1.987214587085370295e+04 9.093886488018970853e-21 2.988372407312554806e-21
1.988284932117136850e+04 2.422909519317988679e-20 3.028584785091684914e-21
1.989355275135748161e+04 1.638269006350946327e-20 2.944680420208134871e-21
1.990425616137370525e+04 1.613626899723280831e-20 2.772063321787830310e-21
1.991495955118974234e+04 1.853997635702957210e-20 2.654072813510895188e-21
1.992566292077195976e+04 1.832673700748094252e-20 3.161304616244811958e-21
1.993636627007800053e+04 2.148756653779705261e-20 3.006547843379422937e-21
1.994706959907116834e+04 1.246244490168343256e-20 2.622533930667862582e-21
1.995777290771788103e+04 2.657104422771575589e-20 3.169955315030663537e-21
1.996847619598434903e+04 2.256103008625052422e-20 2.894070658984806066e-21
1.997938085089160450e+04 2.462628410488471748e-20 3.291861476071944434e-21
1.999008411248185075e+04 1.628435916815621387e-20 3.009551993800852328e-21
2.000078735351165960e+04 1.356775851379716614e-20 2.843802389468533474e-21
2.001149057401171740e+04 1.468042572406081534e-20 2.746045427396090809e-21
2.002219377394824187e+04 1.431741816376604017e-20 3.044022176312078182e-21
2.003289695328307062e+04 1.144429348456931528e-20 3.235237455490310576e-21
2.004360011197842687e+04 1.095635316849382223e-20 2.902973214807679961e-21
2.005430325000031007e+04 2.265262322480983593e-20 2.934848625252478774e-21
2.006500636731099803e+04 3.052717143630153726e-20 3.028482281404577389e-21
2.007570946388316588e+04 2.625675264049256658e-20 3.253726455654789650e-21
2.008641253967246666e+04 1.870957913612749509e-20 3.401526023165996615e-21
2.009711559488963758e+04 1.351080827700061653e-20 3.106872711685452271e-21
2.010781865550549264e+04 2.082668717555579820e-20 3.041710874530321154e-21
2.011852177742600543e+04 2.074369036942424326e-20 2.909650183055040822e-21
2.012922487920037020e+04 1.748591005577818548e-20 3.086156613404940127e-21
2.013992796001485476e+04 1.827427728139921526e-20 3.143998789187102884e-21
2.015063101983189335e+04 1.643664864510501194e-20 2.554636005790665468e-21
2.016133405861787105e+04 2.143345617115166164e-20 2.874017493025359093e-21
2.017203707633948216e+04 1.392718847369491996e-20 3.001457789735815893e-21
2.018274007295907722e+04 2.013926445928154835e-20 2.861744264157768512e-21
2.019344304843884311e+04 1.826188662980019415e-20 2.923356250793190883e-21
2.020414600274561235e+04 1.017532870996827522e-20 2.764664115800008600e-21
2.021484893584163001e+04 2.272985986508401834e-20 2.943256356755104581e-21
2.022555184769807238e+04 1.798411067108542359e-20 3.093821929672046261e-21
2.023625473827525639e+04 2.303423071125425002e-20 3.175957900160707744e-21
2.024695760753759896e+04 3.119183484284867302e-20 3.096222999550592840e-21
2.025766045544562803e+04 1.736343033486617164e-20 2.633441313356130912e-21
2.026836328197034163e+04 1.851439404393168099e-20 2.755896685600118170e-21
2.027906608707876148e+04 1.642064192470844666e-20 3.208462960850838456e-21
2.028976887072471436e+04 2.100322352069578889e-20 2.817684564611346198e-21
2.030047163288372030e+04 1.910466449628580204e-20 3.279755559382238863e-21
2.031117437351418994e+04 2.416366660643997235e-20 2.935477859159341836e-21
2.032187709258072209e+04 1.769840725853788177e-20 2.751700803829572414e-21
2.033257979005495145e+04 2.193331104357734507e-20 2.893051227554012786e-21
2.034328246589721311e+04 1.764946388986732682e-20 2.896844175431710664e-21
2.035398512007015597e+04 2.356868409321689749e-20 2.894740511540898764e-21
2.036468775254100547e+04 2.269593198808885358e-20 2.935511238792875509e-21
2.037539036327450958e+04 1.922869093183542171e-20 2.908046287988935494e-21
2.038609295223364825e+04 2.059697500499524717e-20 2.846273674883740403e-21
2.039679551938985605e+04 1.262516078594178187e-20 2.924173512923010469e-21
2.040749806470384647e+04 1.971076745742219021e-20 2.900379864618368053e-21
2.041820058813835931e+04 2.683414310741541306e-20 3.095639780192480974e-21
2.042890308965838267e+04 2.401357053149291166e-20 2.872182524924442963e-21
2.043960556923585682e+04 1.333347803528416466e-20 3.188946554940821669e-21
2.045030802682906506e+04 2.170344453599431291e-20 3.105979252576639859e-21
2.046101046240772121e+04 1.910595437500911583e-20 3.147121304377997647e-21
2.047171287593234956e+04 1.494801164149461086e-20 2.653666787346201896e-21
2.048241526736822925e+04 1.356865032238789026e-20 2.775542637236660087e-21
2.049311763668511776e+04 1.631565799754038814e-20 3.030628299547627826e-21
2.050381998384813414e+04 1.626506885893857907e-20 2.832519348699326486e-21
2.051452230881823562e+04 1.983649644290277461e-20 2.779667761118958116e-21
2.052522461156492136e+04 2.053809452543352701e-20 3.071469998375899347e-21
2.053592689204473209e+04 9.546946968570728746e-21 3.026555946290610737e-21
2.054662915023638561e+04 1.868799462574569714e-20 2.873888418684550699e-21
2.055733138609633897e+04 1.230806202242946046e-20 2.729690944579875666e-21
2.056803359959450245e+04 1.823477138720734700e-20 2.905619572437201473e-21
2.057873579069157495e+04 2.107629363853245551e-20 2.881269184061899842e-21
2.058943795935317394e+04 1.933767600441686090e-20 2.911567930378454086e-21
2.060014010554689230e+04 1.426537784995120156e-20 2.941243904142797921e-21
2.061084222924298228e+04 1.811695731598929545e-20 2.837898659680515378e-21
2.062154433039992728e+04 1.948400078354823885e-20 3.107612643582960731e-21
2.063224640898564758e+04 1.254381601673820728e-20 2.769565846355127591e-21
2.064294846496793980e+04 1.595073140993616052e-20 2.952232223923397406e-21
2.065365049830318094e+04 1.692876449118147564e-20 3.179239479138386992e-21
2.066435250897089281e+04 1.451611789758547528e-20 2.947557475123631707e-21
2.067505449692738694e+04 1.511692754652859054e-20 2.796809965277379269e-21
2.068575646214076914e+04 1.855782281732446532e-20 3.203351925962406266e-21
2.069645840457649319e+04 1.600589462653928173e-20 3.013799280337408262e-21
2.070716032419817202e+04 1.981208893704527561e-20 2.879152285670297420e-21
2.071786222104217450e+04 2.598296247072604902e-20 3.035224642797803849e-21
2.072876646571466699e+04 2.510196997957640015e-20 2.905837844205585101e-21
2.073946833061057259e+04 2.953770954527611716e-20 3.151607857139073773e-21
2.075017017255474639e+04 2.005363209063125838e-20 2.575596445299785811e-21
2.076087199151322420e+04 1.780804499757062280e-20 2.861333747392647432e-21
2.077157378744892776e+04 8.104397676035373919e-21 2.631449217390701465e-21
2.078227556033290239e+04 1.347145338580689493e-20 2.899403617767266539e-21
2.079297731012872828e+04 1.895988755294102522e-20 2.730070723041783479e-21
2.080367903679985466e+04 2.467495285378294928e-20 2.564116545143398611e-21
2.081438074031918586e+04 2.931203451745969497e-20 2.692518331146772999e-21
2.082508242064575825e+04 7.077915086450192995e-20 3.326192729653956416e-21
2.083578407774816878e+04 6.062439766822585766e-20 3.323492096927317424e-21
2.084648571158714913e+04 2.013791939370835732e-20 2.621481742830135676e-21
2.085718732214108240e+04 1.295188198809890567e-20 2.544245936577670394e-21
2.086788890936399184e+04 1.642358924700671243e-20 2.657305735514554483e-21
2.087859047323185223e+04 1.524039568137713163e-20 2.498781898107192608e-21
2.088929201370296141e+04 1.252862247953939862e-20 2.418050738905960669e-21
2.089999353074383544e+04 1.366941310401484034e-20 2.539572028155235028e-21
2.091069502432319496e+04 1.874749969079051327e-20 2.658975370341209618e-21
2.092139649440956055e+04 1.150370949450257389e-20 2.625761126833401454e-21
2.093209794096645055e+04 2.138907062420950513e-20 2.779011120693185190e-21
2.094279936396041376e+04 2.358085011404512320e-20 2.895267198186847035e-21
2.095350076335788253e+04 2.131240293141525405e-20 2.638580133636156280e-21
2.096420213911978863e+04 1.284897318413861348e-20 2.499332616500734441e-21
2.097490349122249245e+04 1.264597798521942442e-20 2.604486822062750381e-21
2.098560481962749327e+04 1.783659045521789287e-20 2.651612123353778413e-21
2.099630612429881876e+04 2.270192715092429650e-20 2.621761883166898680e-21
2.100700740520981708e+04 9.331127626551672058e-21 2.503376531861589722e-21
2.101770866231978653e+04 6.502071175916970608e-21 2.298979426968062433e-21
2.102840989559277295e+04 1.466306946376289346e-20 2.492229727906048072e-21
2.103911110500265931e+04 1.449591895698227385e-20 2.743751907832595022e-21
2.104981229051802802e+04 1.232835968975551917e-20 2.443938735956358032e-21
2.106051345209580541e+04 1.727522698481766488e-20 2.610339534765351572e-21
2.107121458971012180e+04 1.688567144380451035e-20 2.327509184119915859e-21
2.108191570332475749e+04 2.244212595805849478e-20 2.744161757065684867e-21
2.109261679290377288e+04 1.384049568522503113e-20 2.535760729667073145e-21
2.110331785841637975e+04 1.989149920259896613e-20 2.613509875555450978e-21
2.111401889983197543e+04 1.532976777562555470e-20 2.823948128733629169e-21
2.112471991711169539e+04 1.606642930404377815e-20 2.630029251858455851e-21
2.113542091022747263e+04 2.466969956884875663e-20 2.793122741032980671e-21
2.114612187914103924e+04 1.193929741466239127e-20 2.583266083818451662e-21
2.115682282382429912e+04 9.483827936515815646e-21 2.550024702664606936e-21
2.116752374424099617e+04 1.627792361493262966e-20 2.414286410768181853e-21
2.117822464035316443e+04 1.492124431934661630e-20 2.535572443887828620e-21
2.118892551214030027e+04 1.397714017731812880e-20 2.353804186384568836e-21
2.119962635955408405e+04 8.185111263285250209e-21 2.331109632564108047e-21
2.121032718257355373e+04 1.581310139209466899e-20 2.675492391136553706e-21
2.122102798116091799e+04 7.792857169455833431e-21 2.594901213205232974e-21
2.123172875528055738e+04 1.103361363839812260e-20 2.463573736195454092e-21
2.124242950490184376e+04 2.006739989566445092e-20 2.346963847651984130e-21
2.125313022998883025e+04 1.737251828516583917e-20 2.490352879958070320e-21
2.126383093051906326e+04 1.610374925054324003e-20 2.583015462436600399e-21
2.127453160644424133e+04 1.881170272904516424e-20 2.692790573552247097e-21
2.128523225774652747e+04 2.068788034593122630e-20 2.660866871640673545e-21
2.129593288438000309e+04 1.619511523017701188e-20 2.632802132839341693e-21
2.130663348631963891e+04 1.140415932890410747e-20 2.682094503228760580e-21
2.131733406352751626e+04 1.070883687565438611e-20 2.374971590797927861e-21
2.132803461597035857e+04 1.405974343138030599e-20 2.729121011945595232e-21
2.133873514362053174e+04 6.699224559678457048e-21 2.505363885846197227e-21
2.134943564644526487e+04 1.508822161200989102e-20 2.691001140594703237e-21
2.136013612440934594e+04 7.237140621939681199e-21 2.486637578145189603e-21
2.137083657747693360e+04 1.727311659654687352e-20 2.721863452090770683e-21
2.138153700561801816e+04 1.699496533355826737e-20 2.707557855111918074e-21
2.139223740879985780e+04 2.221756585016883872e-20 2.616309338722358741e-21
2.140293778698991810e+04 2.032486260368475066e-20 2.793862388403033194e-21
2.141363814015761454e+04 1.614808962195908019e-20 2.651865091066276781e-21
2.142433846826268564e+04 1.645377576157134295e-20 2.724428492065402845e-21
2.143503877128290333e+04 1.088407119781530162e-20 2.603939632256251081e-21
2.144573904917532855e+04 2.397390230833419329e-20 2.568004051039260468e-21
2.145643930191734762e+04 2.315581581040150198e-20 2.540148381430358917e-21
2.146713952946875725e+04 1.942249890680382812e-20 2.663407370739804708e-21
2.147783973180225439e+04 1.958520130710270861e-20 2.773272780225114936e-21
2.148853990888016779e+04 1.430113587602162069e-20 2.432825965971246929e-21
2.149924006066947913e+04 1.426977598614001680e-20 2.396689973603976794e-21
2.150994018714586491e+04 9.455970507739561003e-21 2.406223733729930431e-21
2.152064028826895810e+04 8.434148473924304452e-21 2.300719639680730344e-21
2.153134036400903278e+04 1.851111784844578584e-20 2.302715695020881952e-21
2.154204041433585007e+04 1.838412743715111309e-20 3.119030766634770390e-21
2.155274043920933036e+04 2.032328493010794515e-20 3.347323588912599665e-21
2.156344043860502279e+04 1.752950482667242456e-20 3.014388910141576049e-21
2.157414041248802823e+04 1.531786624186576483e-20 2.594918245624252354e-21
2.158484036082552848e+04 2.704182046475611122e-20 2.583831814939974158e-21
2.159554028358550204e+04 2.202741286207456231e-20 2.679234785504818975e-21
2.160624018073559273e+04 2.086825341164773516e-20 2.600689980822367613e-21
2.161694005224104330e+04 1.946169145250556769e-20 2.601167674056075839e-21
2.162763989807710823e+04 1.353010493392749818e-20 2.330491618526142791e-21
2.163833971820379520e+04 1.346265582993611397e-20 2.273200189773092380e-21
2.164903951259424866e+04 9.609858075401013398e-21 2.352369139168309214e-21
2.165973928120837809e+04 1.373965662652503300e-20 2.519486271133988744e-21
2.167043902401892774e+04 1.942445446054918620e-20 2.735252312374245882e-21
2.168113874099934037e+04 1.657890316633940572e-20 2.673347734410032065e-21
2.169183843210673149e+04 1.177327155004035879e-20 2.575429858985547264e-21
2.170253809731724687e+04 1.952117640771023844e-20 2.950687818692650086e-21
2.171323773659569270e+04 1.559495826339570716e-20 2.695670134744937962e-21
2.172393734991285601e+04 1.212508318758886337e-20 2.687494783614461630e-21
2.173463693722592143e+04 1.340960251439691062e-20 2.434566844391971176e-21
2.174533649851924929e+04 1.259078560678048202e-20 2.382784534553783677e-21
2.175603603374969680e+04 1.575570227493327147e-20 2.366219288898400324e-21
2.176673554288800733e+04 1.668110497687264247e-20 2.557955787721874531e-21
2.177743502589961645e+04 1.256160484107758878e-20 2.569695617673888685e-21
2.178813448275817063e+04 1.496567501041071298e-20 2.460681908126322010e-21
2.179883391342878895e+04 1.898831372149979369e-20 2.519784787612037109e-21
2.180953331787943534e+04 1.787284577579227381e-20 2.597516985835093465e-21
2.182023269607848124e+04 1.696002890136292992e-20 2.415181424154660739e-21
2.183093204799141313e+04 1.851744895498393742e-20 2.603514406145189725e-21
2.184163137359175016e+04 2.204671742840412381e-20 2.616156477625516196e-21
2.185233067284464778e+04 1.468740135317029758e-20 2.626682046589454782e-21
2.186302994571864838e+04 2.035752983281300188e-21 2.632663086750621706e-21
2.187372919217925664e+04 9.745064955570700145e-21 2.101213109918188247e-21
2.188442841220021728e+04 1.401547360983927840e-20 2.119786373803760451e-21
2.189512760574390995e+04 1.353002856105957641e-20 2.326750053153490384e-21
2.190582677278723713e+04 1.751568182910815334e-20 2.426204516672165082e-21
2.191652591328748167e+04 1.622476198064534052e-20 2.254099106249862600e-21
2.192722502721857381e+04 1.406338953830204150e-20 2.302336599878134118e-21
2.193792411455124238e+04 1.398406813179268238e-20 2.136692008538432887e-21
2.194862317525137769e+04 1.830963400520425666e-20 2.621981262077663576e-21
2.195932220928736206e+04 2.097463910092990845e-20 2.250142656580236495e-21
2.197002121662499121e+04 1.444725183402267623e-20 2.293714391415274974e-21
2.198072019723792982e+04 2.012203879303632659e-20 2.247340343736111947e-21
2.199141915108915418e+04 2.117366439489730633e-20 3.109716340010962743e-21
2.200211807815282009e+04 2.844148418321373348e-20 3.088543165631762025e-21
2.201281697839477420e+04 1.621725480439401917e-20 2.335134385423945992e-21
2.202351585178336973e+04 1.470359236685872010e-20 2.309125806392845722e-21
2.203441869881306411e+04 1.930241477981645749e-20 2.648118269216942679e-21
2.204511753201697138e+04 7.452023807288496229e-21 2.654634055397464069e-21
2.205581633820609932e+04 1.346601909396998659e-20 2.311616067841880547e-21
2.206651511741631475e+04 1.861374604548347575e-20 2.437478475451617655e-21
2.207721386961334065e+04 2.327507100326775417e-20 2.462188293408841292e-21
2.208791259476595224e+04 1.786182654861996705e-20 2.338682584812325155e-21
2.209861129283718037e+04 1.013032727536266592e-20 2.614067142047462074e-21
2.210930996380413126e+04 2.077113540342316829e-20 2.719888531003211996e-21
2.212000860763536548e+04 1.567506482110473216e-20 2.560952374832836583e-21
2.213070722429429588e+04 1.645008928629064558e-20 2.342575276048979831e-21
2.214140581375503825e+04 1.452786466808123795e-20 2.287092948016507839e-21
2.215210437598364661e+04 1.326246133108260151e-20 2.345083270163083962e-21
2.216280291094345375e+04 2.052246881780296876e-20 2.641436761092908188e-21
2.217350141861419252e+04 1.745378920071026627e-20 2.546538520721017461e-21
2.218419989895935214e+04 1.964768891312488879e-20 2.453020961454893531e-21
2.219489835194211264e+04 2.161221200060874715e-20 2.503549551618351386e-21
2.220559677754529548e+04 1.267212274974418193e-20 2.456356699337638941e-21
2.221629517572385521e+04 1.408156181646965283e-20 2.427342320001154869e-21
2.222699354645234416e+04 9.258591777848844022e-21 2.597767534759655380e-21
2.223769188969961033e+04 1.169469619036354657e-20 2.500128427907631461e-21
2.224839020543749939e+04 1.223697822927348859e-20 2.399145507676138817e-21
2.225908849362933324e+04 1.490184352900147162e-20 2.537025852013757534e-21
2.226978675424418543e+04 1.522028943846302397e-20 2.269795155463110566e-21
2.228048498726219259e+04 1.531685679807848764e-20 2.585769738963356913e-21
2.229118319263563899e+04 4.364584626829776669e-21 2.257555620145668659e-21
2.230188137034484316e+04 1.825281141236138545e-20 2.437775354493956042e-21
2.231257952035873677e+04 1.564750777701248970e-20 2.562600070229556841e-21
2.232327764264103462e+04 1.469958984860828981e-20 2.296927334123277532e-21
2.233397573716343322e+04 1.920564182539109619e-20 2.493211390701152668e-21
2.234467380389528262e+04 1.678406296977826333e-20 2.364578488841084265e-21
2.235537184280844667e+04 1.807325977482358662e-20 2.472097891098693062e-21
2.236606985386930319e+04 2.259687912938909092e-20 2.583935017919518683e-21
2.237676783704149057e+04 1.808992466301703117e-20 2.437510831399104003e-21
2.238746579230532006e+04 1.066674388043492826e-20 2.534726176317172503e-21
2.239816371962180710e+04 1.923554621233100530e-20 2.645492291865270719e-21
2.240886161895999248e+04 2.232262274610239087e-20 2.688559419908210356e-21
2.241955949029506519e+04 1.315783793405978946e-20 2.160304509270443631e-21
2.243025733359894730e+04 1.322009926158533266e-20 2.491342995370325343e-21
2.244095514882693533e+04 2.243228450925273495e-20 2.512570157511320172e-21
2.245165293160115834e+04 2.219672301604835202e-20 2.620842811818894829e-21
2.246235024501480439e+04 1.816241601296324441e-20 2.355131133352281066e-21
2.247304730678877604e+04 1.003877419572343779e-20 2.523454839156159017e-21
2.248374433825675078e+04 1.442001047492475427e-20 2.562529425923510947e-21
2.249444134150962782e+04 1.619150167333750545e-20 2.435815579926535619e-21
2.250513831651946020e+04 1.509206211682194738e-20 2.558545871467995777e-21
2.251583526324741615e+04 1.219908912689124134e-20 2.276090749949334871e-21
2.252653218167419618e+04 1.195054438390584004e-20 2.494414263606772103e-21
2.253722907176085937e+04 1.378054846197656616e-20 2.586888107553587873e-21
2.254792593347976799e+04 1.050845124849425536e-20 2.297311264407536740e-21
2.255862276680032664e+04 1.073560414645588765e-20 1.999852502090207653e-21
2.256931957168948429e+04 1.541127891236024303e-20 2.131883624227400661e-21
2.258001634812233897e+04 1.590398247202667419e-20 2.119169373183977608e-21
2.259071309606583600e+04 1.741174059253247404e-20 2.282854754317476640e-21
2.260140981548943091e+04 1.779168600770914944e-20 2.401264631336517085e-21
2.261210650635997808e+04 1.333991803444859028e-20 2.425170448575279759e-21
2.262280316865291388e+04 9.792842863655171659e-21 2.428542853266420383e-21
2.263349980233495444e+04 1.216560486035881124e-20 2.278807736589314113e-21
2.264419640737594818e+04 1.385996498936046369e-20 2.409428096421760695e-21
2.265489298374544160e+04 1.476173323165390094e-20 2.366478603267086157e-21
2.266558953141332677e+04 1.390782841530811478e-20 2.278379088704803113e-21
2.267628605034928114e+04 2.460861330505438896e-20 2.262920105330976414e-21
2.268698254052013726e+04 1.156778778883360168e-20 2.007371576490128533e-21
2.269767900189875218e+04 1.424541174905207003e-20 2.309449386142431133e-21
2.270837543445765186e+04 1.750419273600885398e-20 2.334219230959135626e-21
2.271907183816400720e+04 1.986688476575228225e-20 2.318729965980537857e-21
2.272976821298749928e+04 1.613453945647995164e-20 2.457707063771091967e-21
2.274046455889809658e+04 2.179976390430291779e-20 2.275782753757040750e-21
2.275116087586856520e+04 1.864954722938445963e-20 2.505420510000821698e-21
2.276185716386000058e+04 8.808250291516129657e-21 2.488895153071265391e-21
2.277255342285117877e+04 1.180771878015120055e-20 2.402751756369373644e-21
2.278324965280616743e+04 1.474901309609761079e-20 2.516235672783801608e-21
2.279394585370083951e+04 1.526422813930478574e-20 2.461895459571900738e-21
2.280464202550224945e+04 1.466044865935835571e-20 2.388896182038605024e-21
2.281533816818030755e+04 1.339025094382361356e-20 2.268388240977414536e-21
2.282603428170224652e+04 1.532421231503391750e-20 2.232852453989104531e-21
2.283673036604089066e+04 1.661748059383404102e-20 2.104108734631733855e-21
2.284742642116940260e+04 1.941620668255878495e-20 2.025236238666155560e-21
2.285812244705191915e+04 9.758279253313764071e-21 2.119841488887162482e-21
2.286881844366435689e+04 8.058982505868587813e-21 2.132261564916401383e-21
2.287951441097114002e+04 1.580490193602766063e-20 2.270495227487043151e-21
2.289021034894805416e+04 1.357630801456318135e-20 2.398159353981760411e-21
2.290090625756253576e+04 1.314992004052429172e-20 2.418869915705401697e-21
2.291160213678166474e+04 1.462146878713804479e-20 2.315411863835566806e-21
2.292229798658157233e+04 9.662766601037727255e-21 2.006102806412784787e-21
2.293299380692958221e+04 1.419561567159582727e-20 2.109574835053578394e-21
2.294368959779281431e+04 9.121235497795093819e-21 2.292239207965594015e-21
2.295438535914464592e+04 9.348400739053967844e-21 2.329717048679838863e-21
2.296508109095523832e+04 1.255038576064610722e-20 2.607604737791541662e-21
2.297577679319788513e+04 1.193496286282559239e-20 2.282209080057274424e-21
2.298647246583705419e+04 1.166940309218969488e-20 2.286712486342035380e-21
2.299716810884877486e+04 1.805107892537403384e-20 2.432689091633980157e-21
2.300786372219768236e+04 1.376412146853398057e-20 2.267348869593767383e-21
2.301855930585693568e+04 1.339105800117234968e-20 2.116195738653134427e-21
2.302925485986135027e+04 1.490299912307440939e-20 2.230018690605518305e-21
2.304015563436996672e+04 1.475280573196145226e-20 2.232120334897704151e-21
2.305085114209345193e+04 1.238327171877463465e-20 2.127746572197317769e-21
2.306154662001269753e+04 1.869885079644893516e-20 2.162712271509203964e-21
2.307224206808590316e+04 1.544580987991447371e-20 2.152436331175345173e-21
2.308293748628973844e+04 6.170335565735549885e-21 1.981743533378411914e-21
2.309363287459466301e+04 8.070562323932855122e-21 2.071781506516810391e-21
2.310432823297701543e+04 1.322971967337411445e-20 2.299802564579782991e-21
2.311502356139533003e+04 1.615242920958416462e-20 2.025563148866772726e-21
2.312571885982623280e+04 1.549143403578966566e-20 2.160166547954535060e-21
2.313641412824039435e+04 1.349710135824862078e-20 2.403407953887482973e-21
2.314710936661145752e+04 1.122375615264072259e-20 2.287267965966740392e-21
2.315780457490361368e+04 1.164575541623100838e-20 2.136934121615379827e-21
2.316849975309067304e+04 1.241324942680070584e-20 2.050449372600954166e-21
2.317919490114335349e+04 1.550690299563476896e-20 2.001716097811123262e-21
2.318989001903543249e+04 1.544903719743524472e-20 2.264981034688189015e-21
2.320058510673142882e+04 1.978402107795918625e-20 2.541726507151543645e-21
2.321128016420180575e+04 7.932183554512782603e-21 2.235428593356973056e-21
2.322197519142656529e+04 9.315498398209638553e-21 1.992048372082335366e-21
2.323267018836729767e+04 1.057454770473304819e-20 2.139916536731812546e-21
2.324336515499783854e+04 1.251042238460600350e-20 1.992855065577233744e-21
2.325406009128901860e+04 2.014724657746153049e-20 2.244726460776206471e-21
2.326475499721146116e+04 1.134924047715920323e-20 2.172128474937642193e-21
2.327544987273887455e+04 1.236233710409080527e-20 1.934623560162100528e-21
2.328614471783305635e+04 9.555241467628941491e-21 2.001644317016574048e-21
2.329683953247409590e+04 1.756265028401764065e-20 2.360019062444960074e-21
2.330753431663291849e+04 2.352170082039124948e-20 2.437385465005579769e-21
2.331822907027099063e+04 1.015310492861096112e-19 3.237509197932902129e-21
2.332892379336827798e+04 2.031466182090012834e-19 4.485197162204758977e-21
2.333961848589592046e+04 8.185046116533432312e-20 3.174577255997762763e-21
2.335031314781857873e+04 1.900739314648037594e-20 2.247425018571103695e-21
2.336100777911039768e+04 5.646987754238007662e-21 2.048516779641461481e-21
2.337170237974229894e+04 1.401660153868430296e-20 2.183853252784454346e-21
2.338239694968502590e+04 1.333947874047842139e-20 2.137856855291073087e-21
2.339309148890964207e+04 1.720656585498536791e-20 1.969713208284433430e-21
2.340378599738725461e+04 1.744882399294596642e-20 2.067284105892978421e-21
2.341448047508889067e+04 1.979650841616243142e-20 2.407942253380852774e-21
2.342517492198563923e+04 1.233297378402519661e-20 2.082798121783872145e-21
2.343586933804846194e+04 1.355259388829931914e-20 2.337222132659843092e-21
2.344656372324187396e+04 1.238098042990140449e-20 2.119254711291358138e-21
2.345725807754987909e+04 7.975513206688096491e-21 2.208414136324504052e-21
2.346795240093721804e+04 1.657146824965027278e-20 2.307957259954578155e-21
2.347864669337510713e+04 1.391860890701124523e-20 2.047653363183098151e-21
2.348934095482831617e+04 1.159845872316292860e-20 1.940644903502170831e-21
2.350003518528039785e+04 1.583168732480773648e-20 2.195860050486973901e-21
2.351072938469636210e+04 1.214539535135868276e-20 2.337887876398116109e-21
2.352142355304743978e+04 1.169295652708150103e-20 2.120203770976391004e-21
2.353211769030486903e+04 1.180462419810455248e-20 2.298641243226684375e-21
2.354281179643991709e+04 1.882129814991401256e-20 2.098574650083595664e-21
2.355350587142373479e+04 1.092448830470501919e-20 1.982036221542467821e-21
2.356419991522731289e+04 1.313179975755063595e-20 2.242115308994170037e-21
2.357489392782225696e+04 1.256579005205383290e-20 1.944056142259677563e-21
2.358558790917663646e+04 1.044467560764402824e-20 2.075547222576377531e-21
2.359628185926813239e+04 1.725253033321448748e-20 2.174481533013610603e-21
2.360697577806490881e+04 1.736003784868440326e-20 2.040363595822082221e-21
2.361766966553808743e+04 1.727257652416338743e-20 1.856766127047104733e-21
2.362836352165907374e+04 1.640294310154620058e-20 2.016540526353248626e-21
2.363905734639938237e+04 1.034932972801868563e-20 2.242679099317906013e-21
2.364975113972399049e+04 1.106897964820124946e-20 1.955163228029098084e-21
2.366044490161711656e+04 5.709582129994810528e-21 1.878178156471165545e-21
2.367113863204377412e+04 1.288300212835563484e-20 2.292576311364402510e-21
2.368183233097193806e+04 6.189794791351867230e-21 2.242224914352543466e-21
2.369252599837648813e+04 1.260360331838100784e-20 2.034864008755336920e-21
2.370321963423209672e+04 1.484527185299241496e-20 2.070820934335323925e-21
2.371391323850707704e+04 6.024682008252360395e-21 1.789704362107681638e-21
2.372460681116976411e+04 9.363377143965001020e-21 1.936002396625203104e-21
2.373530035219480851e+04 1.085301268736960364e-20 2.083427167156876986e-21
2.374599386155670436e+04 1.128007323938423180e-20 1.844477194650774018e-21
2.375668733922087995e+04 2.194119046729884088e-20 1.993577264628766761e-21
2.376738078516528913e+04 1.880063889026189229e-20 2.038696896076100132e-21
2.377807419935514554e+04 6.276160625074833384e-20 2.820887970246309217e-21
2.378876758176846488e+04 2.852823125227898684e-19 4.582801318823011625e-21
2.379946093237351670e+04 3.793021002371513014e-19 6.685460880782876257e-21
2.381015425114184109e+04 1.183828252984093142e-19 3.454674008823273794e-21
2.382084753804206775e+04 2.270914867273637939e-20 2.477031022604677787e-21
2.383154079304906918e+04 1.429168623125280823e-20 2.124929340759874856e-21
2.384223401613455280e+04 7.759374304207672022e-21 1.977178131094269875e-21
2.385292720727020060e+04 1.337693024566668348e-20 2.209880859395892001e-21
2.386362036642759267e+04 1.519203559039598931e-20 2.110045833693963489e-21
2.387431349357840008e+04 1.659331077036028796e-20 1.938816330852864927e-21
2.388500658869780091e+04 1.238626448127599389e-20 2.104056748668855685e-21
2.389569965175428297e+04 8.737063110380854176e-21 2.189885831304401508e-21
2.390639268271316905e+04 1.321161001147123116e-20 2.144081555479083071e-21
2.391708568155597459e+04 1.206465405972368159e-20 2.225000540317504943e-21
2.392777864825435972e+04 1.340173026895567994e-20 2.045630055029796073e-21
2.393847158277687777e+04 1.503071530187101798e-20 1.936810642038249491e-21
2.394916448509227484e+04 1.370826613073386280e-20 1.995601619841876798e-21
2.395985735517564171e+04 1.139183601569411054e-20 2.076590125187690581e-21
2.397055019299886044e+04 1.204926357198166878e-20 2.151426598220516424e-21
2.398124299853383127e+04 1.448523115609649806e-20 2.076022144357826489e-21
2.399193577175230894e+04 1.099441092640943990e-20 1.916532855774300737e-21
2.400262851262942422e+04 5.869936615165752041e-20 2.717478283495477885e-21
2.401332122112749857e+04 4.664835166506975798e-19 5.880408765253631918e-21
2.402401389722496242e+04 1.088361992053704133e-18 9.977383141811419343e-21
2.403470654090036260e+04 8.240060998141944587e-19 9.474600478113055161e-21
2.404539915211915286e+04 1.613151256425469171e-19 3.947966881931863863e-21
2.405609173084993017e+04 2.804768654197879547e-20 2.272696030935866883e-21
2.406678427707112860e+04 2.186508784018443540e-20 2.164491138230260151e-21
2.407747679074189000e+04 1.436656303974033336e-20 2.052370471315801876e-21
2.408816927185389068e+04 1.631576384939396193e-20 2.132378933160778357e-21
2.409886172036607968e+04 9.843423034276383125e-21 2.057685001485590048e-21
2.410955413625384608e+04 1.533431944509666851e-20 2.110025447164568283e-21
2.412024651949249528e+04 6.506764600281080586e-21 2.161932780050333009e-21
2.413093887004401040e+04 5.249432006899751983e-21 2.108439154559279833e-21
2.414163118789066721e+04 9.851922029631447854e-21 2.137233370923847495e-21
2.415232347300127003e+04 1.395522244807618605e-20 1.947314068767910864e-21
2.416301572534797015e+04 8.637454110298240572e-21 2.006830172229066800e-21
2.417370794489968102e+04 1.093239542905045218e-20 2.089818683582195125e-21
2.418440013163510957e+04 1.741871581143343093e-20 2.117603483995874547e-21
2.419509228552295099e+04 1.347179617417281325e-20 1.987398843305503133e-21
2.420578440653226789e+04 6.647519541182392413e-21 1.943016327516074579e-21
2.421647649464524147e+04 1.272025152575487147e-20 1.912309851760931460e-21
2.422716854982417499e+04 1.096494054341231515e-20 2.011612357936612319e-21
2.423786057204465760e+04 6.124252938319096762e-21 1.921768584419394759e-21
2.424855256127893881e+04 1.628670304996646738e-20 2.254267043356902828e-21
2.425924451749918444e+04 1.014015477482625662e-20 2.027643185313062624e-21
2.426993644067761852e+04 9.525787840783484192e-21 2.032569613118630448e-21
2.428062833079006305e+04 9.600936223283588579e-21 2.260539942541815648e-21
2.429132018779552163e+04 1.226657595078700237e-20 2.075427826078306270e-21
2.430201201167960244e+04 1.337984670588699566e-20 2.339687513349852847e-21
2.431270380241474777e+04 1.304512594575178623e-20 2.349777347506880084e-21
2.432339555996989657e+04 8.154431933250050862e-21 2.072355157907717361e-21
2.433408728431724012e+04 1.637313230458875835e-20 2.197595583121312341e-21
2.434477897542938808e+04 8.258157265246924988e-21 1.711180460745607299e-21
2.435547063327541400e+04 1.458842002437141686e-20 2.014322642606234896e-21
2.436616225783442496e+04 1.130704655149026686e-20 1.903941017858804557e-21
2.437685384907219850e+04 1.035048583890139432e-20 1.916700310606594998e-21
2.438754540696786353e+04 6.899968749151062686e-21 2.072485050494538063e-21
2.439823693149045357e+04 1.210790718962537308e-20 1.991545341974849431e-21
2.440892842261233818e+04 8.051973270548496364e-21 1.921440823964449830e-21
2.441961988030287466e+04 6.464931235482474815e-21 1.781785499344839092e-21
2.443031130453454534e+04 1.638252065935796928e-20 1.945646515396601820e-21
2.444100269529327852e+04 1.617833907471049078e-20 2.032588374237672539e-21
2.445169405253488367e+04 9.523561342394889551e-21 1.902844406360003892e-21
2.446238537624194942e+04 9.963026482976513274e-21 1.947654545109936187e-21
2.447307666638016963e+04 1.132613689418183776e-20 1.942934259214088821e-21
2.448376792292890968e+04 6.866728384471180127e-21 1.865584434829515583e-21
2.449445914585413993e+04 1.186591909512432873e-20 1.859360364943670206e-21
2.450515033513517847e+04 1.098289514763312013e-20 2.329730110175779782e-21
2.451584149074129891e+04 7.636893959973869427e-21 1.833030196091439530e-21
2.452653261263842796e+04 4.484811192883350691e-21 1.969172495047353973e-21
2.453722370080927794e+04 1.481873782459067864e-20 2.083537658360193294e-21
2.454791475522635301e+04 1.291828345194081943e-20 2.189590489715159941e-21
2.455860577585906503e+04 1.106348267780131943e-20 2.216083509151940016e-21
2.456929676267681862e+04 1.335742555748927531e-20 2.070738050866101293e-21
2.457998771565567949e+04 1.723945199681900808e-20 1.964704642845158885e-21
2.459067863477512583e+04 1.447931072808202116e-20 1.967520682642301922e-21
2.460136951999440498e+04 1.370948668011461367e-20 1.921455965756049408e-21
2.461206037129636024e+04 1.314257150039092505e-20 1.861484938896524237e-21
2.462275118864341130e+04 1.303540889632830119e-20 1.818708717609787973e-21
2.463344197202205032e+04 1.031680249222006189e-20 1.622067887993407156e-21
2.464413272139155015e+04 1.086963702539307816e-20 1.918687699508365809e-21
2.465482343673825744e+04 1.448342419401940331e-20 1.830236259403184259e-21
2.466551411802483562e+04 1.424160827490573249e-20 1.841289972890470362e-21
2.467620476522752506e+04 6.300141439284088342e-21 1.855267372589181881e-21
2.468689537832252972e+04 9.094886619524697213e-21 2.029845762629813060e-21
2.469758595727573993e+04 1.279261042930567605e-20 2.146432080214714324e-21
2.470827650206353428e+04 1.616361276161297203e-20 1.999461892023983533e-21
2.471896701265888987e+04 1.458286223475579745e-20 2.185523391513857259e-21
2.472965748903466374e+04 1.050477566869127582e-20 2.029742080432173130e-21
2.474034793116379296e+04 5.374010158707075023e-21 1.749667017812328791e-21
2.475103833902262340e+04 1.337718287801660454e-20 1.824314282652758726e-21
2.476172871257723455e+04 1.417199668900701632e-20 2.064458973217717163e-21
2.477241905180387766e+04 1.175637324244626975e-20 2.010412686801419775e-21
2.478310935667553713e+04 1.426285999647919753e-20 1.834246034764922832e-21
2.479379962716530645e+04 1.009310706139813589e-20 1.763689033220584165e-21
2.480448986326102386e+04 1.051330089530365124e-20 1.798808001990391082e-21
2.481518017788942598e+04 7.801844300565809683e-21 1.755680321895044911e-21
2.482587046371749602e+04 8.600038460101417970e-21 2.089685770460868129e-21
2.483656071505797445e+04 9.908710843324440800e-21 2.097444668030652550e-21
2.484725093187702441e+04 1.590975804169755421e-20 1.981828968771151623e-21
2.485794111415096631e+04 1.042813444161657741e-20 1.849332968950536735e-21
2.486863126185651709e+04 8.937454461893362492e-21 2.170659591783441810e-21
2.487932137495640927e+04 1.380689973124794535e-20 1.984991928161060382e-21
2.489001145343407188e+04 1.000385431934432584e-20 1.818609071676612463e-21
2.490070149725919327e+04 6.274627747383700781e-21 1.671477437186295176e-21
2.491139150640142543e+04 1.061080480578485024e-20 2.072415934765561673e-21
2.492208148084422282e+04 1.038450228403593871e-20 1.987751769764773563e-21
2.493277142054682190e+04 5.801421494892410977e-21 2.136905721666542827e-21
2.494346132549277900e+04 8.998044781149549763e-21 2.055663073102661312e-21
2.495415119565190616e+04 1.616232832990981051e-20 2.107726225328054221e-21
2.496484103099737331e+04 1.486969047641898929e-20 1.967181445219592338e-21
2.497553083149892336e+04 1.117572163609472933e-20 1.804195331111887202e-21
2.498622059713670751e+04 9.684000136037806351e-21 1.724051362454791828e-21
2.499691032788045777e+04 9.903580304396365516e-21 1.873204478885799100e-21
2.500760002370342772e+04 1.330888185326190138e-20 2.074682694312207231e-21
2.501828968457513474e+04 1.049388016794763406e-20 2.124153209108025843e-21
2.502897931047605016e+04 9.494240183743293925e-21 2.009688079502240642e-21
2.503966890137594964e+04 1.161343019989818849e-20 2.049225106165322065e-21
2.505035845724810861e+04 1.228723924141704139e-20 2.106780462290079946e-21
2.506104797806238639e+04 1.152105139286615754e-20 1.808530022311212366e-21
2.507173746379902150e+04 1.111421416749373601e-20 1.759306753467296033e-21
2.508242691442785872e+04 9.254135590363945115e-21 1.962087878340697361e-21
2.509311632991868828e+04 1.427679457045996186e-20 2.029159259847880114e-21
2.510380571025519021e+04 1.673030377284567123e-20 1.766571743862415264e-21
2.511470279989911432e+04 1.404799493425199023e-20 1.822464695477840152e-21
2.512539212277109982e+04 7.246943788660050596e-21 1.422331986170796115e-21
2.513608141033713036e+04 8.388909553278350668e-21 1.761972252476078802e-21
2.514677066263690722e+04 1.472196060845393753e-20 1.993825437082422242e-21
2.515745987963724110e+04 1.136905235572372695e-20 1.995578097779922680e-21
2.516814906131825774e+04 1.468818734281735062e-20 1.927468230933353229e-21
2.517883820764663687e+04 1.408896182379776483e-20 1.804933367165969635e-21
2.518952731860245694e+04 9.006176987460209735e-21 1.723071991910398294e-21
2.520021639414923629e+04 8.281486944910447395e-21 1.997193025630366364e-21
2.521090543427729426e+04 1.226308428380482198e-20 1.715067019372573231e-21
2.522159443894321521e+04 1.179479009354601656e-20 1.968190421064614726e-21
2.523228340812710667e+04 1.356578961297592021e-20 1.996330926056694035e-21
2.524297234180602754e+04 1.101756800844476495e-20 1.862844041522244378e-21
2.525366123994669761e+04 1.429683679048405678e-20 1.919648262788876267e-21
2.526435010252605935e+04 1.136071894778383401e-20 1.953645829534030675e-21
2.527503892952431852e+04 1.371849800970680365e-20 2.033365512599791155e-21
2.528572772089814680e+04 1.162345066196237244e-20 1.941606293607593934e-21
2.529641647663808180e+04 6.594433439143756915e-21 1.945642946485796794e-21
2.530710519670758731e+04 7.944437185965060231e-21 1.894868379918779270e-21
2.531779388108689454e+04 1.649802517785878725e-20 1.985690018324121955e-21
2.532848252974292336e+04 1.012238469049864511e-20 1.757903921461745777e-21
2.533917114265601049e+04 1.420740279225924672e-20 2.071188425531202666e-21
2.534985971978961243e+04 8.697145374588508081e-21 1.984727666347638316e-21
2.536054826112755109e+04 1.000158022239249552e-20 1.790980370507631070e-21
2.537123676664354207e+04 1.254336968308821997e-20 1.812763534368879003e-21
2.538192523630441792e+04 1.423040873366189245e-20 1.963053828192618220e-21
2.539261367008727757e+04 1.276825380590918936e-20 1.773865490525516144e-21
2.540330206797258143e+04 1.102593109314786262e-20 1.690509453095221108e-21
2.541399042991339957e+04 1.223484686379134416e-20 1.789854496233662153e-21
2.542467875590411131e+04 1.088998742329562959e-20 1.880319506638779356e-21
2.543536704591506350e+04 1.008448033324438620e-20 1.810564680730511956e-21
2.544605529990966534e+04 7.952293321929141844e-21 2.153651774784646736e-21
2.545674351787522755e+04 1.059174717856872968e-20 2.089223759841286753e-21
2.546743169977194702e+04 1.440651003929023749e-20 1.735840882996198059e-21
2.547811984558729455e+04 1.059858162933402937e-20 1.796647935035352997e-21
2.548880795528474846e+04 7.431946880182970362e-21 1.783757925284361086e-21
2.549949602884147680e+04 9.795948417505712101e-21 1.583522820697323113e-21
2.551018406623470946e+04 1.079027698853592857e-20 1.757506517458843648e-21
2.552087206743138449e+04 1.174820688720370950e-20 2.089396817427202753e-21
2.553156003240532664e+04 8.989590891897409532e-21 2.119880661957949148e-21
2.554224796114068886e+04 8.717625898281390815e-21 1.999543991145540222e-21
2.555293585359403733e+04 3.762708054831214056e-21 1.752885845635601495e-21
2.556362370976004604e+04 6.174214093347456435e-21 1.896911477407105447e-21
2.557431152960217878e+04 7.345909152133610687e-21 2.032717065361289363e-21
2.558499931308395026e+04 1.168672051663962552e-20 1.846095438718448664e-21
2.559568706020337413e+04 9.695274342829486732e-21 1.935196907867793764e-21
2.560637477091012624e+04 9.078530981085789523e-21 1.886534255920514086e-21
2.561706244518855965e+04 8.480050153636094635e-21 1.999811324949786999e-21
2.562775008301948765e+04 1.312025117401774449e-20 1.759004770851624845e-21
2.563843768435963284e+04 1.398253393270031088e-20 1.861470182780619969e-21
2.564912524920704163e+04 9.492143891782187142e-21 2.154312271418822399e-21
2.565981277751494054e+04 9.253620146482351709e-21 1.867392610108405744e-21
2.567050026926072678e+04 9.905827763422665917e-21 1.909158679718017110e-21
2.568118772442871705e+04 1.406119287318265857e-20 1.958886702354269355e-21
2.569187514297217422e+04 1.050380234431353126e-20 1.597328367928045790e-21
2.570256252489274630e+04 1.026813712256081259e-20 1.896574792672498476e-21
2.571324987014381986e+04 1.358721945923695639e-20 1.948902112405065842e-21
2.572393717871320041e+04 1.000047319456037777e-20 1.980810757965406600e-21
2.573462445056442448e+04 1.140028547559943994e-20 1.742279585464056976e-21
2.574531168566803171e+04 8.663430835808950611e-21 1.832202728840748645e-21
2.575599888401546559e+04 1.507086178213460917e-20 1.999266326593322033e-21
2.576668604556005084e+04 1.343244015521344215e-20 1.918539494239409920e-21
2.577737317030004851e+04 1.193898236295947652e-20 1.991605800711576944e-21
2.578806025817482441e+04 8.534886316240804315e-21 1.838275115149168735e-21
2.579874730920024376e+04 1.144635412115913566e-20 1.973578392269538375e-21
2.580943432331905933e+04 1.184082365849619768e-20 1.800358116430239522e-21
2.582012130051931308e+04 8.074766110484911890e-21 2.040106243693008231e-21
2.583080824077508441e+04 6.877591623691473010e-21 1.837078205095577420e-21
2.584149514404306683e+04 8.833625032036289227e-21 1.949763058778716534e-21
2.585218201032872457e+04 1.134096760833195099e-20 1.850703593336338717e-21
2.586286883956791644e+04 9.770948235348160597e-21 1.813840801585311979e-21
2.587355563177672957e+04 1.312823772228963461e-20 2.380609365193595266e-21
2.588424238689445701e+04 1.442636104618238967e-20 2.172645791554488237e-21
2.589492910491966904e+04 1.369596573341844422e-20 1.696090348896447794e-21
2.590561578581252252e+04 8.775112053502865972e-21 1.702236317420440498e-21
2.591630242954368805e+04 1.008550108502135190e-20 1.960233181816055462e-21
2.592698903610842899e+04 1.607208411763706652e-20 1.973690919877146937e-21
2.593767560544595472e+04 1.335039334926818055e-20 1.636226089826784509e-21
2.594836213757249061e+04 1.211087772942777197e-20 1.950975719055644544e-21
2.595904863242028659e+04 1.113358725152209922e-20 1.940908155169201715e-21
2.596973509000559716e+04 7.738881612409576872e-21 1.843797772014919353e-21
2.598042151026424835e+04 1.150902489038422162e-20 1.972182352863525694e-21
2.599110789320549884e+04 1.062000832598225626e-20 1.835927747495098213e-21
2.600179423877204681e+04 5.439249290794824777e-21 1.806515469694379130e-21
2.601248054695920655e+04 1.024332021541364044e-20 1.911921839016958261e-21
2.602316681773070013e+04 1.275450616045487942e-20 1.572406352012117038e-21
2.603385305106436499e+04 8.416089113069045817e-21 1.825094231037895097e-21
2.604453924693108274e+04 1.088408172720735203e-20 1.890170795350548903e-21
2.605522540531577397e+04 1.730791806740606933e-20 1.868289992981276722e-21
2.606591152618217529e+04 1.476898637747182579e-20 1.854100149464376021e-21
2.607659760950801865e+04 1.138760144186667455e-20 1.855445215351400720e-21
2.608728365526778725e+04 1.013837012701590622e-20 1.951996495449264870e-21
2.609796966343596432e+04 7.041713309998882058e-21 1.940216627228332768e-21
2.610865563399737584e+04 1.703333866704458486e-20 2.020610486432676853e-21
2.611934156689454903e+04 1.514565452121735621e-20 1.824364548755981330e-21
2.613002746214084254e+04 1.611370483257244767e-20 2.055465185680463531e-21
2.614071331968591767e+04 1.504002008962931713e-20 2.013919472758953696e-21
2.615139913951117705e+04 1.128683136649714702e-20 1.790933511074774542e-21
2.616208492159111483e+04 1.275801921089097602e-20 1.884178598960677028e-21
2.617277066590017421e+04 1.749244508615911463e-20 1.815542006922637648e-21
2.618345637241279837e+04 1.727092474563655351e-20 2.250144871697907306e-21
2.619414204110330684e+04 9.260078670500081716e-21 2.102332288641208250e-21
2.620482767194269763e+04 1.067197695266078856e-20 1.788877525864420374e-21
2.621551326491261352e+04 1.078467244613239086e-20 1.833724767084794452e-21
2.622619881998393248e+04 1.219490280374104160e-20 1.960914038943068939e-21
2.623688433712761253e+04 1.367878795900590268e-20 1.680885282096226247e-21
2.624756981632879979e+04 5.887169837989734747e-21 1.830962742829627419e-21
2.625825525754772752e+04 1.146045064358951481e-20 1.821489903837672454e-21
2.626894066077316893e+04 7.334318869648225173e-21 1.446921451255735203e-21
2.627962602596540819e+04 6.926510668477121438e-21 1.485613146956465629e-21
2.629031135310967147e+04 9.746707001188900604e-21 1.661057517083356222e-21
2.630099664217698228e+04 1.633675127595851802e-20 1.883090416213708651e-21
2.631168189314182018e+04 1.214146307905377279e-20 1.787004758295134011e-21
2.632236710597872661e+04 1.129793259502320321e-20 1.984974725577254962e-21
2.633305228066229392e+04 1.257555405154269416e-20 1.938298889114269622e-21
2.634373741716352015e+04 1.284606518491768264e-20 1.781311406715420105e-21
2.635442251546420448e+04 1.442321347798252083e-20 1.880311630824865041e-21
2.636510757553531221e+04 7.583626885044637420e-21 1.800355429532043106e-21
2.637579259734788502e+04 6.789251946203724352e-21 1.802427674971307242e-21
2.638647758088720366e+04 1.147806838097275851e-20 1.719208202921823951e-21
2.639716252611004893e+04 1.297976976351980812e-20 1.903585571176386087e-21
2.640784743301251729e+04 1.524119790348162043e-20 1.863279052027292877e-21
2.641853230154783887e+04 1.240189551632774282e-20 1.710866982228226655e-21
2.642921713171567899e+04 1.399749118496270423e-21 1.740948602443917688e-21
2.643990192346197364e+04 1.365866863965070656e-20 1.948174465264719646e-21
2.645058667678286292e+04 6.379711277659953553e-21 1.759133593970061261e-21
2.646127139164597247e+04 7.034922581549364375e-21 1.943120355604955108e-21
2.647195606802235488e+04 8.494842071097274490e-21 1.777625710106540725e-21
2.648264070589741823e+04 1.206002155986310358e-20 1.608061696654304666e-21
2.649332530522429806e+04 1.178778473971640407e-20 1.506181843196036105e-21
2.650400986600651231e+04 9.765364337684314666e-21 1.787436479528792753e-21
2.651469438819359857e+04 1.551042476463534114e-20 1.951457233019985591e-21
2.652537887178185701e+04 1.175788955214779227e-20 1.929129598492057457e-21
2.653606331672801025e+04 1.205230718692595154e-20 1.842825662254718301e-21
2.654674772301401026e+04 1.188714344027185226e-20 1.823409084454612895e-21
2.655743209062179449e+04 9.714135591969114962e-21 1.700473012272371108e-21
2.656811641950446210e+04 8.821437481626880495e-21 1.713268085200906550e-21
2.657880070966564745e+04 1.153210154713807577e-20 1.843947858917414357e-21
2.658948496105487720e+04 7.058046473389173007e-21 1.973696952452519580e-21
2.660016917366499911e+04 9.366280804708252873e-21 1.947983078641125567e-21
2.661085334746361332e+04 1.098814622733076398e-20 1.750435292401804293e-21
2.662153748242186339e+04 3.029193346265220332e-21 1.836258305248121643e-21
2.663222157852533928e+04 1.048882639270283476e-20 1.929223755007289515e-21
2.664290563572707833e+04 1.196797879600017864e-20 1.933384097982075026e-21
2.665358965402372996e+04 9.891321967172474715e-21 1.778049829372179651e-21
2.666427363338659416e+04 7.712660701303097512e-21 1.763838251634299847e-21
2.667495757378683993e+04 1.328255424902449962e-20 1.811551085371499641e-21
2.668564147519916150e+04 1.131163239874617310e-20 1.760272560019313035e-21
2.669632533758749923e+04 8.916111846943305077e-21 1.737399262523631050e-21
2.670700916094503555e+04 8.688551850671787679e-21 1.703451699710424187e-21
2.671769294524305224e+04 9.988770331369434945e-21 1.909270569549073652e-21
2.672837669044903305e+04 7.699518582394644533e-21 1.749059972584502003e-21
2.673906039654504275e+04 -8.564132085469436745e-23 1.774665863260292374e-21
2.674974406349150013e+04 1.321628733081777313e-20 1.841194088732310016e-21
2.676042769128524742e+04 1.452476714859134133e-20 1.989566499603789698e-21
2.677111127989024681e+04 1.036504904114984013e-20 1.576500974596958335e-21
2.678179482927766367e+04 1.212940862629429847e-20 2.108020366549618415e-21
2.679247833942602665e+04 1.178515480880737012e-20 1.905484880478650445e-21
2.680316181030669031e+04 1.124093328535269906e-20 1.851487492256647122e-21
2.681384524190557931e+04 1.295051956354453973e-20 2.084038709367269937e-21
2.682452863419025380e+04 7.733812875546962518e-21 2.108074099823033879e-21
2.683521198712463956e+04 6.820856680767594971e-21 1.872419773971609362e-21
2.684589530070210822e+04 1.447432324706034342e-20 1.909644656727810715e-21
2.685657857489395974e+04 1.398593337556602612e-20 1.992570629738535325e-21
2.686726180966049287e+04 1.377063836429758867e-20 1.954163400595525848e-21
2.687794500500234426e+04 1.070803455633492259e-20 1.855881595326752863e-21
2.688862816086873499e+04 7.351845117419498882e-21 1.892751114519851507e-21
2.689931127724570979e+04 1.427654819250893878e-20 1.941640687407771911e-21
2.690999435411572995e+04 1.364131385530746381e-20 1.938535724173110754e-21
2.692067739144268126e+04 6.584455822119046711e-21 1.943907097708753466e-21
2.693136038920158535e+04 1.203263595481118877e-20 1.907339544618073528e-21
2.694204334737850513e+04 1.211477999344945100e-20 1.843293003607859285e-21
2.695272626593371024e+04 7.691721148526928204e-21 1.730469198934281217e-21
2.696340914484970563e+04 7.639255447186854609e-21 1.603311227310494291e-21
2.697409198411245961e+04 1.385656568006260931e-20 1.843925684652845776e-21
2.698477478367126969e+04 1.019410364914658470e-20 1.856194758543270653e-21
2.699545754352327640e+04 9.282197525612163944e-21 2.071615921488532733e-21
2.700614026363622179e+04 1.005687319337870596e-20 1.848170835319119859e-21
2.701682294397779697e+04 9.221777846855384799e-21 1.792393382707407154e-21
2.702750558454161728e+04 6.821014552545277538e-21 1.798367270398179121e-21
2.703818818529157579e+04 4.819519133379677226e-21 1.824259803957317739e-21
2.704887074618794213e+04 1.128230016143921910e-20 1.984535030732747209e-21
2.705955326723542021e+04 1.296119594758961992e-20 2.002485886894712929e-21
2.707023574839068169e+04 9.787666858122724781e-21 1.890658163076956860e-21
2.708091818962507023e+04 1.371748902303894459e-20 2.055108906475984128e-21
2.709160059093231393e+04 9.366392948066795346e-21 1.801629894189984013e-21
2.710228295227264607e+04 1.331517008330816840e-20 2.147190781372578128e-21
2.711296527361747212e+04 1.747515280013303601e-20 2.001843634104001591e-21
2.712364755496055659e+04 1.230501547618333004e-20 1.856945848350341680e-21
2.713432979626213273e+04 9.472956495085847243e-21 1.829294499393937088e-21
2.714501199727371204e+04 1.422076043115330520e-20 1.937358329527788568e-21
2.715569413406974490e+04 8.259570908058995320e-21 1.734128093222872449e-21
2.716637598978786991e+04 5.423558438110580792e-21 1.765612401447859816e-21
2.717705780296740704e+04 5.897286914211563754e-21 1.935192330569233777e-21
2.718773957598057314e+04 1.118470370635596080e-20 1.848786075287816567e-21
2.719842130881745470e+04 4.931178462141211337e-21 1.980342028113695505e-21
2.720910300144575740e+04 8.190640422294351635e-21 1.683344106756839327e-21
2.721978465383317598e+04 5.069749653479517654e-21 2.044088750694921449e-21
2.723046626596621354e+04 8.935381059769334437e-21 1.930283386876760319e-21
2.724114783782380619e+04 7.333654336921894505e-21 1.878981734783630111e-21
2.725182936936609258e+04 1.509072632816426152e-20 1.833700032066881979e-21
2.726251086057208158e+04 9.914031125339674783e-21 1.804247926469826694e-21
2.727319231142826175e+04 1.490679456775779112e-20 2.263327011485179187e-21
2.728387372189868256e+04 1.326790155879674161e-20 2.078474822258321546e-21
2.729455509196229104e+04 1.286909596405083712e-20 1.800142932591499278e-21
2.730523642159812152e+04 8.573696390354282008e-21 1.655650005671214464e-21
2.731591771077760495e+04 1.421480966258562006e-20 2.036187764864118667e-21
2.732659895946847246e+04 1.113617146587198102e-20 2.121018029125746996e-21
2.733728016765727807e+04 1.421979337882238515e-20 1.886097507008897393e-21
2.734796133531562009e+04 9.335600608153726780e-21 2.086272820429906269e-21
2.735864246242246372e+04 7.814080787796879013e-21 2.098268749370225650e-21
2.736932354894552191e+04 9.262419691445743108e-21 1.999016852706084814e-21
2.738000459486015097e+04 1.467014232478607436e-20 2.094358443759042868e-21
2.739068560015291587e+04 6.905427881326783256e-21 2.029758646609498862e-21
2.740136656478787336e+04 5.022802767561295142e-21 1.857439279376306641e-21
2.741204748874403231e+04 3.042259915002762489e-21 1.971550427918152803e-21
2.742272837199666901e+04 1.082727943947786362e-20 2.252709480175022624e-21
2.743340921451743998e+04 1.801753113014166529e-20 2.525235435153842531e-21
2.744409001629291379e+04 1.116772374902808481e-20 2.221547818178243271e-21
2.745477077728712538e+04 1.427279624775122245e-21 1.992664765886128358e-21
2.746545149747539108e+04 5.912972876873107636e-21 2.031978424660060956e-21
2.747613217684434494e+04 1.013446720849235637e-20 2.127117108247113783e-21
2.748681281535809103e+04 1.246032957837885556e-20 2.250750747178569627e-21
2.749749341299562730e+04 9.655348995179403602e-21 2.167411702879874759e-21
2.750817396972861388e+04 3.046565110139542078e-21 2.303323019974497077e-21
2.751885448553996321e+04 5.520242213877982809e-21 2.253150093978045675e-21
2.752953496040130995e+04 1.324087646327269980e-20 1.947390957488470160e-21
2.754021539428794858e+04 1.166197033973518318e-20 2.129435759603041292e-21
2.755089578717149561e+04 7.083463375318184719e-21 2.114539297299041269e-21
2.756157613903492529e+04 7.945158414068070428e-21 1.929308373982005422e-21
2.757225644984981773e+04 8.355815469972735420e-21 1.937384211941299341e-21
2.758293671958782943e+04 6.327823270027930817e-21 2.165787974490527595e-21
2.759361694823564176e+04 6.720024281288089539e-21 2.051539326893937197e-21
2.760429713575355345e+04 1.319629480206187859e-20 2.252302635769424876e-21
2.761497728212826405e+04 7.698230496502524151e-21 2.121156122325930918e-21
2.762565738732774116e+04 7.533248838734421488e-21 2.242149092281605977e-21
2.763633745133868797e+04 1.559021284096520287e-20 2.084313582020791464e-21
2.764701747412138138e+04 4.614109481431039397e-21 2.061379785607364737e-21
2.765769745565879930e+04 5.219377473215576365e-21 1.990040395505238893e-21
2.766837739593020524e+04 6.543600361810341054e-21 1.982983436503073970e-21
2.767905729490345402e+04 5.850190472783583405e-21 1.970943509774749857e-21
2.768973715255781644e+04 5.247204440210197684e-22 2.112054267688372438e-21
2.770041696887632497e+04 3.875183840953858102e-21 2.054052151435289973e-21
2.771109674381924560e+04 1.238061612121873636e-20 2.166434462147390074e-21
2.772177647737333245e+04 9.712340671718775863e-21 2.139311418938029145e-21
2.773245616950653130e+04 8.729568136657586275e-21 1.880808128907430847e-21
2.774313582020186004e+04 7.323519748254841040e-21 2.197302305676881296e-21
2.775381542942729357e+04 1.790843736564385800e-20 2.354613592836924426e-21
2.776449499716575883e+04 8.874315600780834310e-21 2.287827383453908878e-21
2.777517452338150542e+04 8.134812042020158404e-21 2.165358253171393999e-21
2.778585400806893813e+04 6.719290903031281639e-21 2.162148385074680069e-21
2.779653345124197222e+04 9.367540116070487270e-21 2.070719435992588650e-21
2.780742378506722889e+04 1.112012132913342550e-20 1.880663346490349075e-21
2.781810315746433116e+04 1.249636144527947220e-21 2.227893795635545802e-21
2.782878248823430476e+04 5.592142849119382499e-21 2.267461727533681533e-21
2.783946177733299919e+04 1.056287386353424240e-20 2.307536354983164184e-21
2.785014102474378524e+04 7.676346779155814851e-21 2.166798254351009705e-21
2.786082023044223388e+04 9.620349034869617939e-21 1.980028111095007450e-21
2.787149939440774688e+04 1.004530670022397273e-20 2.241730942005478000e-21
2.788217851660407541e+04 4.086725472093189181e-21 2.122144321521952099e-21
2.789285759702248106e+04 9.307861528499310416e-21 2.389043629055515968e-21
2.790353663562666770e+04 7.886513113813434749e-21 2.169749236770893381e-21
2.791421563239616444e+04 7.987116357164810987e-21 1.972669152262082902e-21
2.792489458730650222e+04 1.326742615459009244e-20 1.877292847909718487e-21
2.793557350033719194e+04 1.149229002625961330e-20 2.027379646503788867e-21
2.794625237145194478e+04 6.510723820802000585e-21 2.242510974448282697e-21
2.795693120064211325e+04 1.424186379421295520e-20 2.277186774615415360e-21
2.796760998787141943e+04 1.307989713141255133e-20 1.897475687207898608e-21
2.797828873311936695e+04 1.587230919111036672e-20 1.967997095927100784e-21
2.798896743636155952e+04 1.581852398447767077e-20 2.003671909618375976e-21
2.799964609757353173e+04 1.006470972019683319e-20 1.839593764468124714e-21
2.801032471673089822e+04 1.102915823002004606e-20 2.094430090213485594e-21
2.802100329381319898e+04 3.166329210444436542e-21 1.898313742515991707e-21
2.803168182878411972e+04 1.074460547340092443e-20 1.968652630185831515e-21
2.804236032163115669e+04 1.066496343411443491e-20 2.085280059123241368e-21
2.805303877232594823e+04 1.331010580617135037e-20 2.066077473505751733e-21
2.806371718084011445e+04 1.854950697615382193e-20 2.033995792139319874e-21
2.807439554716115890e+04 7.877222804009208959e-21 2.136330211302015955e-21
2.808507387125676541e+04 9.985965008120751744e-21 2.185266339312611125e-21
2.809575215309064515e+04 5.483691898029006068e-21 1.990030830095602383e-21
2.810643039265823609e+04 1.016453593004787445e-20 2.091167907582362961e-21
2.811710858992724388e+04 1.260439023926917521e-20 1.986943685969333171e-21
2.812778674487327953e+04 8.356186417567966317e-21 2.257237394753994058e-21
2.813846485746798498e+04 1.361163196187305250e-20 2.121479626128433646e-21
2.814914292769895474e+04 1.907715079016984858e-20 2.260176941127903151e-21
2.815982095552586543e+04 9.801326221910861479e-21 2.046807337966663072e-21
2.817049894093233888e+04 1.156758413499842034e-20 2.465424646049098268e-21
2.818117688389799514e+04 1.684748615934335381e-20 2.343058525055601671e-21
2.819185478439447979e+04 2.518041838651846173e-20 2.075795789790007722e-21
2.820253264239349301e+04 1.565416424490427168e-20 2.247089297153264473e-21
2.821321045788260381e+04 1.660088592668293684e-20 2.335183281861322877e-21
2.822388823082153976e+04 1.003048548103313964e-20 2.178547936615332981e-21
2.823456596119394817e+04 1.836182796591382336e-21 2.281906625420053893e-21
2.824524364898342901e+04 5.442866103550407845e-21 2.272030225571056312e-21
2.825592129414973169e+04 4.163447828858225118e-21 2.373730371930456786e-21
2.826659889668046526e+04 7.505360311153238659e-21 2.293451963791088112e-21
2.827727645653934087e+04 1.226895743038418369e-20 2.480318831539709543e-21
2.828795397371799845e+04 1.647766868172387861e-20 2.086333290027616282e-21
2.829863144818013097e+04 2.639155600369459335e-23 2.148347876965072986e-21
2.830930887990942210e+04 5.527824774429876939e-21 1.992017715281201383e-21
2.831998626887354840e+04 1.161165205587201915e-20 2.076867391565098521e-21
2.833066361505620807e+04 8.551460582062840809e-21 2.180527517681235972e-21
2.834134091842907583e+04 8.923380444812717813e-21 2.347461135240574356e-21
2.835201817895986460e+04 1.178463662017974250e-20 2.177606745922543484e-21
2.836269539664426338e+04 8.599795827737952323e-21 2.105597255923029060e-21
2.837337257143795068e+04 9.509249853432852842e-21 2.104931175865181134e-21
2.838404970332863377e+04 1.048313553234538859e-20 2.164600344766388877e-21
2.839472679228402558e+04 1.274194476729040250e-20 1.947129044415229162e-21
2.840540383828385529e+04 2.089689170500810360e-21 2.102922145220609071e-21
2.841608084130781936e+04 1.252983787945908208e-20 2.419160456642862129e-21
3.007256603048987745e+04 1.712673058930435881e-20 3.597195559272899686e-21
3.008323631997226039e+04 1.242643049900271884e-20 2.405686911699917709e-21
3.009390656266016595e+04 9.090529591766391461e-21 2.560878817977229382e-21
3.010457675853323963e+04 4.485251886338623646e-21 2.554130269066561159e-21
3.011524690757537974e+04 7.236056418626831930e-21 2.400100666038284042e-21
3.012591700976624634e+04 6.746596969467963959e-21 2.402699414250163752e-21
3.013658706506169983e+04 9.818264171763144822e-21 2.426776110325016448e-21
3.014725707345339833e+04 8.208355234553995145e-21 2.333551368031339117e-21
3.015792703491715656e+04 8.710680491848600148e-21 2.517678224074680205e-21
3.016859694942068018e+04 8.888200756202132310e-21 2.700230480429168764e-21
3.017926681693979481e+04 7.211976114728534191e-21 2.625869326282361730e-21
3.018993663746222592e+04 1.177084797297884069e-20 2.192053134657882526e-21
3.020060641095176834e+04 1.042561050008931149e-20 2.127900832833514284e-21
3.021127613738811488e+04 1.221344408960560740e-20 2.386134249340273151e-21
3.022194581674700385e+04 1.790034803959905215e-20 2.384799932253278851e-21
3.023261544900025183e+04 1.293528284505221331e-20 2.435140393708064847e-21
3.024328503413551516e+04 1.679698962391991468e-20 2.506603205957932263e-21
3.025395457211268149e+04 3.598893385760297997e-21 2.306067808509781855e-21
3.026462406292327432e+04 8.433987025636825917e-21 2.072681377006093291e-21
3.027529350652713765e+04 9.971809544251391130e-21 2.223453985550730651e-21
3.028596290290801335e+04 1.157009225070942697e-20 2.572343561918298454e-21
3.029663225204962509e+04 1.277735768349683392e-20 2.537975548382088287e-21
3.030730155391179142e+04 9.062229316203254029e-21 2.365890118506123769e-21
3.031797080848604310e+04 8.099912732215741459e-21 2.182153167918713856e-21
3.032864001572828056e+04 6.899112800533012287e-21 2.086368569470997858e-21
3.033930917563809635e+04 8.043038011345168666e-21 2.134465169901202245e-21
3.034997828817132904e+04 1.238728090106373106e-20 2.228658500865376799e-21
3.036064735331560587e+04 8.449028073809184070e-21 2.335370740411730823e-21
3.037131637104263064e+04 4.778130018940646751e-21 2.182304113834782995e-21
3.038198534132408167e+04 1.180975897609848995e-20 2.303780520032913242e-21
3.039265426413972818e+04 7.350063183546162628e-21 2.301500326539980346e-21
3.040332313946928844e+04 1.062419230839884080e-20 2.185014578866784531e-21
3.041399196728052630e+04 1.473148386548836152e-20 2.378854485340926298e-21
3.042466074756105445e+04 6.389569987270709790e-21 2.314232787718476356e-21
3.043532948027052407e+04 1.527999981718351456e-20 2.469475056716531034e-21
3.044599816539264430e+04 1.408714184334421783e-20 2.428538845079474731e-21
3.045666680290721342e+04 1.056673256993671118e-20 2.201728286268612271e-21
3.046733539278577882e+04 9.072032469512718708e-21 2.323631724144150738e-21
3.047800393500002974e+04 8.830628739814423886e-21 2.257742831028654956e-21
3.048867242952970264e+04 1.102817506329483404e-20 2.395965577470100295e-21
3.049934087635445030e+04 6.107540223346906513e-21 2.475580812905884762e-21
3.051000927543795842e+04 6.689959879703579596e-21 2.537524724015286457e-21
3.052067762677196151e+04 8.099678396794215774e-21 2.220941306628111166e-21
3.053134593032407793e+04 7.569992587347470560e-21 2.159611544042725432e-21
3.054201418606190055e+04 1.273596284236868680e-20 2.401346286036510752e-21
3.055268239397716025e+04 1.491882848443277236e-20 1.963201048898686365e-21
3.056335055403352817e+04 8.727572723054008231e-21 2.219294825587928025e-21
3.057401866621466615e+04 8.885842348429237903e-21 2.440537769306841274e-21
3.058468673049215067e+04 1.411761170208397731e-20 2.249650335284443617e-21
3.059535474683352004e+04 1.548880026664837646e-20 2.208929350398869902e-21
3.060602271522257797e+04 9.720866446083836527e-21 2.529318499878502982e-21
3.061669063564311000e+04 9.185201222159743758e-21 2.335474862198710094e-21
3.062735850806259259e+04 1.922016621199599581e-20 2.668136098349273501e-21
3.063802633244857498e+04 1.606403466987525207e-20 2.368987494295012281e-21
3.064869410879274074e+04 5.736857991481287679e-21 2.075670058674048709e-21
3.065936183705473741e+04 1.185322676473350245e-20 2.225137312938858472e-21
3.067002951722622674e+04 1.294686433049338739e-20 2.306515044624308962e-21
3.068069714926677625e+04 1.256529412813184031e-20 2.293149573585978003e-21
3.069136473316805132e+04 9.753964047994468244e-21 2.278933388997812606e-21
3.070203226888961944e+04 6.712732408759389530e-21 2.247038343925650194e-21
3.071269975642312784e+04 1.017639992364539551e-20 2.118811203288261285e-21
3.072336719572811489e+04 1.539767637848120962e-20 2.438307792891439599e-21
3.073403458679621326e+04 1.411282676125455081e-20 2.348675519688256569e-21
3.074470192958699045e+04 3.728711611508166491e-21 2.305527659260794266e-21
3.075536922409213366e+04 1.183914339962513837e-20 2.498636283628760181e-21
3.076603647027104307e+04 8.381987515234786304e-21 2.288260214063066537e-21
3.077670366810739506e+04 1.541117070118744489e-20 2.241136720938238827e-21
3.078737081758092245e+04 1.861410021122981786e-21 2.335925680092074690e-21
3.079803791866314350e+04 1.371932395692703482e-20 2.615787489337700775e-21
3.080870497133355821e+04 1.095102313152353229e-20 2.154202487431366712e-21
3.081937197555563034e+04 1.223077945994750063e-20 2.469252864048286338e-21
3.083003893131703080e+04 1.228224039302903680e-20 2.239629048915903709e-21
3.084070583858538885e+04 8.812141000997023580e-21 2.093483712913549420e-21
3.085137269735233349e+04 8.039651705302687192e-21 2.524669964670491665e-21
3.086203950756510312e+04 1.081471291868903060e-20 1.995383738485808923e-21
3.087270626922751399e+04 1.335762131726719689e-20 2.164312511959582416e-21
3.088337298229487351e+04 7.593011471021875952e-21 2.252414023513665525e-21
3.089403964675086536e+04 4.234716264952524556e-21 2.233627782659758155e-21
3.090470626257919139e+04 6.239166594105686968e-21 2.235060506688154000e-21
3.091537282973902620e+04 2.944829572858969559e-21 2.025108986585380571e-21
3.092603934820997165e+04 8.617890102050176327e-21 2.025830291790672185e-21
3.093670581797988052e+04 5.624408614532346201e-21 2.211683211142213975e-21
3.094737223901608377e+04 1.270480321710596254e-20 2.465946373940131354e-21
3.095803861128998687e+04 5.232848586991748608e-21 2.357221021878569300e-21
3.096870493478922799e+04 7.211488433209172864e-21 2.164595328060717882e-21
3.097937120946502182e+04 1.413405995669058715e-20 2.331145455241639287e-21
3.099003743532536464e+04 -1.023903083058033034e-21 2.583442154235677414e-21
3.100070361232141295e+04 5.505118637998080043e-22 2.331660433408983171e-21
3.101136974043670853e+04 1.039239719750804713e-20 2.206285558110196472e-21
3.102203581965083868e+04 3.562214647640724103e-21 2.250749075189150545e-21
3.103270184993117073e+04 6.267882992844784426e-21 2.694726575164551690e-21
3.104336783126536830e+04 5.063671880914191523e-21 2.399818208347676349e-21
3.105403376361259507e+04 2.450054597155473510e-21 2.093265935403211126e-21
3.106469964695639646e+04 1.101477726988521370e-20 2.109224994441888671e-21
3.107536548127226706e+04 1.534489429297177637e-20 2.236032096492929277e-21
3.108603126653163781e+04 9.416067362674462229e-21 2.083952932736892338e-21
3.109669700271807596e+04 1.213650819900693415e-20 2.155663654749291434e-21
3.110736268980312889e+04 4.756758145244372489e-21 2.417682667678966917e-21
3.111802832777030926e+04 5.276078282205811058e-21 2.328791952790222592e-21
3.112869391657861706e+04 5.749317943946722313e-21 2.323200209632878880e-21
3.113935945620753046e+04 7.072209918436612658e-21 2.405768637224876542e-21
3.115002494664077676e+04 9.275201613522821590e-21 2.554665052547550618e-21
3.116069038784967779e+04 1.073198949666625784e-20 2.204026062441435759e-21
3.117135577980965536e+04 4.606104186779585327e-21 2.378359105814165226e-21
3.118202112250022765e+04 5.567710606110199003e-21 2.121046356835312175e-21
3.119268641588848914e+04 6.214663393926291070e-21 2.155124005716079550e-21
3.120335165994584167e+04 3.210638640021684744e-21 2.248205796964109294e-21
3.121401685466823255e+04 4.240277760121788347e-21 2.517660205416430115e-21
3.122468200001878722e+04 9.356231556751527296e-21 2.070630953211501837e-21
3.123534709597268375e+04 8.524264391946339931e-21 2.021887599595619659e-21
3.124601214249301484e+04 6.431080780019881101e-21 2.052196664777423503e-21
3.125667713957581873e+04 3.855290661453237874e-21 2.349080532341290257e-21
3.126734208719233720e+04 3.115448992451651332e-21 2.470781222435798232e-21
3.127800698530154477e+04 6.273829744968605968e-21 2.141290772078176013e-21
3.128867183390743594e+04 7.487415285474614831e-21 2.375326505109756226e-21
3.129933663295668521e+04 1.310236224283584390e-20 2.751548673559460934e-21
3.131000138244091795e+04 1.549542871146506664e-20 2.501511295088403610e-21
3.132066608232336148e+04 4.291393782824097008e-21 2.190418995941017900e-21
3.133133073259980301e+04 8.767455254003707021e-21 2.317421447107972340e-21
3.134199533322107891e+04 6.659776850611627722e-21 2.518074932526930804e-21
3.135265988419107816e+04 9.926375290087386757e-21 2.458590210616835917e-21
3.136332438545646437e+04 9.008817688433546722e-21 2.420716744889459316e-21
3.137398883700881925e+04 6.590618108727355110e-21 2.207680655752156658e-21
3.138465323881132645e+04 1.185716861054160551e-20 2.282008579137118041e-21
3.139531759085984959e+04 1.056974954410046247e-20 2.781020667157918785e-21
3.140598189311315582e+04 1.147867691830540801e-20 2.396702470954926501e-21
3.141664614554233776e+04 1.024146358086506196e-20 2.570402206557669972e-21
3.142731034814333907e+04 4.325385060000959136e-21 2.331978225337577077e-21
3.143797450086681420e+04 1.037233078355973456e-20 2.319812324294505236e-21
3.144863860370853581e+04 6.810282457412917488e-21 2.518880667929331478e-21
3.145930265663154569e+04 2.417940637648141329e-20 2.696740494343724367e-21
3.146996665961917461e+04 6.376883580849583038e-20 3.551792652847822822e-21
3.148063061263862983e+04 2.414954409977705316e-19 5.046139725189888762e-21
3.149129451568155127e+04 3.690078249955247301e-19 6.160216697632587955e-21
3.150195836869425329e+04 1.174640998459818953e-19 5.905213329830745345e-21
