2.888393814771794860e+04 6.688035053219633046e-21 4.830811022721585659e-21
2.890188913474018409e+04 4.583409923547765633e-21 3.502954695606394641e-21
2.891984004298866421e+04 -7.999141983127538243e-22 3.276252281264559193e-21
2.893779087241019442e+04 9.429607260511077023e-21 3.306889087893955517e-21
2.895574162298511510e+04 1.053114970169065649e-20 3.345917640516951446e-21
2.897369229466027900e+04 7.719797373479912681e-21 3.112783694307310816e-21
2.899164288740163101e+04 5.998584433375821176e-21 3.200614955257859295e-21
2.900959340117038300e+04 3.816999080231375833e-21 3.299707135007918633e-21
2.902754383593247621e+04 4.050931116548030473e-21 3.388137645163854665e-21
2.904549419163951825e+04 3.750757933223840627e-21 3.133815265262207072e-21
2.906344446825747218e+04 6.689841428619902243e-21 3.325627131933258731e-21
2.908139466575227925e+04 4.781772999402234582e-21 3.173926147175784909e-21
2.909934478407552888e+04 5.272329276041089598e-21 3.103206579668904279e-21
2.911729482319318049e+04 8.774149866964550726e-21 3.099149608684859424e-21
2.913524478307115351e+04 5.583470237637764005e-21 3.306049244227509271e-21
2.915319466366102279e+04 1.252361269112158416e-21 3.169681386987456405e-21
2.917114446492396019e+04 4.719372392435338152e-21 3.108608149434763538e-21
2.918909418683536933e+04 1.009964087083967831e-20 3.124922373960680332e-21
2.920704382934211026e+04 -3.507290085316273538e-22 2.751649172175907180e-21
2.922499339241009511e+04 1.024990150423901929e-20 3.026843038084842514e-21
2.924294287600044117e+04 1.201754723151837351e-20 3.171894313942950627e-21
2.926089228007425118e+04 5.903392385319994417e-21 3.119181440284971937e-21
2.927884160458789484e+04 7.297225547246306560e-21 3.335731413563817143e-21
2.929679084951201730e+04 3.701555205727676210e-21 3.185538764436525474e-21
2.931474001480295192e+04 7.390595828674571381e-21 3.241782469561642044e-21
2.933268910042180141e+04 1.054213102048493346e-20 2.853415764935977499e-21
2.935063810632488094e+04 1.294002581633919946e-20 3.303068427712255008e-21
2.936858703247804806e+04 1.239316054228796097e-21 2.819870411124883775e-21
2.938653587884720037e+04 8.888099921885880301e-21 2.908627076048671725e-21
2.940448464538862027e+04 3.122632898914083488e-21 2.765581399866761579e-21
2.942243333205857562e+04 8.337010107366994203e-21 3.022877203849833302e-21
2.944038193882296764e+04 3.749249163563738228e-21 2.731851499381481125e-21
2.945833046564281540e+04 4.433831958536095922e-21 2.707939243818488419e-21
2.947627891248879314e+04 2.952912711784017490e-21 2.835751206167979005e-21
2.949422727934943759e+04 4.848185703150561531e-21 3.126835307000051812e-21
2.951217576749000364e+04 6.406773091177096452e-21 2.759626766610812427e-21
2.953012495212448266e+04 8.279451228132321507e-21 3.097185532777532205e-21
2.954807405661134908e+04 3.682242579064930356e-21 2.802484872421591707e-21
2.956602308090688530e+04 -5.026415035370222213e-22 2.868938189036530845e-21
2.958397202496246973e+04 9.052801602822354285e-21 2.909642584736923067e-21
2.960192088875830450e+04 6.194994695729530832e-21 2.409348763533333431e-21
2.961986967224103137e+04 6.618901803551386166e-21 2.638464421459744305e-21
2.963781837537162210e+04 3.274472032157268702e-22 2.738621613510252939e-21
2.965576699812068910e+04 4.712938631391590319e-21 2.878099453736848625e-21
2.967371554044919685e+04 9.797273430164179301e-21 2.756532949624846739e-21
2.969166400230854924e+04 1.079911222107116049e-20 2.936801206564639513e-21
2.970961238366926045e+04 4.459854948744407132e-21 2.632211011774718374e-21
2.972756068448276346e+04 1.736345830821120042e-21 2.526131938395068142e-21
2.974550890470998638e+04 3.548578696687480055e-21 2.638658242231341405e-21
2.976345704432153434e+04 -1.407478375708547563e-21 2.661583001555985702e-21
2.978140510326873482e+04 7.363668247463975441e-21 2.826290410235001705e-21
2.979935308152213838e+04 1.025490871881212024e-20 3.007208751920398063e-21
2.981730097903787464e+04 8.732480458322878972e-21 2.681032092343573350e-21
2.983524879577689717e+04 1.919287231161627007e-21 2.520424809377596325e-21
2.985319653170493257e+04 7.825900913157505499e-21 2.613698037158586871e-21
2.987114418676846981e+04 2.729406964840430666e-21 2.643752993047186244e-21
2.988909176093323913e+04 1.416518838628233510e-21 2.721457448386818208e-21
2.990703925417456048e+04 6.276421975145139617e-21 2.227016552769355312e-21
2.992498666644370678e+04 3.789452951024617285e-21 2.645310569949313883e-21
2.994293399770161705e+04 9.774539241639656407e-21 2.594577317130194869e-21
2.996088124790912116e+04 1.116980131077756277e-20 2.639535777930483981e-21
2.997882841702233782e+04 6.057793964277278378e-21 2.368234446431047890e-21
2.999677550500690995e+04 -8.004912452294551831e-24 2.575786411421672518e-21
3.001472251182371474e+04 -3.039658846689728366e-21 2.523245326838807056e-21
3.003266943743844240e+04 1.128433660871045308e-20 2.692340229063677235e-21
3.005061628180229673e+04 3.753533303985539464e-21 2.595175524839930517e-21
3.006856304488574824e+04 6.343359572154246108e-21 2.693082235933464527e-21
3.008650972663522407e+04 1.694152509084848009e-21 2.322020042073447010e-21
3.010445632703077354e+04 9.851318602798131076e-22 2.530215337556919511e-21
3.012240284602354950e+04 8.020339819300939392e-21 2.656908401941948208e-21
3.014034928356959063e+04 9.541674992150682054e-21 2.687769617034192441e-21
3.015829563962971952e+04 -1.648987856353970906e-21 2.511694943955292087e-21
3.017624191417438487e+04 5.840464612788938906e-21 2.579303408517986272e-21
3.019418810715954896e+04 5.859134921798422549e-21 2.595322426891147618e-21
3.021213421855564593e+04 6.246002076663260337e-21 2.567080715047675549e-21
3.023008024829933856e+04 9.101550046701328240e-21 2.749869571891179756e-21
3.024802619637069802e+04 5.295777398806325367e-21 2.643145006432810295e-21
3.026597206272565381e+04 1.444563007099569827e-20 2.797438227132629216e-21
3.028391784732497763e+04 7.314407772849107980e-21 2.471381475013529528e-21
3.030186355012454442e+04 5.909433798161871856e-21 2.547157734315752930e-21
3.031980917108998983e+04 4.064814626499702543e-21 2.529195202070340115e-21
3.033775471019165343e+04 2.498784455620070970e-21 2.571766289673618646e-21
3.035570016737579499e+04 4.490942833971669913e-21 2.430500381035969433e-21
3.037364554259828947e+04 3.753751092259866363e-21 2.298982642048206736e-21
3.039159083584399559e+04 4.159680743624243754e-21 2.505934703236804439e-21
3.040953604704948521e+04 7.683036386668687931e-21 2.515387468577960886e-21
3.042748117618990000e+04 9.534448459023415366e-21 2.470189459958223031e-21
3.044542622321630552e+04 2.449575054514299225e-21 2.134972781938456672e-21
3.046337118809898311e+04 6.645449209338074792e-21 2.468285442235603139e-21
3.048131607079374589e+04 1.183704651694809384e-20 2.489556016483696212e-21
3.049926087125165577e+04 8.941838282040463043e-21 2.505046308877779760e-21
3.051720558945267840e+04 6.535110184600903087e-21 2.908760614218173026e-21
3.053515022535264870e+04 1.951969951169381444e-21 2.426302483884407030e-21
3.055309477888796755e+04 9.728440578702748862e-21 2.575401057546776865e-21
3.057103925005317433e+04 7.169700637395055892e-21 2.381575748352788712e-21
3.058898363878952296e+04 7.933073956294861463e-21 2.466388994234284939e-21
3.060692794506244172e+04 5.968428752356200966e-21 2.229652520125033814e-21
3.062487216883738438e+04 6.218564260944682560e-21 2.573921784422155460e-21
3.064281631006526004e+04 1.599372590991574449e-21 2.540589269331185472e-21
3.066076036871147880e+04 1.386291794739236414e-20 2.401362029061869350e-21
3.067870434473663045e+04 6.246324535552572172e-21 2.296423469529729750e-21
3.069664823810126836e+04 1.497415452734525120e-21 2.344719934276863922e-21
3.071459204876594595e+04 7.762017843017405746e-21 2.434237294959535899e-21
3.073253577668637445e+04 3.572959413038856019e-21 2.321791031419268946e-21
3.075047942183277701e+04 1.313433264528541910e-20 2.466140101936891187e-21
3.076842298416568519e+04 1.336949662325248603e-21 2.242126520201470633e-21
3.078636646363584441e+04 1.511966004718916286e-21 2.402738156140705706e-21
3.080430986020381897e+04 -4.564600763311082616e-22 2.576948381779059138e-21
3.082225317384467053e+04 1.668531959907438250e-21 2.267005588562406353e-21
3.084019640449950020e+04 6.083880450066852275e-21 2.587578623532742377e-21
3.085813955214332964e+04 4.195350608307021637e-21 2.223142628989952595e-21
3.087608261672210938e+04 1.684828267516424110e-21 2.508067737376295496e-21
3.089402559822053809e+04 5.014684497481718733e-21 2.407902563263345998e-21
3.091196849657478379e+04 6.677154851667940661e-21 2.490791655967331318e-21
3.092991131175987903e+04 1.630941633094743671e-21 2.327072577641059837e-21
3.094785404373139681e+04 1.007806266661822349e-20 2.244370305788161362e-21
3.096579669244491743e+04 5.837373066803504408e-21 2.261169147044673811e-21
3.098373925787054759e+04 7.905302276463625612e-21 2.330294211571635297e-21
3.100168173995413963e+04 6.996058348015588368e-21 2.050336097401923251e-21
3.101962413867550640e+04 4.938601543104647189e-21 2.673096392991354513e-21
3.103756645398533146e+04 6.925076175560879448e-21 2.531647176687184087e-21
3.105550868583909687e+04 1.130041014297491884e-20 2.547007474653362913e-21
3.107345083420681476e+04 7.634574296416954002e-21 2.828862752114155347e-21
3.109139289903437748e+04 7.367411182282445098e-21 2.414868486962706796e-21
3.110933488029669024e+04 5.556061342742430174e-21 2.267238943932408800e-21
3.112727677794920237e+04 8.424119633524327619e-21 2.197502495242878112e-21
3.114521859195226716e+04 2.404045906207888293e-20 2.694006934282673753e-21
3.116316032227106916e+04 8.365233463897169480e-20 3.594609604666260331e-21
3.118110196885617916e+04 7.296082873762533975e-20 3.313013244361691177e-21
3.119904353167274530e+04 1.898010097909188669e-20 2.445936873476433457e-21
3.121698501067619145e+04 8.400785023968346747e-21 2.331170521273717798e-21
3.123492640583652974e+04 4.824765015279689739e-21 2.290186602724743759e-21
3.125286771710914400e+04 -2.734131795074967222e-21 2.161561537229509328e-21
3.127080894445429294e+04 4.920078383749976903e-21 2.137705562510344188e-21
3.128875008783222802e+04 3.477604040351691802e-21 2.185525464393572581e-21
3.130669114719827849e+04 4.733419339351583569e-21 2.425584414022510707e-21
3.132463212252725498e+04 9.328930336659676658e-22 2.297651354269139871e-21
3.134257301375988027e+04 1.750977707379478044e-21 2.364682087991592815e-21
3.136051382087588718e+04 4.687495055893130453e-21 2.281966136806075212e-21
3.137845454381595846e+04 3.888476736571882003e-21 2.200304876164708882e-21
3.139639518255489020e+04 8.197273800585492242e-21 2.021912541827160548e-21
3.141433573704312948e+04 6.820561400908516898e-21 2.324821437487260605e-21
3.143227620724441294e+04 4.727921537072721177e-21 2.407125809292189369e-21
3.144995055298034640e+04 3.138544604139342568e-21 2.237335442879603885e-21
3.146789083615469281e+04 7.586429773508036033e-21 2.302310399787629001e-21
3.148583103499988647e+04 -3.122954492508369453e-21 2.149734579486083729e-21
3.150377114940008323e+04 1.125645431994307518e-20 2.261414113745002163e-21
3.152171117929154570e+04 9.460914589597302280e-21 2.436533386143745995e-21
3.153965112467258223e+04 3.065733857823599956e-21 2.355230324856226289e-21
3.155759098548913607e+04 3.204740424043167909e-21 2.255354852005679566e-21
3.157553076171071370e+04 -2.082144603343612735e-21 2.449774880390906010e-21
3.159347045328766762e+04 6.238476013713053910e-21 2.428213397815212101e-21
3.161141006015621679e+04 1.202471347801360859e-20 2.361668278465220018e-21
3.162934958231454948e+04 4.843585380439991375e-21 2.287691210162099284e-21
3.164728901970866355e+04 1.035212408033217469e-20 2.328082796251817477e-21
3.166522837230783989e+04 1.082115014407481802e-20 2.147536254123672897e-21
3.168316764004823926e+04 7.879607212997370873e-21 2.202718169810034391e-21
3.170110682290886325e+04 6.659484729037631148e-21 2.521275042587993115e-21
3.171904592084029355e+04 7.704826109715469609e-21 2.297062306609984794e-21
3.173698493381675871e+04 9.847319539587484078e-21 2.356384288183295876e-21
3.175492386178855304e+04 1.000600567672704134e-20 2.280556731271287152e-21
3.177286270470132149e+04 4.736572732551050491e-20 2.688104092199807250e-21
3.179080146253890416e+04 1.942133548722058559e-19 4.338919494373752050e-21
3.180874013525643022e+04 1.492191081448703204e-19 4.081555123404379997e-21
3.182667872280417214e+04 3.270893540986860528e-20 2.949954438977081533e-21
3.184461722730028850e+04 -1.734437724824759878e-21 2.655962504789467568e-21
3.186255593660594604e+04 1.757835241811702000e-20 2.479081975075006758e-21
3.188049542616837425e+04 1.842346610645379841e-21 2.601139008701947858e-21
3.189843483677877521e+04 1.664792139847691234e-21 2.538596668122045669e-21
3.191637416202116219e+04 1.092246653185431642e-20 2.292196188701225276e-21
3.193431340182198619e+04 7.442548599824667001e-21 2.232546254817374282e-21
3.195225255616962022e+04 1.019243652485363791e-20 2.361560708087847274e-21
3.197019162500954917e+04 6.096177883054036351e-21 2.392469500806653725e-21
3.198813060830638278e+04 4.337431884342186057e-21 2.508921031300414387e-21
3.200606950602462166e+04 -2.163546583589329944e-21 2.154806011959100785e-21
3.202400831810967429e+04 9.910760834534012736e-21 2.643274505114929049e-21
3.204194704454520979e+04 6.573138695925297678e-21 2.086684780471066586e-21
3.205988568526226300e+04 1.059521317363867814e-20 2.558643353045779945e-21
3.207782424024440479e+04 9.057830660974424136e-20 3.159589359120583493e-21
3.209576270943700001e+04 5.434868518226503944e-19 6.806809738249815445e-21
3.211370109279499593e+04 4.690126713728290004e-19 6.286624007023919948e-21
3.213163939031154950e+04 1.233717732018374116e-19 3.590011858638607524e-21
3.214957760189842156e+04 1.696140590046893143e-20 2.471498477479810087e-21
3.216751572754398876e+04 1.186496004633430891e-20 2.438875851626540661e-21
3.218545376722224682e+04 1.197805376000636932e-20 2.403845443210325295e-21
3.220339172084495658e+04 5.428414631671730771e-21 2.468694374224312888e-21
3.222132958842433072e+04 8.397094708554576506e-21 2.277813067983507876e-21
3.223926736988653647e+04 8.451556499859558820e-21 2.350198411189115425e-21
3.225720506520055278e+04 2.772978999656822431e-21 2.166434649516607236e-21
3.227514267431645931e+04 1.050621717018008290e-20 2.193637820254339328e-21
3.229308019721781966e+04 2.195691996393272623e-21 2.134373127440493498e-21
3.231101763383535581e+04 9.170106950497346016e-21 2.432820565924242005e-21
3.232895498414786562e+04 5.180075023770084598e-21 2.305595936298177088e-21
3.234689224812447355e+04 3.171028308005644320e-21 2.282271270329493063e-21
3.236482942569098304e+04 -5.087898709394095550e-22 2.214643665795451843e-21
3.238276651684040917e+04 5.974811336412435396e-22 2.071686411204974623e-21
3.240070352150835970e+04 4.853129491447570384e-21 2.108930787234307197e-21
3.241864043966857207e+04 3.470979281616026502e-21 2.188650063007271996e-21
3.243657727127569524e+04 5.656145036076093162e-21 2.361580445551971709e-21
3.245451401627954692e+04 9.928414641005795063e-21 2.097703902037754186e-21
3.247245067465401735e+04 7.839415070865595692e-21 2.144239746144036929e-21
3.249038724635855760e+04 2.285721239244205896e-21 2.162826436054440156e-21
3.250832373133803776e+04 5.544127468853924754e-21 2.153833082559376675e-21
3.252626012956631166e+04 9.500159371289380731e-21 2.323798596173951404e-21
3.254419644100275764e+04 7.447246651717876205e-21 2.086968197803760923e-21
3.256213266559220574e+04 3.171550059831955327e-21 2.337454575650136906e-21
3.258006880331324646e+04 2.706469583114508933e-21 2.060301951714966923e-21
3.259800485411085538e+04 -2.200802599548750932e-21 2.277193260740551032e-21
3.261594081795380043e+04 2.537664931810832057e-21 2.282693544487686707e-21
3.263387669479176475e+04 7.016173969213233193e-21 2.215204565368037388e-21
3.265181248458398113e+04 3.546441433336244793e-21 2.164713873396362466e-21
3.266974818729464823e+04 2.800225019043503094e-21 2.281150651171195913e-21
3.268768380289276320e+04 4.780466093854181339e-21 2.153993174303029231e-21
3.270561933132778722e+04 7.463170909444287390e-21 2.145942218710377741e-21
3.272355477255401638e+04 1.513173778584173690e-21 2.153456388537811678e-21
3.274149012653060345e+04 7.305417938430474828e-21 2.268856013797283062e-21
3.275942539322165612e+04 4.984364278095106522e-22 2.214382335112523835e-21
3.277736057259605150e+04 2.557344117478449218e-21 2.253075703610630859e-21
3.279529566459351190e+04 2.547802586349119745e-21 2.506295805785951446e-21
3.281323066918284894e+04 7.797305576478012026e-21 2.184662778204665715e-21
3.283116558632805391e+04 1.080711251316855830e-20 2.394645661539060957e-21
3.284910041597376403e+04 3.671242610068032311e-21 2.238520898120849024e-21
3.286703515809839882e+04 1.224594529917358320e-20 2.095697880544584805e-21
3.288496981264663918e+04 3.319031269216653968e-21 2.200961458797958822e-21
3.290290437959197152e+04 5.127100520313406745e-21 2.191593594863089233e-21
3.292083885887400538e+04 5.706382072300282943e-21 2.442369513364926084e-21
3.293877325046138867e+04 7.483430247676327954e-21 2.223452439779633055e-21
3.295670755431335419e+04 1.456154792917942749e-21 2.030545648413035034e-21
3.297464177039839706e+04 2.866920868691640296e-21 2.282523902902823498e-21
3.299257589864652255e+04 3.709557627954172253e-21 2.066428273576954455e-21
3.301050993905540963e+04 1.198993875637247826e-20 2.448365845606124768e-21
3.302844389154537203e+04 3.498038026934306653e-21 2.108119569444668511e-21
3.304637775611409597e+04 6.706590230907045314e-21 2.388771940393637652e-21
3.306431153269141214e+04 3.984543336370136177e-21 2.356804007156787369e-21
3.308224522124583746e+04 7.008328760847684007e-21 2.262197935863228590e-21
3.310017882173627004e+04 -3.033730671961603654e-21 1.961443957266120854e-21
3.311811233412160800e+04 1.006453565341082228e-20 2.226938813043209248e-21
3.313604575836072036e+04 6.936603617554318600e-21 2.033226604701260196e-21
3.315397909441242518e+04 7.484396554073160598e-21 2.263391136979892129e-21
3.317191234223559150e+04 -2.568423442812640785e-21 2.292207018289828321e-21
3.318984550178903010e+04 3.855682033942767637e-21 2.246787351526208222e-21
3.320777857303155179e+04 5.547948644055970283e-21 2.224210258099214999e-21
3.322571155592183641e+04 7.158024412627307793e-21 2.051356048757211946e-21
3.324364445040898136e+04 6.963585525684465582e-21 2.296089235680241307e-21
3.326157725647115149e+04 4.855388709584818316e-21 2.058622978031677062e-21
3.327950997404774535e+04 6.050883789693478633e-21 2.083481639496842444e-21
3.329744260312661936e+04 6.315205816703571394e-21 2.022879255906062950e-21
3.331537514362741786e+04 9.562967589598385600e-21 2.118174137194254247e-21
3.333330759553809185e+04 3.967918692957591249e-21 2.041615552243780080e-21
3.335123995880277653e+04 1.794967171293641221e-21 2.114848920969764117e-21
3.336917223338978511e+04 9.581939462866662782e-22 2.006199712034672428e-21
3.338710441924315091e+04 3.071729750529647520e-21 1.980654899858900828e-21
3.340503651634109701e+04 2.875567913562527022e-21 2.031221009332240169e-21
3.342296852463238611e+04 -2.461103858170190560e-22 2.050868597282312117e-21
3.344090044407543610e+04 4.118286629802677648e-21 2.001400989909858613e-21
3.345883227461420756e+04 2.476681819663904331e-21 2.184818658750857226e-21
3.347676401622689446e+04 5.200782390639015506e-21 2.161197358506390312e-21
3.349469566888680856e+04 6.790395395115336005e-21 1.980275764227398491e-21
3.351262723251320131e+04 4.567528167059923111e-21 2.052889004234605618e-21
3.353055870708893781e+04 7.416668160382003869e-21 2.042520019879814987e-21
3.354849009256294812e+04 5.878683321622403950e-21 1.991459546800611351e-21
3.356642138891809736e+04 3.592525694010406062e-21 2.018789544093680139e-21
3.358435259607354965e+04 6.056268037728009999e-21 2.029847868280699045e-21
3.360228371401211916e+04 7.328226790502611233e-22 2.207283954568753864e-21
3.362021474268261227e+04 -8.590495907120439791e-22 2.076770851333926423e-21
3.363814568205799151e+04 7.327892266029081825e-21 2.127639381876951875e-21
3.365607653207227122e+04 5.237463604681679671e-21 2.101116144285429444e-21
3.367400729271314049e+04 5.333793982350258460e-21 2.030140199454342844e-21
3.369193796391452634e+04 7.067371587761714168e-21 2.019741052686501828e-21
3.370986854564935493e+04 6.800425258432219728e-21 2.039140208605051599e-21
3.372779903786614159e+04 4.496950729954689220e-21 1.926304486498750000e-21
3.374572944052806997e+04 1.008300782735600194e-21 2.056195960159924373e-21
3.376365975360326411e+04 -3.725587449485853930e-22 2.051710322027161715e-21
3.378158997702546185e+04 -2.121589038590533400e-22 2.131839614849768679e-21
3.379952011079204385e+04 3.364790390424270002e-21 1.894706700775495355e-21
3.381745015480232541e+04 5.642821857085782756e-21 1.922031148882124051e-21
3.383538010906363343e+04 4.310439920180886115e-21 1.988200120985842738e-21
3.385330997352449049e+04 5.724072323766707739e-21 2.039060782858426651e-21
3.387123974812826782e+04 4.994010498712448416e-21 2.111750347879685706e-21
3.388916943285759771e+04 -3.352575968337916256e-21 2.191903134341736414e-21
3.390709902764605795e+04 3.798034156891108590e-21 1.938076205247889564e-21
3.392502853246148879e+04 6.176592268231326589e-22 1.935811577141422052e-21
3.394295794726700115e+04 2.690423590923765353e-21 1.894106711447043046e-21
3.396088727201079746e+04 3.971310487619383432e-22 1.988958381142644378e-21
3.397881650665090274e+04 5.622494264429226084e-21 2.025280820678382520e-21
3.399674565115532459e+04 6.144338863586091487e-21 1.877732232095320236e-21
3.401467470548206620e+04 7.533219395982592529e-21 2.033928175509891733e-21
3.403260366957430233e+04 6.070479493002240966e-21 1.896970756400199082e-21
3.405053254341454885e+04 1.014160460400974407e-21 2.026387856092560710e-21
3.406846132692626270e+04 4.216869941406483730e-21 1.904618967358473623e-21
3.408639002009200340e+04 6.841933850012780930e-21 1.869214305765788149e-21
3.410431862286497926e+04 4.419881395258184384e-21 2.064981738100934337e-21
3.412224713520806836e+04 3.812486136057012640e-21 2.074116058421664060e-21
3.414017555707909924e+04 8.624430142662485743e-21 2.061182939877757610e-21
3.415810388842606335e+04 4.218172590400923943e-21 1.894461401680911539e-21
3.417603212921655359e+04 9.495469213963712443e-21 1.958021868735313204e-21
3.419396027835525456e+04 1.007502035624803750e-20 2.162433952511728634e-21
3.421188819529562898e+04 9.758945037398684292e-21 1.887811717275233974e-21
3.422981553679078934e+04 9.176791282394055250e-21 1.996247091145002534e-21
3.424747388650782523e+04 5.059773751351204629e-21 1.990363578601995991e-21
3.426540102469828707e+04 1.014354683857676431e-20 1.884417619609640180e-21
3.428332807206810685e+04 3.354632414573632095e-21 1.887368555773306567e-21
3.430125502860551933e+04 3.326583680442398196e-21 2.026072787802238403e-21
3.431918189423757576e+04 4.186461999691246741e-21 1.952852482991367925e-21
3.433710866893729690e+04 2.020177169055667439e-21 1.944277010745337268e-21
3.435503535267762345e+04 3.140549007614278192e-21 2.189218315622342723e-21
3.437296194538573036e+04 3.404622820558496678e-23 2.017856015074452885e-21
3.439088844704970688e+04 5.892346145299092938e-21 2.033283427514298677e-21
3.440881485759668431e+04 1.179022014495600438e-21 1.981749298213532224e-21
3.442674117700455827e+04 5.022591994413569224e-21 1.875453435194968061e-21
3.444466740522070177e+04 4.810601985459114667e-21 1.977044629360296304e-21
3.446259354221268586e+04 5.341812139738495999e-21 1.896958179096626621e-21
3.448051958794327948e+04 4.553872398914660439e-21 1.846750185040445952e-21
3.449844554234456882e+04 3.853304301458815792e-21 2.042583892254376557e-21
3.451637140539946995e+04 6.655350982748293211e-21 2.080279664204633285e-21
3.453429717703491042e+04 2.668305104548010569e-21 1.831470093750361128e-21
3.455222285724396352e+04 4.061160026156779848e-21 1.953793073155445620e-21
3.457014844597897172e+04 4.070156644768695565e-21 1.984537700895602833e-21
3.458807394317173021e+04 5.423777112530234705e-21 2.089851870713300087e-21
3.460599934879497596e+04 4.181251079907526067e-21 2.025790863044154887e-21
3.462392466280612280e+04 4.821884256735463587e-21 1.964237956857756708e-21
3.464184988516764861e+04 3.924573840004912550e-21 1.837699110111570663e-21
3.465977501583685080e+04 3.301171824260536535e-21 2.083408682481947693e-21
3.467770005474553182e+04 3.662290276497546405e-21 1.981680152582554728e-21
3.469562500188669947e+04 9.570898805886295383e-22 1.960922092845178997e-21
3.471354985720731929e+04 4.480768542191157092e-21 1.966882389966314464e-21
3.473147462064928550e+04 1.207517498270086276e-20 2.064926914570895408e-21
3.474939929217502504e+04 -2.801935973228591217e-21 1.936422065382124745e-21
3.476732387176216434e+04 -2.746829429966529918e-21 1.753237140677993950e-21
3.478524835934238945e+04 4.469637920104140788e-21 1.866489761583470908e-21
3.480317275488815358e+04 3.384080100054571386e-21 1.942198165326827044e-21
3.482109705834637862e+04 4.843467809102651526e-21 1.982736677611928802e-21
3.483902126966906508e+04 -4.977300965804981197e-22 1.960305634813844326e-21
3.485694538884379290e+04 1.086681523094881720e-20 1.962225266566771145e-21
3.487486941579203267e+04 4.968070642110763320e-21 1.730578362732422795e-21
3.489279335049132351e+04 1.023414614083801045e-21 1.910628370569112160e-21
3.491071719289357861e+04 2.813190970757827557e-21 1.877618345261943612e-21
3.492864094295580435e+04 2.274649706628773900e-21 1.909318306232719132e-21
3.494656460064008570e+04 5.226280490084634794e-21 1.878181121301922569e-21
3.496448816589319904e+04 5.718041089173786012e-21 1.967880642977160022e-21
3.498241163866675197e+04 5.398759586192377709e-21 1.925355163586118777e-21
3.500033501893837092e+04 4.976946541174425582e-21 1.841669599690273450e-21
3.501825830665980902e+04 4.645601036392792049e-21 1.984073599480622313e-21
3.503618150177773350e+04 1.185882575852926339e-21 1.768546043516914597e-21
3.505410460424392659e+04 -1.399203141375906176e-22 1.795851087329262860e-21
3.507202761403565819e+04 4.962732888731427284e-21 1.700448660579603468e-21
3.508995053109951550e+04 1.977387280446049315e-21 1.851003897624180087e-21
3.510787335539212654e+04 3.638512929734705480e-21 1.814892098334466605e-21
3.512579608686020219e+04 8.900848961106309206e-21 1.857971938076817540e-21
3.514371872548613464e+04 6.800713917426564356e-21 1.860550923583853309e-21
3.516164127119591285e+04 4.057972851892899455e-21 1.925698648223020660e-21
3.517956372396163351e+04 5.543765461756991127e-21 1.943003521376322423e-21
3.519748608376048651e+04 7.833449802029590048e-21 1.926148473994394385e-21
3.521540835050806345e+04 7.239075868385355851e-21 2.012296817027746461e-21
3.523333052419166052e+04 4.905734857380215530e-21 1.924621354658722148e-21
3.525125260475785763e+04 1.255551971804260584e-21 1.922481650555681862e-21
3.526917459215295821e+04 6.920145784805359694e-21 1.853575897584091927e-21
3.528709648634384212e+04 5.675121977475431466e-22 1.906185021039675079e-21
3.530501828729730187e+04 1.837873450868410995e-21 2.085262287472562622e-21
3.532293999495450407e+04 7.028496196662880075e-21 1.870472694649166106e-21
3.534086160927180754e+04 -2.218964916640167769e-22 1.726252980124423753e-21
3.535878313022117072e+04 8.412046774790097964e-22 1.859831966854669554e-21
3.537670455773860158e+04 4.323129478298856512e-21 1.754373106259038881e-21
3.539462589179083443e+04 9.889962134048667654e-22 1.936955306894340978e-21
3.541254713235486270e+04 3.106064713503671358e-21 1.877599604304036470e-21
3.543046827933566237e+04 6.597165881847993115e-21 1.915918543292438423e-21
3.544838933273080329e+04 5.150605809025296481e-21 1.738255322573410972e-21
3.546631029250663414e+04 4.846743232808736702e-21 1.811146238842532480e-21
3.548423115857863013e+04 -7.768158867609060026e-22 1.908607874906953704e-21
3.550215193091334368e+04 3.317520364950772361e-23 1.827056098196313694e-21
3.552007260950826458e+04 2.647675435205962559e-21 2.062527621352250659e-21
3.553799319425789872e+04 2.886011675048332191e-21 1.957273586909173467e-21
3.555591368515968497e+04 1.204303137282786541e-21 1.963764827794587125e-21
3.557383408216972020e+04 4.749279583162817806e-21 1.827691361972368434e-21
3.559175438522361219e+04 4.424574795859511680e-21 1.903084606168376468e-21
3.560967459428793518e+04 4.109235757248357253e-21 1.817778344178563907e-21
3.562759470932916884e+04 3.060711476290478279e-21 1.774442107930301095e-21
3.564551473027768952e+04 9.537062064709501250e-21 1.904984887145644735e-21
3.566343465711020690e+04 2.611249719531475597e-21 1.979403469122035229e-21
3.568135448978799832e+04 3.928944550164119180e-21 1.943053839169667954e-21
3.569927422823590314e+04 3.715347633781120197e-21 1.949098781818267323e-21
3.571719387244117388e+04 6.189494861399485487e-22 1.815987769977062418e-21
3.573511342235979100e+04 9.736017324292294538e-21 1.789284876675778935e-21
3.575303287791685580e+04 4.112340066436400933e-21 2.049545593375404820e-21
3.577095223909924971e+04 3.052374468296771262e-21 1.636990424893497847e-21
3.578887150585262134e+04 1.067388529668202670e-21 1.821760212753116513e-21
3.580679067814305017e+04 -1.655191095131036935e-21 1.867582234761848783e-21
3.582470975590586022e+04 6.020638410686470944e-21 1.891998677669229128e-21
3.584262873909185873e+04 8.195404198587416269e-21 1.872716899171251491e-21
3.586054762769820081e+04 4.286818119812555869e-21 1.736499208126847876e-21
3.587846642164456716e+04 6.347532141334790551e-21 1.830533262933348681e-21
3.589638512088677817e+04 6.408277640956308138e-23 1.916025415540600872e-21
3.591430372540629469e+04 -7.986782294041996952e-22 1.930164860211368753e-21
3.593222223512789787e+04 3.605988308510525720e-21 1.720586117319270834e-21
3.595014065004358417e+04 -2.136588490274833009e-21 1.761236823602337883e-21
3.596805897005743464e+04 3.078059197210243062e-21 1.859607295684268007e-21
3.598597719518709346e+04 3.731843774510258931e-21 1.788521530747932796e-21
3.600389532534174941e+04 -4.543196593904054345e-22 1.815189782851816725e-21
3.602181336049767560e+04 2.292653027444123495e-21 1.891185092547505217e-21
3.603973130060514086e+04 6.051521330559121915e-21 2.017225588906938509e-21
3.605764914560443140e+04 4.167916600585271380e-21 1.977641978386093140e-21
3.607556689548731083e+04 7.307782446069031455e-22 2.099052032166000041e-21
3.609348455016796652e+04 -1.299855183906262284e-21 1.896722360610986464e-21
3.611140210964842845e+04 -5.351076175300017190e-22 1.876782858749878229e-21
3.612931957383243571e+04 -4.802407272089345781e-22 1.911238525249995615e-21
3.614723694271669228e+04 3.277136571081800371e-21 1.801575769359328068e-21
3.616515421625167073e+04 3.520518343281622105e-21 1.861687883593054049e-21
3.618307139434620331e+04 5.819060117934622155e-21 1.965198265045169462e-21
3.620098847702297644e+04 6.290329763734543014e-21 1.818194438512627268e-21
3.621890546419595194e+04 6.206860875278110869e-21 1.830919871252625800e-21
3.623682235583598231e+04 4.097606428937162637e-21 1.982434461945705728e-21
3.625473915187746752e+04 1.208918392589421625e-21 1.960104046138588679e-21
3.627265585230701981e+04 3.678990976088432885e-21 1.813451466504375466e-21
3.629057245705398964e+04 6.690681977231859697e-21 1.984888466146390136e-21
3.630848896608920040e+04 4.876325375128626306e-21 1.889893281784001446e-21
3.632640537935744942e+04 5.219621094849868515e-21 1.957686575536279036e-21
3.634432169681912637e+04 4.304055793440759040e-21 1.857695983021048948e-21
3.636223791844477091e+04 -1.756100476025560884e-21 2.010338958816025043e-21
3.638015404414827935e+04 4.691463686222780529e-21 1.998471626178465267e-21
3.639807007394179527e+04 5.755592388143709821e-21 1.913137441247548774e-21
3.641598600771298516e+04 8.113540155273127201e-21 1.835746643157211582e-21
3.643390184548959951e+04 6.271940860914847091e-21 1.746788218027353690e-21
3.645181758715384785e+04 3.491164480167176726e-21 1.865024565943945241e-21
3.646973323273343703e+04 1.053087831423933894e-21 1.791661847478612333e-21
3.648764878211078758e+04 4.255080555013949832e-21 2.000307532596637695e-21
3.650556423530323082e+04 2.815556635012432089e-21 1.847862709029806605e-21
3.652347959222410282e+04 1.067144636415922376e-21 1.770341155858450097e-21
3.654139485285953560e+04 2.660679734165861248e-21 1.855941994280010759e-21
3.655931002750731568e+04 2.374057452744977450e-21 1.875519918485009523e-21
3.657722520532619819e+04 -1.065506604515641956e-21 1.908502042729842184e-21
3.659514028668084939e+04 5.631868430848836489e-21 1.868377325621495040e-21
3.661305527157812321e+04 1.559432000693170828e-21 1.974929652791497118e-21
3.663097015993118839e+04 -1.714077789482287526e-21 1.876780050858757717e-21
3.664888495172601688e+04 3.782962888350541686e-21 1.836428378879475237e-21
3.666679964687549364e+04 5.198170028902570499e-21 1.937724852878412710e-21
3.668471424538655992e+04 1.258842497175468790e-21 1.939663109950503741e-21
3.670262874716189981e+04 7.202392471832671434e-21 1.986537159408806276e-21
3.672054315220823628e+04 6.245315270139631248e-22 1.949229940791157487e-21
3.673845746042810788e+04 5.050348710004315801e-21 1.896419373488247464e-21
3.675637167183859856e+04 3.885483967350156479e-21 1.868303502220912392e-21
3.677428578631076380e+04 3.684963054585838005e-21 1.991295550368610401e-21
3.679219980389315606e+04 -4.014845745663847324e-22 1.907644364943578139e-21
3.681011372444650624e+04 2.580293904271346134e-21 1.916478496148359491e-21
3.682802754800872935e+04 9.665192065752145352e-22 1.773209251406830258e-21
3.684594127447173378e+04 7.610077290245281278e-22 1.824188767157297031e-21
3.686385490384713921e+04 1.824601211881848040e-21 1.828611585708539972e-21
3.688176843603208545e+04 2.508124318519334158e-21 1.903339517061231171e-21
3.689968187101236254e+04 2.165026286385440221e-21 1.840138883696918211e-21
3.691759520874236478e+04 5.421429111620991880e-21 1.970617855802787441e-21
3.693550844916596543e+04 2.796264275024446642e-21 1.836263087039598091e-21
3.695342159225314390e+04 5.786494657085654817e-21 1.779850735087670875e-21
3.697133463791615213e+04 -1.991489977717626543e-21 1.836897276872966906e-21
3.698924758618790656e+04 7.153152763525750039e-22 1.934330057557321936e-21
3.700716043692857056e+04 2.771678842994022091e-21 1.933089243181139944e-21
3.702507319017597183e+04 3.143093604965263645e-21 1.871662208997627697e-21
3.704298584582158219e+04 8.769638269399717783e-22 1.698344397147754946e-21
3.706089840385595016e+04 4.731159665351245993e-21 2.088306914339875347e-21
3.707881086422807130e+04 -7.676537444513967559e-23 1.803589330161964507e-21
3.709672322686600819e+04 -1.728663688974350809e-21 1.832400155861083510e-21
3.711463549176566448e+04 4.544517227775225493e-21 1.770015872540799855e-21
3.713254765885493543e+04 7.127326747515085329e-21 1.913621027971680645e-21
3.715045972809825616e+04 6.638471367489956042e-21 1.729589082680203463e-21
3.716837169943899789e+04 6.758833632984245264e-22 1.700023793618737574e-21
3.718628357282608340e+04 5.792144157373066848e-21 1.797600164029060040e-21
3.720419534824489529e+04 6.454829296537609433e-21 1.966490629245794504e-21
3.722210702559696801e+04 6.824560304608163396e-21 2.061049851692895060e-21
3.724001860490427498e+04 2.315143081115799812e-21 1.966832094460573537e-21
3.725793008605753857e+04 6.690669766581550293e-21 1.947485970852980981e-21
3.727584146904751833e+04 2.983268433166229134e-21 1.765957415800251027e-21
3.729375275382279506e+04 2.331011302567538256e-21 1.914610391974981623e-21
3.731166394030044466e+04 2.776262042920070575e-21 2.015591283622920467e-21
3.732957502850760648e+04 4.499479828314788738e-21 1.868098935612503401e-21
3.734748601832970598e+04 3.885299072756840400e-21 1.843644106481923349e-21
3.736539690974138648e+04 4.955314306515265010e-21 1.731383590492568235e-21
3.738330770272271184e+04 3.130582569691459176e-21 1.936549899856228009e-21
3.740121839719059062e+04 7.296363774410758072e-21 2.025438860243465523e-21
3.741912899314059905e+04 6.273090153882020794e-21 1.817568299995534093e-21
3.743703949047373317e+04 2.119355315358449378e-21 1.807132584811102665e-21
3.745494988915391878e+04 7.389058684800395588e-22 1.718489564507643599e-21
3.747286018919268827e+04 1.128887492298540205e-21 2.021714380859606626e-21
3.749077039047522703e+04 4.215244263320530553e-21 1.788201036860632116e-21
3.750868049297075049e+04 6.358977407560978053e-21 1.793503799261950844e-21
3.752659049667472573e+04 3.485069100720989513e-21 1.888132145770347027e-21
3.754450040148775588e+04 -1.166571976034968056e-21 1.861965048649002520e-21
3.756241020739504893e+04 -5.039052325574337678e-22 2.008814451873253054e-21
3.758031991431840288e+04 4.748492613192285930e-21 1.921111347127671811e-21
3.759822952225320478e+04 3.837242926594379408e-21 1.871231961182209251e-21
3.761613903113697597e+04 4.959580746319632961e-21 1.914679195291562760e-21
3.763404844089111430e+04 1.455215467268004712e-21 1.895836882226457350e-21
3.765195775150074769e+04 8.273920505169339639e-21 1.918582862735760661e-21
3.766986696294538706e+04 1.755285666476580655e-20 2.050864861986036200e-21
3.768777607510450616e+04 8.002021298240868353e-21 1.922803992260591176e-21
3.770568508798919356e+04 2.174740928559332912e-21 1.853029405682186453e-21
3.772359400155230833e+04 7.137145045455681968e-23 1.772013943761782288e-21
3.774150281570501829e+04 2.022078414708460948e-21 1.789594946993277493e-21
3.775941153043207305e+04 6.052933252614327922e-21 1.922442916138347688e-21
3.777732014571282343e+04 7.700803290825504516e-22 1.961477607303530040e-21
3.779522866142648854e+04 1.043389168565574433e-21 1.721385517907117720e-21
3.781313707758381497e+04 3.150382923639206408e-21 2.073333890823578629e-21
3.783104539413794555e+04 4.534174443624540505e-21 1.865105783707770062e-21
3.784895361099962611e+04 4.215441698913977432e-21 1.933142038160957579e-21
3.786686172815345344e+04 1.642883987098012317e-21 1.716648767530852850e-21
3.788476974555223569e+04 1.225284039553904602e-20 1.873113339848080846e-21
3.790267766315388872e+04 4.399420231061717316e-21 1.781505852263047077e-21
3.792058548087968666e+04 6.453414356385680575e-21 1.842431493626285140e-21
3.793849319870362524e+04 -1.028845298256221082e-21 1.747884683430043217e-21
3.795640081661009754e+04 2.717033072588663478e-21 1.762437437701727671e-21
3.797430833447790792e+04 -6.481040816905220497e-24 2.192814276461329170e-21
3.799221575232813484e+04 -6.029384542729033757e-22 1.891696310309364978e-21
3.801012307008722564e+04 7.882443537877949185e-21 1.943546351566467812e-21
3.802803028770258970e+04 5.349442129635750683e-21 1.864190961510815475e-21
3.804593740512683871e+04 4.831886381051268547e-21 1.924636444692371082e-21
3.806384442230193235e+04 2.062440435439096184e-21 1.928110853133564710e-21
3.808175133923828980e+04 5.093261544402751741e-21 1.832725815173156142e-21
3.809938524300469726e+04 9.307939548526304928e-22 1.739979247087352889e-21
3.811729193318723992e+04 1.758034067408804579e-21 1.670496307353962578e-21
3.813519853046533535e+04 8.133284098941736637e-21 1.758118564901246555e-21
3.815310502732860186e+04 1.645768457828951657e-21 1.710699285396550407e-21
3.817101142364094267e+04 1.068444734060535656e-21 1.916975340481633948e-21
3.818891771941696061e+04 3.801312021359050489e-21 1.683250028487620429e-21
3.820682391457801714e+04 3.294724112732121059e-21 1.788279426547399863e-21
3.822473000905537629e+04 5.814513500118119360e-21 1.793059799202070223e-21
3.824263600282211701e+04 -4.475877117253652236e-23 2.202267674507438166e-21
3.826054189585137647e+04 1.720620220177509034e-21 1.717761799575983951e-21
3.827844768807455694e+04 7.603657940498265078e-21 1.892295519586137072e-21
3.829635337942299520e+04 6.326640067692812766e-21 1.850993434471355588e-21
3.831425896986956650e+04 2.048414346364515566e-21 1.772815871014061950e-21
3.833216445938723336e+04 5.954935371007698875e-21 1.784283857629481223e-21
3.835006984789697890e+04 6.460174057016806090e-21 1.702549145662297499e-21
3.836797513536106999e+04 2.416117771770949223e-22 1.889887440721942777e-21
3.838588032172123349e+04 6.358496362174843660e-21 1.838179282627838352e-21
3.840378540693975810e+04 7.324038257435469051e-22 1.956455139199033576e-21
3.842169039097929635e+04 5.427161014693772813e-21 1.873476761261738136e-21
3.843959527380192594e+04 7.492675312181907677e-21 2.207239716465237787e-21
3.845750005530755880e+04 5.255888297597848027e-21 2.066957317164936323e-21
3.847540473546888097e+04 2.351398563729982939e-21 1.994406320145658550e-21
3.849330931427939504e+04 1.366173363912477514e-21 1.994257128092144889e-21
3.851121379165966937e+04 2.051812776556318755e-21 1.926852069765631310e-21
3.852911816754056053e+04 -9.755093580383572351e-22 1.911216136906422226e-21
3.854702244189454359e+04 2.557058020371746739e-21 1.896474613491923538e-21
3.856492661466316349e+04 4.080026393821036339e-21 1.941835627110712405e-21
3.858283068582937995e+04 -6.535723276569058086e-22 1.850333198355846848e-21
3.860073465533446870e+04 3.054115493455857640e-21 1.744510620225811919e-21
3.861863852311937808e+04 1.621059078947694182e-21 1.663624506872040765e-21
3.863654228910442180e+04 3.965476886065439247e-21 1.752788476948610312e-21
3.865444595327238494e+04 6.505090587524209602e-21 1.951098509351590440e-21
3.867234951559596084e+04 5.919145975520686630e-21 1.792128083354718406e-21
3.869025297601617785e+04 8.813101466865629225e-22 1.819309630131537738e-21
3.870815633446349239e+04 1.199094360688231896e-21 1.878661732305848393e-21
3.872605959088919917e+04 2.831573615556191264e-21 1.770520738062794238e-21
3.874396274524478940e+04 4.448530397201635736e-21 1.797801615702915191e-21
3.876186579751286627e+04 2.436039517321637260e-22 1.792513160594986918e-21
3.877976874761380896e+04 5.002933940401906551e-21 1.871915459863032634e-21
3.879767159551971417e+04 7.066757572898444567e-21 1.871842796367781042e-21
3.881557434118159290e+04 6.903528341826197413e-21 1.893459183702946184e-21
3.883347698450884491e+04 -1.828326623187756373e-21 2.042919488053848555e-21
3.885137952548408794e+04 4.279138407353166935e-21 1.876495952734585267e-21
3.886928196407950600e+04 3.695579567513145808e-21 1.985967442303974445e-21
3.888718430020470987e+04 4.336821384905544407e-21 1.912412716456594343e-21
3.890508653608091845e+04 2.528371992731247125e-21 1.882526253370038119e-21
3.892298895101627568e+04 3.544423878974661106e-21 1.921095754697532494e-21
3.894089130611658038e+04 3.142214817644084613e-21 1.938220389318405494e-21
3.895879355889506405e+04 1.502845128580130269e-21 1.816132843612158126e-21
3.897669570897364611e+04 2.361783019670656665e-21 1.675411250088827588e-21
3.899459775630303920e+04 1.948408445920737461e-21 1.757342862977140120e-21
3.901249970082382060e+04 4.484100489083856040e-21 2.039194340379704758e-21
3.903040154250797787e+04 2.910893284279454938e-22 1.853246437441216738e-21
3.904830328130644921e+04 -1.096811939104023234e-21 1.741958424759820968e-21
3.906620491715925164e+04 1.961767785262121512e-21 1.789935943992491571e-21
3.908410645000666409e+04 3.455975713962644765e-21 1.872511750819491132e-21
3.910200787980992754e+04 4.822947793128887361e-21 1.967901288715090628e-21
3.911990920650948829e+04 3.118478797042148133e-21 1.835894306349798868e-21
3.913781043007679546e+04 3.927179546986252300e-21 1.869853708147187454e-21
3.915571155044166517e+04 2.959482566109186301e-21 1.853391191875677306e-21
3.917361256757571391e+04 5.622556965836464377e-22 1.952349418281388553e-21
3.919151348142972711e+04 4.590167259551745943e-21 1.996806601441328960e-21
3.920941429194349621e+04 5.178463491160102153e-21 2.120721053677627654e-21
3.922731499904649536e+04 4.475637707706711309e-21 1.880415514764159789e-21
3.924521560272060015e+04 4.189511300622631019e-21 1.863618258027526683e-21
3.926311610290602403e+04 6.582292370122434292e-21 2.025439819707288542e-21
3.928101649954274035e+04 2.966116785906050567e-21 1.955903942990418998e-21
3.929891679260190722e+04 -1.013238906862307846e-21 1.976055569519204354e-21
3.931681698201292602e+04 2.760936135803554832e-21 1.959200856887482760e-21
3.933471706773671758e+04 4.830846747268124389e-21 1.969277558687829010e-21
3.935261704973414453e+04 3.809932966947899814e-21 1.993370811936950748e-21
3.937051692793455004e+04 5.708503653879023870e-21 1.917940044931863563e-21
3.938841670231935859e+04 -3.078921006362460814e-23 1.896713508980563534e-21
3.940631637273212982e+04 2.689116658326592911e-21 1.885255343831200046e-21
3.942394164460126922e+04 2.086177882845167481e-21 1.766651462419981401e-21
3.944184108862069843e+04 3.810962421877063388e-21 1.821171263853530461e-21
3.945974042858093162e+04 3.402164745070795691e-21 1.569434594593422910e-21
3.947763966446467384e+04 1.430684352361826680e-22 1.816557339867339545e-21
3.949553879621117812e+04 5.230959247820401237e-21 1.984193357330785558e-21
3.951343782377039315e+04 2.842961329457533376e-21 1.922585997874391167e-21
3.953133674708128819e+04 8.882743534509836745e-21 2.041047640318601859e-21
3.954923556610468950e+04 1.106201268477202713e-20 1.955925889791029960e-21
3.956713428079056757e+04 7.710113678504056328e-21 2.018866029566944238e-21
3.958503289109958860e+04 8.152205094299856040e-22 1.977060207861115324e-21
3.960293139695982245e+04 3.528774381039418280e-21 1.805006262050385069e-21
3.962082979833179706e+04 6.278692104848468758e-21 1.903752884104021706e-21
3.963872809516546840e+04 1.145146721347527488e-21 1.821340617444062213e-21
3.965662628741055960e+04 8.620429027624717929e-22 1.930632462631146612e-21
3.967452437502744579e+04 9.175764010746253642e-21 1.949883573071333735e-21
3.969242235794397129e+04 6.416681063604342144e-21 2.130626135441329783e-21
3.971032023612086050e+04 7.395873200755536097e-21 1.890264748874850243e-21
3.972821800950766919e+04 5.300918418399790769e-21 1.801349075122838891e-21
3.974611567806475796e+04 6.120395530453952258e-21 1.915658908526980291e-21
3.976401324171968008e+04 5.835716839568906479e-21 2.050074688448247613e-21
3.978191070043302170e+04 2.010086916297132587e-21 2.007964182616417916e-21
3.979980805415423674e+04 4.087401849068663657e-21 1.883521698655943085e-21
3.981770530283279368e+04 4.813796120405262768e-21 1.934346195428603629e-21
3.983560244641773897e+04 1.463494987782781053e-21 1.910314494485548231e-21
3.985349948485859204e+04 1.343222476879834943e-21 2.008876244532290827e-21
3.987139641810477042e+04 1.254969480833820412e-21 1.941628766432869375e-21
3.988929324610549520e+04 -1.028190623259513587e-21 1.803205663885009623e-21
3.990718996880985651e+04 6.170553398561201454e-21 1.889014858920902244e-21
3.992508658616704633e+04 4.583377266626609404e-21 1.886367470777043204e-21
3.994298309812641673e+04 7.975914442465061198e-21 2.031089860952484550e-21
3.996087950462626031e+04 -4.361341995116309743e-22 1.913608310034279306e-21
3.997877580563715310e+04 6.320533434620980114e-21 2.031434395251216401e-21
3.999667200109730038e+04 5.015287215332042760e-21 2.283960612748319796e-21
4.001456809095591598e+04 -1.886639933568004915e-21 2.021867866587848850e-21
4.003246407516200998e+04 4.529711195611348663e-21 1.871151091927473892e-21
4.005035995364268456e+04 6.366855976953590782e-21 1.926330973995199177e-21
4.006825572639013262e+04 2.966854852669902979e-21 1.839290479541980462e-21
4.008615139333181287e+04 1.165034299335247476e-21 2.052987580025078363e-21
4.010404695441656804e+04 4.826522990935830759e-21 2.005533624779388448e-21
4.012194240959310991e+04 6.237780087466570697e-21 2.023647446110333764e-21
4.013983775880998292e+04 2.183823207224983627e-21 2.057037810989875270e-21
4.015773300200539961e+04 -1.113169833643903451e-21 2.089916459213524462e-21
4.017562813913892023e+04 2.445776591007808733e-21 2.004708057546746016e-21
4.019352317017001042e+04 2.177500426256107292e-21 1.933121377290287846e-21
4.021141809502531396e+04 1.034060498583955306e-21 2.004731099534999817e-21
4.022931291366462392e+04 4.037410842983468682e-22 1.959217666142426496e-21
4.024720762604735501e+04 -3.859173798865451674e-22 2.009827768218598408e-21
4.026510223211115954e+04 5.732754862694552045e-21 2.095927335880318911e-21
4.028299673179332603e+04 3.349801269164378616e-21 1.820960336909864607e-21
4.030089112506440870e+04 -3.646671927663089654e-22 1.794517052592035260e-21
4.031878541186195798e+04 8.908911717918063998e-21 1.941883461877951079e-21
4.033667959212340793e+04 -2.894300694649527709e-21 1.902588159456201006e-21
4.035457366581860697e+04 5.014772696950381196e-22 2.028653066516188224e-21
4.037246763286353962e+04 4.874740331343528420e-21 1.910515145685666466e-21
4.039036149325000588e+04 5.682130131469840784e-21 1.840620551019543275e-21
4.040825524689357553e+04 4.901402617321686252e-21 2.014893283621977341e-21
4.042614889375300845e+04 1.193747134412867167e-21 1.912010614024686201e-21
4.044404243377683451e+04 2.286737273219704583e-21 1.988004090660663925e-21
4.046193586692411918e+04 4.426189181154170512e-21 1.993578034064319009e-21
4.047982919311012665e+04 5.388002687531464583e-21 1.987509534217403553e-21
4.049772241232627857e+04 3.293511739636856548e-21 1.849603221633270350e-21
4.051561552447730355e+04 7.817563265273169337e-22 1.913974761802066792e-21
4.053350852955485607e+04 4.730782587404565351e-21 1.954857256272911639e-21
4.055140142748498329e+04 5.733028345998841268e-21 1.995249347672206239e-21
4.056929421819348499e+04 4.101826009258828962e-21 1.989258471761918805e-21
4.058718690166129090e+04 -9.189220125923970262e-23 2.212106732530868275e-21
4.060507947782539850e+04 5.278446829741738398e-21 2.091649854162291646e-21
4.062297194664442213e+04 5.718067905440971952e-21 2.011660087925206590e-21
4.064086430803308031e+04 2.990105718203645011e-21 2.021908708090424519e-21
4.065875656197222270e+04 5.123590984498010148e-21 2.065235954304434822e-21
4.067664870839864307e+04 8.141353721266917973e-21 1.897166636706824922e-21
4.069454074725982355e+04 6.312992613476130475e-21 1.911521498183461698e-21
4.071243267849231779e+04 -1.877178311692840134e-21 1.863209498913234061e-21
4.073032450206587237e+04 3.039105580859494906e-21 1.905490613732146585e-21
4.074821621792802762e+04 1.627140508574247142e-21 1.920069530058431359e-21
4.076610782599328377e+04 2.654673396946603365e-21 1.928028092816775309e-21
4.078399932624187932e+04 5.013432205630186478e-21 1.898657654128754240e-21
4.080189071859956312e+04 4.810529281702775309e-21 2.106210889042727498e-21
4.081978200303568156e+04 7.472997684111294616e-21 1.776234639387953334e-21
4.083767317948641721e+04 4.495354792832307650e-21 1.830649190498776617e-21
4.085556424789911398e+04 2.171548167138384243e-21 2.117101434660554587e-21
4.087345520821020909e+04 3.321947220304816404e-21 1.949723196028431763e-21
4.089134606039999198e+04 3.914016586656694572e-22 1.876145467918921721e-21
4.090923680437138682e+04 4.644150153455852642e-22 1.860800474519496688e-21
4.092712744010469760e+04 7.953957743840518732e-21 1.992285676077898773e-21
4.094501796751422080e+04 3.251148831048906834e-21 2.106609834802437713e-21
4.096290838660198642e+04 -1.518986815271611390e-21 1.828261542682151376e-21
4.098079869727078039e+04 3.180309199134410970e-21 1.895034362442205748e-21
4.099868889945687988e+04 1.823254509752545571e-21 1.823222211745861887e-21
4.101657899315129907e+04 5.441369364815388812e-21 2.032961224187027423e-21
4.103446897827900830e+04 3.129518769699184708e-21 1.887365219428823105e-21
4.105235885477554257e+04 4.621987375539475261e-22 1.836149627431187990e-21
4.107024862259912334e+04 -1.104310566856370816e-22 1.882969068396058488e-21
4.108813828170763009e+04 9.630245638196282376e-22 2.067610090369852255e-21
4.110602783202570572e+04 5.673927652242609534e-21 2.175037077899695735e-21
4.112391727349994471e+04 4.208056127118655782e-21 1.921491642402359808e-21
4.114180660612136853e+04 -3.448828029717795525e-22 1.909865030956851855e-21
4.115969582977060054e+04 4.560598374224332332e-21 1.956692423565831201e-21
4.117758494443813834e+04 5.156115438316562577e-22 1.920595093419535921e-21
4.119547395007059822e+04 5.718512348450012812e-21 2.142828696576465983e-21
4.121336284660371166e+04 4.619529056587902603e-21 1.942801429345180035e-21
4.123125163396196149e+04 2.371156355531942990e-21 1.965652335188064770e-21
4.124914031214209535e+04 -1.687896633928129756e-21 1.998407610772899532e-21
4.126702896055986639e+04 1.534049083574965087e-21 1.978432029687731860e-21
4.128491756354419340e+04 5.969958550224402077e-21 2.169396004893876495e-21
4.130280605718086008e+04 8.838478196908835170e-21 2.005804748545800087e-21
4.132069444138270046e+04 1.638637485445550993e-21 2.231683627388386894e-21
4.133858271610745578e+04 5.478777082662348985e-22 2.321608361124014881e-21
4.135647088131243072e+04 7.365641712318465656e-22 2.129045855083961434e-21
4.137435893689951627e+04 -1.034409164898613821e-21 2.001719813038283809e-21
4.139224688289205369e+04 2.482457489120684362e-22 1.947468004576392067e-21
4.141013471917022980e+04 5.531473647486030065e-21 2.113403158347546175e-21
4.142802244568002789e+04 -2.312808211662141244e-21 1.824830924884927842e-21
4.144591006242265576e+04 1.565810443012086147e-21 1.834682081480137960e-21
4.146379756929993164e+04 -1.600297022316391415e-21 2.006615705355979568e-21
4.148168496626908745e+04 3.901932986093496973e-21 1.897706472043834036e-21
4.149957225326496700e+04 7.725608748454431300e-21 2.025701085478617657e-21
4.151745943025525776e+04 -1.140128767445754732e-21 1.827559030328862362e-21
4.153534649717511638e+04 2.131610863774080983e-21 2.074088416187168914e-21
4.155323345395929937e+04 1.979799719847791631e-21 2.211514861423922901e-21
4.157112030058675009e+04 2.940714472926551650e-21 2.002148493850972020e-21
4.158900703695866832e+04 -6.127116276796735070e-22 1.954326925693083808e-21
4.160689366305432486e+04 2.358664483109867324e-21 1.987978875626351313e-21
4.162478017879721301e+04 6.986223949531228411e-21 2.080867873589183830e-21
4.164266658415494749e+04 5.606744646284858101e-21 2.000509969749213317e-21
4.166055287906202284e+04 1.825210375435550396e-21 2.018050437693448654e-21
4.167843906344201969e+04 6.822039125425731953e-21 2.131956132668445861e-21
4.169632513729594211e+04 3.890681043645364009e-21 2.264191356058308316e-21
4.171421110052444419e+04 -4.526149005273957387e-21 2.180784477464145756e-21
4.173209695307333459e+04 1.644772677557935287e-21 1.965073062420337048e-21
4.174998269489913218e+04 7.817058802965467535e-21 2.055682838030321812e-21
4.176786832595820306e+04 7.144372480059996508e-21 1.993796666511314599e-21
4.178575384617345117e+04 2.425207154647901400e-21 2.057700390206196569e-21
4.180363925550155545e+04 -2.718535594686490003e-22 1.877953423182729122e-21
4.182152455389888928e+04 -1.130991948819773742e-21 1.914057103255162556e-21
4.183940974128802918e+04 4.450902699304524370e-21 2.123320199004390720e-21
4.185729481763668446e+04 3.533993709038061031e-21 2.258519483476534594e-21
4.187517978287886945e+04 4.852435292131144527e-21 2.225367505573879161e-21
4.189306463692589750e+04 2.213524213619983387e-21 2.053956530099847857e-21
4.191067241556263616e+04 7.084356223959667920e-21 2.246074613940798308e-21
4.192855702100240160e+04 3.796697400000619116e-21 2.125115252457446780e-21
4.194644152238604147e+04 2.962158223888008763e-21 2.166469272542422175e-21
4.196432591245423828e+04 3.100865207763799151e-21 2.048975573448050610e-21
4.198221019107283064e+04 1.297119652661674791e-20 2.260904882132939030e-21
4.200009435819743521e+04 4.610199369814436791e-21 2.010684719476216455e-21
4.201797841376192810e+04 1.985297413877785539e-21 2.234958750254485425e-21
4.203586235773295630e+04 9.700207373618759257e-21 2.132388008855070273e-21
4.205374619005543354e+04 5.743745664832043849e-20 2.599757761597604531e-21
4.207162991065194365e+04 2.086271502014706862e-19 3.955993262485281989e-21
4.208951351946705108e+04 1.885285166912938023e-19 3.694709711557006217e-21
4.210739701647823676e+04 5.931614739972706517e-20 2.625608561695629322e-21
4.212528040159747616e+04 1.496536735982812762e-20 2.321161803637399509e-21
4.214316367477971653e+04 7.013594173140557883e-21 1.951016684770044687e-21
4.216104683595867391e+04 4.586829218494906090e-21 1.793404729565728610e-21
4.217892988510079886e+04 3.057088811401115929e-21 2.104036825242589853e-21
4.219681282213967643e+04 3.945277795072207936e-21 2.229031355495051778e-21
4.221469564703017386e+04 1.253369965200403276e-20 2.124551365074468967e-21
4.223257835968389554e+04 7.522143894599415098e-21 2.300315255851354939e-21
4.225046096006708831e+04 1.650292590765794397e-21 2.047192852376826697e-21
4.226834344813488133e+04 2.019015944468389591e-21 2.048435794576221839e-21
4.228622582382049586e+04 1.476027675485163626e-21 2.070259369498392230e-21
4.230410808706821263e+04 3.634733582313423904e-21 1.807925700314833063e-21
4.232199023782191216e+04 4.594488630869978740e-21 1.878689903329963326e-21
4.233987227601454651e+04 1.056780172804298384e-20 2.135173385185708505e-21
4.235775420160136127e+04 5.150858426513979990e-21 2.340752649543819675e-21
4.237563601453734009e+04 -7.916496244397247998e-22 2.066475288797024806e-21
4.239351771474454290e+04 -3.762556215968033030e-22 2.181738426144857398e-21
4.241139930221033137e+04 -8.071218289229944259e-22 2.028004252205432050e-21
4.242928077680221759e+04 6.012482457503871699e-21 2.141856231247065366e-21
4.244716213852933288e+04 2.886495432137181190e-22 1.894441125216957675e-21
4.246504338730277232e+04 4.058050860476784377e-23 2.032542380996381830e-21
4.248292452307741041e+04 3.654004202305861834e-21 2.065997185631418721e-21
4.250080554581875913e+04 1.844388300543781691e-21 2.102289613133789372e-21
4.251868645541547448e+04 -2.993635163443845646e-21 1.859465813237496377e-21
4.253656725186603580e+04 -2.899228002749314215e-21 1.962143884741258116e-21
4.255444793509243027e+04 2.499346967204491050e-21 2.074994620212927269e-21
4.257232850503761438e+04 4.589058525429011237e-21 2.214138464983123963e-21
4.259020896162321151e+04 5.358163646927269467e-21 2.250126108909867115e-21
4.260808930483666336e+04 -1.767343693955651966e-21 2.002392365025544733e-21
4.262596953457764903e+04 2.060838101434236617e-21 2.106696397090325019e-21
4.264384965083311545e+04 6.803390357026525701e-21 2.033577746253506005e-21
4.266172965351364837e+04 5.690653670883220908e-21 1.989204142338568933e-21
4.267960954257343838e+04 4.771043032622756786e-21 2.082762275899571187e-21
4.269748931795558019e+04 2.469242947011957130e-21 2.171308106773446193e-21
4.271536897960325587e+04 2.943726239375346627e-21 2.012745555474988747e-21
4.273324852745984390e+04 -3.056836831505371093e-21 2.184370097006235366e-21
4.275112796146826440e+04 1.107853334678866798e-21 1.984843796990871456e-21
4.276900728157155390e+04 5.623998988472035548e-21 2.189439332061065879e-21
4.278688648772378656e+04 -5.117731771400849981e-23 2.066595688903876299e-21
4.280476557983495877e+04 4.148433846311551260e-21 2.339494098334680686e-21
4.282264455789182102e+04 9.516279076019419454e-21 2.374253980224821675e-21
4.284052342180430423e+04 2.075699248422678393e-21 2.189776508998012158e-21
4.285840217151529214e+04 3.751887309266634952e-21 2.150714167028726560e-21
4.287628080698955455e+04 1.454069965323392586e-21 2.241783947864269286e-21
4.289415932809450169e+04 1.923168749297814272e-21 2.125702765370606085e-21
4.291175970669859089e+04 3.012020645445753410e-21 2.334860415610884722e-21
4.292963798014374333e+04 3.135631426833034856e-21 2.059544952010822249e-21
4.294751613912190078e+04 5.401777365100383854e-21 2.126576523106754408e-21
4.296539418355227099e+04 6.967284535176224435e-21 2.077753295794601029e-21
4.298327211338858615e+04 7.498924543593073434e-21 2.047991009868743660e-21
4.300114992860718485e+04 4.984889586598121407e-22 2.299576203804102574e-21
4.301902762908281875e+04 4.263171813458782724e-21 2.228118235171454639e-21
4.303690521479186282e+04 5.850322914601753428e-22 1.938807966208354160e-21
4.305478268568763451e+04 5.171545696917877279e-21 2.236276605943751580e-21
4.307266004169016378e+04 4.879657078752152451e-21 2.228127491830818207e-21
4.309053728277580376e+04 9.356149554453745644e-23 2.045806674800934258e-21
4.310841440884102485e+04 9.496943069031625866e-21 2.219801071874285874e-21
4.312629141986228933e+04 6.122560856726679008e-21 1.969089156091743438e-21
4.314416831575915421e+04 5.651231455249913488e-21 2.255608481283034969e-21
4.316204509647352825e+04 3.313385714416367645e-21 2.221014323733293853e-21
4.317992176199285313e+04 1.082710771920232187e-20 2.286297307211468604e-21
4.319779831221395580e+04 6.455778284453715672e-21 2.499994050807286065e-21
4.321567474707873043e+04 1.177488236437069656e-21 2.263469169906258723e-21
4.323355106654015981e+04 -1.516670940532087503e-21 2.193409981512643126e-21
4.325142727055188152e+04 8.147487439858906812e-21 2.311068178884788988e-21
4.326930335903302330e+04 3.416320795155691542e-21 2.558277075060286190e-21
4.328717933192488999e+04 1.072074896056557097e-20 2.407905040373087849e-21
4.330505518921518524e+04 9.648049246243051783e-22 2.293245274958957198e-21
4.332293093078876700e+04 1.366384293238387994e-21 2.255591398203527160e-21
4.334080655659829063e+04 6.004528288095716369e-21 2.303708546969672494e-21
4.335868206661979639e+04 7.441476825720259316e-21 2.389200610268984379e-21
4.337655746076079231e+04 3.404112978876543816e-21 2.286078302406727714e-21
4.339443273898538610e+04 8.422748107809784217e-21 2.097457329803420179e-21
4.341230790121228347e+04 9.424595907971455699e-22 2.160928597042944724e-21
4.343018294740593410e+04 3.685870871155908865e-22 2.184519332509307104e-21
4.344805787748479634e+04 1.159244342923641903e-21 2.301338270768122862e-21
4.346593269137863535e+04 -3.004149722854939342e-21 2.155807881786679248e-21
4.348380738908614148e+04 4.841565820603614459e-21 2.111899133572871258e-21
4.350168197051433526e+04 1.637205528271152718e-21 2.309883942209221548e-21
4.351955643558118027e+04 4.279150659704378047e-21 2.176374720033065461e-21
4.353743078426256398e+04 4.483979999655493958e-22 2.203619395830685659e-21
4.355530501648817153e+04 5.059825928617210108e-21 1.933306922102317150e-21
4.357317913218727335e+04 3.944758165419824536e-21 2.162252010541234934e-21
4.359105313128367561e+04 -2.008755902299572661e-22 2.095329010886323907e-21
4.360892690303581912e+04 2.477928033723214620e-21 2.422367733709311935e-21
4.362679969437457476e+04 -7.334680998849506221e-21 2.257612132180534162e-21
4.364467236898154079e+04 2.832247614579161336e-21 2.407321697787847139e-21
4.366254492680920521e+04 5.423941019726350708e-21 2.198920372882662990e-21
4.368041736776379548e+04 3.848931346575719459e-21 2.086572005804764150e-21
4.369828969182046421e+04 2.509775186201429740e-21 2.271476192272230380e-21
4.371616189890877286e+04 1.132368062967517347e-21 2.088029687795569905e-21
4.373403398895776627e+04 6.778537715216217781e-21 2.182745328528274072e-21
4.375190596193086094e+04 7.396247620541550017e-22 2.100082217361878639e-21
4.376977781775755284e+04 4.933794299776054251e-21 2.008648211162740096e-21
4.378764955636685045e+04 4.071275482859425670e-21 2.152450485731815668e-21
4.380552117772190104e+04 1.331415427566664850e-21 2.239305315014041074e-21
4.382339268174064637e+04 5.273768798852242921e-21 2.136836713168179208e-21
4.384126406838637922e+04 4.758236605396523838e-21 2.079047150436765659e-21
4.385913533757619007e+04 4.799118114057810689e-21 2.146789731043867432e-21
4.387700648927379370e+04 6.415353166687342053e-21 2.064773738041200990e-21
4.389487752339652798e+04 -1.791020089564294115e-23 2.161620016393984493e-21
4.391274843990713271e+04 3.416893880790391235e-21 2.141376791605892536e-21
4.393061923872329498e+04 3.780068926220909077e-21 1.926401411630299702e-21
4.394848991979669518e+04 3.500504786416827314e-22 1.999025156150657905e-21
4.396636048307850433e+04 4.781011029734881979e-21 2.193362844813510859e-21
4.398423092848615488e+04 -2.268511581493435031e-21 1.980895333204338892e-21
4.400210125598274317e+04 -1.192870370985506600e-21 2.100556194216882335e-21
4.401997146548488672e+04 -4.072945688236728929e-21 2.129716555960241546e-21
4.403784155693276989e+04 3.315210304618012360e-21 2.153521032450568165e-21
4.405571153030085406e+04 1.851746199718061923e-21 2.178406612522308539e-21
4.407358138549420255e+04 1.002267230256602474e-21 1.995144432045765382e-21
4.409145112247572979e+04 -2.840286854686527847e-21 2.181712215615082988e-21
4.410932074116240983e+04 5.479328908694426246e-22 2.366975424751028448e-21
4.412719024149360484e+04 5.269637204135326772e-21 2.139918536918974892e-21
4.414505962344356521e+04 -2.807910962944602755e-21 2.151899783800119785e-21
4.416292888692913402e+04 9.360264049461252449e-23 2.080711049545913958e-21
4.418079803185506898e+04 -2.419694534883787828e-21 2.169424353358827197e-21
4.419866705821846699e+04 3.097115338305632444e-21 1.986890448983303763e-21
4.421653596593603288e+04 3.170339025675891442e-22 1.961599653065291704e-21
4.423440475495841383e+04 2.022452045317433889e-21 2.151620065339523456e-21
4.425227342520201637e+04 7.162443263922333048e-21 2.196553473752050575e-21
4.427014197661787330e+04 2.108844929168411505e-21 2.194237743565225969e-21
4.428801040913362522e+04 3.650925501930213727e-21 2.325701295999678473e-21
4.430587872272291133e+04 -2.615295114633258873e-21 2.228885656040828624e-21
4.432374691726769379e+04 -9.959448728204109264e-22 2.170852545300486527e-21
4.434161499277597613e+04 3.787286160648266347e-21 2.326797408529059592e-21
4.435948294914073631e+04 5.729510821622677314e-21 2.234638161819129860e-21
4.437735078631279612e+04 3.703137059999730853e-21 2.327855943120979724e-21
4.439521850423100841e+04 1.726528354465099112e-21 2.248388986750771673e-21
4.441308610279967252e+04 4.849743213422441928e-21 2.182541169362334483e-21
4.443095358203860087e+04 -7.016426689035681438e-21 2.206044798900301089e-21
4.444882094182894798e+04 2.080671717682306069e-21 2.309262031945644191e-21
4.446668818212087353e+04 -3.053030372111488669e-22 2.382952065111272427e-21
4.448455530285347777e+04 6.479212946738669098e-21 2.373548922385324705e-21
4.450242230394228682e+04 7.532254280989795175e-21 2.294049983847905080e-21
4.452028918537189747e+04 1.112861641343956071e-20 2.315551010151236514e-21
4.453815594705826516e+04 4.347585683737290673e-21 2.388754686015879112e-21
4.455602258893978433e+04 1.505813895774095754e-21 2.178439421591797591e-21
4.457388911093174102e+04 8.753831876937858137e-22 2.101169676823050638e-21
4.459175551300760708e+04 6.120202696372463746e-21 2.364363938190941965e-21
4.460962179511717113e+04 1.264389038370140913e-21 2.027659544895539413e-21
4.462748795715253800e+04 -6.748365268131641882e-22 2.464186747092847836e-21
4.464535399908701947e+04 4.183349937354987947e-21 2.381726448071140050e-21
4.466321992083562509e+04 5.097243295786096372e-21 2.269813245088423717e-21
4.468108572234802705e+04 -8.548281147466461118e-22 2.123663529569645264e-21
4.469895140357433411e+04 1.757581103148893350e-21 2.317985389646697875e-21
4.471681696442938119e+04 -1.026259474151649694e-21 2.333636985181839921e-21
4.473468240486274590e+04 9.758066226741702750e-22 2.188302867357954152e-21
4.475254772481280088e+04 2.625127371917618134e-21 2.130550393265439898e-21
4.477041292421732214e+04 1.004970455464496132e-22 2.304971300855839964e-21
4.478827800302581454e+04 -3.001777068215398617e-22 2.201226223714679660e-21
4.480614296114180615e+04 7.992623907786300332e-22 2.162726450404866909e-21
4.482400779856066947e+04 4.919867488935797591e-21 2.206731753417285437e-21
4.484187251513939555e+04 8.220601253874179494e-21 2.191740875229303531e-21
4.485973711089679273e+04 -1.930101369301927948e-22 2.242269034183749225e-21
4.487732140281987813e+04 8.790686576266374884e-22 2.184649124298767290e-21
4.489518573034951260e+04 7.724841676261902047e-21 2.187923957055072224e-21
4.491304994390480715e+04 1.452053632076178027e-21 2.408313328407488244e-21
4.493091403638521297e+04 2.295400927003399727e-21 2.241860183858794561e-21
4.494877800770637987e+04 1.660256554452760211e-21 2.344599925739322698e-21
4.496664185778348474e+04 3.839932453457753172e-21 2.193022045098271638e-21
4.498450558658746013e+04 4.962918734960802047e-21 2.178823376269648118e-21
4.500236919401088380e+04 -4.434120624558269508e-21 2.190448010927620500e-21
4.502023268002470286e+04 5.044728939659500198e-22 2.464433114066486262e-21
4.503809604454376677e+04 4.911013172679084154e-21 2.428335364486398383e-21
4.505595928753936460e+04 7.546315272366239443e-21 2.231964383799818125e-21
4.507382240891463152e+04 -4.224868850257874217e-21 2.067345491869648148e-21
4.509168540860648500e+04 1.060768570602675361e-20 2.277566971648421407e-21
4.510954828657496546e+04 -8.641967156537596325e-22 2.327298945404120169e-21
4.512741104273447127e+04 2.106159072064764415e-21 2.130220540115907719e-21
4.514527367704436620e+04 -2.540069067879264174e-22 2.375995301796392780e-21
4.516313618941953609e+04 -3.741559504103668503e-21 2.401552836796826611e-21
4.518099857981900277e+04 -6.229082178519322808e-21 2.506527363018782859e-21
4.519886084815720096e+04 -4.131767684025370559e-22 2.517725244760736845e-21
4.521672299439366179e+04 3.816620530867975711e-21 2.645611733264707803e-21
4.523458501844240527e+04 2.020248488788740786e-21 2.475585968342987900e-21
4.525244692026271514e+04 -1.786970301840087746e-21 2.209779895350569775e-21
4.527030869976892427e+04 -2.189594424901114184e-21 2.396387421562635667e-21
4.528817035691987985e+04 9.725280340331073972e-21 2.337658949435488594e-21
4.530603189162972558e+04 8.929302390677147015e-21 2.445008750688204037e-21
4.532389330384641653e+04 -4.433503804685202625e-21 2.475136805105726677e-21
4.534175459351759491e+04 -5.781620249721138694e-21 2.383813229667116030e-21
4.535961576056844933e+04 -5.650320594629204058e-21 2.481152841125326097e-21
4.537747680492397194e+04 4.671114311057105168e-21 2.462590795710403237e-21
4.539533772653157939e+04 1.768674402814561837e-21 2.201867497055804374e-21
4.541319852532797813e+04 6.393063236767077110e-21 2.475953320882311042e-21
4.543105920126059209e+04 -7.107511295677874146e-22 2.372932309068009635e-21
4.544891975424265547e+04 -3.376331171904828164e-21 2.337178538975037136e-21
4.546678018421063462e+04 1.729513590735818297e-21 2.300465329615643363e-21
4.548464049113453802e+04 2.396099915530839872e-21 2.490927228949246348e-21
4.550250067491628579e+04 2.459743812391603698e-21 2.361576668600963740e-21
4.552036073550338187e+04 9.721182489043137826e-22 2.308662497201931231e-21
4.553822067283151409e+04 -4.125064712328426570e-22 2.460342108919453977e-21
4.555608048683666129e+04 4.182671117586880984e-21 2.494046171570483717e-21
4.557394017745485326e+04 5.803950865493245830e-21 2.363228269396351843e-21
4.559179974462157406e+04 2.920230720322659963e-21 2.395668192117227045e-21
4.560965918827270070e+04 4.140226786009878071e-21 2.362481000094634753e-21
4.562751850834404468e+04 3.379406531287668353e-21 2.511442019390001860e-21
4.564537770477095182e+04 -1.146060313168179676e-21 2.604042051258045510e-21
4.566323677748922637e+04 3.188718245474461614e-21 2.440774271629807219e-21
4.568109572643433057e+04 3.665613185256735453e-21 2.355876660773882899e-21
4.569895455146730092e+04 6.207178426061915832e-21 2.560998973878760171e-21
4.571653215737600112e+04 2.360026620738699643e-21 2.581749391943178583e-21
4.573439071527660417e+04 8.503198281850561459e-21 2.377594341103284138e-21
4.575224914914304100e+04 1.284943181134689013e-20 2.513460592891506836e-21
4.577010745892235718e+04 5.344920169003711301e-21 2.264007842076644502e-21
4.578796564454925829e+04 1.746586872480569626e-21 2.276991888050449106e-21
4.580582370592448569e+04 3.539601002072847548e-21 2.515865571664832171e-21
4.582368164301804063e+04 2.729584112461339338e-21 2.406895896667388281e-21
4.584153945574136014e+04 4.298760645632478223e-21 2.475702388909402934e-21
4.585939714405321865e+04 4.600536867611076449e-21 2.588277826761359063e-21
4.587725470785341895e+04 2.531744388869482577e-21 2.544886988929075939e-21
4.589511214712340006e+04 7.422804831498309977e-22 2.522837350850499066e-21
4.591296946176342317e+04 2.917072906745502808e-21 2.270219118691212924e-21
4.593082665173127316e+04 -4.579319327310171738e-22 2.470900862342876094e-21
4.594868371698776900e+04 -5.590026158350918375e-21 2.314050165434308201e-21
4.596654114800679235e+04 8.122564331861473906e-22 2.292549631534023932e-21
4.598439884070669359e+04 4.293774711610113263e-21 2.389308718125758901e-21
4.600225640842008579e+04 1.987328969051020060e-21 2.566112095532895306e-21
4.602011385112822609e+04 -1.392716344933754637e-21 2.466580497401705955e-21
4.603797116873021878e+04 4.064579907995541964e-21 2.500030393317945400e-21
4.605582836118431442e+04 -3.652584393038928234e-21 2.459198853852974474e-21
4.607368542840141163e+04 -2.181224853994964942e-21 2.682147224004703625e-21
4.609154237031566299e+04 9.798925193634712815e-21 3.174601534719724185e-21
4.610939918688517355e+04 3.275792006109080902e-21 2.597963492852252346e-21
4.612725587805546820e+04 3.378581289179989711e-21 2.486028086807021841e-21
4.614511244371419889e+04 2.538137114844421322e-21 2.591916693522983577e-21
4.616296888380740711e+04 -1.029820809144479989e-21 2.512135102966481520e-21
4.618082519829204102e+04 5.963384027622331427e-21 2.554007747420653956e-21
4.619868138709096820e+04 -1.418366516404412328e-21 2.478095049970348661e-21
4.621653745014981541e+04 6.256407942714811012e-21 2.659719671347334069e-21
4.623439338735533966e+04 9.082923609063409086e-21 2.501949594006293142e-21
4.625224919871221209e+04 4.934887951372039163e-21 2.493072117550311316e-21
4.627010488410710968e+04 7.259944799515582043e-21 2.483883203912696066e-21
4.628796044347385759e+04 6.654322773599296208e-21 2.742281056141465085e-21
4.630581587676990603e+04 -9.608593753131762440e-23 2.422729874256349353e-21
4.632367118392846896e+04 6.665405652860362984e-21 2.453446019158736780e-21
4.634152636486014671e+04 1.993387890711395379e-21 2.655190885126321409e-21
4.635938141948681005e+04 5.634396526752469377e-21 2.735847931985657233e-21
4.637723634780020802e+04 4.211029714492296663e-21 2.565563042408057953e-21
4.639509114968742506e+04 5.426427362509409103e-21 2.620714554187243888e-21
4.641294582506992447e+04 5.672230372046995855e-21 2.560294377437368300e-21
4.643080037393965904e+04 8.950643817152612404e-21 2.667876289204271953e-21
4.644865479618336394e+04 3.370651689356605438e-21 3.023209934160251068e-21
4.646650909173391119e+04 7.706718068724051106e-21 3.053745832292886612e-21
4.648436326053651283e+04 -1.940891854417904564e-21 2.547579408576536552e-21
4.650221730252449197e+04 1.175894864714031776e-21 2.540015874747840548e-21
4.652007121764219482e+04 -1.057219359773653423e-21 2.406223386417028533e-21
4.653792500579977786e+04 5.458735107176624104e-21 2.625997273805608539e-21
4.655577866695349076e+04 -5.950991834786190348e-21 2.576107443388773479e-21
4.657363220101268234e+04 2.512240171412683185e-22 3.220190950377924074e-21
4.659148560792241915e+04 5.418146640779497689e-22 2.821471869343516155e-21
4.660933888762689458e+04 -3.302323766544689020e-23 2.736852657455151934e-21
4.662719204005919892e+04 9.622409432055053957e-21 2.699726123499540132e-21
4.664504506510507053e+04 3.602687271475057652e-21 2.581786840597802808e-21
4.666289796274389664e+04 5.589808011252838506e-21 2.486200664886838420e-21
4.668075073289703141e+04 2.279062473710346199e-21 2.455713949744421868e-21
4.669860337549686665e+04 1.254743548544002290e-23 2.530396559136916595e-21
4.671645589048765396e+04 1.345012765971809171e-21 2.640308504222915081e-21
4.673430827779043466e+04 2.469596151946450526e-21 2.549626382757650829e-21
4.675216053732542059e+04 1.057499783147021693e-20 2.798494431221073026e-21
4.677001266903711075e+04 7.416639006602131917e-22 2.608416580798921499e-21
4.678786467285791878e+04 6.028455111846171953e-21 2.625536582343131557e-21
4.680571654870787461e+04 -2.586144674015184653e-21 2.531455652326931902e-21
4.682356829654335888e+04 8.651189467629525488e-22 2.603502534774181863e-21
4.684141991629627591e+04 -1.370430502306292530e-22 2.530157318016145424e-21
4.685927140786328528e+04 1.724906203147741966e-21 2.748496316924956967e-21
4.687712277121224179e+04 5.709533359543354817e-21 2.730147409993450343e-21
4.689497400627466413e+04 -5.842233006221160411e-21 2.533142085436516908e-21
4.691282511294744472e+04 5.394669657981138259e-21 2.737340078955675563e-21
4.693067609119797271e+04 2.661645494670911745e-21 2.666615307695730421e-21
4.694852694093412720e+04 9.098933027023441935e-22 2.801310946697284669e-21
4.696637766211180860e+04 4.915395586636844029e-21 2.794909942504729087e-21
4.698422825465061760e+04 8.947758098397150176e-21 2.746140347941238517e-21
4.700207871848241484e+04 2.888032208782422746e-21 2.846294266487659592e-21
4.701992905352717935e+04 4.130016371626827341e-21 2.776227444058674834e-21
4.703777925975153630e+04 3.662900964957583437e-21 2.640244912139525665e-21
4.705562933704021270e+04 2.506616591547340868e-21 2.483330988980966797e-21
4.707347928534811217e+04 -5.007734745018018155e-21 2.776093091849990691e-21
4.709132910461847496e+04 4.624548367205765616e-21 2.811646118711029203e-21
4.710917879477122187e+04 5.188791137940326388e-21 2.800622880239534939e-21
4.712702835571332980e+04 -1.086029520145535071e-21 2.720267757264153287e-21
4.714487778744781826e+04 -2.437539283215765574e-21 2.851010607676338114e-21
4.716272708981082542e+04 -1.206539790951108253e-21 2.734127763764516350e-21
4.718057626279264514e+04 3.907301544290776089e-21 3.058095918370144975e-21
4.719842530633669958e+04 3.398111566506098371e-21 3.003262785976837532e-21
4.721627422032615141e+04 7.748699297329793996e-21 3.089857348754189398e-21
4.723412300471594790e+04 6.027735103333326229e-21 2.909143569382647208e-21
4.725197165944911831e+04 5.971190991293923516e-21 3.023947727541115646e-21
4.726982018443229754e+04 -2.405362097524319076e-21 2.798268443920235581e-21
4.728766857960876223e+04 3.957608261815775597e-21 2.864669504951015145e-21
4.730551684492087224e+04 2.363317827715023655e-21 2.913833486947673973e-21
4.732336498026375921e+04 -9.817355273810752094e-22 2.967644133800794283e-21
4.734121298561598815e+04 -1.521472527262379516e-21 3.056611875428351042e-21
4.735906086088379379e+04 -1.690260576216040458e-21 2.935070141718789452e-21
4.737690860597434948e+04 9.654741292727346079e-21 2.864597395511507817e-21
4.739447320724216843e+04 8.606077445158039430e-21 2.723690297034027073e-21
4.741232066529597796e+04 -3.035935896542338266e-21 2.600107544693481134e-21
4.743016799985502439e+04 2.864940934950652228e-21 3.000533698640558253e-21
4.744801520402290043e+04 5.508917169902974185e-22 2.999149475646182107e-21
4.746586227772141137e+04 2.424242698279396325e-21 2.887036410986923500e-21
4.748370922081077879e+04 2.999519700448134841e-21 2.777845443405865462e-21
4.750155603326774872e+04 1.347415049148630097e-21 2.818518855015015549e-21
4.751940271501105599e+04 4.847907152191147408e-21 2.861147728630518900e-21
4.753724926597052399e+04 -1.027391740860010186e-21 2.976287124238446388e-21
4.755509568607650726e+04 -9.292689794869684698e-21 3.685000853610476612e-21
4.757294197525856725e+04 -2.401420311228705787e-21 4.057905310885037229e-21
4.759078813343526417e+04 -4.040880640439597155e-21 2.631367599225220429e-21
4.760863416055974085e+04 -1.603708688519441012e-21 2.558639794478859898e-21
4.762648005653842847e+04 1.298405438707578124e-21 2.925065397370201145e-21
4.764432582132480456e+04 8.160710753382292851e-21 3.279462467736238398e-21
4.766217145484812499e+04 -6.684857969186124365e-22 2.657103630688452875e-21
4.768001695700307755e+04 3.914761739483250480e-21 2.985358764884423773e-21
4.769786232774263044e+04 2.961640744696345091e-21 2.936181525937682357e-21
4.771570756699645426e+04 -4.158075267392549705e-21 2.816115224998296443e-21
4.773355267471746629e+04 6.177384332441325075e-21 2.929426196047748663e-21
4.775139765077655466e+04 1.393810938560990750e-21 2.841524077687078918e-21
4.776924249517326825e+04 1.136483236738341129e-21 3.200710177999625848e-21
4.778708720779020223e+04 -1.469234051839496220e-21 2.961202798929024528e-21
4.780493178854463622e+04 -2.822831911012524549e-21 2.824415981176604368e-21
4.782277623741289426e+04 2.456925192500598754e-21 3.152053849973295515e-21
4.784062055428893655e+04 2.151836411211249312e-21 2.887708716606631575e-21
4.785846473911350768e+04 2.351635117860219886e-21 3.013175279523912973e-21
4.787630879181584169e+04 3.150923355386347204e-21 2.945102553024213321e-21
4.789415271232479427e+04 9.924602680058325377e-22 2.950306915097659956e-21
4.791199650058135740e+04 3.029082208840441473e-21 2.964745053105359889e-21
4.792984015650226502e+04 -2.702727602354376914e-21 2.958461472436825731e-21
4.794768368000470218e+04 7.145450088295203869e-21 2.954338858195726638e-21
4.796552707102941349e+04 -5.099444554835724797e-21 3.079616266980947696e-21
4.798337032952821028e+04 -3.878085972054103302e-21 2.968766495610693976e-21
4.800121345537131856e+04 1.393807111275541503e-21 2.984196188705032536e-21
4.801905644852215482e+04 -2.171048315979403681e-21 3.025469983041811489e-21
4.803689930892172561e+04 -1.234211410895399945e-21 3.065949935499364223e-21
4.805474203651003336e+04 4.734573959859409783e-21 3.116163096707831242e-21
4.807258463115635823e+04 6.315149004810882956e-21 2.785292066002564930e-21
4.809042709282463329e+04 -4.963214599689087259e-21 2.825875849135799454e-21
4.810826942139837774e+04 2.246421899536948640e-22 2.941144174403828482e-21
4.812611161003462621e+04 6.598502454690880691e-21 2.963020764257432353e-21
4.814366983256271487e+04 -8.671261218477278182e-21 2.965143200616858462e-21
4.816151174185224227e+04 2.292297672761099702e-21 2.817555427169370235e-21
4.817935351782600628e+04 -1.235403570905601960e-21 2.832215437773943474e-21
4.819719516039959854e+04 -1.515718633732679085e-21 2.906983875892476003e-21
4.821503666945318400e+04 -2.160722916899080421e-21 2.683556292872044551e-21
4.823287804498660262e+04 7.603843635513223174e-21 2.952372915358868240e-21
4.825071928687988111e+04 6.300847261944003046e-21 2.905064129280666447e-21
4.826856039506061643e+04 3.879480669705291731e-22 2.662517647631233223e-21
4.828640136948072177e+04 2.624618432627924250e-21 2.843141865993226256e-21
4.830424220998467354e+04 -9.797910784579983439e-21 3.050655514115622478e-21
4.832208176838692452e+04 -2.191922837487937480e-21 2.972122823301551529e-21
4.833992104100710276e+04 6.815519449113453710e-21 2.929374959473098215e-21
4.835776017958229932e+04 -3.946732739325870372e-22 2.827040455302595078e-21
4.837559918405215285e+04 2.108678323097976065e-21 3.121337912769255080e-21
4.839343805433217494e+04 1.614544098182182591e-21 3.034655952147206600e-21
4.841127679036146583e+04 5.464406581298017680e-21 2.910459906134404220e-21
4.842911539206785528e+04 1.675744649254579479e-21 2.681689741113699351e-21
4.844695385939029075e+04 5.586819629596990691e-21 3.044439735520463461e-21
4.846479219223204564e+04 3.887310453491140414e-21 3.148518853074922693e-21
4.848263039053240936e+04 1.492588517027563493e-20 3.219892618753745233e-21
4.850046845421821490e+04 8.038971221050832507e-21 3.340013273564208273e-21
4.851830638321699371e+04 2.328360859626964600e-21 3.022998308883283897e-21
4.853614417746722756e+04 1.670431788496083830e-21 3.065529379534299028e-21
4.855398183688428253e+04 7.264765318097451287e-21 3.150448290686202881e-21
4.857181936138268793e+04 1.365834410166274667e-21 2.966222904839385029e-21
4.858965675088925491e+04 3.301216877419113094e-21 3.194177461007645201e-21
4.860749400536731264e+04 6.336721089757488169e-21 2.937898431740929356e-21
4.862533112470678316e+04 2.580509388102847413e-21 2.884239954182770036e-21
4.864316810884697043e+04 -9.652521450448773613e-22 2.970594187118627433e-21
4.866100495770191628e+04 5.747728645071839277e-21 2.976099776336597204e-21
4.867884167123476800e+04 3.409826834999395866e-21 3.032492933173854168e-21
4.869667824933567317e+04 2.255747693157819273e-21 3.174549419552681232e-21
4.871451469194290257e+04 2.293072407342490608e-21 2.941545028046968433e-21
4.873235099898324552e+04 2.846702184741846917e-21 3.094785844165799764e-21
4.875018717037035822e+04 4.228138049565713768e-21 3.314477144226358834e-21
4.876802320605522982e+04 4.310883650308466454e-21 3.077415511369805086e-21
4.878585910593956214e+04 2.570148836802390610e-21 2.953288117211948865e-21
4.880369486998584762e+04 -5.893799886521527797e-21 3.126021325378935645e-21
4.882153049807193747e+04 -4.858699990323637448e-22 2.974078818998822943e-21
4.883936599017187837e+04 1.224764308912148704e-21 3.057295487960826271e-21
4.885720134616370342e+04 -6.077491611477554772e-22 3.343938985602241406e-21
4.887503656600914837e+04 6.538731448157052167e-21 3.015446871773707555e-21
4.889287164961024246e+04 -3.890694305964844114e-21 2.954034578591466448e-21
4.891070659691680339e+04 -3.162482460044177989e-21 3.013802727106072500e-21
4.892854140783033654e+04 5.684159833843215680e-21 3.312656947208230053e-21
4.894637608231311606e+04 2.786628702712574075e-21 3.220538070680418184e-21
4.896421062024177809e+04 3.148951409323115073e-21 2.879516689786971530e-21
4.898204502156672243e+04 6.016746611538365983e-21 3.023214713804580819e-21
4.899987928621294122e+04 -3.979745002220833720e-22 3.070767345472525929e-21
4.901771341413049231e+04 1.100302572793561307e-20 3.405130340248068689e-21
4.903554740519613551e+04 3.504947550201741752e-21 3.396983760428048708e-21
4.905338125934720301e+04 -7.191353148787286500e-22 3.120781508771746910e-21
4.907121497655784333e+04 -2.513733158116738990e-21 3.125728564063613508e-21
4.908904855667987431e+04 2.455336920505427346e-21 3.188174221004872041e-21
4.910688199969981360e+04 3.036818767317356453e-21 3.299337832553690960e-21
4.912471530549367162e+04 3.085642239443249860e-21 3.380698402092487649e-21
4.914254847403534222e+04 8.254802557533878486e-22 3.271531255876015227e-21
4.916038150522545038e+04 -5.247390589166671580e-22 3.121944590260472310e-21
4.917821439896456286e+04 9.490181553268006789e-22 3.093531708180758229e-21
4.919604715522636980e+04 5.913693990058649585e-21 3.112445382664049079e-21
4.921387977388660511e+04 -2.355039506387153778e-21 3.113484799731116377e-21
4.923171225490704819e+04 3.226967661938412876e-21 3.097040801274509732e-21
4.924954459821189084e+04 2.243205603897906781e-21 3.388765821366781338e-21
4.926737680370178714e+04 1.066973545390838145e-21 3.100320074348774954e-21
4.928520887130121264e+04 -5.271469074186199148e-22 2.972091400716271992e-21
4.930304080097104452e+04 4.351274935491275322e-21 3.121606882064024095e-21
4.932087259259952407e+04 1.418364144452189498e-21 2.938317054778356744e-21
4.933870424611061753e+04 -5.035051470385581354e-21 3.214878885234835905e-21
4.935653576145353873e+04 -2.203445304865035253e-22 2.804379477421983228e-21
4.937436713855197740e+04 2.167026974229284594e-21 3.079484514051585051e-21
4.939219837730631843e+04 3.996643458753081792e-21 3.149930928740918307e-21
4.941002947762832628e+04 4.645985390514231023e-21 3.121810598508914048e-21
4.942786043949073792e+04 -3.145248432632180667e-21 3.144868066750801571e-21
4.944569126279347984e+04 -4.599656967177247299e-21 3.548391630705144068e-21
4.946352194746014720e+04 3.352802439900411251e-21 3.345492872332442142e-21
4.948135249341520830e+04 3.272062154607790575e-21 3.013254035599135556e-21
4.949918290056974365e+04 -1.525305672675371140e-21 3.103911660268632824e-21
4.951701316887241410e+04 -6.240980288565006870e-21 3.075792488325858014e-21
4.953484329823448934e+04 -4.419066217598740675e-21 3.171293059575675157e-21
4.955267328856766835e+04 -3.638386605492421638e-21 3.121694489767899031e-21
4.957050313981984800e+04 -8.829825493135365250e-21 3.301060010729925682e-21
4.958833285187769070e+04 3.055190910385730824e-21 3.340824424548073395e-21
4.960587689302603394e+04 5.138774187549935384e-21 3.489890721530696002e-21
4.962370629975757765e+04 9.227696751931786051e-21 3.471617386991343354e-21
4.964153557380310667e+04 1.448333577995452530e-21 3.096456152028613734e-21
4.965936470841176924e+04 1.715830384539273017e-22 3.230307140664120718e-21
4.967719370346447249e+04 2.280768553737512547e-21 3.267978994348378823e-21
4.969502255888425134e+04 -3.951203785794121370e-21 2.870727629200345586e-21
4.971285127459460637e+04 3.053781452766830242e-21 3.276642805196461464e-21
4.973067985053010489e+04 -4.217085976878857625e-21 3.145718730534854133e-21
4.974850828657853708e+04 5.316561589386398245e-21 3.230586665475612592e-21
4.976633658272194589e+04 4.252564579997083616e-21 3.258627769021892546e-21
4.978416473881202546e+04 4.760560307875063714e-21 3.352394399949322406e-21
4.980199275481928635e+04 6.906200439605733442e-21 3.481271306036817178e-21
4.981982063066630508e+04 5.814429715556061415e-21 3.226183861821403015e-21
4.983764836624054442e+04 8.657273299361902373e-22 3.461710927274389181e-21
4.985547596151162725e+04 -9.870825666522126067e-21 3.075733841857620285e-21
4.987330341635523655e+04 -2.406638988745972325e-21 3.005246576797687187e-21
4.989113073072910629e+04 -1.004212578510060351e-21 3.118363435844471167e-21
4.990895790454420785e+04 5.902739002863099090e-21 3.226053501177545091e-21
4.992678493772277579e+04 6.370936957141487572e-21 3.547905014213655678e-21
4.994461183017524309e+04 2.479851722421905522e-21 3.515013802518597927e-21
4.996243858184785495e+04 5.184532313186710527e-21 3.275899408192464421e-21
4.998026519263916271e+04 1.032934669732802748e-20 3.507588633405715327e-21
4.999809166251888382e+04 -9.502155775525873652e-22 3.436675628778793324e-21
5.001591799133766472e+04 -4.959930823222939695e-21 3.102125927935134348e-21
5.003374417906505550e+04 4.961678532376413170e-22 3.714182218154733810e-21
5.005157022559940378e+04 -3.408004718390450392e-21 3.097899569226442192e-21
5.006939613088654005e+04 5.124176304042657997e-21 3.292991540019474741e-21
5.008722189483652619e+04 6.541756679089451728e-21 3.651571158817617166e-21
5.010504751737084007e+04 6.852893198061600676e-21 3.292937170410595247e-21
5.012287299839963089e+04 2.199597881689116252e-21 3.195846011674126483e-21
5.014069833785630181e+04 5.956754143388915287e-22 3.455178330253780643e-21
5.015852353567470709e+04 -1.958664675969575487e-21 3.335763894162990429e-21
5.017634859175237216e+04 2.271261358225658954e-21 3.366678294299147881e-21
5.019417350602295483e+04 1.064312381329332684e-20 3.324393599597222368e-21
5.021199827841956721e+04 7.774500101279432854e-21 3.634308152755967078e-21
5.022982290884005488e+04 6.444518932385876959e-21 3.771975343814738630e-21
5.024764739721753722e+04 -3.280535546628837424e-21 3.346998416595439157e-21
5.026547174342363724e+04 8.957822937512266351e-22 3.604690604016130527e-21
5.028300964624729386e+04 -8.330473952905032493e-21 3.209250523991649998e-21
5.030083368788132793e+04 -7.295262276426757655e-21 3.177849545033715191e-21
5.031865758715465199e+04 3.946568870388740534e-21 3.293890465967079327e-21
5.033648134398725961e+04 -6.297569810930239620e-21 3.363103847954576000e-21
5.035430495830038853e+04 2.793845809521999330e-21 3.178516001510722273e-21
5.037212843001453439e+04 3.932822525015849651e-21 3.312649932382850157e-21
5.038995175905110955e+04 4.727610676433990046e-21 3.423619293260442407e-21
5.040777494534243306e+04 8.720464893208108881e-22 3.424298861227525884e-21
5.042559798878552101e+04 2.578670179212945967e-21 3.101011967760244912e-21
5.044342088930046884e+04 7.548119781668598150e-22 3.314928851133858513e-21
5.046124364683274325e+04 6.437749782261660845e-21 3.282842972458772916e-21
5.047906626129039796e+04 8.458936597075207099e-21 3.593181477573931043e-21
5.049688873259406682e+04 4.691795199666970207e-21 3.564998889345730177e-21
5.051471106066412904e+04 8.811778649578372422e-22 3.526710683424335947e-21
5.053253324542088376e+04 2.430987191014064195e-21 3.255786184299649245e-21
5.055035528678486298e+04 -2.220054900731393465e-21 3.414076408314930379e-21
5.056817718466371298e+04 -2.801830024209267907e-21 3.172959248957867022e-21
5.058599893900253664e+04 -6.921659268984017315e-22 3.185109973709391085e-21
5.060382054970864556e+04 7.599919857704301715e-21 3.471044318190472823e-21
5.062164201669053728e+04 -3.083753249674782185e-21 3.303960129938144472e-21
5.063946333988385595e+04 5.055657063157540195e-21 3.293928464244712032e-21
5.065728453937632730e+04 1.180824434299445490e-20 3.336989410799883540e-21
5.067510583947171835e+04 3.495857247399487819e-21 3.579580134794651789e-21
5.069292699555255967e+04 6.729246519327488731e-21 3.586347008221689844e-21
5.071074800747726840e+04 1.899097531594745492e-21 3.346988116687514846e-21
5.072856887522670149e+04 1.777352334257132420e-21 3.224253040256337748e-21
5.074638959869607788e+04 -1.889105729237335185e-21 3.713977973699745721e-21
5.076421017779262183e+04 2.945680360766904949e-21 3.332326807392613481e-21
5.078203061244824494e+04 -1.575223053609967263e-22 3.467225455511092140e-21
5.079985090258206765e+04 5.143180473691248888e-21 3.518044218363696328e-21
5.081767104811388708e+04 4.800922469876651784e-21 3.529964617406514028e-21
5.083549104896249628e+04 1.148177747288721760e-21 3.329322091394090932e-21
5.085331090505997417e+04 -5.609122152326044141e-22 3.426985283482180839e-21
5.087113061630038283e+04 7.820432820245344100e-21 3.574383678014706962e-21
5.088895018261570658e+04 8.245096157178956461e-21 3.759484137150744577e-21
5.090676960393670015e+04 -7.645706333498716290e-22 3.419395755937781761e-21
5.092458888014612603e+04 7.151670592144579557e-21 3.501528822930510463e-21
5.094240801121148979e+04 6.833061831829655422e-22 3.375233291167185593e-21
5.096022699702742102e+04 1.396473052401472281e-20 3.902545596224811694e-21
5.097804583747594006e+04 2.292657105160233664e-21 3.413532295956716830e-21
5.099586453254920343e+04 -3.524536671923111446e-21 3.571324527827775468e-21
5.101368308212926786e+04 -4.254551603229324037e-21 3.688070810446171562e-21
5.103150148608564632e+04 6.338854529449020492e-22 3.626964153154270773e-21
5.104931974443508079e+04 -3.784898273937909081e-22 3.839414036111473849e-21
5.106713785703440954e+04 -1.738371135439402104e-21 3.500219134546648969e-21
5.108495582380268024e+04 -1.075194551712585793e-21 3.505720838230402353e-21
5.110277364469435270e+04 -6.852255438757606396e-23 3.753931535553164115e-21
5.112059131957941281e+04 1.026301277856630334e-20 3.385997148294866143e-21
5.113840884841213119e+04 -1.072412563095030290e-21 3.309418409109699770e-21
5.115622623109917913e+04 -1.255021703527528996e-21 3.719731255652514973e-21
5.117404346757027088e+04 5.848931424760775434e-21 3.630647154358377337e-21
5.119186055770723033e+04 9.749240162669371591e-21 3.465453089145471138e-21
5.120967750146442268e+04 6.677168276272702663e-21 3.973797573822588057e-21
5.122749429873559711e+04 2.182895432534825394e-21 3.675869941311834420e-21
5.124531094946283702e+04 2.686771122340697240e-21 3.846163111605868280e-21
5.126312745352739876e+04 7.727201011308317557e-21 3.930835201016305000e-21
5.128094381089592935e+04 1.433289268367565305e-21 3.622717389990066841e-21
5.129876002144940867e+04 6.859977015359366662e-21 3.591804046425215406e-21
5.131657608511771105e+04 1.469867111088892456e-22 3.341617664985345312e-21
5.133439200183052162e+04 -6.241031536500537128e-21 3.579905712485849489e-21
5.135220777150555659e+04 -6.520653896667202871e-21 3.956696807004388191e-21
5.137002339402319194e+04 -2.003757794801839245e-21 3.721483593514896184e-21
5.138783886932566384e+04 1.325042174217820446e-20 3.949001716432419008e-21
5.140565419731751172e+04 1.124471635571933590e-20 3.740077205419930262e-21
5.142346937794108089e+04 -3.869204735904095811e-21 3.336962493656796005e-21
5.144128441110067797e+04 -3.979451898709140593e-21 3.503568633139895137e-21
5.145909929670182464e+04 -1.393067359588512930e-21 3.671822628021023690e-21
5.147691403469758370e+04 1.312231031292088108e-21 3.519221207310761172e-21
5.149472862499344046e+04 1.186062095285313664e-20 3.857138120846507649e-21
5.151254306748113595e+04 -1.715768860915650356e-21 3.359047337145914480e-21
5.153035736207806622e+04 6.418018595475912567e-21 3.482594852311374936e-21
5.154817150868821773e+04 4.739707426487246387e-21 3.922133274652711732e-21
5.156598550727789552e+04 1.000850311042428131e-20 3.772011503069978825e-21
5.158379935772620956e+04 1.054178961718723958e-20 3.780322173394520721e-21
5.160132517625935725e+04 -1.406214646885504246e-21 3.721657708022631431e-21
5.161913870327634504e+04 6.649802999147862759e-22 3.840231744157577082e-21
5.163695208837948303e+04 8.723483318293858215e-22 3.919094602239704889e-21
5.165476532508081436e+04 5.484808319276786591e-21 3.708205529354202790e-21
5.167257841320830630e+04 3.508490718973738546e-21 3.726549041920095511e-21
5.169039135270186671e+04 7.943892777685860029e-21 3.813529532812533141e-21
5.170820414347817132e+04 3.239624967182195061e-21 4.061683975847207293e-21
5.172601678545330651e+04 1.429936175463098525e-21 3.921071163817962625e-21
5.174382927856752940e+04 2.916547696212433383e-21 3.689195704326874889e-21
5.176164162270065572e+04 -7.447615151962542477e-21 3.623767004885810247e-21
5.177945381779254967e+04 4.155786324388389329e-21 3.811097965710984528e-21
5.179726586372275051e+04 3.485760637253953673e-21 4.059049023178532282e-21
5.181507776040737372e+04 -7.210949427478517209e-21 3.932014028763899737e-21
5.183288950781043241e+04 4.518143886861614096e-21 3.666271758936459281e-21
5.185070110584797658e+04 1.290581284160453801e-20 3.856305522366132971e-21
5.186851255441107787e+04 6.354732522981906934e-21 3.642702440339689832e-21
5.188632385339112807e+04 5.457051850235832103e-21 3.801993595321488003e-21
5.190413500271577504e+04 7.358424485364038561e-21 4.073606410144332439e-21
5.192194600233636447e+04 4.458136833148475507e-21 3.707057959051494673e-21
5.193975685210880329e+04 -1.190823892723286666e-21 3.778868863387545376e-21
5.195756755203217472e+04 6.384721225470026281e-21 3.293817545335874698e-21
5.197537810197388171e+04 6.364631064270591933e-21 4.797534734210661006e-21
5.199318850182447204e+04 8.787417170793880835e-21 4.131475946922061291e-21
5.201099875151121523e+04 2.152640765830903294e-20 5.539568752295595126e-21
