1.699324070904859036e+04 2.467064357631280574e-20 3.974809741083845998e-21
1.700391658075439773e+04 2.389273760161327253e-20 3.320329738648819223e-21
1.701459244121876691e+04 2.037308367811310146e-20 3.432510317077724629e-21
1.702526829039983932e+04 1.635997766945554427e-20 3.117004097281830502e-21
1.703594412825371910e+04 1.485963362424914448e-20 3.292309947575986890e-21
1.704661995473816205e+04 1.458927015189963275e-20 3.280190163629638777e-21
1.705729576980997081e+04 1.890128838869922742e-20 3.402538941594704509e-21
1.706797157342435821e+04 2.689414395538636509e-20 3.552378967354794812e-21
1.707864736554172487e+04 2.150123404354450729e-20 3.561188700531188754e-21
1.708932314611500260e+04 9.717175333004289337e-21 3.688176867623157782e-21
1.709999891510539965e+04 1.855738652752561441e-20 3.275552201256666720e-21
1.711067467246651358e+04 8.612978236313159105e-21 3.354656493898638412e-21
1.712135041815706791e+04 1.564124091646706082e-20 3.369546118462875714e-21
1.713202615213517129e+04 2.278613578736243539e-20 3.316375167760220842e-21
1.714270187435601110e+04 1.544955905367499266e-20 3.104066529181209361e-21
1.715337758477911848e+04 2.501988554599352890e-20 3.462077457882172012e-21
1.716405328335888044e+04 2.831150375690587476e-20 3.290549254632823664e-21
1.717472897005470077e+04 1.204873383513664077e-20 3.119637974751311295e-21
1.718540464482241805e+04 7.011774242490509011e-21 3.068397965256641870e-21
1.719608030762136696e+04 1.370280879005176225e-20 3.404718622965427620e-21
1.720675595840634924e+04 2.012166694317971856e-20 3.337106580537423210e-21
1.721743159713621571e+04 1.465497962017066446e-20 3.189271165271365609e-21
1.722810722376897320e+04 1.384266839316949073e-20 3.351409787696638349e-21
1.723878283826063489e+04 1.640888479462361148e-20 3.464658082371886004e-21
1.724945844057046634e+04 1.990133404697721177e-20 3.275116594446358692e-21
1.726013403065390594e+04 1.298896719775233704e-20 3.611817501847203506e-21
1.727080960846977177e+04 1.531407419425041833e-20 3.274290685264056426e-21
1.728148517397497926e+04 2.031106724113629952e-20 3.058795624097068286e-21
1.729216072712716777e+04 1.510107518418052457e-20 3.138257933095101593e-21
1.730283626788411129e+04 1.440144604770935810e-20 3.244563113366557866e-21
1.731351179620333278e+04 7.194583800235300473e-21 2.981171266179547214e-21
1.732418731204286087e+04 2.426268547288556396e-20 3.167302573839966360e-21
1.733486281536012029e+04 2.204625615038434066e-20 3.136507133194453421e-21
1.734553830611328522e+04 2.420370944509193268e-20 3.353709176523577081e-21
1.735621378425906732e+04 1.416737450127863947e-20 3.765704580469928112e-21
1.736688924975622649e+04 1.218704706699490279e-20 3.692799657373658409e-21
1.737756470256083048e+04 1.930294572630043615e-20 3.545956838150887119e-21
1.738824014263324352e+04 1.822585820122730006e-20 3.254501188744292779e-21
1.739891556993002087e+04 2.208919481511605717e-20 3.083281583071762151e-21
1.740959098440917660e+04 1.921742962509994266e-20 3.246856351282596868e-21
1.742026638602784806e+04 2.124605090398624459e-20 3.240328540855331365e-21
1.743094177474586832e+04 1.494452989838256098e-20 2.912758982794964562e-21
1.744161715051907231e+04 9.657873541217375398e-21 3.141831466071757774e-21
1.745229251330608167e+04 1.256622438174813571e-20 2.971534081181287288e-21
1.746296786306630383e+04 1.873182497507071031e-20 3.296857156816695308e-21
1.747364319975555918e+04 1.491850595287126486e-20 2.992116096021912766e-21
1.748431852333366260e+04 1.165709428111077488e-20 3.022415587960240433e-21
1.749499383375846446e+04 2.519064944401211126e-20 3.398518531070782075e-21
1.750566913098646182e+04 1.949604053984737232e-20 2.952496765641370218e-21
1.751634441497924490e+04 1.454772753917160896e-20 3.049410662563393173e-21
1.752701968569021119e+04 1.781910461747353880e-20 2.982197577815793584e-21
1.753769494308227513e+04 1.344523459285248348e-20 3.052270203736686022e-21
1.754837018711048586e+04 9.975361630048997214e-21 2.917035651237648975e-21
1.755904541773404344e+04 1.269826442972128095e-20 2.860200808598832953e-21
1.756972063491287918e+04 2.181997347612630478e-20 3.092384600821577446e-21
1.758039583860223865e+04 1.431509002838803934e-20 3.008555261207542669e-21
1.759107102876348290e+04 1.794449892928283229e-20 2.887001716666038942e-21
1.760174620535171925e+04 1.985608402767992595e-20 2.963866210310520782e-21
1.761242136832848701e+04 1.967650865553788162e-20 2.928710445337756134e-21
1.762309651765168383e+04 1.915032442290437796e-20 2.855495070038596046e-21
1.763377165327665716e+04 1.623758631928275086e-20 2.652871554032736881e-21
1.764444677516640877e+04 1.960091367275332757e-20 2.774855363542883762e-21
1.765512188327613330e+04 1.466235994512540563e-20 2.827556572200120541e-21
1.766579697756607857e+04 1.386561392983600194e-20 2.771600202087470335e-21
1.767647205799425501e+04 2.095495952339261983e-20 2.899852328362663531e-21
1.768714712451911691e+04 1.317029739526432749e-20 2.839991140929687442e-21
1.769782217709932956e+04 2.104359277047241998e-20 2.782112241130325382e-21
1.770849721569324538e+04 1.366791037414112257e-20 2.759389822749094770e-21
1.771917224026041731e+04 1.381284898493340834e-20 2.684407024301215396e-21
1.772984725075904134e+04 9.751877167107583241e-21 2.811254070527918017e-21
1.774052224714874319e+04 1.813853653472546579e-20 2.892748865077328212e-21
1.775119723456252177e+04 2.312886801315457426e-20 2.955007864622317048e-21
1.776187221687556666e+04 1.631623934257934791e-20 2.910918454457429555e-21
1.777254718495663474e+04 1.567290814822530549e-20 2.930763149405401279e-21
1.778322213876221213e+04 1.415219762984198316e-20 2.999446368403742080e-21
1.779389707825233563e+04 1.803959167978366431e-20 3.197870389727392682e-21
1.780457200338522307e+04 1.821730565160381206e-20 2.820708224259682660e-21
1.781524691412061293e+04 1.730610614116834531e-20 2.788602116450345251e-21
1.782592181041604272e+04 1.821521282976915809e-20 2.758060409968368599e-21
1.783659669223129822e+04 2.050362450070843390e-20 2.742535561912654274e-21
1.784727155952629982e+04 1.137472438341944963e-20 2.457674012259461671e-21
1.785794641225798114e+04 1.788708298556495919e-20 2.713663082782754115e-21
1.786862125038803788e+04 1.338600104400678930e-20 2.681151377301671807e-21
1.787929607387152282e+04 1.358672801883359786e-20 2.540788103880326857e-21
1.788997088267279105e+04 1.279081161158960915e-20 2.801559041333282587e-21
1.790064567674695354e+04 1.634079582934431198e-20 2.713478613539770177e-21
1.791132045605470194e+04 1.789919262368106805e-20 2.677699789374874649e-21
1.792199522055489433e+04 1.803777431595338663e-20 2.695916023814425245e-21
1.793266997020671988e+04 1.608896213099998563e-20 2.663957814218034677e-21
1.794334470496930953e+04 1.412447435630643626e-20 2.644094074270752996e-21
1.795401942480258367e+04 1.998578674101356912e-20 2.742485387324688936e-21
1.796469412966417804e+04 1.423506612719176039e-20 2.544557477080742229e-21
1.797536881951611576e+04 1.055865562854069410e-20 2.649101891776177101e-21
1.798604349431466471e+04 1.384033157137597908e-20 2.622563501191518525e-21
1.799671815402112406e+04 1.822773650848373253e-20 2.663271388710486806e-21
1.800739279859636736e+04 1.781043988046867688e-20 2.692044169915042528e-21
1.801806742799448330e+04 1.437789528580006004e-20 2.532804839676857903e-21
1.802874204218069281e+04 1.846229089677408639e-20 2.714754971753991106e-21
1.803941664111159480e+04 1.846861038907210990e-20 2.562406704076366752e-21
1.805009122474656760e+04 1.650176791487916897e-20 2.538912121442180110e-21
1.806076579304646657e+04 1.606523551616424513e-20 2.574837482559633188e-21
1.807144034596968413e+04 1.931589020387300463e-20 2.724024958014136297e-21
1.808211488347592240e+04 2.056125542794130532e-20 2.899300445278754876e-21
1.809302072116178897e+04 2.076377224511823616e-20 2.630949139044088339e-21
1.810369524333719528e+04 1.960437484068586368e-20 2.669395861867608963e-21
1.811436975498061656e+04 1.557811045966004487e-20 2.584767855512029885e-21
1.812504425109850854e+04 1.637275215109937175e-20 2.699113583013099198e-21
1.813571873159469396e+04 2.019805117544344605e-20 2.651101925827516157e-21
1.814639319642909322e+04 1.692745265485928749e-20 2.469731063648393432e-21
1.815706764556077906e+04 1.614593365355869472e-20 2.686120586318711498e-21
1.816774207895115978e+04 1.437154956840637909e-20 2.641805113308687674e-21
1.817841649655983929e+04 1.688741697329223522e-20 2.570774857907092913e-21
1.818909089834507540e+04 1.670699904658896329e-20 2.598369008051184569e-21
1.819976528426789082e+04 1.507295207768092235e-20 2.535140559500605789e-21
1.821043965428788579e+04 1.253056671546699653e-20 2.501597039383418024e-21
1.822111400836428948e+04 1.312883065112237907e-20 2.640370597747586717e-21
1.823178834645926690e+04 1.069371335090428986e-20 2.569372650233283059e-21
1.824246266852926783e+04 1.559141212605718340e-20 2.822189930085627129e-21
1.825313697453583518e+04 1.995094616135942403e-20 2.735714986628879557e-21
1.826381126444256006e+04 2.001944949225516750e-20 2.920034743615431738e-21
1.827448553820331290e+04 2.557127468473187597e-20 2.820600595095669665e-21
1.828515979578219776e+04 1.794824108922803772e-20 2.714697042709940593e-21
1.829583403713872030e+04 1.742978920188638202e-20 2.651264200549414885e-21
1.830650826223047261e+04 1.647005473678655452e-20 2.519711862456643989e-21
1.831718247102245004e+04 1.693706831153597110e-20 2.560079065492168863e-21
1.832785666347052756e+04 1.742303804710150186e-20 2.307342113664350750e-21
1.833853083947900086e+04 8.444138641617503359e-21 1.962425265496244502e-21
1.834920499406761155e+04 1.731441722420104091e-20 2.250205111515666498e-21
1.836011096917438408e+04 1.358364583724291540e-20 2.495843593911715083e-21
1.837078511646944025e+04 1.864248114895017738e-20 2.542036825707891027e-21
1.838145924722062773e+04 2.234689026029652582e-20 2.424840151331880409e-21
1.839213336138606974e+04 1.831268184413798879e-20 2.457549583630153925e-21
1.840280745892960476e+04 1.432262612191282912e-20 2.448599488389173142e-21
1.841348153980874849e+04 1.215132259594341302e-20 2.474359367935535060e-21
1.842415560398696107e+04 1.975179797291379215e-20 2.581302761256907616e-21
1.843482965142179819e+04 2.207338190518633199e-20 2.426543723212076808e-21
1.844550368207415522e+04 1.803936990129873410e-20 2.546983432897772572e-21
1.845617769590533862e+04 1.520088363258728775e-20 1.972905494769487353e-21
1.846685169287633107e+04 1.518533037024832234e-20 2.372590912485196517e-21
1.847752567294564869e+04 1.687518632418954913e-20 2.264623235413519316e-21
1.848819963607645332e+04 1.179049990033735295e-20 2.308575116883700036e-21
1.849887358222596231e+04 1.885229449803427200e-20 2.473451992759242006e-21
1.850954751135845800e+04 1.520394357062224480e-20 2.274746798698499523e-21
1.852022142343260202e+04 1.092713365773364362e-20 2.395037729449735498e-21
1.853089531840851851e+04 1.470114933113888753e-20 2.179353188314172611e-21
1.854156919624850343e+04 1.094636938258162169e-20 1.975396545360330299e-21
1.855224305691036352e+04 1.365040914832201167e-20 2.319978233749808858e-21
1.856291690035905776e+04 1.797410852736697659e-20 2.416255157720428897e-21
1.857359072655233467e+04 1.942608964526741997e-20 2.415509018862376300e-21
1.858426453545105323e+04 1.364163578780803480e-20 2.319653367894856707e-21
1.859493832701690189e+04 1.092117541987988754e-20 2.398638084652130648e-21
1.860561210121077602e+04 6.673795959240876219e-21 2.174245820038032636e-21
1.861628585799298526e+04 1.487512597257628893e-20 2.246705070733069783e-21
1.862695959732467963e+04 1.470855280177422041e-20 2.118955031697168372e-21
1.863763331916574680e+04 1.815212055184293982e-20 2.370044015284502290e-21
1.864830702347967235e+04 1.229569382132454015e-20 2.197260453816956656e-21
1.865898071022566364e+04 1.591324428708013629e-20 2.214279591460199649e-21
1.866965437936209128e+04 1.476935454140506813e-20 2.220192072401541995e-21
1.868032803085420528e+04 1.444965950259340791e-20 2.469252716593415450e-21
1.869100166466130395e+04 1.344979282958901127e-20 2.268128312894742775e-21
1.870167528074430811e+04 1.832013848973888675e-20 2.214277887933741674e-21
1.871234887906596123e+04 1.102781642222848748e-20 2.188167134413313634e-21
1.872302245958258209e+04 1.181806519393884797e-20 2.347623644338625999e-21
1.873369602226118877e+04 1.224045090460443830e-20 2.146668717491816105e-21
1.874436956705974808e+04 1.598803075357081754e-20 2.247815188807575994e-21
1.875504309393820222e+04 1.838073114538594139e-20 2.217808934436752187e-21
1.876571660286259430e+04 1.715703946081077490e-20 2.149788716156965392e-21
1.877639009378794799e+04 1.254051382138137833e-20 2.132092675752905818e-21
1.878706356667980072e+04 1.704935169742841688e-20 2.336764066180037303e-21
1.879773702149838937e+04 1.172390247685134321e-20 2.312594157382137922e-21
1.880841045820399086e+04 1.254955837838937061e-20 2.160395012248015182e-21
1.881908387675904305e+04 1.590660915010347942e-20 2.169186871217955572e-21
1.882975727712425578e+04 1.440849775299655302e-20 2.160862165668256925e-21
1.884043065926131021e+04 1.893591241219887923e-20 2.233704131253211886e-21
1.885110402313147279e+04 1.972000512625350097e-20 2.238037739064324442e-21
1.886177736869589717e+04 1.436334609412244411e-20 2.139618513171365660e-21
1.887245069591626452e+04 1.747193300579972998e-20 2.263063472064308320e-21
1.888312400475505274e+04 1.304106012447752194e-20 2.194219007389092172e-21
1.889379729517096348e+04 1.116472547437227709e-20 2.119631336772619824e-21
1.890447056712811900e+04 1.619819629691066401e-20 2.134938110871958192e-21
1.891514382058579577e+04 7.711126483537450944e-21 2.049695502484874663e-21
1.892581705550805418e+04 1.395114869652349892e-20 2.167234059201211442e-21
1.893649027185466184e+04 1.357047001803216060e-20 2.136800750355223427e-21
1.894716346958849317e+04 1.667829240252538283e-20 2.024785352343026252e-21
1.895783664866914842e+04 1.814899487077892747e-20 1.996865552056334047e-21
1.896850980905998222e+04 1.423693511385284332e-20 2.641704154605745403e-21
1.897918295072296314e+04 1.341788003455386371e-20 2.469176190971428430e-21
1.898985607361869916e+04 1.630385303512047003e-20 2.053547213466878717e-21
1.900052917770768181e+04 1.917890604060837902e-20 2.231869525386378266e-21
1.901120226295392058e+04 1.695408300833602225e-20 2.154368413826279318e-21
1.902187532932057366e+04 1.699055282111509350e-20 2.134228757563371190e-21
1.903254837676475654e+04 1.250430476013734628e-20 2.038745985122386333e-21
1.904322140525100986e+04 1.060528326722719440e-20 2.083540049011281803e-21
1.905389441474202613e+04 1.816835119227868261e-20 2.188266699917440599e-21
1.906456740519807499e+04 2.261529134962999244e-20 2.176615393200790981e-21
1.907524037658072120e+04 1.417105977832021379e-20 2.222815241586224667e-21
1.908591332885424345e+04 9.652893474188539561e-21 2.142488199429888629e-21
1.909658626197746707e+04 1.373647227401585450e-20 2.077326650976256589e-21
1.910725917591299367e+04 1.692189713257154680e-20 2.274258027093085544e-21
1.911793207062574584e+04 1.725807661032283159e-20 2.065019282347186863e-21
1.912860494607303917e+04 1.663228346915670002e-20 2.111360489373824946e-21
1.913927780222168076e+04 5.245256406321000627e-21 1.932405498328532985e-21
1.914995063902945913e+04 2.526842819992565280e-21 2.082001075587120634e-21
1.916062345646093672e+04 1.525008385739335795e-20 2.315274019939681357e-21
1.917129625447891158e+04 1.667772385129233892e-20 2.266284838444861416e-21
1.918196903304329680e+04 1.583769461475707943e-20 2.250152669465891706e-21
1.919264179211663577e+04 1.461186358636790548e-20 2.085746640880409199e-21
1.920331453166179926e+04 1.458557181694785864e-20 2.077573433234580374e-21
1.921398725164087591e+04 1.424481161716744106e-20 2.019763162293324506e-21
1.922465995201537226e+04 7.230950486979985843e-21 2.052800404101135320e-21
1.923533263274932324e+04 1.191741798073751483e-20 2.040911339482625623e-21
1.924600529380072112e+04 1.766234529862467185e-20 2.226600414279262146e-21
1.925667793513737706e+04 1.811480054645730623e-20 2.122804825743535666e-21
1.926735055671921873e+04 1.171906363393005798e-20 2.117773591404972172e-21
1.927802315850747982e+04 1.117005363974161528e-20 2.158328502906440591e-21
1.928869574046582056e+04 1.481002714202362750e-20 2.210222383204520808e-21
1.929936830255524546e+04 1.040724937177047853e-20 2.137384412774653492e-21
1.931004084473813782e+04 1.430381539865418818e-20 2.130414323680502592e-21
1.932071336697936567e+04 1.029620684326660290e-20 2.123731114169551657e-21
1.933138586923987532e+04 1.003115763936255281e-20 2.138836988892543523e-21
1.934205835147897596e+04 1.548315240632587182e-20 2.047536642544645615e-21
1.935273081366595943e+04 9.820534883948093712e-21 1.996507904389237420e-21
1.936340325575632596e+04 1.544087705098334354e-20 2.121413389265057164e-21
1.937407567771702816e+04 1.422475076759430675e-20 2.198572692602376612e-21
1.938474807951003095e+04 1.605681297760325054e-20 1.970038251358658908e-21
1.939542046109606963e+04 1.297774029598835800e-20 2.052224623053110478e-21
1.940609282244012138e+04 1.649656680334367985e-20 2.095949431198777545e-21
1.941676516350215752e+04 1.632777159427306292e-20 1.927705175689928656e-21
1.942743748424492878e+04 1.240966575097588008e-20 1.943822086023746205e-21
1.943810978463574429e+04 2.015211570188864139e-20 2.059028473520526754e-21
1.944878206463152310e+04 1.464015730633702772e-20 2.029399916068023224e-21
1.945945432419699500e+04 1.173608812969910112e-20 2.055853232943539280e-21
1.947012656329643505e+04 1.686896948168532825e-20 2.049380853744289698e-21
1.948079878189125156e+04 1.306784448656997435e-20 2.092429153613011396e-21
1.949147097994059004e+04 1.154836084255535731e-20 2.007393009872131352e-21
1.950214315741435348e+04 1.286682183783423949e-20 2.018873589701208914e-21
1.951281531427197478e+04 1.611578524376261603e-20 2.022960680412356235e-21
1.952348745047456759e+04 1.290328472434152051e-20 1.989558796846040863e-21
1.953415956598788762e+04 1.601769817668242720e-20 2.225019623378913096e-21
1.954483166077259011e+04 1.401472901545315764e-20 2.158798172068879386e-21
1.955550373479191330e+04 1.466052368585592290e-20 2.151506636293140057e-21
1.956617578801061245e+04 1.722270180411707021e-20 1.934203274499012977e-21
1.957684782039053243e+04 1.171577025629641209e-20 1.987070890020596894e-21
1.958751983189181556e+04 8.571178416475998169e-21 2.090432484190007119e-21
1.959819182248230572e+04 1.138307933908178359e-20 1.960738317193180898e-21
1.960886379212295287e+04 1.322791874323609669e-20 2.072999272557775889e-21
1.961953574077524172e+04 1.131886891337413498e-20 1.943319567681218319e-21
1.963020766840453507e+04 7.796700480421846695e-21 1.925040625658183686e-21
1.964087957497200114e+04 1.422132324650542562e-20 1.947143910499967192e-21
1.965155146044161302e+04 1.047281916528792489e-20 1.864045042025175266e-21
1.966222332477732198e+04 9.913795300333960171e-21 1.822545063237951478e-21
1.967289516794166047e+04 1.115979879109155295e-20 1.969025892468761405e-21
1.968356698989659344e+04 1.209150969388261651e-20 2.079230051311328896e-21
1.969423879060692707e+04 1.568927468980726310e-20 2.073884967369713177e-21
1.970491057003541573e+04 1.886827322845280643e-20 1.924474110266178771e-21
1.971558232814290750e+04 1.556741148603449300e-20 1.934166739065728017e-21
1.972648846547446010e+04 1.330639232287115910e-20 1.999555715086611218e-21
1.973716020103512710e+04 8.994645737594054953e-21 1.987032803569708455e-21
1.974783191521959452e+04 1.474876910909424912e-20 1.959464687455092356e-21
1.975850360793790605e+04 9.710079171724812139e-21 1.831977325638761030e-21
1.976917527914877064e+04 1.355237765597911264e-20 1.929349719974870662e-21
1.977984692881821320e+04 1.517577026055916994e-20 2.110509584592898999e-21
1.979051855691175297e+04 1.432605540398501140e-20 2.069656479180008376e-21
1.980119016338781512e+04 1.726811404866627353e-20 2.054553328685589022e-21
1.981186174821259920e+04 1.991613915445952239e-20 1.905528945380709187e-21
1.982253331135073313e+04 1.299305718917028615e-20 2.188687426860730538e-21
1.983320485276395630e+04 1.478439587692441657e-20 2.120660014816462539e-21
1.984387637241504490e+04 1.488699456082864224e-20 1.675874842628865551e-21
1.985454787026991107e+04 1.592787963804344525e-20 1.963021945724148637e-21
1.986521934629063617e+04 1.423845360272209115e-20 1.867311550875637045e-21
1.987589080043953436e+04 1.712059975472074337e-20 1.925169543930921246e-21
1.988656223268286703e+04 1.277658550295542732e-20 2.058239336675425102e-21
1.989723364298297383e+04 1.465418606540733349e-20 2.124793588103105883e-21
1.990790503130183060e+04 1.047379846577082010e-20 2.017800039174681407e-21
1.991857639760591701e+04 9.659407849321328397e-21 1.933862426006816976e-21
1.992924774185890419e+04 1.709959005636196847e-20 1.950393771544512174e-21
1.993991906401938832e+04 1.278176185835711069e-20 1.833683468456506019e-21
1.995059036405821462e+04 1.700323708606395498e-20 1.971951727842812841e-21
1.996126164193475415e+04 1.236427139726793004e-20 1.939977162307825252e-21
1.997193289761133201e+04 1.221948726253848008e-20 2.030342485484504828e-21
1.998260413105721454e+04 1.876284728187347826e-20 1.993392878499803406e-21
1.999327534223208932e+04 1.268893229437066109e-20 1.858573715674209818e-21
2.000394653109966021e+04 1.339262833293380451e-20 2.034679139825326991e-21
2.001461769762553740e+04 1.811277132992486987e-20 2.004992719518285792e-21
2.002528884171773097e+04 1.464662322473454747e-20 1.956768209917659440e-21
2.003595995852001215e+04 9.435980636064627139e-21 1.799019310922165905e-21
2.004686606985157778e+04 1.303348940246035165e-20 1.859568374245628017e-21
2.005753716682566665e+04 1.321339896166504936e-20 1.825650515174386191e-21
2.006820824127440937e+04 1.385396278491561616e-20 1.852445542652395453e-21
2.007887929316058217e+04 9.734378020674170482e-21 1.720081276956116097e-21
2.008955032244981339e+04 9.458797024445006575e-21 1.628339334894928322e-21
2.010022125560914719e+04 1.480031229681768172e-20 1.869920724346425266e-21
2.011089196746500602e+04 1.808514305636099408e-20 1.951317939016682444e-21
2.012156265662165970e+04 1.530347517780058147e-20 2.015424993930522756e-21
2.013223332303835559e+04 1.453692203402688276e-20 1.892996864251252257e-21
2.014290396667467212e+04 8.978918515999189692e-21 1.806663473130625467e-21
2.015357458750559454e+04 1.239466296633237423e-20 1.837726076217141088e-21
2.016424518548607375e+04 1.468410856931562452e-20 1.856583604402585998e-21
2.017491576058337523e+04 1.520982392173073046e-20 1.880347739823090479e-21
2.018558631276043889e+04 1.623272398254645644e-20 1.931589569369765408e-21
2.019625684198471208e+04 9.230495080492849458e-21 1.871346325903321849e-21
2.020692734821921476e+04 1.106723444013548783e-20 1.832434041432376268e-21
2.021759783142117158e+04 1.410017144787887169e-20 1.899061659534244056e-21
2.022826829156582244e+04 1.554472748403416575e-20 1.904489413120611810e-21
2.023893872861184718e+04 1.709497136640463672e-20 1.913609814649492303e-21
2.024960914252052316e+04 1.560188898911730917e-20 1.854583999599702669e-21
2.026027953326353963e+04 8.551815380013566722e-21 1.674577524957577929e-21
2.027094990079993659e+04 1.283273695421574015e-20 1.662532201472983825e-21
2.028162024509528783e+04 1.112717730128587302e-20 1.874091230288378064e-21
2.029229056611430133e+04 1.254732142146842631e-20 1.912115980876195596e-21
2.030296086382136491e+04 1.133103358789227869e-20 1.989664897484305874e-21
2.031363113818144120e+04 1.577913872841057305e-20 1.997149484642169058e-21
2.032430138915461430e+04 1.353547343940368639e-20 1.899935361071452665e-21
2.033497161671282811e+04 1.181480579440381663e-20 1.950025078058684254e-21
2.034564182081781837e+04 9.744652652462207175e-21 1.895769138616408851e-21
2.035631200142510352e+04 1.587712614747513174e-20 1.942613965864682953e-21
2.036698215851589703e+04 1.409408413486324568e-20 1.891623353076825849e-21
2.037765229204346542e+04 1.481568444978975793e-20 1.961822064573331321e-21
2.038832240197178908e+04 1.580607920453165715e-20 1.931980157314190564e-21
2.039899248826959229e+04 1.559181535668106105e-20 1.798211830126620973e-21
2.040966255090034974e+04 1.423305203410344930e-20 1.766156175185061449e-21
2.042033258983106498e+04 1.325909598382172135e-20 1.741773002396959540e-21
2.043100260501705998e+04 1.096391795977189960e-20 1.802165253063277822e-21
2.044167259643492434e+04 1.166468733376104809e-20 1.828328417666723536e-21
2.045234256404554253e+04 9.102657641589498370e-21 1.749529372299899631e-21
2.046301250780687405e+04 1.303645334719325772e-20 1.735565505114095258e-21
2.047368242769382414e+04 1.504150157459023323e-20 1.699444591612510362e-21
2.048435232366377750e+04 1.243009077897271976e-20 1.576687837614216581e-21
2.049502219568534929e+04 1.583666062964383601e-20 1.829755452165812534e-21
2.050569204371881642e+04 1.632610379777645143e-20 1.905797768298758319e-21
2.051636186773333611e+04 1.428379565966479818e-20 1.978190135562531666e-21
2.052703166769634117e+04 1.100812510636535899e-20 1.870705783194845620e-21
2.053770144355969387e+04 7.946389851265711924e-21 1.877425478866965137e-21
2.054837119530451309e+04 1.019217083240518368e-20 1.858600954664332141e-21
2.055904092288719767e+04 1.145326394912816543e-20 1.853080019181659335e-21
2.056971062627392530e+04 1.085399890873715760e-20 1.834154728314813547e-21
2.058038030542665001e+04 4.990796580780694846e-21 1.718310849220787394e-21
2.059104996031546034e+04 6.669895655505821655e-21 1.800197301367793991e-21
2.060171959090435485e+04 8.937726669064368051e-21 1.655321343107964524e-21
2.061238919715048542e+04 1.149610083656126275e-20 1.661837148602830468e-21
2.062305877902868815e+04 1.311765241070531501e-20 1.782695846346627866e-21
2.063372833650433677e+04 8.952281761462630003e-21 1.780041907888185015e-21
2.064439786953479415e+04 8.764710144275397906e-21 1.821975267073555122e-21
2.065506737808895923e+04 1.188380687282910661e-20 1.654828470463547803e-21
2.066573686213126348e+04 1.165705233116162032e-20 1.714636355645429517e-21
2.067640632163135160e+04 1.221373360002006626e-20 1.840475934121385794e-21
2.068707575654512766e+04 1.146405367940404708e-20 1.758783348940495744e-21
2.069774516684148693e+04 6.873195111152950145e-21 1.616604490986767830e-21
2.070841455249175488e+04 1.486712005506221187e-20 1.698901754266043010e-21
2.071908391345504424e+04 1.450192554346640017e-20 1.614982954649919929e-21
2.072975324969516805e+04 1.031343355875523544e-20 1.588485341524322839e-21
2.074042256118232763e+04 1.158950733371895296e-20 1.608801406234246887e-21
2.075109184788163475e+04 1.031951820770878088e-20 1.646257548188421633e-21
2.076176110975205302e+04 7.897284296612511688e-21 1.623968669841366803e-21
2.077243034676013849e+04 1.485035384984676127e-20 1.602706734600783663e-21
2.078309955887874457e+04 1.335887289613570366e-20 1.584123914847596175e-21
2.079376874606663841e+04 7.294123843312775260e-21 1.470531306556456017e-21
2.080443790828934289e+04 6.548182568693505860e-21 1.738665552629313837e-21
2.081510704551220260e+04 1.306808024775334075e-20 1.706992117537934335e-21
2.082577615770674674e+04 1.407456561503136115e-20 1.659577890984657580e-21
2.083644524482926863e+04 1.300336470965090728e-20 1.709150640779491356e-21
2.084711430684799052e+04 1.049197041753329148e-20 1.673873599587360513e-21
2.085778334373233520e+04 1.668248216587869784e-20 1.761574159730732635e-21
2.086845235544581010e+04 1.297528107749862275e-20 1.587065501675688147e-21
2.087912134195161707e+04 1.515522501693980597e-20 1.606032598936454292e-21
2.088979030321392929e+04 1.102645761271583390e-20 1.586633080601687531e-21
2.090045923920365021e+04 1.617811372676891427e-20 1.661414270847562398e-21
2.091112814988427272e+04 1.523733662862091061e-20 1.712248449787294025e-21
2.092179703521916235e+04 1.684782823622537697e-20 1.683486059138105063e-21
2.093246589516981112e+04 1.131328823188689047e-20 1.723460552697663771e-21
2.094313472971667579e+04 1.386104700065156858e-20 1.778293384390266920e-21
2.095380353880843177e+04 8.429792032123809150e-21 1.650379210804192708e-21
2.096447232242347673e+04 1.242885181887046919e-20 1.721846677064818148e-21
2.097514108051516450e+04 1.797632443688125423e-20 1.764521522893269750e-21
2.098580981306270405e+04 8.510956030444942230e-21 1.587932085514926204e-21
2.099647852002024956e+04 9.529047227080377267e-21 1.591158650115829316e-21
2.100714720135953030e+04 1.133123385936773675e-20 1.703138474406806018e-21
2.101781585704206373e+04 8.187696950758256262e-21 1.748490199089333271e-21
2.102848448704175462e+04 7.947448873113737896e-21 1.602281536247202866e-21
2.103915309131554022e+04 1.400331191409819367e-20 1.630930342352617721e-21
2.104982166983105344e+04 1.141554316070486988e-20 1.615265766523663430e-21
2.106049022255544696e+04 1.332832594158511190e-20 1.614047133887839749e-21
2.107115874945719770e+04 1.574240336485422106e-20 1.671962535734782893e-21
2.108182725049739020e+04 1.758314487196877199e-20 1.683466774741249117e-21
2.109249572564100163e+04 1.411887871891080957e-20 1.672890214957367729e-21
2.110316417485940110e+04 1.479847581711038928e-20 1.702470260181368712e-21
2.111383259811843163e+04 1.042047755376626849e-20 1.626337757460723982e-21
2.112450099537637288e+04 1.321938247738433531e-20 1.635897410965915148e-21
2.113516936660385909e+04 1.215936967641550593e-20 1.698062160709949204e-21
2.114583771176819573e+04 9.295313742302602271e-21 1.510083619625445556e-21
2.115650603083528404e+04 1.092965597532160880e-20 1.604820884201829209e-21
2.116717432376768556e+04 1.288793021073105145e-20 1.679096093662721363e-21
2.117784259053181813e+04 1.447448978968180038e-20 1.512890334996080271e-21
2.118851083109513274e+04 9.821181104834910628e-21 1.606659840353564543e-21
2.119917904542780161e+04 9.930139009639862627e-21 1.668186609535273218e-21
2.120984723348831176e+04 8.981665713701056993e-21 1.518305016012391872e-21
2.122051539524441614e+04 1.157016058228257772e-20 1.649153792657317424e-21
2.123118353066368945e+04 1.233934050929014760e-20 1.635403233072824947e-21
2.124185163971642760e+04 9.870677986176019542e-21 1.554532517157601697e-21
2.125251972236122310e+04 1.058608739169213930e-20 1.619965214284942208e-21
2.126318777856714951e+04 1.325322595201098859e-20 1.635228253349374528e-21
2.127385580829911851e+04 1.296466498923088560e-20 1.623636978224270746e-21
2.128452381152749149e+04 1.288792508826579072e-20 1.608464399496584491e-21
2.129519178821388414e+04 1.440443443046905943e-20 1.548890194135303140e-21
2.130585973832581294e+04 1.262686968759716768e-20 1.522576317583853950e-21
2.131652766182974665e+04 1.133591751552128152e-20 1.569628053333032251e-21
2.132719555869189935e+04 1.525798179912672084e-20 1.654398140111581001e-21
2.133786342887830324e+04 1.419047566381343812e-20 1.661312692593280092e-21
2.134853127235634747e+04 1.111346407034974888e-20 1.623260724554611409e-21
2.135919908908836442e+04 1.427327486688455429e-20 1.472432159528284217e-21
2.136986687904640348e+04 1.144152385508443366e-20 1.635042871489134486e-21
2.138053464219094894e+04 1.133170851371004725e-20 1.663668940283170226e-21
2.139120237849492332e+04 1.403942259608746380e-20 1.649886214224602885e-21
2.140187008791944027e+04 1.004642507750434153e-20 1.539495507579233079e-21
2.141253777042794900e+04 1.072387733288199551e-20 1.509780592800612997e-21
2.142320542599399050e+04 1.190169513202934804e-20 1.615441173021390007e-21
2.143387305458209812e+04 1.679133438105784036e-20 1.703965929535430146e-21
2.144454065615743457e+04 1.016374029990499930e-20 1.633775824686377955e-21
2.145520823068363097e+04 1.395388434096594143e-20 1.597597530820646641e-21
2.146587577813149255e+04 1.278568743556682086e-20 1.507313806662529492e-21
2.147654329846866312e+04 1.173821974939320398e-20 1.679102092038537276e-21
2.148721079165564151e+04 7.811084333297758991e-21 1.623587166161205033e-21
2.149787825766212700e+04 1.411279755420916875e-20 1.622608241361103394e-21
2.150854569645315132e+04 1.074957505865812427e-20 1.675664940022257424e-21
2.151921310799959610e+04 9.123644276780862405e-21 1.642066455244375684e-21
2.152988049226450676e+04 9.875904551032378579e-21 1.533117321532060517e-21
2.154054784921641840e+04 1.080468186992858490e-20 1.604448252976584614e-21
2.155121517881453110e+04 1.061181678966513383e-20 1.506847264995845324e-21
2.156188248103424121e+04 1.310833290009952690e-20 1.529068271329353316e-21
2.157254975584028944e+04 1.861521479490290334e-20 1.782195419751382099e-21
2.158321700319795491e+04 1.460738822136848925e-20 1.609155194918459076e-21
2.159388422307257497e+04 1.183553452942244350e-20 1.591669577189677520e-21
2.160455141543077843e+04 1.328474749470921490e-20 1.611304460550111497e-21
2.161521858024502944e+04 1.046489214132703401e-20 1.557794110978216664e-21
2.162588571747571768e+04 1.066162578092031736e-20 1.577446147385259126e-21
2.163655282709146195e+04 7.711264356966977818e-21 1.495424373134172646e-21
2.164721990905597704e+04 6.919483950713035663e-21 1.480087403767702322e-21
2.165788696333895496e+04 1.182624702714226463e-20 1.640038327385470944e-21
2.166855398990969479e+04 1.249734249368729366e-20 1.590970727072079401e-21
2.167922098873370851e+04 1.950670266800847168e-20 1.667333669849295746e-21
2.168988795977642076e+04 1.509970667844105446e-20 1.757736600068475944e-21
2.170055490299862504e+04 1.315534990613522328e-20 1.662060509847826613e-21
2.171122181837747848e+04 1.422444848997155871e-20 1.546061290765935495e-21
2.172188870587498604e+04 1.168628255787233801e-20 1.614622937179163969e-21
2.173255556545989384e+04 1.473060389452682509e-20 1.642695842024939415e-21
2.174322239709455607e+04 1.535908028198504358e-20 1.641935974810384686e-21
2.175388920074882844e+04 1.487493244385608160e-20 1.658772708225058653e-21
2.176455597638923791e+04 1.189504024353075719e-20 1.628461099545616164e-21
2.177522272398434143e+04 1.287880889623464669e-20 1.649935688209356657e-21
2.178588944350124439e+04 1.068668467702436674e-20 1.534788535629029252e-21
2.179655613490083488e+04 1.337163032551288322e-20 1.504774864884711011e-21
2.180722279815606453e+04 1.424967743789066525e-20 1.534274489298448458e-21
2.181788943323341300e+04 1.155922343092753478e-20 1.509660440416202683e-21
2.182855604009884701e+04 1.185758835154931167e-20 1.603922696191598881e-21
2.183922261871936644e+04 1.198030216172352183e-20 1.612222379691263434e-21
2.184988916906196027e+04 1.153292332418206210e-20 1.603035683294487299e-21
2.186055569109193675e+04 1.147197246602542758e-20 1.557496442518745680e-21
2.187146056337928530e+04 1.430767455798173370e-20 1.575844681476734543e-21
2.188212704359074996e+04 1.424708749774635831e-20 1.613947064935079727e-21
2.189279350021523715e+04 1.408036323479791245e-20 1.561993713854903305e-21
2.190345992845206274e+04 1.261797728447915314e-20 1.595591291408795952e-21
2.191412632821112493e+04 1.290688485435816540e-20 1.630409818084338838e-21
2.192479269945940905e+04 1.141088565104814297e-20 1.555713363004854662e-21
2.193545904216436975e+04 1.250476828463209345e-20 1.684649028672749995e-21
2.194612535629314880e+04 1.323527400131534798e-20 1.503208882812920471e-21
2.195679164181142551e+04 1.174606220629392577e-20 1.603355269820317581e-21
2.196745789868905194e+04 1.641915517581206863e-20 1.638880819327468860e-21
2.197812412689188568e+04 1.004627746045212910e-20 1.525417697555783638e-21
2.198879032638729768e+04 1.436209817711444241e-20 1.564104103974849786e-21
2.199945649714255342e+04 1.573177170235503405e-20 1.619503100213864033e-21
2.201012263912483468e+04 2.985728678684040933e-20 1.754105826253846312e-21
2.202078875230107587e+04 2.383863904318902178e-20 1.737342449184601198e-21
2.203145483663728737e+04 1.146317752528448666e-20 1.547744447404021021e-21
2.204212089210391059e+04 1.430709980343719910e-20 1.639726401911370156e-21
2.205278691866678491e+04 1.565109286488100244e-20 1.509380622283644757e-21
2.206345291629461644e+04 1.445111291971792099e-20 1.607882981283175484e-21
2.207411888495146195e+04 9.485515311115326359e-21 1.494427684501479928e-21
2.208478482460641681e+04 7.775012472698624812e-21 1.573301081807271339e-21
2.209545073522545135e+04 8.686516149147592693e-21 1.539399138966828208e-21
2.210611661678050950e+04 1.198661270618999521e-20 1.498599273736647710e-21
2.211678246923433835e+04 1.560483787582142148e-20 1.500344317450649563e-21
2.212744829255408331e+04 1.161804909151338093e-20 1.572888507017458163e-21
2.213811408671203390e+04 1.431216275834971733e-20 1.631112955979075697e-21
2.214877985167116276e+04 1.527184739181584313e-20 1.610625149686757654e-21
2.215944558740040520e+04 9.729052900621451288e-21 1.549368367858249687e-21
2.217011129386713219e+04 8.832183151980232896e-21 1.556660216278038470e-21
2.218077697103710670e+04 1.053983064590565265e-20 1.477697933877441534e-21
2.219144261888269466e+04 9.796422116032176093e-21 1.388645440598034239e-21
2.220210823736690145e+04 1.101667157164021031e-20 1.402281203871716323e-21
2.221277382645876423e+04 9.471691726713622835e-21 1.516938684038037996e-21
2.222343938612573766e+04 7.923075788497135927e-21 1.486912693303123574e-21
2.223410491633518177e+04 1.049029534469243756e-20 1.525480177470053883e-21
2.224477041705649390e+04 7.264861673556052931e-21 1.354278019869419155e-21
2.225543588825576080e+04 7.459934501119156010e-21 1.331350860841657813e-21
2.226610132989750855e+04 8.801653031535241498e-21 1.485273707975893060e-21
2.227676674195391388e+04 1.153382960812663599e-20 1.586385481382406188e-21
2.228743212439242052e+04 1.212342331463838497e-20 1.573759769918487518e-21
2.229809747717933351e+04 9.058493141752426715e-21 1.408234596570033730e-21
2.230876280022239371e+04 1.194100198339934904e-20 1.316774595667603261e-21
2.231966729647175816e+04 1.074577549492348320e-20 1.377768372603260764e-21
2.233033257980667258e+04 8.978616771818471352e-21 1.250238127913340027e-21
2.234099783336189648e+04 9.679427999605793228e-21 1.518722074264827448e-21
2.235166305710037341e+04 9.184850492406783125e-21 1.480215656362027070e-21
2.236232825099330512e+04 1.265576681336628465e-20 1.544255048844780162e-21
2.237299341500359515e+04 1.164541976821583808e-20 1.533048179124716975e-21
2.238365854910549751e+04 1.315258669459465149e-20 1.421473799344806458e-21
2.239432365326177751e+04 1.035410637753720463e-20 1.425661015108939449e-21
2.240498872744334221e+04 1.155232214634256253e-20 1.501560369964444047e-21
2.241565377161507786e+04 1.061361415649509081e-20 1.427657432991390630e-21
2.242631878574643997e+04 1.278379011477411761e-20 1.379244615178675957e-21
2.243698376980494140e+04 1.253599262759945287e-20 1.459511975327704134e-21
2.244764870979079933e+04 8.795968263528676954e-21 1.455718893336547869e-21
2.245831321305650272e+04 9.984170213297388701e-21 1.577675957005171148e-21
2.246897768616014582e+04 9.275699876670776810e-21 1.518588708190447319e-21
2.247964212906475223e+04 1.336292660782417301e-20 1.449655109099620035e-21
2.249030654174152005e+04 9.034841660704748677e-21 1.465575119234209385e-21
2.250097092415512816e+04 8.062292528055254075e-21 1.388681341728423702e-21
2.251163527627642543e+04 8.092719863844776850e-21 1.390069778112952449e-21
2.252229959807201521e+04 9.112453325230259497e-21 1.483912519153916864e-21
2.253296388950831169e+04 1.050817278662703939e-20 1.560882900118853377e-21
2.254362815055663305e+04 1.074602237873489902e-20 1.389897975938114565e-21
2.255429238118168723e+04 9.257296074974530890e-21 1.547254094026634951e-21
2.256495658135465055e+04 1.377131746423194339e-20 1.460224840854191154e-21
2.257562075104009273e+04 7.754356559253071143e-21 1.367620160347648056e-21
2.258628489020969209e+04 1.174937236599073821e-20 1.482906558775547835e-21
2.259694899882820755e+04 1.061127652078419747e-20 1.277675969629480758e-21
2.260761307686704095e+04 1.064720697172084180e-20 1.321539515813270174e-21
2.261827712429095482e+04 1.075743690707235595e-20 1.436178518856152239e-21
2.262894114107266796e+04 1.204305606090364365e-20 1.397525899423590412e-21
2.263960512717395977e+04 1.302731030699199001e-20 1.542513832930310732e-21
2.265026908256804018e+04 1.282405375418317506e-20 1.399510965524614067e-21
2.266093300722141430e+04 1.074289063971335077e-20 1.449037762206481184e-21
2.267159690109886651e+04 1.182489293087350891e-20 1.566045802398210318e-21
2.268226076417681543e+04 8.506738705517718022e-21 1.411951060059841127e-21
2.269292459641660389e+04 1.233669697815534401e-20 1.331600107057110951e-21
2.270358839778840047e+04 1.089355034236133691e-20 1.398237221921210485e-21
2.271425216825706957e+04 1.144066652253010760e-20 1.392370608906354856e-21
2.272491590779927719e+04 1.041107562394003859e-20 1.376677120728168817e-21
2.273557961637482367e+04 8.652447512682555717e-21 1.333477084654239787e-21
2.274624329395674431e+04 1.096167492938610081e-20 1.360912519257650688e-21
2.275690694051176979e+04 1.013624212152702567e-20 1.426741842839714214e-21
2.276757055601004322e+04 1.013796757134732807e-20 1.396393668887549795e-21
2.277823414041477736e+04 1.012796648231397079e-20 1.341077565062265659e-21
2.278889769369767237e+04 9.197045693921651756e-21 1.372435884328387953e-21
2.279956121582877313e+04 1.169011581716153258e-20 1.399518708486760807e-21
2.281022470677598176e+04 1.015124031911275713e-20 1.346863482596170587e-21
2.282088816650466833e+04 1.146748820156805567e-20 1.392571882579561323e-21
2.283155159498492139e+04 1.201016696823112525e-20 1.354445405357704494e-21
2.284221499218340614e+04 1.351066476759684464e-20 1.528710756261769383e-21
2.285287835807024385e+04 1.229738031857015244e-20 1.382030346820810973e-21
2.286354169261888819e+04 1.238328849482280751e-20 1.386820948267661166e-21
2.287420499578550152e+04 9.997428317044216200e-21 1.418362167277565894e-21
2.288486826755086440e+04 1.098908292656562382e-20 1.347649487975738899e-21
2.289553150787657796e+04 1.118230240869816720e-20 1.239243810057653137e-21
2.290619471673280714e+04 1.154721596679844145e-20 1.358968618792661458e-21
2.291685789408804339e+04 1.310496500331001752e-20 1.327915232930966637e-21
2.292752103991237527e+04 1.100935743826123418e-20 1.262553125772111060e-21
2.293818415416894641e+04 9.798682472888504424e-21 1.262657880449644410e-21
2.294884723683174525e+04 1.090043453711321353e-20 1.357265864790707691e-21
2.295951028786756433e+04 1.203999986957328339e-20 1.338030623039515900e-21
2.297017330724496060e+04 1.143966632983866874e-20 1.421613635007998491e-21
2.298083629493424087e+04 1.128787434879926544e-20 1.328135833349136506e-21
2.299149925089862882e+04 9.742548529510310996e-21 1.289080167224399314e-21
2.300216217511346622e+04 9.814151961236690886e-21 1.393702245635256678e-21
2.301282506754242058e+04 9.031831542144695847e-21 1.393046449614412635e-21
2.302348792815585330e+04 1.141934925057143227e-20 1.369006706114823369e-21
2.303415075692237588e+04 1.080686865329401918e-20 1.354459300349031466e-21
2.304481355381238609e+04 9.178990561639897308e-21 1.417371796591738860e-21
2.305547631878918764e+04 9.037861059186937601e-21 1.464226753419405246e-21
2.306613905182818780e+04 1.121581721786566423e-20 1.388025977885224745e-21
2.307680175289138424e+04 1.328727811680684509e-20 1.459088929243806056e-21
2.308746442195268901e+04 8.630588211731445154e-21 1.399569156820008484e-21
2.309812705898084096e+04 9.144490398730795868e-21 1.350512670464153457e-21
2.310878966394102827e+04 1.004349355453268985e-20 1.397877133295715420e-21
2.311945223680370327e+04 1.675766521982946543e-20 1.491769036489319543e-21
2.313011477753899089e+04 3.565676418398572159e-20 1.705228793735944339e-21
2.314077728611248676e+04 3.771924464890133326e-20 1.719039864587775872e-21
2.315143976249649131e+04 1.621217618425756191e-20 1.397656778719716748e-21
2.316210220665622910e+04 1.212642458408262524e-20 1.357456637733241910e-21
2.317276461856404421e+04 1.054156561464412268e-20 1.415123631507845838e-21
2.318342699818162873e+04 7.032888997470165224e-21 1.238964819067125198e-21
2.319408934548994148e+04 7.699179658446132620e-21 1.358646060865766028e-21
2.320475166044907382e+04 9.515318903129324445e-21 1.287910958692945672e-21
2.321541394302618937e+04 1.075538232327590399e-20 1.468993300931445618e-21
2.322607619319726291e+04 1.174023332904815062e-20 1.410741627816376794e-21
2.323673841092580915e+04 1.183425626493901252e-20 1.295808392311932292e-21
2.324740059618428131e+04 7.853598113323687695e-21 1.333369764532787438e-21
2.325806274893965019e+04 1.108773452628524362e-20 1.337262471195561120e-21
2.326872486915883565e+04 9.487774436906184214e-21 1.364917170720161403e-21
2.327938695681462195e+04 6.852606105464706750e-21 1.251131544586240445e-21
2.329004901187412543e+04 1.157524899653460980e-20 1.309789633039116872e-21
2.330071103430269795e+04 1.013813013379078037e-20 1.322164739172476133e-21
2.331137302407647076e+04 9.132671134704924315e-21 1.223492801186333974e-21
2.332203498116080300e+04 1.020190490264059245e-20 1.337652348532739065e-21
2.333269690552077009e+04 7.451753192438748357e-21 1.246138123702409989e-21
2.334335879713272880e+04 1.198911025061060579e-20 1.320944833955283708e-21
2.335402065596216926e+04 1.147726134264670328e-20 1.409667495558434170e-21
2.336468248197811045e+04 9.749684323955525792e-21 1.346235811803074004e-21
2.337534427514955678e+04 8.097056592289532509e-21 1.313906690936032033e-21
2.338600603544372279e+04 1.130308174644191700e-20 1.386064754877281623e-21
2.339666776283509898e+04 7.399150707129159707e-21 1.315620510137569047e-21
2.340732945728690902e+04 1.152182093017513212e-20 1.338064803557817368e-21
2.341799111876675306e+04 1.009357032346350517e-20 1.099752711269342390e-21
2.342865274725100608e+04 7.280677868866662243e-21 1.359080929260459795e-21
2.343931434270508908e+04 8.264681981170540971e-21 1.298130811350127539e-21
2.344997590509995644e+04 1.034058844032578775e-20 1.344211289958910677e-21
2.346063743439555401e+04 8.593451165358413759e-21 1.382248366353400920e-21
2.347129893057556183e+04 1.003497776782163595e-20 1.429308458209483922e-21
2.348196039359975839e+04 9.893157796157190786e-21 1.295784777477907551e-21
2.349262182343756649e+04 8.596153026218663897e-21 1.321090747246140346e-21
2.350328322006180679e+04 1.089592087133452133e-20 1.339413269280735969e-21
2.351394458343797669e+04 8.589956105046231069e-21 1.327810783313746706e-21
2.352460591354077405e+04 8.286665086863266854e-21 1.302663617073564682e-21
2.353526721033572903e+04 6.600658195839127365e-21 1.264401750932748370e-21
2.354592847378823353e+04 1.028563523525205293e-20 1.374383311933177215e-21
2.355658970386916553e+04 1.036527472831109560e-20 1.367067527216673802e-21
2.356725090055543478e+04 1.296524345157670609e-20 1.306642556815537892e-21
2.357791206380885342e+04 1.214384934208774612e-20 1.302263474811102837e-21
2.358857319360053589e+04 9.407496916245805029e-21 1.339285687401314028e-21
2.359923428989973036e+04 1.115432170340357137e-20 1.281884250548886427e-21
2.360989535267386600e+04 9.483283044728983917e-21 1.242016779639327838e-21
2.362055638189773890e+04 9.042654469671067207e-21 1.238488772867829385e-21
2.363121737753481284e+04 8.554503344806171149e-21 1.306908424068547649e-21
2.364187833955653696e+04 1.181113672375773827e-20 1.285147137873962219e-21
2.365253926793226128e+04 1.402573971447471227e-20 1.191598770058750313e-21
2.366320016263126672e+04 7.286343880588943684e-21 1.076505057883840005e-21
2.367386102362291422e+04 9.546291825595832428e-21 1.217556581953282975e-21
2.368452185087656471e+04 1.031526304575890331e-20 1.294386612680777651e-21
2.369518264436155005e+04 1.070686438607901287e-20 1.343183578915404305e-21
2.370584340404698742e+04 7.665631784699529998e-21 1.267082896187805819e-21
2.371650412990433324e+04 9.026835784467310524e-21 1.333747904698960692e-21
2.372716482189929229e+04 9.291160652327480152e-21 1.359458457836681342e-21
2.373782548000314273e+04 7.797587761327786055e-21 1.181995559648635126e-21
2.374848610418528187e+04 8.553873354523648164e-21 1.234802228016324717e-21
2.375914669441516889e+04 1.163446333889717020e-20 1.191878184450941311e-21
2.376980725066222658e+04 8.873542397091818491e-21 1.239777441810108173e-21
2.378046777289387319e+04 1.044766139170469603e-20 1.254385893702897900e-21
2.379112826108328227e+04 9.867192119952992928e-21 1.306991305618814873e-21
2.380178871520011307e+04 9.523560169963429378e-21 1.303404518619776628e-21
2.381244913521196941e+04 1.018183840618780183e-20 1.261998658240920491e-21
2.382310952108643687e+04 7.436205890798118469e-21 1.260781679549266826e-21
2.383376987279679088e+04 1.042702793976003963e-20 1.263517400351213553e-21
2.384443019031069343e+04 8.519103255447761339e-21 1.257417211785629012e-21
2.385509047359379474e+04 7.242147586806220858e-21 1.280089416248871021e-21
2.386575072261924652e+04 9.881672758233633351e-21 1.267250071267191302e-21
2.387641093735863251e+04 1.124665541604931790e-20 1.320221686382475937e-21
2.388707111778157559e+04 8.748935839025309867e-21 1.253737535442994118e-21
2.389773126385575597e+04 7.579262845490397821e-21 1.245564915200612802e-21
2.390839137554882473e+04 1.243719232833492521e-20 1.255956988214908101e-21
2.391905145283418096e+04 8.219041531939791745e-21 1.253144110346839367e-21
2.392971149567762041e+04 1.071411932030218163e-20 1.355085433123028442e-21
2.394037150405255670e+04 9.084628213333289836e-21 1.221480002498982470e-21
2.395103147792647360e+04 9.025393313349208786e-21 1.308176017566069340e-21
2.396169141726720045e+04 1.151133083459963218e-20 1.357755536893183157e-21
2.397235132204638285e+04 1.006319278051680687e-20 1.324349456340459742e-21
2.398301119223368369e+04 9.356848016659263538e-21 1.205336028147896945e-21
2.399367102780067216e+04 7.529837196453659753e-21 1.247170566886334858e-21
2.400433082871510851e+04 1.035073365176672860e-20 1.224172261822288817e-21
2.401499059494470930e+04 1.230936120252978497e-20 1.298141954962562141e-21
2.402565032646305190e+04 7.350018532460378844e-21 1.385877133395849100e-21
2.403631002323574648e+04 8.435875375821251429e-21 1.140065790668832562e-21
2.404696968523647593e+04 1.140516620599966676e-20 1.307459154942646281e-21
2.405762931243118874e+04 9.817899305502628235e-21 1.286820448314508080e-21
2.406828890479153051e+04 1.006591612415845835e-20 1.271635414304598421e-21
2.407894846228921961e+04 1.201060435716310203e-20 1.261067296694771511e-21
2.408960798489203080e+04 9.908510651475776895e-21 1.166933908721894096e-21
2.410026747256778617e+04 6.057722500256254726e-21 1.208256569524584637e-21
2.411092692528818588e+04 6.151696329485628164e-21 1.284451409519437409e-21
2.412158634302685459e+04 7.106344100680393597e-21 1.323606444426956861e-21
2.413224572574561171e+04 6.988138993803539912e-21 1.222730880518071600e-21
2.414290507342036290e+04 9.835818391548014321e-21 1.232733709957771010e-21
2.415356438601891205e+04 1.040984937074566654e-20 1.189850661218770697e-21
2.416422366351112578e+04 1.094423210155122448e-20 1.235125601530748914e-21
2.417488290586285439e+04 1.192639338851712382e-20 1.154976526506711019e-21
2.418554211305182616e+04 9.909617923620081141e-21 1.159615857674699822e-21
2.419620128504592503e+04 1.002704095256335945e-20 1.222799584085617266e-21
2.420686042180907680e+04 8.586696088358718283e-21 1.213921720436102892e-21
2.421751952331687789e+04 1.099250902590959588e-20 1.302669173145651201e-21
2.422817858953733230e+04 1.153642540075901319e-20 1.240284921897531904e-21
2.423883762044041941e+04 1.119371280182911220e-20 1.215857414327803460e-21
2.424949661599600950e+04 1.136548723174786028e-20 1.198969568168261273e-21
2.426015557617403829e+04 1.023972755952802160e-20 1.183597216034707430e-21
2.427081450094440152e+04 8.498177148108537893e-21 1.170626162510766781e-21
2.428147339027702037e+04 1.083181633889385502e-20 1.224877888451584563e-21
2.429213224414183787e+04 1.217791517962422321e-20 1.364726952076101251e-21
2.430279106250877521e+04 1.302358879458177710e-20 1.179320771878145071e-21
2.431344984534760079e+04 8.839808884246780924e-21 1.160024016105688277e-21
2.432410859262838130e+04 6.412346848893449747e-21 1.215704646651067093e-21
2.433476730432117620e+04 7.566871102802232783e-21 1.166764401957320235e-21
2.434542598039596487e+04 8.420648778924474212e-21 1.164400513440481145e-21
2.435608462082271944e+04 9.804690083846218665e-21 1.161277732898079253e-21
2.436674322557144478e+04 9.163001093534086301e-21 1.209278930507480037e-21
2.437740179461215303e+04 7.837936595014425013e-21 1.235693243563647453e-21
2.438806032791485268e+04 1.420607762329910918e-20 1.177857642305892632e-21
2.439871882544956679e+04 1.527230298702282069e-20 1.150735964964090924e-21
2.440937728718620929e+04 1.203702343262839363e-20 1.056705314402962507e-21
2.442003571309480321e+04 9.161150162283720050e-21 1.199895357457564748e-21
2.443069410314757260e+04 7.229689838332488393e-21 1.182552823890263662e-21
2.444135245730846873e+04 6.626954417135266767e-21 1.147080770318291104e-21
2.445201077555571101e+04 7.199551183489681165e-21 1.125639528106559264e-21
2.446266905785326890e+04 1.091212704500850381e-20 1.282319872356929466e-21
2.447332730417326093e+04 9.431531707743020457e-21 1.140090658221977183e-21
2.448398551448579747e+04 1.181300644559827506e-20 1.244698941338585066e-21
2.449464368876097069e+04 1.021141557615107394e-20 1.278679877265537029e-21
2.450530182696889096e+04 1.027773951307385391e-20 1.262487202466761359e-21
2.451595992907949767e+04 1.153651771640826157e-20 1.277155716505082114e-21
2.452661799506305761e+04 1.190081328672158816e-20 1.217373413105510755e-21
2.453727602489180572e+04 8.151771796858841304e-21 1.278936078318537274e-21
2.454793401853179239e+04 1.045175650522706484e-20 1.221954179483489601e-21
2.455859197595524529e+04 1.159484031823257062e-20 1.228933177547353599e-21
2.456924989713435571e+04 1.204489928439965738e-20 1.241108720946518708e-21
2.457990778203522132e+04 1.138867131528425800e-20 1.163369053479900688e-21
2.459056563063212889e+04 8.898362495288754458e-21 1.188745055784076860e-21
2.460122344289113244e+04 9.334648436225308567e-21 1.135122875450850730e-21
2.461188121878451784e+04 1.048194777292129242e-20 1.114369768717040511e-21
2.462253895828645909e+04 9.322908116891398633e-21 1.155107793701132369e-21
2.463319666135897933e+04 7.111968615088881683e-21 1.213033554305755657e-21
2.464385432797652538e+04 8.820873093697993244e-21 1.046667453131562733e-21
2.465451195811140133e+04 4.672699552715618175e-21 1.076449393203158338e-21
2.466516955172971211e+04 7.136318562136824606e-21 1.118077312519458237e-21
2.467582710880376180e+04 8.499637156950106127e-21 1.147726342008490520e-21
2.468648462930590540e+04 8.266617567139057026e-21 1.174863572161020754e-21
2.469714211320225877e+04 1.050348050678532047e-20 1.171235908519435445e-21
2.470779956046724692e+04 9.960511104441576806e-21 1.061756931680565554e-21
2.471845697106700391e+04 1.029726039862355657e-20 1.208019770940075338e-21
2.472911434497596929e+04 1.136008407550488559e-20 1.200182233982035688e-21
2.473977168216215796e+04 9.337705719485031283e-21 1.245470276879697460e-21
2.475042898259607318e+04 8.865031888824777390e-21 1.201767771350998104e-21
2.476108624624596996e+04 8.852792714039791555e-21 1.201081029285424383e-21
2.477174347308634970e+04 8.978382789285400836e-21 1.094703806279490718e-21
2.478240066308334644e+04 7.989302583112477697e-21 1.130613489569478843e-21
2.479305781625584859e+04 7.509070679710444432e-21 1.068873610481803490e-21
2.480371510607276650e+04 7.635432252883557443e-21 1.194298712234300884e-21
2.481437246755629894e+04 1.081855372358436482e-20 1.228521855978160237e-21
2.482502979208124088e+04 7.675531624970740550e-21 1.150762657671008971e-21
2.483568707960953907e+04 8.764386191837768329e-21 1.143209061742421443e-21
2.484634433011789224e+04 8.403907228008896865e-21 1.102463069048418769e-21
2.485700154357439897e+04 9.305579532753034530e-21 1.209672792048532370e-21
2.486765871994748522e+04 1.171536284457224191e-20 1.188448245707451307e-21
2.487831585921392616e+04 1.194449748639229971e-20 1.147116736782979894e-21
2.488897296133566851e+04 9.198353499878547422e-21 1.169005931556550379e-21
2.489963002628949107e+04 8.682935368257733848e-21 1.169916220649883836e-21
2.491028705404580978e+04 9.126097647480344483e-21 1.131582494062852956e-21
2.492094404456871416e+04 1.018278492787599804e-20 1.130745059372105502e-21
2.493160099783497935e+04 1.201401087803204910e-20 1.179814610247979908e-21
2.494225791381082308e+04 1.157709119822340287e-20 1.125743376933027697e-21
2.495291479247095776e+04 1.017285669934509866e-20 1.038079635149255803e-21
2.496357163378372206e+04 8.607226239461317923e-21 1.120164867039763044e-21
2.497422843771956832e+04 7.749991883522813071e-21 1.160369588315196064e-21
2.498488520424879607e+04 1.065115546133144376e-20 1.163832646558298701e-21
2.499554193334207230e+04 6.693683213911553072e-21 1.107538652292409085e-21
2.500619862496990027e+04 9.783154306099432474e-21 1.182430366079010875e-21
2.501685527910492237e+04 1.162826555705896624e-20 1.228343466747600148e-21
2.502751189571336363e+04 6.515497003994818046e-21 1.137412072261225179e-21
2.503816847476787734e+04 6.926434728104195127e-21 1.104938372395332061e-21
2.504882501623684948e+04 1.116272835509407198e-20 1.261478057786170159e-21
2.505948152009508703e+04 8.598251135145290259e-21 1.264904435301396831e-21
2.507013798631315512e+04 1.174801919430785330e-20 1.186229177567987416e-21
2.508079441485727875e+04 1.177486823494349366e-20 1.162490483670393029e-21
2.509145080570016580e+04 1.216279528165147238e-20 1.097548133439669843e-21
2.510210715881238139e+04 1.122958077398141303e-20 1.206436884717331950e-21
2.511276347416227509e+04 9.122372334650685081e-21 1.150609367532569116e-21
2.512341975172681487e+04 8.916600823251403520e-21 1.205910233150676808e-21
2.513407599147240762e+04 7.925302481439788127e-21 1.184848664067460245e-21
2.514473219336745387e+04 7.762824870408093941e-21 1.153486319427753460e-21
2.515538835738473063e+04 1.047726075340006041e-20 1.145619027660090353e-21
2.516604448349484301e+04 1.133929515582007979e-20 1.169425123502980133e-21
2.517670057166839251e+04 1.392012137410108623e-20 1.215152467418315276e-21
2.518735662187816706e+04 8.477780232677268980e-21 1.071459205207653946e-21
2.519801263409044986e+04 1.173626896458013751e-20 1.249860170106670386e-21
2.520866860827803612e+04 1.185825853207642881e-20 1.144123502417362232e-21
2.521932454441376103e+04 9.623242207840213629e-21 1.152912524317538286e-21
2.522998044246169957e+04 8.379076037698942850e-21 1.101326096167333329e-21
2.524063630240124621e+04 6.763280284887047501e-21 1.070462187255865942e-21
2.525129212419431497e+04 9.747808160771876196e-21 1.199974930733040181e-21
2.526194790782242490e+04 1.233775044804603580e-20 1.106674958531681022e-21
2.527260365324748273e+04 7.951183805149667814e-21 1.134781106406110599e-21
2.528325936043807451e+04 1.189785379366448545e-20 1.047629154720042213e-21
2.529391502937145560e+04 1.063127027767028726e-20 1.040009152892355429e-21
2.530457066001610292e+04 7.274482333359597463e-21 1.007910584437697224e-21
2.531522625234713269e+04 1.065023128111422030e-20 1.118973782864936550e-21
2.532588180633084994e+04 1.254216122158885359e-20 1.118852286504453535e-21
2.533653732193357064e+04 8.586639419032070886e-21 1.155937764798149696e-21
2.534719279912821003e+04 1.005488949548520578e-20 1.132587369477169111e-21
2.535784823789207076e+04 1.332192951975616498e-20 1.172999715615667502e-21
2.536850363819151244e+04 9.842089520201126755e-21 1.176725851040309079e-21
2.537915899999946487e+04 5.536376482761174632e-21 1.051643569993929273e-21
2.538981432327783114e+04 7.349045837912035001e-21 1.117021519255362831e-21
2.540046960800401212e+04 7.246991444198881310e-21 1.057562144291455573e-21
2.541112485415314950e+04 1.166897089260723216e-20 1.237252080018784290e-21
2.542178006169376749e+04 1.136479956336942665e-20 1.242624442395298484e-21
2.543243523059214931e+04 9.639789985529567355e-21 1.166368622054948335e-21
2.544309036081696104e+04 8.332710584805297603e-21 1.235919681163557103e-21
2.545374545234783727e+04 8.785005171870157608e-21 1.103895588744359338e-21
2.546440050515337134e+04 1.092914564182068864e-20 1.078277068351852395e-21
2.547505551920213838e+04 8.673532406012964496e-21 1.144421583609935054e-21
2.548571049446045799e+04 9.998198868269993823e-21 1.146055088982309554e-21
2.549636543090138730e+04 9.535618296648687301e-21 1.164246251026403591e-21
2.550702032849793977e+04 7.973306346346412369e-21 1.095746417907860866e-21
2.551767518723209287e+04 9.690394906436301188e-21 1.105354842384558481e-21
2.552833000705461018e+04 8.938566698497301148e-21 1.115640250726520027e-21
2.553898478794522453e+04 9.640057862742564016e-21 1.029032637769442968e-21
2.554963952987925950e+04 1.096737582516635803e-20 9.884542536028324973e-22
2.556029423282533025e+04 9.091666191154712247e-21 1.057218737493251661e-21
2.557094889674531078e+04 1.139025512277605766e-20 1.151080880513058895e-21
2.558160352161678020e+04 1.111790141611763805e-20 1.090300553533248289e-21
2.559225810740834277e+04 8.093379343045366787e-21 9.930630582817987841e-22
2.560291265410205597e+04 8.602880872937452879e-21 1.079443608635164073e-21
2.561356716165301259e+04 8.291266426142823885e-21 1.084731825722074129e-21
2.562422163003893365e+04 7.561602074716174261e-21 1.019528318092284304e-21
2.563487605923295996e+04 1.069355436119721015e-20 1.158293968561694473e-21
2.564553044920595494e+04 1.004345724249756942e-20 1.090890289726571246e-21
2.565618479992658831e+04 9.043764745042789669e-21 1.072975707671946140e-21
2.566683911136123425e+04 1.124881102866677712e-20 1.103789344524712988e-21
2.567749338348982565e+04 1.091568994250161704e-20 1.133093206184932297e-21
2.568814761627424377e+04 9.755947822173621689e-21 1.159190294950249402e-21
2.569880180969444700e+04 9.048806012151923215e-21 1.114942892232087225e-21
2.570945596371002830e+04 8.801355332343464897e-21 9.653755848917370117e-22
2.572011007831006646e+04 5.542293584321947563e-21 1.074579444922536812e-21
2.573076415344278939e+04 9.987792686944510964e-21 1.054249941708121703e-21
2.574141818909958238e+04 1.095476554145177227e-20 1.104869133710832790e-21
2.575207218523320262e+04 1.036832157393968355e-20 1.195897080841779817e-21
2.576272614183051701e+04 8.973245600417312228e-21 1.162862193762445175e-21
2.577338005885339589e+04 1.093458120505824258e-20 1.168020791691580300e-21
2.578403393627506011e+04 1.064832233813462436e-20 1.139780457583146770e-21
2.579468777407104062e+04 1.109554193858414261e-20 1.136326428849951057e-21
2.580534157220089764e+04 9.635347959982471213e-21 1.204288911587962769e-21
2.581599533064694333e+04 8.310457054461578916e-21 1.210862243708114954e-21
2.582664904937336178e+04 9.693478123256845157e-21 1.113196187611375047e-21
2.583730272835343203e+04 1.006834151793160580e-20 1.074088107419825818e-21
2.584795636755816668e+04 6.747458516710392267e-21 1.063668247908944251e-21
2.585860996696085931e+04 8.880046533019379060e-21 1.096457501432191739e-21
2.586926352653251524e+04 7.191885258684491598e-21 1.055734882586256719e-21
2.587991704623263286e+04 8.129798223418615503e-21 1.068514903448966587e-21
2.589057052605062927e+04 8.226183642680701955e-21 1.049438053480490316e-21
2.590122396594143356e+04 6.461722634158092147e-21 1.091738389367093648e-21
2.591187736588523330e+04 9.229934197966426476e-21 1.159112914803855658e-21
2.592253072585079281e+04 8.962321808485199226e-21 1.108021025158439963e-21
2.593318404581604773e+04 1.164991680691482079e-20 1.050093962779189984e-21
2.594383732573818997e+04 1.063303859104571239e-20 1.107762353824762392e-21
2.595449056559288147e+04 6.139385502787075192e-21 1.007620500628099678e-21
2.596514376536040436e+04 7.951757691834324607e-21 1.110167734579569605e-21
2.597579692500025340e+04 9.838579194151592499e-21 1.118465207368200897e-21
2.598645004448810505e+04 8.203254229932281516e-21 1.090188846145368177e-21
2.599710312379967581e+04 6.825359401615000644e-21 1.153744251787135715e-21
2.600775616289673417e+04 8.963369066798032150e-21 1.108082352329580843e-21
2.601840916175267193e+04 4.227283693818442283e-21 1.132112987740852762e-21
2.602906212035019416e+04 6.456393492533804380e-21 1.063123077130953988e-21
2.603971503864176339e+04 7.408385422942375427e-21 1.130545206628553683e-21
2.605036791661244206e+04 5.722328089813820730e-21 1.027617111706024532e-21
2.606102075422864436e+04 9.211954216154685273e-21 1.041749094321250058e-21
2.607167355146145928e+04 7.344781371771099749e-21 1.057830257900507873e-21
2.608232630827726098e+04 8.554679977882217187e-21 1.100482104693616634e-21
2.609297902465888546e+04 6.675257571409659768e-21 1.022667876605463385e-21
2.610363170056578747e+04 1.050432284548947396e-20 1.140135714604049646e-21
2.611428433597606272e+04 9.667812636818760656e-21 1.184813750698553886e-21
2.612493693086084750e+04 1.089700271736795583e-20 1.263615777580893802e-21
2.613558948518422767e+04 7.854484316403372611e-21 1.080724300535707640e-21
2.614624199891966055e+04 7.608347259537477218e-21 1.095187074841157164e-21
2.615689447205002216e+04 8.589840580595201640e-21 1.092686586861653259e-21
2.616754690452999785e+04 9.813252686832624377e-21 1.035811495299860966e-21
2.617819929634013533e+04 9.661346991537382865e-21 1.177793096505521616e-21
2.618885164745157090e+04 7.653215946056140147e-21 1.075321965837604835e-21
2.619950395782840496e+04 8.103783427672013301e-21 1.027507651764303749e-21
2.621015622745117435e+04 8.310719891204083497e-21 1.008207088709245665e-21
2.622080845628399402e+04 7.164285339517579690e-21 1.008353675326801212e-21
2.623146064429798935e+04 7.927932218832324670e-21 1.061077178291900127e-21
2.624211279147380628e+04 9.108779007002539677e-21 9.886969948147379602e-22
2.625276489776605013e+04 9.314845221649446325e-21 1.021609753843164083e-21
2.626341696316006710e+04 7.977185097886451598e-21 1.124965976319348697e-21
2.627406898762231503e+04 1.270577883338006323e-20 1.254516817466216612e-21
2.628472097112395932e+04 2.978090696357227220e-20 1.401297483152672099e-21
2.629537291363857003e+04 3.312075377865540263e-20 1.496846688043905910e-21
2.630602481513259772e+04 1.419832799065619664e-20 1.213551522501907129e-21
2.631667667557957247e+04 1.377337339454826679e-20 1.230984851308807975e-21
2.632732849495070695e+04 1.235336537245961287e-20 1.175879672754366816e-21
2.633798027321719928e+04 1.163311657894354094e-20 1.225150973821220606e-21
2.634863201034785379e+04 1.039969596031892450e-20 1.193603666673869057e-21
2.635928370632343649e+04 6.616216858359303040e-21 1.119640235965919155e-21
2.636993536109844717e+04 7.370287376135751979e-21 1.174148631303539354e-21
2.638058697466317608e+04 5.649732350226521072e-21 1.169112437809029775e-21
2.639123854697454590e+04 6.081303588416929396e-21 1.065412392081405419e-21
2.640189007800612671e+04 7.511953470160629956e-21 1.204551520542727617e-21
2.641254156773874274e+04 5.783769681594181570e-21 9.920245535902517849e-22
2.642319301612924392e+04 8.616218515724599468e-21 1.150350829647079939e-21
2.643384442316083368e+04 8.802051633803036144e-21 1.141340774965835721e-21
2.644449578879756882e+04 7.766711980902015599e-21 1.101130500196329142e-21
2.645514711301307398e+04 7.007640160341625973e-21 1.298773858280256152e-21
2.810788488984225478e+04 1.785673121440414158e-20 2.067154992844804803e-21
2.811852904332371691e+04 1.279733779956722506e-20 1.481600350895058539e-21
2.812917315089391559e+04 1.245448648158938142e-20 1.407578239001416569e-21
2.813981721251860654e+04 8.400192750994191462e-21 1.503968201763136193e-21
2.815046122817204741e+04 5.431810797702984345e-21 1.471358706742447105e-21
2.816110519782851043e+04 8.443221250919960967e-21 1.570602333795461702e-21
2.817174912145657800e+04 8.341468666047265158e-21 1.412037811747335233e-21
2.818239299902482890e+04 1.256021388057710804e-20 1.465275135383280720e-21
2.819303683050753534e+04 9.837969791852961503e-21 1.532067774455750487e-21
2.820368061587611737e+04 6.112974569723529055e-21 1.388773555673031542e-21
2.821432435510483265e+04 6.108775828015533098e-21 1.415269031448842321e-21
2.822496804816514123e+04 7.252289291484554552e-21 1.453698211864935518e-21
2.823561169501984114e+04 1.355507633055430903e-20 1.480557261106837134e-21
2.824625529564597673e+04 9.816306629715314650e-21 1.533788733989981250e-21
2.825689885001791481e+04 1.234437923108178955e-20 1.573275722568170040e-21
2.826754235810421960e+04 1.853564069437285167e-20 1.612457626003694283e-21
2.827818581987344078e+04 1.081369600634707393e-20 1.411016058631440311e-21
2.828882923530272092e+04 8.365558958646258415e-21 1.532352296268020867e-21
2.829947260435773933e+04 1.001972213573436140e-20 1.665818987946311073e-21
2.831011592701275367e+04 1.010705095235496998e-20 1.549250921896706562e-21
2.832075920324495019e+04 9.904749972018227415e-21 1.586424697419475862e-21
2.833140243301418741e+04 7.854577201756798449e-21 1.549700443638115313e-21
2.834204561629765158e+04 6.975370812786115545e-21 1.479059559431980986e-21
2.835268875307538110e+04 6.654945529149351553e-21 1.386483681069710280e-21
2.836333184330149015e+04 1.130268855591413296e-20 1.358197648823163973e-21
2.837397488695600987e+04 8.762053922820538245e-21 1.395155308716046078e-21
2.838461788401611193e+04 1.331975049446509319e-20 1.436710800726053688e-21
2.839526083444452888e+04 9.496881741982959648e-21 1.473792398014548252e-21
2.840590373821554022e+04 1.079262416527370234e-20 1.441163054952477316e-21
2.841654659529473429e+04 2.422403487512106644e-20 1.481140526670534832e-21
2.842718940567074605e+04 3.580008926404163319e-20 1.642151339735169622e-21
2.843783216929481569e+04 2.554985189874196089e-20 1.553237635502059318e-21
2.844847488614992471e+04 7.391014654405325913e-21 1.315602660214771010e-21
2.845911755620746408e+04 6.761212282808009290e-21 1.270934412826489865e-21
2.846976017943009356e+04 9.303305392340598369e-21 1.432830812745030699e-21
2.848040275579789886e+04 8.693344349245885415e-21 1.373400547864844368e-21
2.849104528528228548e+04 6.821712002391418162e-21 1.404821241559777342e-21
2.850168776784585134e+04 5.426443721801353717e-21 1.332536423294139062e-21
2.851233020346875128e+04 4.756358471495937564e-21 1.355902775066517757e-21
2.852297259211940400e+04 9.590361829680319645e-21 1.402933438180077433e-21
2.853361493376921135e+04 5.055883610107542689e-21 1.336957638562818358e-21
2.854425722838949878e+04 8.488101001928177711e-21 1.467462282051977330e-21
2.855489947595460762e+04 1.236183261544376017e-20 1.510997214022133052e-21
2.856554167643291657e+04 1.113324793443327003e-20 1.468172775362248622e-21
2.857618382979289890e+04 1.172899282962793705e-20 1.405334241783755350e-21
2.858682593600569817e+04 1.052891439831080744e-20 1.391826633373600014e-21
2.859746799505459785e+04 1.137476128485697844e-20 1.435989949658024390e-21
2.860811000689037246e+04 7.619792156679608744e-21 1.362836352039891294e-21
2.861875197150791064e+04 6.809805570111367927e-21 1.293121550640946943e-21
2.862939388886090819e+04 1.121160410543110625e-20 1.476471055788209368e-21
2.864003575892952358e+04 1.033746654258219443e-20 1.340365193643608961e-21
2.865067758167920329e+04 7.699340360785264337e-21 1.433190812186286208e-21
2.866131935708719902e+04 4.067353045332103492e-21 1.237039593618854294e-21
2.867196108511597777e+04 6.082886350307438379e-21 1.411591128852747882e-21
2.868260276574869931e+04 1.057101367602293659e-20 1.356534703482467001e-21
2.869324439895079195e+04 8.203841162181361410e-21 1.353469410314274472e-21
2.870388598469061253e+04 8.395709484625426025e-21 1.355816117225785377e-21
2.871452752294241145e+04 7.405723497746444978e-21 1.427359152199078643e-21
2.872516901368048639e+04 6.204619523626165916e-21 1.328583902287262921e-21
2.873581045687010919e+04 1.428530114409769438e-20 1.406368452833849492e-21
2.874645185248867347e+04 9.682424103770802414e-21 1.378824790928519216e-21
2.875709320050452880e+04 7.084937807344581135e-21 1.317275308511491440e-21
2.876773450088599930e+04 7.356569516008765537e-21 1.327107416903090296e-21
2.877837575361333074e+04 1.087934585059136432e-20 1.319950339370496803e-21
2.878901695864292924e+04 8.565027394225602393e-21 1.493228625653472939e-21
2.879965811596698768e+04 4.422388991085997767e-21 1.339028297289113246e-21
2.881029922552992502e+04 7.976774210877113905e-21 1.482705754059843563e-21
2.882094028732993684e+04 1.129051620903447539e-20 1.297322470897150154e-21
2.883158130132036240e+04 9.742167273152977997e-21 1.311234411763147185e-21
2.884222226748447792e+04 4.565325622861576470e-21 1.348243030504075333e-21
2.885286318578159262e+04 6.536557087330775476e-21 1.436179334938376049e-21
2.886350405619484809e+04 3.105954619886078248e-21 1.423750782747809311e-21
2.887414487868356809e+04 6.212217142420744124e-21 1.340794098163215356e-21
2.888478565322812574e+04 8.499597100964849392e-21 1.212903294250384940e-21
2.889542637979679421e+04 9.040456228030885257e-21 1.292517121489089647e-21
2.890606705835782122e+04 5.068167982604638495e-21 1.329896235019418611e-21
2.891670768888851308e+04 7.423995957470793212e-21 1.354988640563627242e-21
2.892734827135709929e+04 7.637633659507473817e-21 1.336990458237565909e-21
2.893798880573185670e+04 7.227246086100160590e-21 1.474320235927800629e-21
2.894862929199308564e+04 3.760038511509472902e-21 1.480293208591955561e-21
2.895926973009995345e+04 7.602107717229471220e-21 1.296079044685521565e-21
2.896991012003582000e+04 5.992969751427915808e-21 1.242480035441213716e-21
2.898055046176285759e+04 9.191651704749101887e-21 1.283496419989964391e-21
2.899119075525516382e+04 7.393969482965078530e-21 1.406862506821209997e-21
2.900183100048409324e+04 7.247662024485779082e-21 1.238236104015219246e-21
2.901247119742092764e+04 4.987916736593022163e-21 1.447983103673735504e-21
2.902311134603692699e+04 8.201909760997104820e-21 1.316706667880898443e-21
2.903375144630330760e+04 6.450529555660620858e-21 1.423643145118984383e-21
2.904439149819433442e+04 7.721434614462393571e-21 1.354644696093325303e-21
2.905503150167516287e+04 4.441270952553950636e-21 1.275648080292831610e-21
2.906567145672003608e+04 4.870531610201731743e-21 1.344322614712656832e-21
2.907631136330019217e+04 5.925520110001910703e-21 1.323189698886025307e-21
2.908695122138683291e+04 9.100673605748143179e-21 1.379504810520992320e-21
2.909759103095422688e+04 1.059821530629830933e-20 1.356923150450059533e-21
2.910823079196733670e+04 1.177890870887743497e-20 1.483034371762801145e-21
2.911887050440350504e+04 1.108724178862411330e-20 1.435490823264376453e-21
2.912951016822791280e+04 5.957052071054564476e-21 1.400219357335705678e-21
2.914014978341481765e+04 3.153794485935812049e-21 1.270228156957170096e-21
2.915078934993541043e+04 9.122060920674602245e-21 1.415167227014092327e-21
2.916142886776087471e+04 8.813791367809293886e-21 1.333929104249308730e-21
2.917206833686547179e+04 1.028906427048629693e-20 1.427906602841319327e-21
2.918270775721422251e+04 8.809175550121798543e-21 1.441534036751569698e-21
2.919334712878447317e+04 1.128940909836087496e-20 1.350846437190332754e-21
2.920398645153813050e+04 9.288502937019332495e-21 1.290660838514295902e-21
2.921462572546178853e+04 1.028513834381649001e-20 1.384241902796428884e-21
2.922526495050786980e+04 6.921072776226034963e-21 1.262143442623677835e-21
2.923590412666626435e+04 7.291693578412327954e-21 1.353042217418247678e-21
2.924654325389272344e+04 8.732805982382676171e-21 1.268619826195257731e-21
2.925718233216762019e+04 4.980882710677735236e-21 1.183148131488008197e-21
2.926782136145905315e+04 5.364514107035624635e-21 1.420110405974280809e-21
2.927846034173504086e+04 6.831400938099257358e-21 1.439269374496694318e-21
2.928909927297604736e+04 8.972129861235691818e-21 1.513059490833472356e-21
2.929973815514076705e+04 9.109615788370698566e-21 1.345714592135278874e-21
2.931037698820966398e+04 9.252073294469306459e-21 1.388776025441963516e-21
2.932101577214762438e+04 7.416079125184977600e-21 1.374694921338715775e-21
2.933165450693179082e+04 4.979974871804361656e-21 1.352558412238303169e-21
2.934229319252411733e+04 6.162515587676499168e-21 1.304838232935445367e-21
2.935293182891444303e+04 6.453545300063604858e-21 1.441254261357281227e-21
2.936357041605204722e+04 7.037949013348890614e-21 1.454569406283907965e-21
2.937420895392051898e+04 1.099465659583419737e-20 1.351921508103432135e-21
2.938484744248782954e+04 6.333060601209326177e-21 1.516953384073987029e-21
2.939548588172508607e+04 9.506461625963667260e-21 1.598335858093818822e-21
2.940612427160334846e+04 7.881190627502009826e-21 1.452215803720877482e-21
2.941676261209374934e+04 7.328564313465133982e-21 1.592784391873254783e-21
2.942740090316727219e+04 9.732988587756553206e-21 1.338973461177436288e-21
2.943803914479170271e+04 5.227849912331530170e-21 1.411446448261555219e-21
2.944867733694775598e+04 7.427801195036427849e-21 1.432476408760477753e-21
2.945931547959391537e+04 1.043967569648035350e-20 1.417314380745094408e-21
2.946995357271067041e+04 1.138127110003859470e-20 1.408586627943042230e-21
2.948059161626595960e+04 8.380162749979224776e-21 1.424784260411057035e-21
2.949122961029865837e+04 8.028877855927378605e-21 1.412902955177421646e-21
2.950186778226613751e+04 1.015930177955485415e-20 1.412361522863191933e-21
2.951250615856163859e+04 6.149776617010204272e-21 1.449904479445848724e-21
2.952314448517305937e+04 4.838080158439704762e-21 1.468133593011894765e-21
2.953378276207437375e+04 1.000265771667322820e-20 1.519261580303918043e-21
2.954442098922732839e+04 8.668851334621413076e-21 1.497140632141370754e-21
2.955505916661244555e+04 7.267771961950323222e-21 1.314649326260177530e-21
2.956569729419758733e+04 7.607821949987560857e-21 1.426889632170947226e-21
2.957633537195376266e+04 1.012931019177832141e-20 1.534563442578467170e-21
2.958697339985829603e+04 1.069364363522829759e-20 1.498576739786884778e-21
2.959761137786634936e+04 9.786624942088828592e-21 1.407168996605046088e-21
2.960824930596158811e+04 7.023079575262572893e-21 1.433153196482084180e-21
2.961888718411501031e+04 8.471154496625280883e-21 1.344222115793605050e-21
2.962952501228778783e+04 7.584118701446889741e-21 1.605895421744792881e-21
2.964016279046706040e+04 1.056433199015229899e-20 1.675643544943359987e-21
2.965080051860790263e+04 5.652420194675675386e-21 1.563860021922471582e-21
2.966143819669082950e+04 5.590612359344993046e-21 1.503559123100355202e-21
2.967207582468041801e+04 8.281486468056666095e-21 1.463355652271596131e-21
2.968271340255082032e+04 9.192475050900921193e-21 1.648863389029461574e-21
2.969335093027936819e+04 1.176619524230706305e-20 1.648803536807144912e-21
2.970398840781786566e+04 1.122900357357452802e-20 1.562147568171200064e-21
2.971462583516269297e+04 1.050732439811690868e-20 1.599305777633497337e-21
2.972526321226549408e+04 9.760568345362033228e-21 1.434409395398238883e-21
2.973590053910380448e+04 7.177624995993967319e-21 1.621956140440209529e-21
2.974653781565174722e+04 9.823423982717672591e-21 1.633315158778468818e-21
2.975717504187703889e+04 6.926452138022624007e-21 1.562425318771721940e-21
2.976781221774738151e+04 8.352332408548080359e-21 1.476050907037414762e-21
2.977844934324330461e+04 6.636843096526636506e-21 1.456863268667819207e-21
2.978908641832289140e+04 5.387930674305648138e-21 1.575058127780653141e-21
2.979972344296985830e+04 5.299630827666054869e-21 1.494705628087850781e-21
2.981036041713874511e+04 7.619822328724452200e-21 1.508377520515111700e-21
2.982099734081354472e+04 1.187445773580556708e-20 1.425221548489757383e-21
2.983163421396840931e+04 4.247504904748604080e-21 1.349120007070258321e-21
2.984227103656130566e+04 2.604229049380322660e-21 1.457576904076044721e-21
2.985290780857600475e+04 5.082622342574308366e-21 1.397580601990960401e-21
2.986354452997045155e+04 1.103780106884560518e-20 1.353804292963619098e-21
2.987418120072197416e+04 7.549544149384796070e-21 1.506399790029808539e-21
2.988481782081108031e+04 7.373595643638165881e-21 1.466016788639801521e-21
2.989545439018901379e+04 1.438895342561989154e-20 1.556179726020929789e-21
2.990609090883646422e+04 1.028069713122216903e-20 1.550914208664482966e-21
2.991672737673081065e+04 8.134584204220930314e-21 1.590177857793740199e-21
2.992736379383317762e+04 1.134275768044085579e-20 1.575284265777888898e-21
2.993800016012083870e+04 8.487440076563820463e-21 1.390413433146200345e-21
2.994863647555490752e+04 7.664348154193082187e-21 1.381953471286706751e-21
2.995927274011266491e+04 1.033165058056465585e-20 1.432355933864454978e-21
2.996990895377462220e+04 8.010958148801209827e-21 1.331334940959552295e-21
2.998054511648858897e+04 1.253744092201187924e-20 1.453453276283979561e-21
2.999118122824510283e+04 7.914030174306664447e-21 1.505327090156254099e-21
3.000181728901496535e+04 4.845816596790666928e-21 1.462219557094769254e-21
3.001245329875269817e+04 6.941508992542295507e-21 1.452358889461747835e-21
3.002308925744533553e+04 8.668832220969914187e-21 1.451480489995415101e-21
3.003372516505713793e+04 7.179182414633150853e-21 1.403722552848881570e-21
3.004436102154909531e+04 8.973371414113826533e-21 1.525942794615871019e-21
3.005499682691466660e+04 9.443604479732359945e-21 1.444643036823255065e-21
3.006563258110488096e+04 9.047198590466244447e-21 1.708821393888393438e-21
3.007626828409399968e+04 9.978699792181951556e-21 1.660033223813173280e-21
3.008690393586577557e+04 8.446241120696695286e-21 1.235484110720051951e-21
3.009753953637136874e+04 6.179907554174813680e-21 1.384354441403756490e-21
3.010817508559127964e+04 5.213404441451536011e-21 1.506142295929812067e-21
3.011881058350934109e+04 7.440726859143818576e-21 1.317073404919190277e-21
3.012944603006676698e+04 6.190636292823825389e-21 1.245923003792374052e-21
3.014008142526019947e+04 1.948894041782146359e-21 1.269866372794461403e-21
3.015071676905398635e+04 7.307761522355583540e-21 1.446096348395466402e-21
3.016135206140903756e+04 7.416899343540714381e-21 1.389967783335762669e-21
3.017198730229929424e+04 9.155434273432775779e-21 1.531978375213775765e-21
3.018262249171187796e+04 1.059632579806531060e-20 1.576568150719661441e-21
3.019325762959116037e+04 7.792811477610133073e-21 1.480604822730021213e-21
3.020389271592424484e+04 9.470672206349148596e-21 1.467019374831757856e-21
3.021452775068489063e+04 8.960269688918482413e-21 1.425905127872923848e-21
3.022516273383057342e+04 9.538980124639459680e-21 1.400547273340804836e-21
3.023579766533869770e+04 4.891168062753303319e-21 1.333990572954893547e-21
3.024643254518648610e+04 8.227235158794864634e-21 1.460341582085663538e-21
3.025706737333137062e+04 5.137293233349794892e-21 1.244603669217358249e-21
3.026770214975058116e+04 6.800088127051677761e-21 1.370162269106215775e-21
3.027833687442132941e+04 9.506672747682606295e-21 1.307927692961229945e-21
3.028897154730087641e+04 8.539352794541978065e-21 1.277818428995716068e-21
3.029960616836630652e+04 7.663344633533711542e-21 1.504705984308655333e-21
3.031024073759510429e+04 6.099089829787022039e-21 1.419089092512514526e-21
3.032087525494456713e+04 8.148725142329789926e-21 1.504741011909357127e-21
3.033150972039189219e+04 7.441425685099237518e-21 1.339574781287844070e-21
3.034214413391431663e+04 5.653091093844527454e-21 1.324614987442574455e-21
3.035277849547576989e+04 8.411983400315826711e-21 1.356404125672558244e-21
3.036341280503004236e+04 6.425649506735544423e-21 1.593480816515420565e-21
3.037404706258746592e+04 6.684853426966785662e-21 1.557130943080659354e-21
3.038468126809221576e+04 9.087782758871360562e-21 1.609647645288924654e-21
3.039531542149488087e+04 9.206938118642514845e-21 1.336275888857127813e-21
3.040594952281254155e+04 6.936004948480921530e-21 1.415022630092857228e-21
3.041658357199246166e+04 9.583565889047024634e-21 1.433135383496255313e-21
3.042721756898845706e+04 1.041692674698074264e-20 1.617430428151004060e-21
3.043785151380084790e+04 1.208916895377696691e-20 1.511221212602953591e-21
3.044848540639016210e+04 1.186721466301985224e-20 1.459701408086528410e-21
3.045911924671368615e+04 6.627010924658197509e-21 1.389242707037997344e-21
3.046975303475191686e+04 9.655995553102782658e-21 1.476133063198046004e-21
3.048038677048539103e+04 1.003814793701631025e-20 1.508801746229682035e-21
3.049102045387452745e+04 6.185969927175221746e-21 1.332304066672351150e-21
3.050165408486635351e+04 1.178151115066932734e-20 1.398041452251673779e-21
3.051228766347786586e+04 1.081779621131692012e-20 1.611854621448841606e-21
3.052292118965972259e+04 6.728384947384792220e-21 1.465667761051001533e-21
3.053355466336223617e+04 7.586506638711856591e-21 1.457323351911417965e-21
3.054418808457598789e+04 7.926194817982445424e-21 1.406835813917230572e-21
3.055482145328149636e+04 6.240306724168321628e-21 1.410944912787837193e-21
3.056545476943571703e+04 7.660119165875287541e-21 1.522367862980711259e-21
3.057608803297868872e+04 8.603629187011428304e-21 1.457301037226553285e-21
3.058672124394119237e+04 6.720525824009943160e-21 1.491729485136967303e-21
3.059735440226023638e+04 1.260935182660534742e-20 1.492107952835040939e-21
3.060798750788937468e+04 6.646432137875529711e-21 1.483602815947709257e-21
3.061862056083939024e+04 1.058587974059344045e-20 1.342899830911462527e-21
3.062925356106383697e+04 8.727027361817471878e-21 1.437477028788934898e-21
3.063988650852968567e+04 7.344854008146445565e-21 1.563337629851077564e-21
3.065051940317317712e+04 4.634649733217443151e-21 1.385177293424540841e-21
3.066115224503584977e+04 6.687871462362110823e-21 1.329224302867582168e-21
3.067178503404421281e+04 7.080705649387448949e-21 1.399177681776166231e-21
3.068241777016516426e+04 8.017133215031746969e-21 1.538474438600949338e-21
3.069305045337918273e+04 9.947367421609290901e-21 1.474212734732788467e-21
3.070368308367016289e+04 7.731647691875170747e-21 1.399043706317231069e-21
3.071431566099461270e+04 7.186275450971687014e-21 1.482641083261910595e-21
3.072494818530249540e+04 8.379215992899578048e-21 1.367006263705853814e-21
3.073558065659483327e+04 5.694118130615889035e-21 1.313894452533396755e-21
3.074621307484191857e+04 6.240278521841380069e-21 1.400597086627566564e-21
3.075684544000040114e+04 1.127329810428469901e-20 1.449864744861587043e-21
3.076747775202019693e+04 9.787721212474037805e-21 1.475583113112930933e-21
3.077811001092235529e+04 9.375691072064510090e-21 1.261243743616193937e-21
3.078874221664987635e+04 7.005650744795271582e-21 1.410725489625040527e-21
3.079937436916978186e+04 8.885417058173999046e-21 1.415973173070569756e-21
3.081000646843529466e+04 8.051317303441991718e-21 1.365824142423720884e-21
3.082063851446091576e+04 6.403107826180244595e-21 1.326956902071966755e-21
3.083127050719307226e+04 8.794084673079964248e-21 1.390198858912474680e-21
3.084190244659836753e+04 8.183573277758012791e-21 1.287981284893845691e-21
3.085253433262972248e+04 1.310129354396056994e-20 1.507682409230754763e-21
3.086316616529864405e+04 8.166697300178822716e-21 1.441379396355711296e-21
3.087379794456166201e+04 4.413773211966139298e-21 1.412436299126308147e-21
3.088442967037525887e+04 7.270887790276110430e-21 1.424439103055431163e-21
3.089506134269585164e+04 6.273719313961875388e-21 1.409116404612615511e-21
3.090569296153464893e+04 1.098481869728040557e-20 1.532326264938566496e-21
3.091632452684786767e+04 7.698895096842502956e-21 1.495979232142588830e-21
3.092695603859221228e+04 1.108855644007799132e-20 1.471087722453510427e-21
3.093758749673093189e+04 9.913897464041578900e-21 1.468126254631791290e-21
3.094821890125477512e+04 9.922295471174779756e-21 1.473847837877313280e-21
3.095885025214075358e+04 9.361613548566693353e-21 1.522800247954111826e-21
3.096948154933817204e+04 8.385863731440676172e-21 1.535430026164642357e-21
3.098011279282727628e+04 7.014767380940606610e-21 1.351374867192405857e-21
3.099074398254746484e+04 6.894388143003910561e-21 1.411293304351772988e-21
3.100137511852733951e+04 9.158583498719100058e-21 1.339671180888155742e-21
3.101200620070603691e+04 7.695984626195334916e-21 1.432719810223136874e-21
3.102263722904663518e+04 6.606826538720650388e-21 1.503604479822423148e-21
3.103326820350861817e+04 5.608256313974930689e-21 1.356362975222327770e-21
3.104389912409656972e+04 7.232070507134215951e-21 1.285682721004067835e-21
3.105452999076692868e+04 6.927580044433814729e-21 1.474635474663379670e-21
3.106516080348623655e+04 2.715704418490099207e-21 1.352381436866287445e-21
3.107579156221410813e+04 1.068610871179905269e-20 1.537064819693742363e-21
3.108642226692404438e+04 8.688297887227023894e-21 1.469026585568989965e-21
3.109705291761340050e+04 1.017743427760432347e-20 1.441058077390366836e-21
3.110768351422466003e+04 2.267354586684077622e-20 1.530728768510742352e-21
3.111831405674178677e+04 2.170014122177849761e-20 1.617095990160446996e-21
3.112894454511042568e+04 1.064567289215506958e-20 1.509364767761638880e-21
3.113957497931788384e+04 6.587074995319702306e-21 1.430129721383733707e-21
3.115020535935149019e+04 6.760595992009446728e-21 1.684854415953257158e-21
3.116083568515995285e+04 9.295370882322467072e-21 1.353901409974009796e-21
3.117146595671707109e+04 7.398241943133092429e-21 1.286417318782271718e-21
3.118209617397531110e+04 5.619197461773770210e-21 1.443279640701978407e-21
3.119272633693249009e+04 7.195169212971899133e-21 1.579286483639703752e-21
3.120335644555854014e+04 1.077642843628864909e-20 1.361492489275547070e-21
3.121398649980561822e+04 9.047457427873212267e-21 1.328964898843555320e-21
3.122461649965748438e+04 8.927301247456988407e-21 1.474891459279596186e-21
3.123499118000940507e+04 6.484345718321703058e-21 1.510116945978305805e-21
3.124562105202715975e+04 9.139913235462397122e-21 1.637426622779509397e-21
3.125625086948787430e+04 7.050827935201877265e-21 1.374724615495287419e-21
3.126688063242947464e+04 8.158300930225761687e-21 1.348284533558291908e-21
3.127751034081446051e+04 6.488992416027471535e-21 1.452445109226319582e-21
3.128813999460606647e+04 5.274738609777232340e-21 1.561041745957553396e-21
3.129876959379115215e+04 9.060627859187790711e-21 1.385813902927356281e-21
3.130939913832624734e+04 6.686445015091435216e-21 1.377605327805209190e-21
3.132002862820136943e+04 1.000934507441436048e-20 1.623064997415418204e-21
3.133065806336916285e+04 8.079968523403046784e-21 1.547640258711842053e-21
3.134128744379235286e+04 6.776326307102987190e-21 1.508955303992744323e-21
3.135191676945801373e+04 7.008605531791101248e-21 1.407381092274508928e-21
3.136254604032928546e+04 7.120738371018685493e-21 1.443265903759853428e-21
3.137317525637928338e+04 1.309010841839111290e-20 1.608891845022622701e-21
3.138380441757763401e+04 7.846873546722217809e-21 1.502471321473588443e-21
3.139443352388678977e+04 9.515787565946196684e-21 1.451983876735197943e-21
3.140506257526658737e+04 1.259333404751551461e-20 1.456488043857505360e-21
3.141569157171406914e+04 7.654660746236601253e-21 1.536468602230446671e-21
3.142632051318206140e+04 7.143712026280998572e-21 1.463056061301689312e-21
3.143694939964355217e+04 9.208400174167955693e-21 1.332016198727581225e-21
3.144757823107141667e+04 7.680153186668693250e-21 1.386957481134554955e-21
3.145820700743864654e+04 5.763337429572594858e-21 1.446412669031933447e-21
3.146883572868782358e+04 4.838048418855364239e-21 1.365480859369892296e-21
3.147946439482267670e+04 8.114649414822970886e-21 1.627694118252509646e-21
3.149009300579598857e+04 9.611817724729735097e-21 1.441341441014887724e-21
3.150072156158045254e+04 3.892163950234182162e-21 1.320818925708407541e-21
