2.879427621157659087e+04 1.588344071264743658e-20 4.069086413858074427e-21
2.881229172061809004e+04 1.098767398514719988e-20 3.216493683640842633e-21
2.883030720868471690e+04 3.866010813986238491e-21 3.311478220525529694e-21
2.884832267570518525e+04 1.019666965386128821e-20 3.345938706623032792e-21
2.886633812161083551e+04 1.757397172103814338e-20 3.686586400648102373e-21
2.888435354633172028e+04 1.239782365059397160e-20 3.421583782011149697e-21
2.890236894979755380e+04 9.519371672330024974e-21 3.281197323121512077e-21
2.892038433193948003e+04 6.702754805708080472e-21 3.337007415051224461e-21
2.893839969268680579e+04 1.653747079146536797e-21 3.109574595465742160e-21
2.895641503197162820e+04 1.098905376242964494e-20 3.443445536760459172e-21
2.897443034972316309e+04 1.317091959841262909e-20 3.110501425657330185e-21
2.899244564587204150e+04 6.719161010329318162e-21 2.958812388115195912e-21
2.901046092034958201e+04 8.689338430618329206e-21 3.039163465519836088e-21
2.902847617308596818e+04 9.694714014884544007e-22 2.786500852670390643e-21
2.904649140401196200e+04 1.651226120241290892e-20 3.184618906007591325e-21
2.906450661305886388e+04 3.205122817239231954e-21 3.225042766560337711e-21
2.908252180015644626e+04 1.493331743024034572e-21 3.105313811795650526e-21
2.910053696523665349e+04 7.071379509893572456e-21 3.069800479788586515e-21
2.911855210822964364e+04 1.000771144248592390e-20 2.683962650337536800e-21
2.913656722906728100e+04 1.026816219020288277e-20 2.897539127829844982e-21
2.915458232768034213e+04 4.338556643811719467e-21 2.917482787236992741e-21
2.917259740399943621e+04 1.523040033695402949e-20 3.274013226833303003e-21
2.919061245795648938e+04 9.196751455326114918e-21 2.819920562125916247e-21
2.920862748948211447e+04 1.102650182520070208e-20 3.011197066443580002e-21
2.922664249850789565e+04 7.552757492156918317e-21 2.959719599598024647e-21
2.924465748496524975e+04 8.718845157210424268e-21 2.952115299026104504e-21
2.926267244878528800e+04 1.634148702619157780e-20 2.921528852244909746e-21
2.928068738989934354e+04 1.103350772105065441e-20 3.022206462337790799e-21
2.929870230824009559e+04 6.558511051610764166e-21 2.998586447917029013e-21
2.931671720373710195e+04 4.441769264902034207e-21 2.873270028761123668e-21
2.933473207632419144e+04 7.188821611566202237e-21 2.800067475024081248e-21
2.935274692593125656e+04 6.614451883983830574e-21 2.833281021780563502e-21
2.937076175249069274e+04 7.927174780565828128e-21 2.861742730257781102e-21
2.938877655593467716e+04 5.395555804535428556e-21 2.892888979655752752e-21
2.940679133619431377e+04 1.276409934556283839e-20 2.603401805886736985e-21
2.942480609320196163e+04 1.213446885412195580e-20 3.154220238278254114e-21
2.944282082688948140e+04 1.336957337365764866e-21 2.924073390213136372e-21
2.946083553718907569e+04 1.044114975287451558e-20 3.062086883338766801e-21
2.947885022403217954e+04 -1.303391429972106575e-21 2.700269632112542893e-21
2.949686488738687694e+04 1.255887554706479774e-20 2.780872591387266458e-21
2.951488004247462231e+04 1.340105719461435771e-20 2.897161503204895974e-21
2.953289522597559335e+04 1.514069459926786486e-20 2.565064277815678892e-21
2.955091038574642153e+04 1.558298672385182978e-20 2.717688733637059740e-21
2.956892552172057549e+04 9.967456186166570639e-21 2.705340889616037988e-21
2.958694063382976674e+04 7.288155399623966799e-21 2.779662413588539677e-21
2.960495572200624520e+04 7.851221614364429282e-21 2.715599807239559837e-21
2.962297078618258820e+04 9.265137111855851950e-21 2.788953604362481507e-21
2.964098582629130033e+04 3.623864666085695932e-21 2.821034653286954826e-21
2.965900084226576655e+04 1.337146907881585933e-20 2.795261221765454991e-21
2.967701583403794211e+04 9.151820338715979985e-21 2.862778339297107823e-21
2.969503080154006602e+04 8.964940564466675900e-21 2.773396043556258702e-21
2.971304574470570151e+04 9.620743344135718297e-21 2.723805966867448471e-21
2.973106066346647640e+04 1.423750763284558287e-20 2.752338692261733603e-21
2.974907555775692163e+04 9.507883092277868887e-21 2.594617321933223487e-21
2.976709042750919252e+04 1.146843277253136026e-20 2.554491112065028678e-21
2.978510527265550263e+04 1.756386299481773490e-20 2.814380900561113113e-21
2.980312009312991722e+04 7.445593180953091293e-21 2.560438496249493062e-21
2.982113488886508640e+04 1.102462563894445689e-20 2.801209696129483450e-21
2.983914965979387489e+04 7.976038124521425742e-21 2.567169540309572986e-21
2.985716440585004602e+04 9.705836036607108350e-21 2.448537374244419333e-21
2.987549109374322870e+04 1.401592613625844496e-21 2.391425199265659013e-21
2.989350581211953249e+04 8.824561279483121163e-21 2.530844842788263507e-21
2.991152050543246514e+04 3.852228749765621291e-21 2.642456013849974121e-21
2.992953517359945909e+04 1.163259787956620887e-20 2.590995693997354723e-21
2.994754981655356823e+04 7.086588525460452841e-21 2.491430427171260572e-21
2.996556443422885786e+04 1.430654463854767521e-20 2.739782248125465809e-21
2.998357902655905127e+04 1.306042968336911790e-20 2.632593554216042171e-21
3.000159359347702775e+04 7.217831158998097806e-21 2.699839681509826296e-21
3.001960813491697627e+04 7.372749484894861775e-21 2.648860419110032671e-21
3.003762265081231089e+04 1.231947311746612138e-20 2.785087270654389726e-21
3.005563714109689317e+04 4.964911823990870657e-21 2.284960031584166343e-21
3.007365160570458829e+04 1.271120667847589240e-20 2.541082273994089094e-21
3.009166604456885761e+04 8.486995395823158690e-21 2.543420172523388386e-21
3.010968045762436668e+04 7.167023202759511341e-21 2.379521120443329290e-21
3.012769484480462415e+04 7.741021217343901619e-21 2.543177301282836936e-21
3.014570920604361891e+04 7.586921361834011777e-21 2.696311282090026231e-21
3.016372354127573271e+04 8.280020743684344604e-21 2.496606296417555582e-21
3.018173785043477255e+04 8.785689477557358303e-21 2.689188323849620245e-21
3.019975213345466545e+04 8.109513892631266635e-21 2.848414670925573692e-21
3.021776639027045530e+04 -1.366428647951167298e-21 2.852503106082452420e-21
3.023578062081642929e+04 6.823301812058645441e-21 2.581314785573795451e-21
3.025379482502568135e+04 8.873962284834884287e-21 2.480380184940362110e-21
3.027180900283369192e+04 4.425666525597880667e-21 2.443758160143055767e-21
3.028982315417426798e+04 1.306774353533082387e-20 2.386689622886329543e-21
3.030783727898290817e+04 1.817008939583628046e-20 2.618080394911275655e-21
3.032585137719314298e+04 1.728747713036372876e-20 2.651249636216265199e-21
3.034386544873983803e+04 1.125604085289773548e-20 2.608196946381274732e-21
3.036187949355790261e+04 1.848432674447458018e-21 2.530244373242818309e-21
3.037989351158176942e+04 1.000883660588536978e-20 2.892524942547990241e-21
3.039790750274617676e+04 1.699391047454380008e-20 2.791101527592326332e-21
3.041592146698646684e+04 7.873742373111368778e-21 2.311717289523021523e-21
3.043393540423642844e+04 1.867708830113732967e-20 2.630687464269797186e-21
3.045194931443213500e+04 7.959908683259179572e-21 2.633826410081743986e-21
3.046996319750781549e+04 6.580203745893456474e-21 2.546650816755740877e-21
3.048797705339859021e+04 8.056515584557280587e-21 2.323706032663261242e-21
3.050599088203997235e+04 4.669592939722191438e-21 2.365841153215433689e-21
3.052400468336613631e+04 3.764115356500390371e-21 2.557880546829133295e-21
3.054201845731299909e+04 2.901948410278101034e-21 2.260337833957374601e-21
3.056003220381580468e+04 1.338352062652053324e-20 2.474909646355150408e-21
3.057804592280949510e+04 1.346986055328618372e-20 2.670150400669752346e-21
3.059605961422971814e+04 6.596816211664250455e-21 2.562308878205980074e-21
3.061407327801154315e+04 4.726157325122454329e-21 2.427219800874155642e-21
3.063208691409042876e+04 1.233805624716318573e-20 2.549043435569164225e-21
3.065010052240208461e+04 7.325951375131224558e-21 2.451184576223127033e-21
3.066811410288173647e+04 5.672454638677890106e-21 2.411765616041981110e-21
3.068612765546499941e+04 1.072735151224392436e-20 2.668138560312169165e-21
3.070414118008787773e+04 9.560920393506447194e-21 2.453271119405874805e-21
3.072215467668553174e+04 8.437672396107237424e-21 2.564738696662310657e-21
3.074016814519382751e+04 1.220082134188894635e-20 2.431664265841639997e-21
3.075818158554902402e+04 8.135735298391840014e-21 2.265273650350307853e-21
3.077619499768622336e+04 9.128563579755717942e-21 2.319639136316431872e-21
3.079420838154158264e+04 8.780684782965609402e-21 2.460463344593129613e-21
3.081222173705152818e+04 6.153738449877819503e-21 2.297776792228491263e-21
3.083023506415063821e+04 7.553994125968953962e-21 2.186653591766292424e-21
3.084824836277702707e+04 1.121591817239101994e-20 2.401788670337855734e-21
3.086626163286556766e+04 8.701462114434637881e-21 2.409064472485122883e-21
3.088427487435208604e+04 1.346905128888477695e-21 2.228560294173559857e-21
3.090228808717337233e+04 1.292459797487905293e-20 2.372507095980118912e-21
3.092030127126536172e+04 8.155781610266163224e-21 2.315087592310223275e-21
3.093831442656434956e+04 1.079668098989248095e-20 2.436612786547412769e-21
3.095632755300700228e+04 1.175355855272805575e-20 2.424157229824617869e-21
3.097434065051291327e+04 8.537937902958278439e-21 2.339891687624090308e-21
3.099266705569859187e+04 1.061836149663488356e-20 2.437525367804922848e-21
3.101068011709356142e+04 6.276039818061308382e-21 2.299837428711534621e-21
3.102869314937249146e+04 4.321125247984738092e-21 2.020591597546901337e-21
3.104670615247101159e+04 8.617628429422239681e-21 2.290703014699429983e-21
3.106471912632548629e+04 6.111071881453585906e-21 2.465147760991346630e-21
3.108273207087448100e+04 6.480896895858817776e-21 2.178896576231178077e-21
3.110074498605270128e+04 9.263910349328137436e-21 2.109404146046338878e-21
3.111875787179783583e+04 1.157381663042077715e-20 2.322237352577503486e-21
3.113677072804659838e+04 2.175428431309893675e-21 2.359639979310222191e-21
3.115478355473595730e+04 1.763894472756151386e-21 2.072019077144978682e-21
3.117279635180269906e+04 1.278840621129646384e-20 2.271599872983821487e-21
3.119080911918388301e+04 6.470496663047039168e-21 2.598483920935834431e-21
3.120882185681686678e+04 1.002668605927358531e-20 2.365177388103335294e-21
3.122683456463749462e+04 1.051280856999519611e-20 2.298140171569964415e-21
3.124484724258508868e+04 1.023877034616933917e-20 2.130764890639250203e-21
3.126285989059455460e+04 1.104925817195756690e-20 2.249285221884462587e-21
3.128087250860459244e+04 5.307412965861373781e-21 2.073161973196845557e-21
3.129888509655235612e+04 8.680351399749476691e-21 2.237423430140219726e-21
3.131689765437375536e+04 1.180412107954126636e-21 2.356304001774376252e-21
3.133491018200878898e+04 9.826649585990906521e-21 2.122227492646777241e-21
3.135292267939209705e+04 9.670574894172404385e-21 2.003827435612313100e-21
3.137093514646323092e+04 7.381375570757863214e-21 2.186954237114377738e-21
3.138894758315890067e+04 1.270937707527190638e-20 2.268376666310412872e-21
3.140695998941671132e+04 5.290472438130211972e-21 1.925854353509375454e-21
3.142497236517477359e+04 5.755216714999919971e-21 2.202638447163553473e-21
3.144298471036929914e+04 1.898363724176624628e-20 2.354972301519949450e-21
3.146099702494029771e+04 1.695914567795473595e-20 2.331522101806539437e-21
3.147900930882277680e+04 1.251697727979653773e-20 2.196174149964102321e-21
3.149702156195706630e+04 2.705422939786199050e-21 2.204698190505552733e-21
3.151503378428059659e+04 4.444499266167548614e-21 2.269565169746385212e-21
3.153304597572997227e+04 4.619906517654651144e-21 2.070196512373869990e-21
3.155105813624423536e+04 1.265242219008253358e-20 2.187303302494172130e-21
3.156907026576166390e+04 4.512022562752938311e-21 2.093394593259020516e-21
3.158708236421833499e+04 1.284666388343394288e-20 2.177882520792627784e-21
3.160509443155515328e+04 6.642500911303632000e-21 2.028739386820981568e-21
3.162310646770877065e+04 8.490771404736519073e-21 2.127583917103751725e-21
3.164111847261685398e+04 7.663442555502542133e-21 2.114814356265446127e-21
3.165913044621904919e+04 3.550626439806971526e-21 1.974583759128147436e-21
3.167714238845317595e+04 6.962292289125526784e-21 2.282016370281004824e-21
3.169515429925741773e+04 9.171227616147825618e-21 2.266548968577648515e-21
3.171316617857016536e+04 6.540735392943953885e-21 1.989191846431331553e-21
3.173117802632971143e+04 3.573040276472014850e-21 2.092288105205753928e-21
3.174918984247476692e+04 1.527880147547948402e-21 2.264826658372346127e-21
3.176720162694454848e+04 5.651046053684944586e-21 2.183811324544448696e-21
3.178521337967646105e+04 7.173095135181574152e-21 2.134258596414834425e-21
3.180322510061003049e+04 2.933807696400460081e-21 2.097851798965878930e-21
3.182123678968358945e+04 2.311202831118519447e-21 2.107973448167953069e-21
3.183924844689128076e+04 7.431254392395512609e-21 2.159671274511585002e-21
3.185726057123635474e+04 1.224141698701645198e-20 1.970496602962558683e-21
3.187527318348759582e+04 4.327996176537390866e-21 1.998778705452976009e-21
3.189328576362921012e+04 4.055613716229717551e-21 2.106897099122694541e-21
3.191129831159886817e+04 4.097212864724573144e-21 2.023264754249073636e-21
3.192931082733624862e+04 2.440508701710281356e-22 2.227498888121159956e-21
3.194732331078128118e+04 1.297800058902769749e-20 2.058842027139829547e-21
3.196533576187175277e+04 1.229986935444713328e-20 2.292930706853620919e-21
3.198334818054678180e+04 5.710427177067922849e-21 2.028689663463791463e-21
3.200136056674688007e+04 9.958642968322302798e-21 2.326467948659422704e-21
3.201937292040949615e+04 1.894749173260779313e-20 2.026374699961505350e-21
3.203738524147501812e+04 1.305154386327934664e-20 2.157904273262670174e-21
3.205539752988306645e+04 6.806275764873910978e-21 1.880631441640327873e-21
3.207340978557189374e+04 1.100264965487382294e-20 1.922177155120778690e-21
3.209142200848058565e+04 1.148071147343746498e-21 1.950592818925847431e-21
3.210943419855077809e+04 8.188674902255325349e-21 1.993825152745710107e-21
3.212744635572006518e+04 5.362436426131489603e-21 1.969499703562349303e-21
3.214545847992805648e+04 1.048639627777761415e-20 2.209443862147816442e-21
3.216347057111580943e+04 9.581903575345273849e-21 2.190418356088795259e-21
3.218148262922182766e+04 7.807853667738294756e-21 2.165575482378147197e-21
3.219949465418578984e+04 1.205382615583831615e-20 2.201229103969253097e-21
3.221750664594712725e+04 6.242254445247105560e-21 2.079500965391840987e-21
3.223551860444598424e+04 1.219213585603269441e-20 2.174880954594714142e-21
3.225353052962275615e+04 2.027087379389137783e-21 2.061505230226572472e-21
3.227154242141709256e+04 2.006248688499412442e-21 1.924089344800971659e-21
3.228955427976720603e+04 5.133285975723475759e-21 1.899000132280480335e-21
3.230756610461565288e+04 2.196933628461578876e-22 1.993365473994966378e-21
3.232557789590228276e+04 7.762604845488530537e-21 1.980519901864967862e-21
3.234358965356406043e+04 1.517410975506608134e-20 2.047431061760875237e-21
3.236160137754426978e+04 9.278420866727430147e-21 1.977759327678225970e-21
3.237961306778300059e+04 9.118637860882826504e-21 1.938391671892040695e-21
3.239762472421776329e+04 1.034814573846721619e-20 1.999176089210625191e-21
3.241563634679184543e+04 1.114946837826049495e-20 2.111661589178585424e-21
3.243364793544259737e+04 8.734870983956031649e-21 2.163513071940569344e-21
3.245165949011295015e+04 5.964033423802231534e-21 1.999163519344736131e-21
3.246967101074202947e+04 5.387211453967179061e-21 1.793705234052172359e-21
3.248768249726967770e+04 9.053431075778224370e-21 1.937583104088788595e-21
3.250569394963833111e+04 3.636417434706225274e-21 2.046692027066203899e-21
3.252370536778777023e+04 1.015271965781524725e-20 2.103281586162381720e-21
3.254171675165768102e+04 6.724248932526269340e-21 2.060320707404097424e-21
3.256004326694629344e+04 4.445659798284403466e-21 1.836959657455491454e-21
3.257805460167158890e+04 1.115859914419765618e-20 2.098888662947325280e-21
3.259606590372113715e+04 9.725642876768663401e-21 2.113375892725740565e-21
3.261407717126589705e+04 9.580519547004315190e-21 1.983167067114007173e-21
3.263208840422837602e+04 9.902224344638769766e-21 2.119111781210250937e-21
3.265009960255169790e+04 7.691505764261581806e-21 2.042895327072235287e-21
3.266811076617509389e+04 1.047149204295002806e-20 2.115865833315777646e-21
3.268612189504076377e+04 1.063350006004399796e-20 2.034509125077748226e-21
3.270413298908867000e+04 9.736101103405872597e-21 2.096396527284349055e-21
3.272214404826059763e+04 9.112532423417098327e-21 2.018133776378633047e-21
3.274015507249615985e+04 2.229506968997483078e-21 1.868345428752661064e-21
3.275816606173785840e+04 9.992015403345998974e-21 1.937044897196841098e-21
3.277617701592729281e+04 1.055465633762961839e-20 2.062166277953533063e-21
3.279418793500428001e+04 8.294902984912488984e-21 1.945683746462786426e-21
3.281219881891107798e+04 5.963500741141465810e-21 1.919149262275440777e-21
3.283020966758818395e+04 5.969801971217258086e-21 1.986751816675201355e-21
3.284822048097832158e+04 7.326381654165128194e-21 1.974606047933116523e-21
3.286623125902155152e+04 5.520081184838110981e-21 1.895597586829130367e-21
3.288424200165998627e+04 4.555984680584596255e-21 2.110382620838049445e-21
3.290225270883432677e+04 1.135490334256183201e-20 2.066402147681277323e-21
3.292026338048724574e+04 7.841180571959001591e-21 1.863230110975499061e-21
3.293827401655892027e+04 9.190727418650763645e-21 2.063798658716964259e-21
3.295628461699264881e+04 1.107193757217320303e-20 2.097158096489035594e-21
3.297429518172801181e+04 9.087926870204830397e-21 2.111276040573927969e-21
3.299230571070901351e+04 4.936807885311046379e-21 2.025053451101751286e-21
3.301031620387597650e+04 9.104181752648931557e-21 2.238742049649152424e-21
3.302832666117181361e+04 2.707685514549100857e-21 2.088218254643657536e-21
3.304633708253680379e+04 6.371174268922535135e-21 2.154476124488914704e-21
3.306434746791318321e+04 7.056563175960997989e-21 2.133068847744732764e-21
3.308235781724418484e+04 5.998190244176228224e-21 2.112871802002149665e-21
3.310036813046976022e+04 1.086803536434576864e-20 2.088939788181992814e-21
3.311837840753408091e+04 8.085374101848068231e-21 1.998507371241436532e-21
3.313638864837845176e+04 7.959601933247716544e-21 1.912900393850043098e-21
3.315439885294385749e+04 6.338296621727511370e-21 1.893427571441977225e-21
3.317240902117369114e+04 6.424876176853804307e-22 1.928836613456329609e-21
3.319041915301069821e+04 5.132113597756677232e-21 1.962669049814846030e-21
3.320842924839543412e+04 6.083186326062905028e-21 1.934857547022863899e-21
3.322643930727133557e+04 1.080504592506711081e-20 2.130482890134455574e-21
3.324444932957964193e+04 6.017632191855475460e-21 1.911589397332868873e-21
3.326245931526428467e+04 3.829179254718258039e-21 2.039024898394228066e-21
3.328046926426610298e+04 8.194398696701605652e-21 1.993264963816432177e-21
3.329847917652898468e+04 9.003286678305797628e-21 2.056767553666214350e-21
3.331648905199459114e+04 9.373364368039765462e-21 1.856997034606744460e-21
3.333449889060595160e+04 5.719455030248831738e-21 2.094607555317943241e-21
3.335250869230533135e+04 3.637277005503230877e-21 1.888860732040279689e-21
3.337051845703555591e+04 9.717106134525879555e-21 1.998907795005642010e-21
3.338852818473832303e+04 1.661018627535238877e-21 1.935488439829716272e-21
3.340653787535796437e+04 1.000658786353986650e-20 1.930582858480023113e-21
3.342454752883612673e+04 9.155236091316128105e-21 2.096481069511688047e-21
3.344255714511644328e+04 6.742843637310602235e-21 2.036870360690388651e-21
3.346056672414053901e+04 2.509322718473659041e-21 1.916345217856110321e-21
3.347857626585354592e+04 3.282797248261562782e-21 1.745265492546037907e-21
3.349658577019559016e+04 -2.989482594441972808e-21 1.730569743535313021e-21
3.351459523711169459e+04 8.165324716498267118e-21 1.797465068125137281e-21
3.353260466654340416e+04 6.325782474622883584e-21 1.802244265314438679e-21
3.355061405843554530e+04 4.801362431628894045e-21 1.766873585498306013e-21
3.356862341273025231e+04 4.863574283361077831e-21 1.817165717984846749e-21
3.358663272937073634e+04 1.910382151067097204e-21 1.762683388787395220e-21
3.360464200829981564e+04 7.536419231664512844e-21 1.899393695407738715e-21
3.362265124946161086e+04 1.073917906624687354e-20 1.802770126420342669e-21
3.364066045279893297e+04 1.165838892068644212e-20 2.061731011069174859e-21
3.365866961825418548e+04 6.783266348369355983e-21 2.040210608645836420e-21
3.367667874577271141e+04 5.721417299880179507e-21 1.979814667973233622e-21
3.369468783529754000e+04 8.090577733593536838e-21 2.051053576443448283e-21
3.371269688676991063e+04 1.564657660169602858e-20 2.089969574253542717e-21
3.373070590013578476e+04 7.811046221438292711e-21 1.947312537929297057e-21
3.374871487533745676e+04 5.917233240340757874e-21 1.925966259335344508e-21
3.376672381231968029e+04 3.543793157022534442e-22 1.809686386096690606e-21
3.378473271102446597e+04 8.858399529137232474e-21 2.077778871974804731e-21
3.380274157139727322e+04 2.557974158131079297e-21 1.927323532643914987e-21
3.382075039338003262e+04 8.273516629840629765e-21 2.047531162752892358e-21
3.383875917691806535e+04 7.500103194778262215e-21 1.972927084267046464e-21
3.385676792193807341e+04 3.859342268388405403e-21 1.992019753165720510e-21
3.387477662667510594e+04 5.671473642503836458e-21 1.932589689940233825e-21
3.389310202873689559e+04 3.500905956448274583e-21 1.788971000477772262e-21
3.391111067892700521e+04 -2.984489414245675089e-22 1.882654071326508163e-21
3.392911929038612288e+04 4.165268932022352042e-21 1.932995293320632562e-21
3.394712786305828195e+04 8.706829400674015597e-21 1.958693490363619214e-21
3.396513639688686089e+04 5.729002941172006128e-21 1.883298009790022139e-21
3.398314489181657700e+04 7.372799867322403450e-21 1.960656054133098470e-21
3.400115334779164550e+04 7.625882239365065423e-21 1.927725113738256363e-21
3.401916176475591783e+04 8.871567043460044046e-21 2.143416066662949502e-21
3.403717014265356556e+04 1.086804690295977665e-20 2.047424442949172581e-21
3.405517848142925504e+04 8.450547341176762725e-21 2.037208131955320803e-21
3.407318678102728882e+04 7.714012865405798844e-21 1.882306939215653448e-21
3.409119504139132914e+04 4.481086870944382861e-21 1.763750138922501794e-21
3.410920326246647164e+04 1.547735288303677358e-21 1.880750013181946609e-21
3.412721144419715711e+04 9.415769913266248007e-21 1.891586736421523416e-21
3.414521958652795729e+04 7.416912330767426986e-21 1.869435292156605584e-21
3.416322768940293463e+04 2.648307674390667848e-21 1.918670994233180202e-21
3.418123575276415067e+04 6.279684672087426826e-21 2.098099137898680191e-21
3.419924375669495930e+04 8.374698184116113552e-21 2.053497485365307273e-21
3.421725126629535953e+04 8.710872529873244119e-21 2.000529849793972980e-21
3.423525873622280778e+04 6.423739166239900902e-21 2.009591462723446299e-21
3.425326616642034787e+04 5.181482388027561990e-21 1.913247888870619117e-21
3.427127355683413771e+04 8.772395348775480498e-21 1.992524618388126335e-21
3.428928090740721382e+04 1.198163295171205908e-20 1.947944475470065962e-21
3.430728821808655630e+04 5.394201110726934341e-21 1.896770471675464336e-21
3.432529548881619121e+04 8.908100009758006116e-21 1.805829546505298156e-21
3.434330271953956981e+04 6.244297612803139682e-21 1.990186103200795765e-21
3.436130991020397778e+04 8.075652150627399661e-21 1.929081904624369947e-21
3.437931706075277907e+04 9.672688244497021343e-21 1.947709169753090520e-21
3.439732417113337578e+04 4.858719618371086782e-21 1.892664867859600943e-21
3.441533124128724012e+04 6.864543509607697391e-21 1.904991754827414490e-21
3.443333827116295288e+04 7.101168026448531503e-21 1.767568766768385147e-21
3.445134526070358697e+04 1.389233213709780465e-20 1.973233363428506719e-21
3.446935220985466003e+04 1.121610193799773947e-20 1.920752792637024354e-21
3.448735911856184975e+04 6.055460307930219365e-21 1.959687490583441769e-21
3.450536598677062284e+04 4.939330423556820400e-21 1.928290117699843118e-21
3.452337281442664244e+04 1.067461542939639705e-20 1.855395544776301590e-21
3.454137960147525155e+04 5.711772028330609658e-21 1.773414428187023601e-21
3.455938634785989416e+04 7.664586752660166624e-21 1.780952614893885096e-21
3.457739305352864903e+04 2.285581490713199889e-21 1.784024211679064944e-21
3.459539971842488012e+04 4.002133065224734626e-21 1.930296130630039076e-21
3.461340634249597497e+04 5.076533725988022167e-21 1.905125032737277793e-21
3.463141292568609060e+04 4.570825539999808296e-21 1.947443432956191792e-21
3.464941946794305113e+04 7.010779513011639421e-21 1.807859841813050751e-21
3.466742596920968936e+04 1.201541377220731573e-20 1.823957760202482872e-21
3.468543242943406949e+04 8.459510765717756135e-21 1.870461547393585810e-21
3.470343884855982469e+04 6.562425791326156076e-21 1.902454154783366970e-21
3.472144522653603781e+04 3.887004904597235143e-21 1.760983777183895665e-21
3.473945156330475584e+04 7.478563424451457526e-21 1.801345741050641305e-21
3.475745785881276970e+04 9.973875818133370382e-21 1.846378374949501651e-21
3.477546411300778709e+04 1.013680923296769531e-20 1.836111909281072295e-21
3.479347032583353575e+04 9.328529217847274836e-21 1.866973742681935220e-21
3.481147649723796349e+04 -3.181855854196995441e-22 1.834026855279714982e-21
3.482948262716559111e+04 8.314236157753076867e-21 2.000597662355051542e-21
3.484748871556515951e+04 9.408524372254073598e-21 1.849604246121442295e-21
3.486549476237857016e+04 9.019093509022115010e-21 1.741421156742310707e-21
3.488350076755659393e+04 6.658473898306765761e-21 1.901432152540539685e-21
3.490150673104192538e+04 6.602581355405451788e-21 1.921375241341149737e-21
3.491951265278194478e+04 8.971845442701013909e-21 1.868686610857634109e-21
3.493751853272258450e+04 2.301377683291213429e-21 1.767838990213613516e-21
3.495552437081067910e+04 6.986671289943339484e-21 1.712690057564258484e-21
3.497353016699168074e+04 4.703026485941025385e-21 1.695052919722110997e-21
3.499153592121337715e+04 5.563239932604906258e-21 1.854686964948698859e-21
3.500954163342050742e+04 4.710449111124766616e-21 1.859125375070150387e-21
3.502754730356295477e+04 1.269977330481171994e-20 1.916825106933283517e-21
3.504555293158457062e+04 1.360094212386282809e-20 2.001371485558117329e-21
3.506355851742997038e+04 7.027165623164904950e-21 1.891097110982104586e-21
3.508156406104934285e+04 1.909022390436747327e-20 2.005594295307075746e-21
3.509956956238672865e+04 9.526018744902334894e-20 3.190078529626689608e-21
3.511757502139099961e+04 2.418431658282625475e-19 4.432245438866578493e-21
3.513558043800645100e+04 1.465640614215793776e-19 3.589522739035137931e-21
3.515358581218410109e+04 2.334049342234460856e-20 2.049135335205518787e-21
3.517159114386620058e+04 1.120400925096372899e-20 1.855226036625758199e-21
3.518959643300073367e+04 6.033253143723451929e-21 1.953184443783334572e-21
3.520760167953518976e+04 1.094870675037820452e-20 2.064771068303599726e-21
3.522560688341737841e+04 3.004046102398194323e-20 2.270345679685758228e-21
3.524361204459243891e+04 2.032205175193261184e-20 2.083900316279846005e-21
3.526161716300699482e+04 1.110859788644134387e-20 1.940763103922943433e-21
3.527962223861126404e+04 5.867914917094512022e-21 1.822905854331723776e-21
3.529762727134807938e+04 9.220374220012111557e-21 1.887074169339937075e-21
3.531563226116862643e+04 2.253978555360132898e-21 1.910196376718361280e-21
3.533363720801591262e+04 4.859601210387505323e-21 1.660349086592945176e-21
3.535164211184058513e+04 1.301935102674170861e-20 1.806888183544094544e-21
3.536964697258819797e+04 5.668871146858763726e-21 1.846973428749000083e-21
3.538765179020740470e+04 4.186794469094554817e-21 1.914637210302838877e-21
3.540565656464305357e+04 5.413622448632485964e-21 1.883509480442477073e-21
3.542366129584339069e+04 5.621802167220395659e-21 1.958172401163362423e-21
3.544166598375683679e+04 9.503066673790387725e-21 1.775377164290071082e-21
3.545967062833119417e+04 7.132547664359860344e-21 1.826986282916252051e-21
3.547767522951188585e+04 7.675074191018366598e-21 1.776835418909707191e-21
3.549567978724706336e+04 4.414675364898890226e-21 1.680054373919422796e-21
3.551368430148467451e+04 2.405082116613103963e-21 1.890984794269183309e-21
3.553168877217215777e+04 5.286938725311703863e-21 1.680595837240641438e-21
3.554969319925711898e+04 5.156990972777724960e-21 1.921314707637664966e-21
3.556769758268773876e+04 6.816420421872515117e-21 1.812102084099355213e-21
3.558570192241029872e+04 6.993725220479491980e-21 1.921470398384028080e-21
3.560370621837323415e+04 8.921891461679980473e-21 1.970469544145499417e-21
3.562171047052350332e+04 3.954838220390199280e-21 1.880644011558036862e-21
3.563971467881218268e+04 4.376832263130249437e-21 1.898202671868068497e-21
3.565771884318240336e+04 3.886009799561420782e-21 1.761975295089439207e-21
3.567572296358555468e+04 5.636387975972376817e-21 1.847182982791335400e-21
3.569372703996601194e+04 9.827744146089580084e-21 1.786484553523764309e-21
3.571173107227585569e+04 2.563168928747546822e-21 1.888354841086043190e-21
3.572973506046078546e+04 5.807853000517512417e-21 1.764549767788103108e-21
3.574773900446938205e+04 1.015701733396236954e-20 1.797816363737580549e-21
3.576574290424867650e+04 7.401887520200369385e-21 1.711918378559936282e-21
3.578374675974618003e+04 3.822955665254603983e-21 1.615138577775353425e-21
3.580175057091328927e+04 8.040108981683327276e-21 1.753610312902094671e-21
3.581975433769491065e+04 6.488318961050525015e-21 1.867776775481558649e-21
3.583807694616719527e+04 2.232932109071798585e-21 1.925007620829018473e-21
3.585608064445757191e+04 6.420840458984702926e-21 1.887406869019643534e-21
3.587408429821811296e+04 6.393498422645746040e-21 1.827524779650438593e-21
3.589208790738399694e+04 9.100232450225829845e-21 1.887035742023336405e-21
3.591009147190170188e+04 4.162247703891785480e-21 1.825804158819866591e-21
3.592809499172041978e+04 1.878181494168848838e-20 2.084047009580729168e-21
3.594609846678692702e+04 2.968635613934552729e-20 2.181564372181298361e-21
3.596410189705235098e+04 1.310518154904102135e-20 2.088348549438407724e-21
3.598210528246330796e+04 9.207621630381073663e-21 1.841235644291462141e-21
3.600010862296821870e+04 1.517093611927678926e-20 2.179283851903531804e-21
3.601811191851769399e+04 2.978406198107319955e-20 2.310376423372304819e-21
3.603611516905701137e+04 1.251824067706929855e-20 2.077182769869111336e-21
3.605411837453846965e+04 8.344981874452266007e-21 1.967420340856925411e-21
3.607212153490787023e+04 7.271833547367911420e-21 1.926537327520380183e-21
3.609012465011500899e+04 7.293094278515770004e-21 2.003619747513539659e-21
3.610812772010813205e+04 3.741159518364853962e-21 1.908934425297949032e-21
3.612613074483686069e+04 1.210455575166786497e-20 2.059502272696412759e-21
3.614413372424999397e+04 8.817085673921376823e-21 1.826879226417733172e-21
3.616213665829555976e+04 4.347407015484835788e-21 1.762974718927088697e-21
3.618013954692335392e+04 9.805860123817198675e-21 1.854401588237577902e-21
3.619814239008080767e+04 9.806414405184046456e-21 1.949371301960481221e-21
3.621614518771921576e+04 3.722668786607245042e-21 1.910555345648268402e-21
3.623414793978435773e+04 2.108591553597310460e-21 1.749615890523240308e-21
3.625215064622860518e+04 5.877093599202411432e-21 1.649139969505068701e-21
3.627015330699944752e+04 8.343304393944342068e-21 1.686531900340137917e-21
3.628815592204556742e+04 8.081656977728458961e-21 1.831749157868854553e-21
3.630615849131708819e+04 8.591586132028895217e-21 1.864268018541281882e-21
3.632416101476184122e+04 7.404560605353025873e-21 1.911029383617577738e-21
3.634216349233116489e+04 6.905955283151634254e-21 1.896339581805446373e-21
3.636016592397161003e+04 3.151306665743495628e-21 1.804055948044245300e-21
3.637816830963475513e+04 1.661507244913386240e-21 1.712221613559325146e-21
3.639617064926869352e+04 7.550940231224115286e-21 1.865961599157237222e-21
3.641417294282293005e+04 4.638997379244351773e-21 1.803348724537160355e-21
3.643217519024754438e+04 4.377882874718014980e-21 2.001977373277062362e-21
3.645017739149134286e+04 1.871731820477878578e-21 1.881812372479846167e-21
3.646817954650349566e+04 6.194220613512234912e-21 1.802046362214827342e-21
3.648618165523421339e+04 7.781462017580688216e-21 1.856772455276128778e-21
3.650418371763175674e+04 7.809150622334212667e-21 1.885251090746435862e-21
3.652218573364835174e+04 1.754461108981823413e-21 1.700846774178216033e-21
3.654018770556682284e+04 1.208143095595413718e-20 1.893508318639152469e-21
3.655818989234101900e+04 6.690200587470735121e-21 1.930342478454165080e-21
3.657619225650368026e+04 3.092431979204305017e-21 1.759022999379387076e-21
3.659419457605405478e+04 2.259510468485047118e-21 1.755258248688294772e-21
3.661219684896725084e+04 7.607233507774254838e-21 1.678257231039584003e-21
3.663019907518960827e+04 1.513316246855988056e-20 1.654390885977685930e-21
3.664820125467469916e+04 5.539587710295130127e-21 1.693547214308214980e-21
3.666620338737187558e+04 3.544069239226135016e-21 1.862090942977151382e-21
3.668420547322771017e+04 9.829723840193500989e-21 1.817296615929766842e-21
3.670220751219746307e+04 8.360752114138284423e-21 1.623696558610949620e-21
3.672020950422505848e+04 7.439442096563625124e-21 1.835721461708856490e-21
3.673821144926497800e+04 5.635316155626083470e-21 1.822894084602182937e-21
3.675621334726519854e+04 6.053740266158302793e-21 1.858074606656240902e-21
3.677421519817691296e+04 5.444357209568252893e-21 1.753825359360704058e-21
3.679221700194947334e+04 5.227171942534694939e-21 1.835160904060456970e-21
3.681021875853268284e+04 8.600667098904673518e-21 1.741756408414963265e-21
3.682822046787840372e+04 4.226291043087925692e-21 1.886282418128288059e-21
3.684622212993369612e+04 1.202870494352489060e-20 1.950056414630383832e-21
3.686422374465248140e+04 3.119526412752625032e-21 1.774251649872048262e-21
3.688222531198164506e+04 7.418796863415830016e-21 1.915228109336175286e-21
3.690022683187330404e+04 6.770408629856736353e-21 1.901115428263305818e-21
3.691822830427843292e+04 6.159941424420358525e-21 1.808302041183753074e-21
3.693622972914441198e+04 3.480936255837145440e-21 1.623340711290324658e-21
3.695423110642440588e+04 8.267678675895212224e-21 1.586106811957005229e-21
3.697223243606846518e+04 7.885302155944164549e-21 1.785478177203799667e-21
3.699023371802503243e+04 5.399842599598425425e-21 1.808889741976740965e-21
3.700823495224911312e+04 1.702387549185346484e-21 1.780884689671161597e-21
3.702623613868466055e+04 3.892079905543742105e-21 1.810409884849736064e-21
3.704423727728777885e+04 9.103282925993574741e-21 1.938350354800501730e-21
3.706223836800685967e+04 8.386725426837252319e-21 1.872952102674223443e-21
3.708023941079134238e+04 1.755255137014272245e-21 1.760678098652051647e-21
3.709824040559615241e+04 2.824608533028577936e-21 1.900878632326630834e-21
3.711624135236554866e+04 9.147403077737152330e-21 1.648992781063493093e-21
3.713424225105564983e+04 4.799338740136533796e-21 1.745596188701555931e-21
3.715224310161578614e+04 9.985266950008520905e-21 1.913143827182229594e-21
3.717024390399387630e+04 4.465081021630481859e-21 1.787285601488470879e-21
3.718824465814641735e+04 2.493667784971200199e-21 1.814470112052262041e-21
3.720624536401901423e+04 6.070493526893921817e-21 1.837025651839362146e-21
3.722424602156335459e+04 1.001566319916815699e-20 1.811097638422981541e-21
3.724224663073454576e+04 1.113288218434891304e-20 1.917086001021396460e-21
3.726024719147747237e+04 7.111923644367047991e-21 1.755367645727732037e-21
3.727824770374754735e+04 9.937463086739393784e-21 1.478676879187041984e-21
3.729624816749377351e+04 7.499160712158656968e-21 1.446753409701125829e-21
3.731424858266877709e+04 3.443444398632087819e-21 1.541007140773765666e-21
3.733224894922170643e+04 4.300171676210623291e-21 1.857328850934273397e-21
3.735024926710344153e+04 5.595462524988831316e-21 1.722207679287626542e-21
3.736824953626831120e+04 1.202900640131537851e-20 1.858255095704748213e-21
3.738624975666435057e+04 5.793206310879061354e-21 1.703945725228479674e-21
3.740424992824447691e+04 3.482762073620304519e-21 1.763389811338493775e-21
3.742225005095928645e+04 1.659573360396523220e-22 1.715799769410728538e-21
3.744025012476056145e+04 6.790354754853303229e-21 1.820500935887425331e-21
3.745825014959758118e+04 6.908225058028786475e-21 1.774281754430670931e-21
3.747625012542523473e+04 6.706302704904815489e-21 1.702833383351226776e-21
3.749425005217604485e+04 6.239052495376051469e-21 1.826621057610555846e-21
3.751224992819490581e+04 2.650023674381252672e-21 1.831736581190987768e-21
3.753057055526537442e+04 7.784325206407997437e-21 1.802479419733569705e-21
3.754857035458499740e+04 6.148994431010972402e-21 1.723447448343584384e-21
3.756657010464675841e+04 6.660734060629774135e-21 1.753691516760588308e-21
3.758456980540170480e+04 5.103006733908997504e-22 1.702822835102501981e-21
3.760256945680088393e+04 3.873704309320736960e-21 1.841333963182131328e-21
3.762056905879767146e+04 2.589756732352830738e-21 1.771042568564491509e-21
3.763856861134008795e+04 1.801273851177461518e-21 1.790931119772472319e-21
3.765656811438266595e+04 1.079277429639485447e-20 1.802874828624287612e-21
3.767456756787814084e+04 6.919744214219361916e-21 1.905387675745657892e-21
3.769256697177563183e+04 7.539056829288101646e-21 1.751390957764587585e-21
3.771056632602747413e+04 5.633175591418199151e-21 1.760301264570142909e-21
3.772856563058584288e+04 5.559226012108362390e-21 1.828092736760026254e-21
3.774656488540110149e+04 8.814095295073840735e-21 1.755738438394998242e-21
3.776456409042925225e+04 3.161242273186350745e-21 1.828019076636101326e-21
3.778256324561843212e+04 6.781877483034347855e-21 1.723881824729434993e-21
3.780056235092073621e+04 3.535416199242884369e-21 1.689210862572110198e-21
3.781856140629063884e+04 3.486118807786901910e-21 1.647467733286773670e-21
3.783656041167753574e+04 6.724326641162514249e-21 1.766656816316217462e-21
3.785455936703444604e+04 7.651452525824081415e-21 1.768316561027650688e-21
3.787255827231319563e+04 9.048833452512794084e-21 1.682247782013169617e-21
3.789055712746526115e+04 6.133235730974705301e-21 1.719897477959892930e-21
3.790855593244516785e+04 2.288441758538171805e-21 1.806360569783992863e-21
3.792655468720346107e+04 7.057406130863438447e-21 1.719193800474215860e-21
3.794455339169019862e+04 2.652123237248602994e-21 1.724992568402917930e-21
3.796255204586038599e+04 4.635347045064565111e-21 1.702020542089130511e-21
3.798055064966592181e+04 1.012920616677918020e-20 1.760233635836421109e-21
3.799854920305710402e+04 6.037658212131538227e-21 1.807995577216474495e-21
3.801654770599098993e+04 1.124345777109428359e-20 1.793822904519109176e-21
3.803454615841461055e+04 2.310327851860902160e-21 1.669893159169637864e-21
3.805254456028092682e+04 4.152127082196313167e-21 1.665224713974492344e-21
3.807054291154586826e+04 5.820910938234582255e-21 1.639813024884094266e-21
3.808854121215824853e+04 6.991943202260545828e-21 1.665534373821774370e-21
3.810653946207364788e+04 4.501386085477682564e-21 1.793913600370488917e-21
3.812453766124293907e+04 6.288273003819764348e-21 1.700126287249265233e-21
3.814253580961607076e+04 6.401523267940474558e-21 1.750531867596355621e-21
3.816053390715026762e+04 5.498803795775598014e-21 1.609823408796856031e-21
3.817853195379599492e+04 1.369558509696620847e-20 1.868255335705791189e-21
3.819652994950269203e+04 1.054723132773638184e-20 1.787896889112036685e-21
3.821452789422917704e+04 3.557657010707903833e-21 1.739151772220576176e-21
3.823252578792363056e+04 6.680855700744212294e-21 1.737472328212136317e-21
3.825052363054123271e+04 6.508589745549595951e-21 1.738610469117854794e-21
3.826852142203363474e+04 5.485711006222716786e-21 1.730669838696619366e-21
3.828651916235257522e+04 7.940000453054711365e-21 1.718237273963369083e-21
3.830451685145165538e+04 6.782795562927082423e-21 1.675343809842938796e-21
3.832251448928567697e+04 2.126325312766001073e-21 1.639339895798504714e-21
3.834051207580247137e+04 2.195370240834128348e-21 1.677078523130809622e-21
3.835850961095922685e+04 2.523730192630954265e-21 1.679200307886967145e-21
3.837650709470876609e+04 7.480483977045905800e-21 1.729332208050567503e-21
3.839450452700279857e+04 5.966920724156915768e-21 1.673150058379618661e-21
3.841250190779198601e+04 8.458831956164270022e-21 1.725801893235194539e-21
3.843049923703501554e+04 1.495002102089032792e-21 1.665947166233905099e-21
3.844849651467847434e+04 5.475110075236230784e-21 1.711736571184277378e-21
3.846649374068074394e+04 4.962953284628127465e-21 1.712285505446644936e-21
3.848449091499260976e+04 5.401650911574322853e-21 1.686263682306155175e-21
3.850248803756482812e+04 5.579561209631504069e-21 1.489373895757458666e-21
3.852048510835520574e+04 1.197288356828065425e-20 1.769251445541805232e-21
3.853848212731583044e+04 1.197329301011228684e-21 1.548683220659986896e-21
3.855647909439556679e+04 6.034757435904925475e-21 1.734525419425293903e-21
3.857447600955286180e+04 4.212918220751043253e-21 1.666237732759121625e-21
3.859247287273861730e+04 1.146956110351170525e-20 1.804441164298681498e-21
3.861046968390436086e+04 2.069793522112067171e-21 1.761835161313025623e-21
3.862846644300765911e+04 1.239556592744686253e-21 1.677363974602275354e-21
3.864646315000078175e+04 4.967462515757922946e-21 1.597020523073770344e-21
3.866445980483265157e+04 4.611006471524050944e-21 1.736500465769233758e-21
3.868245640746182471e+04 5.323508289088828470e-21 1.605348677633032279e-21
3.870045295783993788e+04 5.363777572248659151e-21 1.648712609208093983e-21
3.871844945591936994e+04 8.823020537038706541e-21 1.713668226228509134e-21
3.873644590165575210e+04 4.964111678672699749e-21 1.777813342870770705e-21
3.875444229500147776e+04 1.060103468787952634e-20 1.991763519662121018e-21
3.877243863590859837e+04 6.975036802480834674e-21 1.703593441063722080e-21
3.879043492433330539e+04 3.753132249078872225e-21 1.830768995201958078e-21
3.880843116022810864e+04 2.932008102716919004e-21 1.785805052127284807e-21
3.882642734354663844e+04 5.314054203672374133e-21 1.723924210738870666e-21
3.884442347424144828e+04 2.716248112116484759e-21 1.665050788428156343e-21
3.886241955226903519e+04 6.649862335754724681e-21 1.750747235234270856e-21
3.888041557757917326e+04 2.075752293211444946e-21 1.725812700050957938e-21
3.889841155013321986e+04 7.491429306896606723e-21 1.800035442879364431e-21
3.891640766532113776e+04 4.282270543496469827e-21 1.504361770474416857e-21
3.893440372901819501e+04 5.877483210352054867e-21 1.501644552952083367e-21
3.895239973981087678e+04 1.079177596126316295e-20 1.752060449542299508e-21
3.897039569765868509e+04 9.229327192860298274e-21 1.739826441457749398e-21
3.898839160251129215e+04 7.730181671136727530e-21 1.757273196810030603e-21
3.900638745432155702e+04 7.540124528480196939e-21 1.741905781799570436e-21
3.902438325304880709e+04 1.183962499704265739e-20 1.764218530691741015e-21
3.904237899864246720e+04 3.355213723314474724e-21 1.645891086858020705e-21
3.906037469105644414e+04 4.533111428170623119e-21 1.571950201401624923e-21
3.907837033024720586e+04 1.955003346951103630e-21 1.796492378415045055e-21
3.909636591616880469e+04 1.250981836350403341e-21 1.660185133477135039e-21
3.911436144877097831e+04 5.912910122659050669e-21 1.647754254295550540e-21
3.913235692801429832e+04 7.135665918997454275e-21 1.877283312984629495e-21
3.915035235384813132e+04 1.200179948244069226e-20 1.797546723454862267e-21
3.916834772622711898e+04 8.317312570800937234e-21 1.883018418254488354e-21
3.918634304510864604e+04 9.059273623298945292e-21 1.849316899617070818e-21
3.920433831044483668e+04 7.399432753163605903e-21 1.808010649416756937e-21
3.922233352218655637e+04 1.060506963715045327e-20 1.817760123345153610e-21
3.924032868029436213e+04 4.713431357726036993e-21 1.572155775121875896e-21
3.925832378471834090e+04 6.281498857282291772e-21 1.751486660274643342e-21
3.927631883541402203e+04 7.501802451042327152e-21 1.860198651048235748e-21
3.929431383233472297e+04 1.014225276890606778e-20 1.768122579735471959e-21
3.931230877543804672e+04 4.363585401740588194e-21 1.696516681434612448e-21
3.933030366467503336e+04 8.352205014031501579e-21 1.749879287497737716e-21
3.934829849999981525e+04 4.208726540658727801e-21 1.621984307478900391e-21
3.936629328137057018e+04 4.835014430196558137e-21 1.673707443986605519e-21
3.938428800873844011e+04 5.776794647006021858e-21 1.806445821948830532e-21
3.940228268205796485e+04 7.993346227293825292e-21 1.817225488850037250e-21
3.942027730128693656e+04 5.793829963418581097e-21 1.813954841538972065e-21
3.943827186637744308e+04 4.450096267631824745e-21 1.820204343371840223e-21
3.945626637728312926e+04 6.955826890737907656e-21 1.775653156929719309e-21
3.947426083395875321e+04 6.337780620056809285e-21 1.707346083936891096e-21
3.949225523636228900e+04 4.440467261071294819e-21 1.849359405987106409e-21
3.951024958444398362e+04 4.206420627252744313e-21 1.784785449071309299e-21
3.952824387816176022e+04 4.566742546728434867e-21 1.772927550229923892e-21
3.954623811747003492e+04 4.866955324165891882e-21 1.819537012591142814e-21
3.956423230232175410e+04 3.473979385014954066e-21 1.882411744896344244e-21
3.958222643267277454e+04 9.544008799742366246e-21 1.757064491585600927e-21
3.960022050847790524e+04 8.677067661661754169e-21 1.848537483198173303e-21
3.961821452969419624e+04 9.909227168638387207e-21 1.747268729654141117e-21
3.963620849627071584e+04 5.708346629603796542e-21 1.755092997490264375e-21
3.965420240816681326e+04 8.467258295569413255e-21 1.711695984305346091e-21
3.967219626533761038e+04 2.312828105049321135e-21 1.647957920618227665e-21
3.969019006773582078e+04 6.308476507361597252e-21 1.664462719698655641e-21
3.970818381531751947e+04 5.381110998696439254e-21 1.708781648848981066e-21
3.972617750803769741e+04 9.471706044519833922e-21 1.794669669944886159e-21
3.974417114585205127e+04 7.754533227626333421e-21 1.788489210557850484e-21
3.976216472871156293e+04 4.498832067767931190e-21 1.767537803025656274e-21
3.978015825657906680e+04 -1.364529378920244637e-22 1.711371825180659914e-21
3.979815172940414050e+04 4.808000984481752290e-21 1.680160565071024970e-21
3.981614514714299730e+04 5.428226925439701956e-21 1.617894999639607375e-21
3.983413850974741945e+04 6.403068778701588120e-21 1.897917848066298555e-21
3.985213181717884436e+04 -1.307272415565331124e-21 1.967247539024534448e-21
3.987012506939067680e+04 2.884833087008122876e-21 1.590463329939481403e-21
3.988811826633367309e+04 4.980104614008731316e-21 1.625789100958952176e-21
3.990611140796864493e+04 8.561978305332410129e-21 1.683417805031533657e-21
3.992410449424752005e+04 3.637312795714407484e-21 1.773064137118313789e-21
3.994209752512768318e+04 2.070088176430377869e-21 1.836865682001325115e-21
3.996009050056093838e+04 5.793274221389507454e-21 1.819277894364971905e-21
3.997808342050739157e+04 3.633553505234453160e-21 1.605394535786800704e-21
3.999607628492018557e+04 4.062056777953203700e-21 1.652258774607368890e-21
4.001406909375246323e+04 -9.101426282003574598e-22 1.778163274066310890e-21
4.003206184696416312e+04 3.994615126565522103e-21 1.699439273003085253e-21
4.005005454450826073e+04 7.476875664654372263e-21 1.659011306005957385e-21
4.006804718634126766e+04 4.424977250882717166e-21 1.639617045589770554e-21
4.008603977241451503e+04 3.277397750052801502e-21 1.804449896040640970e-21
4.010403230268794141e+04 4.407851435994972738e-21 1.793595449086209219e-21
4.012202477711713436e+04 9.546860675089315674e-21 1.916816024817847503e-21
4.014001719565650274e+04 3.962830187832212851e-21 1.767280152696204880e-21
4.015800955826037534e+04 4.310661253331757100e-21 1.823237333907438939e-21
4.017600186488652980e+04 2.875753544981384774e-21 1.824143242630480044e-21
4.019399411548971693e+04 7.202223334914548903e-22 1.742516836748981032e-21
4.021198631002452021e+04 1.217530027075543467e-20 1.866516201494472215e-21
4.022997844844772044e+04 8.674554860737855735e-21 1.819191528188902005e-21
4.024797053071730625e+04 7.136305326182555067e-21 1.817796040428269444e-21
4.026596255678653688e+04 5.324368673657819338e-21 1.879547472863239579e-21
4.028427826674560492e+04 2.009625678446661745e-21 1.852386237534801650e-21
4.030227019819571433e+04 2.535747110700922563e-21 1.809578733436919472e-21
4.032026207479521690e+04 5.043908991978224752e-21 1.829865791976117156e-21
4.033825389502783946e+04 5.388962772022257613e-21 1.780943666652749852e-21
4.035624565883475589e+04 5.562885147036164514e-21 1.776207164448094025e-21
4.037423736617396935e+04 8.661058828750575216e-21 1.802406269886665086e-21
4.039222901700025250e+04 9.316229653316724998e-21 1.851056834240381846e-21
4.041022061127071356e+04 6.321659611215676381e-21 1.769809498973389762e-21
4.042821214893686556e+04 1.539062727987200748e-21 1.874163889423826057e-21
4.044620362996018957e+04 4.723983237264722839e-22 1.761532874735624182e-21
4.046419505429462151e+04 7.511406667901370584e-21 1.857294239020855313e-21
4.048218642189724778e+04 8.762800704074009994e-21 1.929156866770274541e-21
4.050017773271849001e+04 5.566592631560562404e-21 1.784150206510397175e-21
4.051816898672445677e+04 4.193104630240934415e-21 1.797773338977661744e-21
4.053616018386355427e+04 3.255970025146247349e-21 1.636867235548614010e-21
4.055415132409178477e+04 1.102880804322834737e-20 1.522447148231021923e-21
4.057214240736985812e+04 1.061032211716707769e-20 1.676283173353489655e-21
4.059013343365181936e+04 6.127893334522889171e-21 1.663443422886579818e-21
4.060812440289471124e+04 3.217045923069592054e-21 1.617283518990223904e-21
4.062611531505164021e+04 6.142197427382868012e-21 1.734654848919185136e-21
4.064410617008211557e+04 8.751000639809608580e-22 1.580127525772377051e-21
4.066209696794121555e+04 9.090684633529624341e-22 1.612441422817090256e-21
4.068008770858643402e+04 4.862425581662234687e-21 1.682464705523975965e-21
4.069807839197084104e+04 8.098760708422998696e-21 1.788244122089855476e-21
4.071606901805291272e+04 7.418456256799391237e-21 1.741477678717565325e-21
4.073405958679112518e+04 1.076920639740118245e-20 1.914488989072205558e-21
4.075205009813981451e+04 6.399729878695549469e-21 1.949448436193696010e-21
4.077004055205304758e+04 6.893465932363065503e-21 1.886737835325509771e-21
4.078803094849061017e+04 4.534843686161982474e-21 1.758498958753459940e-21
4.080602128740794433e+04 9.017605472087667195e-21 1.713042675342334415e-21
4.082401156876262394e+04 3.076388231158945419e-21 1.616796941430380736e-21
4.084200179250763904e+04 1.225954633869875159e-21 1.754357487927890776e-21
4.085999195860189502e+04 3.759028363981634295e-21 1.815019111369551534e-21
4.087798206700417359e+04 5.732943323369823991e-21 1.857158611412195864e-21
4.089597211766865803e+04 4.840610689835712372e-21 1.793859995008862130e-21
4.091396211055098684e+04 4.325280104325860961e-21 1.798173110779645732e-21
4.093195204560776619e+04 3.886684532212425016e-21 1.630589303616637884e-21
4.094994192279782874e+04 5.351052637294160245e-21 1.824037549374625513e-21
4.096793174207775883e+04 4.579449716637560909e-21 1.836898535709613295e-21
4.098592150340431544e+04 1.629577248707133723e-21 1.834323457196099306e-21
4.100391120672749821e+04 -4.907268211159616640e-23 1.727186593173722487e-21
4.102190085201289185e+04 3.894742306778707247e-21 1.813800115428815881e-21
4.103989043921625853e+04 8.087343964515435407e-21 1.648858792084625077e-21
4.105787996829096664e+04 5.316837065120118234e-21 1.563080734611139920e-21
4.107586943919043551e+04 3.790467307628178599e-21 1.743971927034288992e-21
4.109385885188036627e+04 7.197385909855298794e-21 1.716575010449919487e-21
4.111184820631437469e+04 9.542677278814682303e-22 1.734673641114040880e-21
4.112983750244691328e+04 1.105434893144994141e-20 1.877898114004773848e-21
4.114782674023383879e+04 4.949067331314432251e-21 1.848578825578991539e-21
4.116581591963431856e+04 4.111498519122043883e-21 1.855206317366520417e-21
4.118380504060754902e+04 3.627628250568892344e-22 1.731065459967428495e-21
4.120179410310807725e+04 1.870012916235395478e-21 1.739611701424967477e-21
4.121978310709296784e+04 4.586960657987422821e-21 1.789179578661912360e-21
4.123777205226513615e+04 1.321087087507822746e-21 1.707531830098668410e-21
4.125576091088527755e+04 4.594526534996743876e-21 1.843259492775660256e-21
4.127374966877162660e+04 5.874332273010567579e-21 1.796718452621497539e-21
4.129173836758717516e+04 8.519709864072326054e-21 1.734376771412439401e-21
4.130972700766960770e+04 1.898978695404945169e-21 1.855413359867004684e-21
4.132771558897811337e+04 4.808020569762933963e-21 1.797064096022576523e-21
4.134570411147554114e+04 4.040356287330086828e-21 1.639104596673195658e-21
4.136369257511461183e+04 6.640020392487006413e-21 1.763316128454897372e-21
4.138168097985113855e+04 3.087046747389539827e-21 1.775970800131404717e-21
4.139966932564023591e+04 2.865580381083936412e-22 1.735794667122339470e-21
4.141765761244582973e+04 4.047719737072818369e-21 1.748362923246964258e-21
4.143564584022183408e+04 6.149508561719741029e-21 1.851458275223960365e-21
4.145363400892527716e+04 6.316805480894503815e-21 1.657702554723474435e-21
4.147162211851465690e+04 1.186947864989240902e-20 1.826191151343990899e-21
4.148961016893956548e+04 9.568277806430248163e-21 1.805146482038489472e-21
4.150759816017156845e+04 1.088932899417360739e-20 1.721541054124308901e-21
4.152558609215816250e+04 6.040759321143702006e-21 1.717101170147796606e-21
4.154357396485887875e+04 1.113548501458293847e-20 2.039287854479896501e-21
4.156156177822886093e+04 -1.295235444454104742e-22 1.693998604337738242e-21
4.157954953222873883e+04 9.477793886129065946e-22 1.829856570302624444e-21
4.159753722681603540e+04 5.952229311419445943e-21 1.898047391862198159e-21
4.161552486194821540e+04 6.862100242878050878e-21 1.770917246444349033e-21
4.163351243758029887e+04 4.375412320569764572e-21 1.815560654340124415e-21
4.165149995366656367e+04 8.930535829161137006e-22 1.736809983664896988e-21
4.166948741017455177e+04 9.359782847227691647e-21 1.889719684224374935e-21
4.168747480705515045e+04 3.230835907502737417e-21 1.866975630140787242e-21
4.170546214426801453e+04 3.534577814230921889e-21 1.801725146795322975e-21
4.172344942176948825e+04 5.172135719727152283e-21 1.924284847187506594e-21
4.174143663951172493e+04 6.682169469517047087e-21 1.766226646723916742e-21
4.175942379746338702e+04 6.494786808071318678e-21 1.843962683150494751e-21
4.177741089557542000e+04 7.196121522268827925e-21 1.830870656307761981e-21
4.179539793380664196e+04 5.726413758557841649e-21 1.815097901663950319e-21
4.181338491211686778e+04 7.609484373611675949e-21 1.917919429048225919e-21
4.183137183045488200e+04 3.581636479517924746e-21 1.761382639545260110e-21
4.184935868878939073e+04 1.793705058425810486e-21 1.677836669299180210e-21
4.186734548707497015e+04 2.506794640617392802e-21 1.896606196490811339e-21
4.188533222526707686e+04 6.963608868474524467e-21 1.830840949913337386e-21
4.190331890332663170e+04 3.647044134966047092e-21 1.825515836274216557e-21
4.192130552120259381e+04 3.154266233571857525e-21 1.760638725237453879e-21
4.193929207886400400e+04 3.491738128725667803e-21 1.747180113293257186e-21
4.195727857626531477e+04 -4.920719491999946867e-22 1.884688874489543298e-21
4.197526501336206275e+04 3.779776065573086858e-21 1.802892318095180656e-21
4.199325139011536521e+04 4.668281139022311996e-21 1.682551475786581774e-21
4.201123770647535275e+04 9.057894684601054605e-22 1.708257338665593407e-21
4.202922396240774106e+04 -1.358225921133148919e-21 1.602095564992197603e-21
4.204721015787041688e+04 -3.324110157662140703e-21 1.637355694236310285e-21
4.206519629281913512e+04 3.677856100122936674e-21 1.717244760317124776e-21
4.208318236721181893e+04 4.475242312614391840e-21 1.717387500650969054e-21
4.210116838100305176e+04 2.636325318628975995e-21 1.760898475055497410e-21
4.211915433415519510e+04 8.101886340527726254e-21 1.865420997576224272e-21
4.213714022662642674e+04 1.721004366434907847e-21 1.742988811623867368e-21
4.215512605837472802e+04 6.207955428284616625e-21 1.798915136556165788e-21
4.217311182935699617e+04 6.984729985396010687e-21 2.101179349119083951e-21
4.219109753953121981e+04 2.361296277639530584e-21 1.813932967079260712e-21
4.220908318885102926e+04 4.813391236247928119e-21 1.665353613841973186e-21
4.222706877728361724e+04 6.620431298956598027e-21 1.660498048127791256e-21
4.224505430478256312e+04 2.602658720698521218e-21 1.792395485753367565e-21
4.226303977130362910e+04 2.367332094075020939e-21 1.834968921272966996e-21
4.228102517681067548e+04 2.270968501878548515e-21 1.833607722715168735e-21
4.229901052125403658e+04 6.838185303661844568e-21 1.785283843026740401e-21
4.231699580459743447e+04 7.265665570873940077e-21 1.805686984964140876e-21
4.233498102680025477e+04 2.539189473337808295e-21 1.872403038038739648e-21
4.235296618781855068e+04 1.974879568013084302e-21 1.749647091926762516e-21
4.237095128761055093e+04 7.745202988373398828e-21 1.795301929737627907e-21
4.238893632613558293e+04 5.864286587657939279e-21 1.717139186096281923e-21
4.240692130334395188e+04 1.494515606901376598e-21 1.799058575678736640e-21
4.242490621920533158e+04 5.846169494985274342e-21 1.878551070473321958e-21
4.244289107367587712e+04 5.164406923123201323e-21 1.748590933378208921e-21
4.246087586670819292e+04 3.975852092683192178e-22 1.543478209378707228e-21
4.247886059826848941e+04 4.013648919224197693e-21 1.722701919686780987e-21
4.249684526830728282e+04 2.891448124343219217e-21 1.874415211740752758e-21
4.251482987678411155e+04 7.221295849152850761e-21 1.910061391873723661e-21
4.253281442366195552e+04 1.092562757905131955e-20 1.819573078284248526e-21
4.255079890889799572e+04 4.064409782732817967e-21 1.730458321602138161e-21
4.256878333244845271e+04 -4.216834018484697612e-22 1.820349380263890979e-21
4.258676769427640102e+04 -1.835717739096713481e-22 1.560469022490849732e-21
4.260475199433456146e+04 6.213354002546064206e-21 1.800016344103796204e-21
4.262273623257679719e+04 7.832249921062257432e-21 1.783603755854951431e-21
4.264072040897650004e+04 4.509463754239970940e-21 1.728005767286912163e-21
4.265870452348324034e+04 5.741542897594968909e-21 1.763379824733125400e-21
4.267668857605546509e+04 5.889027406537582676e-21 1.851172381581203016e-21
4.269467256665514287e+04 1.232933726103430697e-20 1.877144632461249721e-21
4.271265649523732282e+04 4.168907514427603102e-22 1.893823971363347643e-21
4.273064036175848014e+04 1.774441286742700502e-21 1.768056774938165272e-21
4.274862416618290445e+04 -1.767432754666992232e-21 1.841031425858300337e-21
4.276660790846921736e+04 7.032749441520112833e-21 1.887946194344005345e-21
4.278459158857149305e+04 2.855456587130406323e-21 1.926855513975966570e-21
4.280257520645188197e+04 3.905613457269146670e-21 1.938284585315581743e-21
4.282055876206905668e+04 8.850278385310661483e-21 1.938010002182614419e-21
4.283854225537941966e+04 3.295889360429960043e-21 1.736266034647634494e-21
4.285652568633711780e+04 4.940670516698128442e-21 1.794621491102617129e-21
4.287450905491336016e+04 4.054653326011061214e-21 1.873083147691127139e-21
4.289249236105798627e+04 7.366994599475558746e-21 1.776802828258735821e-21
4.291047560473424528e+04 5.416708450317127543e-21 1.580450425328719190e-21
4.292845878589855420e+04 2.999068194875653194e-21 1.703466451480747773e-21
4.294644190450976021e+04 -1.152550901841917790e-22 1.769148342555052705e-21
4.296442496052325441e+04 5.759048805348728139e-21 1.973385227852014290e-21
4.298240795390024141e+04 -5.337195827535481622e-22 1.741550988266775848e-21
4.300039088460523635e+04 4.707768024870858894e-22 1.893826014415211666e-21
4.301837375258912652e+04 4.559279472180738394e-21 1.808675698548015260e-21
4.303635655781874812e+04 9.575916068516589571e-22 1.810967930429101086e-21
4.305433930024622532e+04 1.711823966416891631e-21 1.815130021049139230e-21
4.307232197983386868e+04 -1.500590196213215616e-21 1.836470228096260392e-21
4.309030459653594880e+04 1.724897480278786627e-21 1.715628938465480193e-21
4.310828715031378670e+04 3.239442925675494314e-21 1.810770023340068057e-21
4.312626964113325084e+04 2.710307272816687329e-21 1.783676181996727922e-21
4.314425206894309667e+04 9.041502548954233494e-21 1.877137760560968531e-21
4.316223443371141184e+04 2.092108573932255145e-21 1.739137344349802077e-21
4.318021673537689639e+04 -1.236343310556960602e-22 1.665726187478064721e-21
4.319852581312981783e+04 -2.341500031712821365e-21 1.742327271298930300e-21
4.321650800740750856e+04 1.712715503858013399e-21 1.739698364085286317e-21
4.323449013847128663e+04 -6.303629802392127177e-22 1.712440654443429134e-21
4.325247220628363721e+04 -1.119016195183895579e-21 1.786917255837409430e-21
4.327045421080008236e+04 2.698735446530352162e-21 1.792500720876018889e-21
4.328843615198345651e+04 6.627187205949747221e-21 1.894041975773993828e-21
4.330641802978934720e+04 -2.804332442537764526e-21 1.836520291914993163e-21
4.332439984418042150e+04 6.000605357649368954e-21 1.857426256811835842e-21
4.334238159510878904e+04 2.918237709619946652e-21 1.817519323527913459e-21
4.336036328254071123e+04 7.428754539188934737e-21 1.861721625109715768e-21
4.337834490643065510e+04 5.301348867210988982e-21 1.802583693966948797e-21
4.339632646674372518e+04 7.939570561374815945e-21 1.865194793332176246e-21
4.341430796343324619e+04 7.090275229040703758e-21 1.972883028181221308e-21
4.343228939646299114e+04 5.003795815853840965e-21 1.844016599449714119e-21
4.345027076578998094e+04 3.112892023038776836e-21 1.841837950560687414e-21
4.346825207137358666e+04 3.768141510766160110e-21 1.814901521551848965e-21
4.348623331317067641e+04 2.775580291743681619e-21 1.824510823303614287e-21
4.350421449114531424e+04 2.787414715514400481e-21 1.739262515077531334e-21
4.352219560524971894e+04 1.906802773225833418e-21 1.847933460796215170e-21
4.354017665545266937e+04 5.093520566945810420e-21 1.805340355731790541e-21
4.355815764170642069e+04 1.828493813000339857e-21 1.890500161553047125e-21
4.357613856397508061e+04 3.613024176689643054e-21 1.847103742772848727e-21
4.359411942220959463e+04 3.475980946028294703e-21 1.815505818460596871e-21
4.361210018387254240e+04 4.839226058924447084e-21 1.829987923147164405e-21
4.363008087034047639e+04 -1.339084313779769374e-21 1.759181925591794118e-21
4.364806149266016291e+04 5.326963879601597239e-21 1.831431357719473819e-21
4.366604205078868836e+04 6.775208922924329452e-21 2.024775335541744063e-21
4.368402254468787578e+04 6.854828984248597566e-21 1.909314548968977443e-21
4.370200297431484069e+04 8.417245988572103477e-21 1.875725462327306243e-21
4.371998333963259211e+04 1.037194847538235381e-20 1.847081305118721612e-21
4.373796364059824555e+04 2.869661596821019830e-21 1.809357763641084667e-21
4.375594387717131758e+04 1.974156229290824137e-21 1.854435131849495789e-21
4.377392404931132478e+04 -3.446686397282208168e-22 1.708389002871366213e-21
4.379190415697532444e+04 -1.549423132493284713e-21 1.673252191069185837e-21
4.380988420012760616e+04 7.033631784549967117e-21 2.013019056808112057e-21
4.382786417872548191e+04 6.418317659012199478e-21 1.912961875015286870e-21
4.384584409272496123e+04 7.503585369645630650e-22 1.886162054813862436e-21
4.386382394209040649e+04 -1.629635236028232829e-22 1.923022793909735466e-21
4.388180372678260028e+04 6.372024535937728876e-21 1.967394424806996250e-21
4.389978344675877452e+04 3.138196167788616667e-21 1.835672504454412664e-21
4.391776310197858402e+04 5.687842066907148972e-21 1.856676200187744977e-21
4.393574269240164722e+04 8.524197938020235373e-21 1.939712924374656311e-21
4.395372221798766986e+04 4.149280772967812539e-21 1.971067272657161807e-21
4.397170167869510624e+04 3.651241853730261160e-21 1.855944209089381939e-21
4.398968107448580849e+04 4.698511018086807691e-21 1.811005898293783847e-21
4.400766040531731414e+04 7.066836430839494856e-21 1.988596261578196545e-21
4.402563967115052947e+04 6.070978319806091469e-21 1.975262516607148797e-21
4.404361887194283190e+04 4.783971780697229909e-21 1.859217959744744401e-21
4.406159800765867840e+04 3.805246392960414369e-21 1.869698625974737969e-21
4.407957707825786201e+04 7.999716413423174712e-21 1.909963214805098997e-21
4.409755608369539550e+04 6.362551215057416511e-21 1.962270905514699846e-21
4.411553502393577946e+04 3.129953399749298385e-21 2.046122719076055346e-21
4.413351389893529267e+04 6.651729128548147396e-21 1.928347736308259708e-21
4.415149270865373546e+04 9.015496142286414887e-21 1.867736711269069614e-21
4.416947145305327285e+04 2.735460792074373896e-21 1.933428817234569328e-21
4.418745013209241006e+04 4.987406213891069679e-21 1.893021365796788671e-21
4.420542874573112204e+04 1.173127837256293334e-21 1.881663904343830521e-21
4.422340729392810317e+04 4.736374417276666325e-21 1.848772800674427477e-21
4.424138577664205513e+04 3.545058154871672398e-21 1.939802855778778906e-21
4.425936419383764587e+04 3.071157214808782262e-21 1.785758669874202563e-21
4.427734254547474120e+04 3.023842179326091666e-21 1.905603516977689408e-21
4.429532083150969993e+04 6.993898129880507327e-21 1.974373206415700815e-21
4.431329905190365389e+04 2.333188001812156915e-21 1.993779057971909981e-21
4.433127720661649073e+04 1.222076063328412463e-22 1.797751302200954598e-21
4.434925529560822179e+04 9.858733662251349485e-22 1.819261972105653253e-21
4.436723331883758510e+04 5.909677642414344587e-21 1.841333656407475443e-21
4.438521127626692032e+04 5.583738851389297398e-21 1.831429439066952892e-21
4.440318916785604961e+04 6.210946430972049728e-21 1.798519939089314510e-21
4.442116699356160098e+04 4.844747943036248412e-22 1.817038534299398812e-21
4.443914475334835151e+04 5.967957984776428102e-21 1.931918962698340657e-21
4.445712244717035355e+04 1.871760058690107426e-21 1.855820968482203585e-21
4.447510007499242056e+04 -2.169220810701472552e-22 1.929127700156519459e-21
4.449307763677222101e+04 4.598912112164566535e-21 2.023562987625277777e-21
4.451105513247458293e+04 5.979300244200376873e-21 1.958899988786264846e-21
4.452903256205601792e+04 5.496252090010023068e-21 1.981243810132900327e-21
4.454700992547539499e+04 7.467171390434268314e-21 1.959811400174063385e-21
4.456498722269402060e+04 3.821535115449174262e-21 1.839550069674996915e-21
4.458296445367201522e+04 1.239072188784218182e-21 1.819290626569734118e-21
4.460094161836947023e+04 7.182003359609936265e-21 1.927918226404876375e-21
4.461891871674636786e+04 6.651349759561061605e-21 1.819251246970037160e-21
4.463689574876298866e+04 2.463483231131367467e-22 1.765858655371502699e-21
4.465487271438072639e+04 4.553970532620329174e-21 1.782636971304163621e-21
4.467284961355735868e+04 6.193123396832721796e-21 1.897270476849736593e-21
4.469082644625425019e+04 7.819847265775719505e-21 1.974934265421556779e-21
4.470880321243040089e+04 7.486232176764705844e-21 1.965895734537668787e-21
4.472677991204601130e+04 3.198154496656234863e-21 1.927095882986552546e-21
4.474475654506369028e+04 3.631037561960337724e-21 1.932959348314386070e-21
4.476273311144368927e+04 4.706579269285939335e-21 1.904440269375179390e-21
4.478070961114620877e+04 2.568100163762727491e-21 1.842178187287751264e-21
4.479868604413035064e+04 1.964041422529603142e-21 1.819256265151430158e-21
4.481666241035510029e+04 6.936761698803842629e-21 1.872552758764524529e-21
4.483463870978200430e+04 6.988855616639800227e-21 1.852012841093860067e-21
4.485261494237231818e+04 4.241470768237759143e-21 1.853063375371629638e-21
4.487059110808412515e+04 6.905564882939652886e-21 1.997346459848289653e-21
4.488856720687772759e+04 7.205889853226180867e-21 1.983343569805976852e-21
4.490654323871705856e+04 7.442214752316413191e-21 1.887206592197414252e-21
4.492451920355881884e+04 3.905769288028934186e-21 1.857250410384460172e-21
4.494249510136579920e+04 6.041017680561032221e-21 1.819530700842738398e-21
4.496047093209590821e+04 4.975986304434119571e-21 1.866886423031032546e-21
4.497844669571190025e+04 7.685086619414222861e-21 1.946098929342214960e-21
4.499642239217173483e+04 8.660021091791558291e-21 1.953511538825484401e-21
4.501439802143826091e+04 5.224119464240115339e-21 1.866832219772174794e-21
4.503237358346937981e+04 4.169216323468801852e-21 1.827929660187169768e-21
4.505034907822314563e+04 -1.815752531847934046e-21 1.819569294230071252e-21
4.506832450566957414e+04 2.592196850164948600e-21 1.900854228022050381e-21
4.508629986575942894e+04 7.093955806196973369e-21 1.833900510163907118e-21
4.510427515845905873e+04 -1.804193335809524545e-21 1.796651214406159452e-21
4.512225038372541167e+04 1.587780113438170128e-21 1.993965596848253826e-21
4.514022554151895747e+04 5.948640931916355373e-22 1.863139618258621720e-21
4.515820063180382567e+04 3.185146647513079830e-21 1.971506860660268799e-21
4.517617565453678981e+04 1.602280238554717476e-21 1.965906355445594115e-21
4.519415060968081525e+04 5.455932971337836297e-21 1.965166965015192714e-21
4.521212549719515664e+04 2.705710377572364835e-21 1.965300178333398474e-21
4.523010031703909772e+04 5.555017538545306939e-21 1.857753843853775830e-21
4.524807506917558931e+04 2.514950003379191410e-21 1.971922141826652929e-21
4.526604975356398063e+04 9.469832996840756628e-22 1.906588915485547757e-21
4.528402437016355543e+04 5.433543589951422435e-21 1.900730747747483881e-21
4.530199891893725726e+04 1.534693853991559991e-20 1.849949314617945147e-21
4.531997339984446444e+04 4.666672525306120762e-21 1.998871354744948135e-21
4.533794781284334749e+04 2.966960595886470954e-21 1.895040864020804682e-21
4.535592215789918555e+04 4.756383227376476003e-21 2.013824967261086626e-21
4.537389643497015641e+04 5.174528930447271469e-21 1.982489201683360391e-21
4.539187064401571843e+04 7.383419609732024002e-21 1.977869905904084586e-21
4.540984478499893157e+04 1.176502653590679259e-21 1.938901440347373953e-21
4.542781885787792999e+04 1.414576622786318991e-21 1.766893220256238258e-21
4.544579286261580273e+04 -2.465111655199354068e-21 1.848456642454928916e-21
4.546376679917194997e+04 3.074550492345923332e-21 1.970816594428818265e-21
4.548174066750702332e+04 4.425281696211560873e-21 1.993438811330629352e-21
4.549971446758165985e+04 7.436338012581784555e-21 2.160537392319809595e-21
4.551768819935651845e+04 5.646448292825377267e-21 2.010176632146628054e-21
4.553566186279227259e+04 3.712070691340180353e-21 1.962890318363594375e-21
4.555363545784839516e+04 4.547175042262515794e-21 2.248310717376060253e-21
4.557160898448796797e+04 2.718086818767682148e-21 2.136227283251876438e-21
4.558958244266927795e+04 6.741073564067403169e-21 1.971219629720658211e-21
4.560755583235546510e+04 4.334551588584467525e-21 1.881338851943429218e-21
4.562552915350600961e+04 9.221129696944141577e-22 1.828338748999817292e-21
4.564350240608159947e+04 8.239421389641533519e-21 2.055389042548320324e-21
4.566147559004287905e+04 4.972361646863322659e-21 2.033213114897942887e-21
4.567944870534953225e+04 1.571480555317878306e-21 1.884135948938052788e-21
4.569742175196347671e+04 7.828300263734691252e-21 2.060606938902980979e-21
4.571539472984668828e+04 1.986351708209623222e-21 2.013335420379750256e-21
4.573336763895874901e+04 6.270108778054161502e-21 2.000683097494223390e-21
4.575134047926036874e+04 3.055612944334487101e-21 1.821729038164127338e-21
4.576931325071117317e+04 8.717452907776716545e-21 1.969108699566543004e-21
4.578728595327436778e+04 9.376080099175091407e-21 1.997901782099111732e-21
4.580525858690951281e+04 9.557740112270810304e-21 2.073234473897286412e-21
4.582323115157744178e+04 8.369600147598821822e-21 2.054515929662894164e-21
4.584120364723895909e+04 3.450837479223687948e-21 1.850315250323875168e-21
4.585917607385490555e+04 1.645735382609051147e-21 1.965575264108210252e-21
4.587714843138607102e+04 1.691809168139578553e-21 1.998817709169312788e-21
4.589512071979452594e+04 1.739797743638988837e-21 2.071914464649409486e-21
4.591309293903750222e+04 2.663410573161601419e-21 2.058933084042257733e-21
4.593106508908046817e+04 5.637886103822008885e-21 2.039597929918924263e-21
4.594903717339006107e+04 5.453970644056986530e-21 2.093330164397101362e-21
4.596700940769490262e+04 6.957650765056436745e-21 2.125345759022944276e-21
4.598498157267751230e+04 3.510398299142884554e-21 2.011137356013620798e-21
4.600295366829881095e+04 1.914030537611116556e-21 2.063745437518077137e-21
4.602092569451972668e+04 2.773214144948091617e-21 2.007029203224380947e-21
4.603889765130234446e+04 6.179315056658306033e-21 1.944859833213886792e-21
4.605686953860396170e+04 -7.892073673547098934e-22 1.921941490599373148e-21
4.607484135639030865e+04 -2.985195733233804623e-21 1.905271420638102585e-21
4.609281310461748217e+04 7.559822047564754817e-21 2.015421601077988201e-21
4.611078478325127071e+04 4.373150216230188547e-21 2.112007496754175940e-21
4.612875639224895713e+04 3.002295963778747936e-21 1.997984792268264725e-21
4.614672793157390697e+04 7.391231184358883498e-22 1.927331199090744887e-21
4.616469940118467639e+04 8.151246885283743167e-21 2.082883653088605059e-21
4.618267080104342313e+04 3.788549760491799721e-21 2.030046386797307762e-21
4.620064213111110439e+04 1.899840917711228093e-21 1.985767265552662960e-21
4.621861339134870650e+04 4.090990311675174859e-21 2.119409873458643601e-21
4.623658458171840903e+04 3.555176404732644537e-21 2.054326866918784865e-21
4.625455570217758213e+04 2.842306988900954970e-21 2.047236602504361184e-21
4.627252675269084284e+04 -1.277534112741910350e-21 2.070005031084446272e-21
4.629049773322042893e+04 -1.918539532375752339e-21 2.030317921786029820e-21
4.630846864372248820e+04 3.661483465463682556e-21 2.061635746382598855e-21
4.632643948416038620e+04 4.082388393457919573e-21 2.174262359885346051e-21
4.634441025449516019e+04 -1.328840583368050177e-21 1.994411672804616277e-21
4.636238095468790561e+04 2.121800410651615811e-22 2.012842004447285103e-21
4.638035158470084571e+04 -1.124458695885523402e-21 2.060927969850730103e-21
4.639832214449263847e+04 6.015554059427612442e-21 2.201148588413968842e-21
4.641629263402551442e+04 8.310873915127727314e-21 2.271263326602744598e-21
4.643426305326054717e+04 1.740628008438176136e-21 2.174014044932813327e-21
4.645223340215878852e+04 3.631992684097896458e-21 2.148539339932070396e-21
4.647020368068131938e+04 3.666662966637099030e-21 2.131181160135299121e-21
4.648817388879042119e+04 1.964070046358829694e-21 2.076400028265625085e-21
4.650614402644475194e+04 1.043252791806788213e-20 2.129823546686278370e-21
4.652411409360780817e+04 7.048923403727168817e-21 2.052049049177536792e-21
4.654208409023828426e+04 -2.571964570306385011e-21 1.967278445407187592e-21
4.656005401629850530e+04 4.605664738160052739e-22 1.897551873614065670e-21
4.657802387175194599e+04 3.246391019379928617e-21 2.036587053556792938e-21
4.659599365655615111e+04 2.639402171773422486e-22 2.175461706133339131e-21
4.661396337067217246e+04 3.549156814721583170e-21 2.118675503021208915e-21
4.663193301406360843e+04 2.199315843484955404e-21 2.106976058641406396e-21
4.664990258669037576e+04 2.084004135974906302e-21 1.934127021114130989e-21
4.666787208851236937e+04 2.550538156350553027e-21 2.052288893195605147e-21
4.668584151949438092e+04 1.051598518569186756e-21 1.799702375260968333e-21
4.670381087959273282e+04 7.593862287292874052e-21 2.046627087701400626e-21
4.672178016877215850e+04 -4.593703449796108339e-22 2.091004310501887245e-21
4.673974938699266932e+04 6.070315082979166669e-21 2.198184139768683835e-21
4.675771853421411652e+04 9.810621159781197076e-22 2.229599688909622547e-21
4.677568761040014215e+04 2.637127013289237599e-21 2.305096123100178133e-21
4.679365661551073572e+04 4.306670321491415102e-21 2.309749240806685431e-21
4.681162554950585763e+04 3.335131019182265248e-22 2.305476827702664841e-21
4.682959441234913538e+04 1.367036660252584792e-21 2.302486321726230224e-21
4.684756320400055847e+04 3.040344644096527044e-21 2.296678301506281657e-21
4.686553192442007276e+04 5.732372177757745080e-21 2.187453541387310680e-21
4.688350057357135665e+04 2.017641590723525643e-21 2.257858018231382798e-21
4.690146915141314821e+04 5.183704168361294044e-21 2.187218421212757066e-21
4.691943765790791076e+04 4.487586450850071935e-21 2.213027301236236184e-21
4.693740609301923541e+04 1.768798775026582829e-21 2.136567869238232878e-21
4.695537445670473971e+04 3.127123352171821166e-21 2.075139460776218529e-21
4.697334274892569374e+04 -2.600234796255056256e-21 2.056323062749847432e-21
4.699131096964689641e+04 2.662568394669162309e-21 2.199773920094981549e-21
4.700927911882597982e+04 3.399209658901632886e-21 2.092468210357932228e-21
4.702724719642540003e+04 9.859450891509124811e-21 2.301841406730511001e-21
4.704521520240639802e+04 4.732944310882116115e-21 2.218111196165817900e-21
4.706318313673143712e+04 9.046161435596517285e-21 2.147932372557007639e-21
4.708115099935936450e+04 4.282683858949541204e-21 2.200434680277770475e-21
4.709911879025262169e+04 7.977864465872936116e-22 2.181070158734324139e-21
4.711708650937251514e+04 -1.510147263609351639e-21 2.898183787028595905e-21
4.990506226752853399e+04 1.052804109582247509e-20 4.203583902919444058e-21
4.992301769594277721e+04 7.463214386129156545e-21 2.706863867450482853e-21
4.994097304652255116e+04 6.976254024301427298e-21 2.682806103959279691e-21
4.995892831923202175e+04 2.458825349681902731e-21 2.727220693249346730e-21
4.997688351403107663e+04 7.149542465764597920e-21 2.793906000648522177e-21
4.999483863087827194e+04 1.064142740926164794e-21 2.823712471379648275e-21
5.001279366974049481e+04 2.766223466197144978e-21 2.777295708247942457e-21
5.003074863057628681e+04 3.763135086121430800e-22 2.614309357528841836e-21
5.004870351334555744e+04 9.390842708970595746e-22 2.733198716479114588e-21
5.006665831801378954e+04 4.796395467688240395e-21 2.648740254163462929e-21
5.008461304453812772e+04 2.097118396099628103e-21 2.526427160035735796e-21
5.010256769287985662e+04 2.691808756721803832e-21 2.610501998303857605e-21
5.012052226300306938e+04 9.535214364412178133e-22 2.521694551448181709e-21
5.013847675486624212e+04 3.320131014607533500e-21 2.560000789418418580e-21
5.015643116843490134e+04 -1.466178666174115293e-21 2.612999397950670078e-21
5.017438550366469281e+04 -4.126885310358553530e-22 2.667709514392128010e-21
5.019233976052109938e+04 3.082190710364641461e-21 2.504104904155214782e-21
5.021029393896403053e+04 5.982336397037706992e-21 2.654241357329092236e-21
5.022824803895331570e+04 2.833705314223329851e-21 2.733261652263832319e-21
5.024620206045584928e+04 1.390253567573063647e-21 2.683608391464108215e-21
5.026415600342449034e+04 -2.623304398000399652e-21 2.631943248211461622e-21
5.028210986782466352e+04 -3.828765310018552788e-21 2.581607934192004401e-21
5.030006365361905046e+04 5.961152188211929758e-21 2.348370820425203629e-21
5.031801736076887028e+04 3.651674526562107730e-21 2.333236750460375640e-21
5.033597098923261365e+04 2.278483445194169024e-21 2.479971608870916400e-21
5.035392453897147061e+04 5.055258439138000859e-21 2.501858130636017293e-21
5.037187800994948338e+04 -1.807259829238342271e-21 2.492853647401140617e-21
5.038983140212788567e+04 -9.647900086219326566e-22 2.489185780528153539e-21
5.040778471546511719e+04 1.253423647580059344e-21 2.634357623822631637e-21
5.042573794992235344e+04 3.837108388126279811e-21 2.566523176296109924e-21
5.044369110546504089e+04 7.614253261345575072e-21 2.655904587441907460e-21
5.046164418205020047e+04 -2.030175604127031603e-21 2.486635594506614158e-21
5.047959717964177253e+04 1.437445574211346002e-21 2.451227814816881644e-21
5.049755009819679253e+04 5.155929398559390239e-21 2.729993290158274867e-21
5.051550293768060510e+04 9.678514972059752556e-23 2.472154330394232199e-21
5.053345569805439300e+04 -5.495625830412312415e-21 2.454493223818952751e-21
5.055140837927657412e+04 1.866265661361688338e-21 2.612806114599779783e-21
5.056936098130972823e+04 5.662810914381226095e-21 2.710281792041193280e-21
5.058731350411503809e+04 -8.883843648527768261e-22 2.645781129422525739e-21
5.060526594765365007e+04 2.658559677890640055e-21 2.719655095140656473e-21
5.062321831188673241e+04 6.698577773902712589e-21 2.716968111074331611e-21
5.064117059677626094e+04 3.142049554269503673e-22 2.756756853357221677e-21
5.065912279912616941e+04 -1.497467473306467647e-21 2.584569721304318603e-21
5.067707491975120502e+04 2.073839993555678589e-21 2.603408493175153785e-21
5.069502696091536200e+04 3.881243832311091397e-22 2.616599166499855641e-21
5.071297892257976491e+04 2.040981131807729503e-21 2.656822781128217682e-21
5.073093080470833956e+04 2.216204298693615438e-21 2.757106339152002265e-21
5.074888260725654982e+04 4.933651533789292182e-21 2.693922569361670279e-21
5.076683433018836513e+04 5.612542562332259828e-21 2.749805729395152286e-21
5.078478597346629249e+04 1.059339322033074808e-20 2.728164173443774133e-21
5.080273753704718547e+04 3.521353907181028356e-21 2.788722400200444562e-21
5.082068902089777839e+04 6.234034337657044679e-21 2.713322329063108346e-21
5.083864042497632909e+04 3.230663914613606309e-21 2.620379521552160824e-21
5.085659174924536637e+04 -3.278356513940303699e-21 2.532167919891556457e-21
5.087454299366026680e+04 -1.085842706971978553e-21 2.610102574833453654e-21
5.089249415818919078e+04 -1.829815072531276401e-21 2.651508672539840508e-21
5.091044524279037432e+04 5.572945379813461356e-21 2.850413321139352651e-21
5.092839624742201704e+04 -8.589024283570969333e-22 2.737657584136294923e-21
5.094634717205084598e+04 3.549430198307398647e-21 2.761215546781307137e-21
5.096429801663503895e+04 2.539470264157401365e-21 2.699259828134949577e-21
5.098224878113696468e+04 1.678065363984261752e-20 2.924927969809572894e-21
5.100019946551211615e+04 3.452329237816405140e-20 3.024780982023461592e-21
5.101815006972712581e+04 2.578307563408659828e-20 2.919248417883894764e-21
5.103610059374447883e+04 3.491349641823008135e-21 2.915547300529706452e-21
5.105405103751806746e+04 3.342700547792673658e-21 2.846827821246758842e-21
5.107200140101597935e+04 1.000586956091655154e-20 2.696104237375473716e-21
5.108995168419634865e+04 7.355239310360799252e-21 2.726385229140104334e-21
5.110790188702020532e+04 1.119196489762597808e-20 2.600603296361717234e-21
5.112585200944851385e+04 -3.501410973630646373e-21 2.720509773808846613e-21
5.114380205144223146e+04 8.601815302167648548e-21 2.752117113791991413e-21
5.116175201296090381e+04 3.860896535193327030e-21 2.561864743825398590e-21
5.117970189396833302e+04 2.825262314437418909e-22 2.593991299335252155e-21
5.119765169442405750e+04 5.144399748601116380e-21 2.687064463817503671e-21
5.121560141428900533e+04 1.908223346344435972e-21 2.652548721345285392e-21
5.123355105352270039e+04 5.733415322667039756e-21 2.736842312475386156e-21
5.125150061208891566e+04 1.180301263340300062e-21 2.743980657252515229e-21
5.126945008994712407e+04 1.217481283557319010e-21 2.672518841183645881e-21
5.128739948705970892e+04 3.804965817983493444e-21 2.595095078522000796e-21
5.130534880338182120e+04 1.876657329347596892e-21 2.666661302495620938e-21
5.132329803888293100e+04 2.986004571361812625e-21 2.686263420667884897e-21
5.134124719351965177e+04 7.014971342621598671e-21 2.622145369019995685e-21
5.135919626724988484e+04 -8.113742124889487087e-22 2.698700516097469892e-21
5.137714526004036452e+04 5.178815579408648739e-21 2.796358557240298932e-21
5.139509417184761696e+04 1.504582921987297019e-21 2.601954936886082714e-21
5.141304300263254845e+04 -1.158839358752771260e-21 2.774388427061951841e-21
5.143099175235883740e+04 2.833335241200531739e-21 2.645122321038223773e-21
5.144894042098592763e+04 3.489446111290575369e-21 2.567357934574819879e-21
5.146688900847462355e+04 3.942295875059484729e-21 2.543714484129828025e-21
5.148483751478575141e+04 2.659899931357471766e-21 2.715605010705941777e-21
5.150278593988157809e+04 -2.445864005135000199e-21 2.691174574048613729e-21
5.152073428371859336e+04 -2.670157874472583766e-21 2.865574071111095149e-21
5.153868254626334965e+04 -2.629933376411025746e-21 2.775313404384985103e-21
5.155663072747089609e+04 7.167134071367522585e-22 2.715147873472809183e-21
5.157457882730776328e+04 4.558788627372325577e-21 2.862596140448946346e-21
5.159252684573183069e+04 -9.733403108709052225e-23 2.934191779671473740e-21
5.161047478270104330e+04 -7.445807335492505660e-21 2.878196028385184403e-21
5.162842263818184438e+04 2.260795775141922519e-21 2.940129581486451181e-21
5.164637041213070188e+04 1.924233663179305033e-21 2.888053125207758478e-21
5.166431810450980993e+04 5.930806187330804814e-21 2.975616928088519187e-21
5.168226571528121713e+04 1.056322241002961577e-21 2.933851402136729723e-21
5.170021324440280296e+04 -4.319076781332361329e-21 2.885578913858772067e-21
5.171816069183683430e+04 3.366095993202051711e-21 2.817854842582221575e-21
5.173610805754539615e+04 -3.068846490090316431e-21 2.743235803790138858e-21
5.175405534148631705e+04 5.159041863173564256e-21 2.938632101626287234e-21
5.177200254362174746e+04 3.136068925303022768e-21 2.814508247159421136e-21
5.178994966391378694e+04 8.580244320898253596e-23 2.845763285048059966e-21
5.180789670232023491e+04 -1.892395207548246051e-22 2.903483505347820492e-21
5.182584365880318364e+04 2.192133432463701739e-21 3.121613531242007501e-21
5.184379053332471813e+04 5.361909093617047573e-21 2.918914396584451457e-21
5.186173732584261597e+04 -1.488058645903382549e-21 2.879851356301604571e-21
5.187968403632185073e+04 4.651495104032847774e-21 2.940849594832556903e-21
5.189763066471577622e+04 7.575214347209324325e-21 3.096581098956402392e-21
5.191557721099374612e+04 1.050330850028370335e-21 2.890325285334278794e-21
5.193352367510907061e+04 -2.718317167043124312e-21 3.031197527740860172e-21
5.195147005702382739e+04 4.175951806123416128e-21 2.888616751431507325e-21
5.196941635670437972e+04 4.896700025197518072e-21 2.775237705181111066e-21
5.198736257410534017e+04 6.269360822692054554e-21 2.892195693296665177e-21
5.200530870918600704e+04 5.495033154588626652e-21 3.791008156448887103e-21
