9.793933823231207498e+03 4.876438155996786065e-19 9.402793965026516739e-20
9.800290444109421514e+03 6.922983702293216811e-19 4.679676398174396045e-20
9.806647042654996767e+03 6.511067588362508676e-19 4.751548480838147692e-20
9.813003618852038926e+03 7.036138404565285312e-19 4.907089233279730744e-20
9.819360172684662757e+03 7.581085377383946772e-19 4.578178132350603190e-20
9.825716704132215455e+03 7.243576757801398808e-19 4.492141547814861058e-20
9.832073213180401581e+03 5.690869345779361802e-19 4.286421508463090502e-20
9.838429699806980352e+03 6.252256847281730535e-19 4.475754776147993056e-20
9.844786163999335258e+03 7.774180037922962441e-19 4.620838635667166496e-20
9.851142605740045838e+03 7.363696945698758702e-19 4.299730479308191593e-20
9.857499025008470198e+03 6.527748736915401847e-19 3.716078394398434471e-20
9.863855421788739477e+03 7.050522419960884258e-19 4.051991157826716570e-20
9.870211796061872519e+03 7.207114516352607017e-19 4.123084876998527882e-20
9.876568147815241900e+03 7.707612951777574510e-19 4.196957972068585773e-20
9.882924477026634122e+03 7.644537498868281221e-19 4.227407764314311289e-20
9.889280783680205786e+03 7.172420522190391939e-19 4.054088827604901392e-20
9.895637067758536432e+03 6.844843513158797050e-19 4.120012815343579146e-20
9.901993329244240158e+03 6.525679838128709344e-19 3.947824945031000748e-20
9.908349568119889227e+03 6.952028393953972603e-19 4.066665287131422677e-20
9.914705784366527951e+03 7.186056988691912380e-19 4.003976731387043581e-20
9.921061977969986401e+03 6.880373817449412671e-19 4.141160556624435936e-20
9.927418148911297976e+03 7.500129225239632605e-19 4.140121406034415783e-20
9.933774297173034938e+03 7.460211027678000499e-19 4.177452779387856788e-20
9.940130422736254332e+03 6.588695055894131592e-19 4.157746895884803017e-20
9.946486525588412405e+03 6.747714362635146915e-19 4.137797962752479570e-20
9.952842605707299299e+03 6.981029724800775716e-19 4.053365033306528762e-20
9.959198663075523655e+03 7.930192215981448822e-19 4.082488151126234329e-20
9.965554697678928278e+03 5.881365580910527784e-19 3.924345797389011125e-20
9.971910709497005882e+03 5.697423304560600030e-19 4.018292256918131660e-20
9.978266698515584721e+03 6.552660293384519009e-19 3.987646839729049116e-20
9.984622664715770952e+03 7.445548958235154264e-19 4.247403066481130135e-20
9.990978608080184131e+03 7.913434371906218476e-19 4.154898565390984085e-20
9.997334528589877664e+03 6.533995546501965558e-19 3.865710713695280471e-20
1.000369042623079440e+04 7.461054865979779795e-19 4.081002132523700156e-20
1.001004630098396592e+04 7.543664228372575833e-19 3.983318749056692480e-20
1.001640215283044745e+04 5.803204694692991838e-19 3.966514368855712155e-20
1.002275798175617092e+04 7.703233667851321610e-19 3.984687434498210357e-20
1.002911378774056720e+04 7.726442394604615293e-19 4.036215775082225959e-20
1.003546957076796025e+04 7.292148882214277916e-19 4.139639190706363276e-20
1.004182533082267400e+04 6.087078969372513868e-19 3.973285882701295983e-20
1.004818106788579098e+04 6.123984428656408291e-19 3.858674416067779856e-20
1.005453678193834276e+04 6.238086606092629524e-19 3.664294816206197068e-20
1.006089247296634130e+04 7.660074225493112333e-19 3.987314170455466082e-20
1.006724814094923931e+04 7.278206685310290088e-19 4.067165047896884835e-20
1.007360378587138803e+04 7.035903800454012727e-19 3.895273852057486439e-20
1.007995940771716232e+04 7.678070083189291329e-19 3.960270948191401936e-20
1.008631500646600034e+04 7.581123803333877205e-19 3.932491301323936047e-20
1.009267058210227151e+04 5.855091340136389672e-19 3.843325695190560786e-20
1.009902613461035071e+04 6.524612725958068064e-19 3.936270180563531582e-20
1.010538166396804627e+04 7.545996741359535044e-19 3.937656189451595740e-20
1.011173717016304909e+04 7.039013877437541900e-19 4.012777795187006586e-20
1.011809265317808968e+04 7.634623874216200914e-19 3.890711109646781020e-20
1.012444811299265530e+04 7.401302066950768162e-19 3.805209543371171196e-20
1.013080354959273245e+04 7.103557810307722206e-19 3.927901177583255473e-20
1.013715896295616767e+04 7.161696535770131197e-19 3.850984268707989498e-20
1.014351435307236716e+04 6.111462417337803348e-19 3.752293531861727338e-20
1.014986971992077633e+04 7.552678568400674219e-19 3.843220860113654576e-20
1.015622506348083334e+04 6.899296379407228931e-19 3.885421713965668037e-20
1.016258038374031457e+04 6.591383779131649727e-19 3.549266106923593567e-20
1.016893568072626294e+04 6.822277497855221340e-19 3.754132856688168031e-20
1.017529095878160661e+04 6.528308069662026531e-19 3.767451075470268177e-20
1.018177011699763716e+04 6.610073339388865726e-19 3.927096871413762340e-20
1.018812535491121889e+04 6.779856895062596441e-19 3.816815532075816162e-20
1.019448056943241863e+04 7.673972194005655724e-19 3.468924675639598126e-20
1.020083576055259618e+04 6.502124621209507145e-19 3.275143134623537753e-20
1.020719092824596373e+04 7.380790119943045738e-19 3.231909283316129904e-20
1.021354607249535911e+04 6.721698417918634146e-19 3.281915549149900948e-20
1.021990119329221488e+04 6.326433865378644993e-19 3.042716321023284243e-20
1.022625629061073050e+04 7.148237092440338531e-19 3.593254241957340742e-20
1.023261136443888972e+04 6.916753285514212840e-19 3.625940947784790371e-20
1.023896641475609249e+04 7.383334910174988207e-19 3.698989711095349193e-20
1.024532144154859088e+04 6.676664267017219238e-19 3.662498363719066645e-20
1.025167644479925002e+04 6.247155975891885029e-19 3.697073900112718595e-20
1.025803142448569633e+04 6.136349318470199041e-19 3.224095734604336017e-20
1.026438638059422738e+04 7.505034459459281405e-19 3.281300833970790761e-20
1.027074131311291058e+04 6.975097789743485616e-19 3.426253019444375771e-20
1.027709622201417005e+04 7.428796495296758202e-19 3.659217464619286874e-20
1.028345110728780855e+04 7.211727215128841548e-19 3.568837591720585697e-20
1.028980596891493769e+04 6.616685893614004643e-19 3.511985818755181563e-20
1.029616080687662361e+04 6.285456666679202054e-19 3.451081697057845067e-20
1.030251562115925481e+04 7.032436650719195760e-19 3.581047832840341220e-20
1.030887041174395927e+04 6.847849654214729378e-19 3.524405496338299272e-20
1.031522517861187953e+04 7.455099318033537964e-19 3.603375448310868757e-20
1.032157992174761603e+04 6.037408235476674718e-19 3.393842145997818102e-20
1.032793464113580922e+04 7.136362381876195537e-19 3.542835906568527442e-20
1.033428933675757980e+04 6.581548383571411950e-19 3.590369077789928974e-20
1.034064400859231682e+04 6.659092362129734460e-19 3.667789079006952252e-20
1.034699865663166020e+04 6.742161899570830651e-19 3.520622452623829635e-20
1.035335328084974935e+04 6.578892439040336657e-19 3.663925409859877943e-20
1.035970788123297098e+04 6.520882933985242614e-19 3.643439018196069578e-20
1.036606245776598735e+04 6.258129753074446481e-19 3.673378076290754650e-20
1.037241701042818750e+04 6.616214763475006719e-19 3.552279577575404417e-20
1.037877153920599267e+04 7.429243758971012050e-19 3.780951362667525567e-20
1.038512604407878825e+04 7.026740022684316502e-19 3.462540041910680162e-20
1.039148052503301005e+04 7.267990427527191458e-19 3.490823823539581237e-20
1.039783498204801072e+04 6.105224786169412447e-19 3.485686698972591818e-20
1.040418941510848526e+04 6.937156632842756074e-19 3.752533299860633352e-20
1.041054382419914145e+04 6.024454736095714996e-19 3.538919357590108252e-20
1.041689820929938105e+04 6.579990670955638606e-19 3.492220817583556573e-20
1.042325257039389362e+04 6.519795210299217909e-19 3.431057188185537690e-20
1.042960690746560431e+04 7.092168775515315922e-19 3.548225052505069031e-20
1.043596122049745827e+04 6.491782852025913610e-19 3.421880560504901217e-20
1.044231550947416326e+04 6.584147017876133203e-19 3.564058537228724770e-20
1.044866977437511923e+04 6.652364734853076373e-19 3.432022516673563628e-20
1.045502401518503575e+04 6.776324699553836513e-19 3.432871875944990442e-20
1.046137823188686161e+04 6.691823653369035247e-19 3.368723231204840569e-20
1.046773242446355107e+04 7.253720634111735103e-19 3.458913550942601574e-20
1.047408659289806019e+04 6.682744997503839435e-19 3.426474789602839767e-20
1.048044073717334140e+04 6.528181208341207159e-19 3.389311622428865493e-20
1.048679485727236715e+04 7.026867641457084818e-19 3.407710627951835334e-20
1.049314895317986520e+04 6.928147054156399804e-19 3.302583839067994293e-20
1.049950302487347108e+04 7.210567697943295094e-19 3.264424961219836656e-20
1.050585707234326946e+04 7.060067927380009522e-19 3.443515257689650311e-20
1.051221109556689771e+04 6.901084407709238375e-19 3.504657916795190559e-20
1.051856509452726823e+04 6.719799711788631222e-19 3.207734483541702932e-20
1.052491906921099326e+04 7.144381175051299919e-19 3.365462152408425717e-20
1.053127301959926262e+04 7.193337021818335260e-19 3.270529979912542773e-20
1.053762694567326798e+04 7.299088941028184674e-19 3.375907521135619026e-20
1.054398084741958883e+04 6.593062736763415404e-19 3.363972353386339191e-20
1.055033472481941499e+04 6.666589882381620666e-19 3.276828588983417873e-20
1.055668857785574801e+04 6.524477088428399020e-19 3.113745621364784179e-20
1.056304240651157306e+04 6.584193368402819559e-19 3.281307415094398554e-20
1.056939621076990625e+04 6.077207964724172609e-19 3.244713341622826861e-20
1.057574999061553717e+04 6.374886746568291924e-19 3.418900456008098719e-20
1.058210374602428055e+04 6.855477660795918256e-19 3.393748779195084523e-20
1.058845747698813284e+04 6.053700382523668831e-19 3.338312952552602516e-20
1.059481118348471318e+04 6.662578445506959296e-19 3.391087512730462455e-20
1.060116486550063928e+04 6.931186981388320248e-19 3.273441088132454606e-20
1.060751852301712097e+04 6.717829047167606961e-19 3.421131602313845867e-20
1.061387215601537173e+04 6.933851889024228136e-19 3.393568098808495629e-20
1.062022576448203108e+04 7.363350597095751928e-19 3.452250541448803712e-20
1.062657934839831432e+04 7.114031517641415716e-19 3.495418445293878557e-20
1.063293290774543857e+04 6.212353484971930840e-19 3.528659356198554381e-20
1.063928644251005608e+04 6.553490264210441903e-19 3.476934388617164664e-20
1.064563995267157043e+04 6.940266758599390272e-19 3.344601368239312547e-20
1.065199343821665752e+04 7.036634362630466444e-19 3.201832777743439138e-20
1.065834689912467366e+04 5.921198995027395674e-19 3.289288269504698046e-20
1.066470033538233292e+04 6.581116396745071683e-19 3.411434478633128494e-20
1.067105374696904801e+04 6.125191347299783651e-19 3.249776073753777941e-20
1.067740713387151118e+04 6.910026835644969345e-19 3.220957469861682349e-20
1.068376049606911511e+04 7.334432126091209722e-19 3.326036102892960714e-20
1.069011383354674217e+04 7.012257888464954124e-19 3.463707464243861214e-20
1.069646714628701557e+04 7.309029846626801610e-19 3.268094511823897558e-20
1.070282043233496006e+04 7.643724552650167431e-19 3.239613629155151100e-20
1.070917363426398879e+04 6.915692251879817638e-19 3.426243030154070342e-20
1.071552681140964160e+04 6.968817245527995194e-19 3.314698970105177302e-20
1.072187996375133116e+04 7.003617751697256044e-19 3.203997667472973870e-20
1.072823309127028915e+04 6.041542832176875310e-19 3.229132009783195568e-20
1.073458619395141795e+04 6.580147167619090991e-19 3.240775218034507986e-20
1.074093927177779005e+04 7.143360253931465137e-19 3.208171857126881372e-20
1.074729232473063894e+04 6.413195732608689327e-19 3.027345770817488276e-20
1.075364535279855772e+04 6.521049860723473174e-19 3.195128858561610902e-20
1.075999835595910918e+04 7.029263968646333977e-19 3.249131060767003374e-20
1.076635133419721205e+04 6.431320416918964065e-19 3.134067272553176742e-20
1.077270428749596249e+04 6.194552555899514239e-19 3.240694127061768768e-20
1.077905721584027015e+04 6.134586800165998615e-19 3.186845293207906101e-20
1.078541011920771052e+04 6.075013461017447851e-19 3.189965970310543960e-20
1.079176299758874120e+04 6.898562624575584910e-19 3.171173084572798446e-20
1.079811585095907139e+04 7.078981945462774208e-19 3.217116775915798537e-20
1.080446867930735243e+04 6.283930006747694050e-19 3.167879548231906340e-20
1.081082148261665861e+04 6.462955725499879097e-19 3.205703864546485837e-20
1.081717426086641717e+04 6.458978964922503974e-19 3.403529128587923220e-20
1.082352701403971150e+04 6.077832492841537425e-19 3.174702334894118255e-20
1.082987974212335575e+04 6.473481822703746895e-19 3.262671237767744395e-20
1.083623244509859978e+04 5.801401045194876921e-19 3.525071279791454286e-20
1.084258512295039691e+04 6.730428325106578677e-19 3.410272404688390165e-20
1.084893777565628625e+04 5.571951684164158068e-19 3.126893446916717775e-20
1.085529040320496824e+04 5.758844740307520708e-19 3.036413742763562136e-20
1.086164300557770366e+04 5.955562873644212473e-19 3.075268687569719139e-20
1.086799558275387608e+04 6.947824306018753946e-19 3.190931143452623638e-20
1.087434813472591668e+04 5.716324580832823538e-19 3.064268816089467005e-20
1.088070066146764293e+04 5.742481840158052083e-19 3.014303194631030305e-20
1.088705316296775709e+04 6.333788191341243240e-19 2.977935522737844789e-20
1.089340563920753448e+04 6.383248123241602136e-19 2.987576955696114891e-20
1.089975809017008942e+04 4.218788483937716791e-19 4.320497507394962839e-20
1.188530865532264215e+04 6.125875135418279609e-19 3.419584334079450965e-20
1.189165688724926440e+04 5.423972420563793522e-19 2.542269757123355888e-20
1.189800509126020734e+04 4.840014033745989408e-19 2.393260583332508416e-20
1.190435326733870716e+04 5.277558175563985844e-19 2.405437925972005119e-20
1.191070141546798186e+04 5.389480433788831525e-19 2.669017820186817498e-20
1.191704953563126401e+04 5.520887460014897294e-19 2.888178211912676333e-20
1.192339762781171157e+04 5.478179185360305418e-19 2.700814266224645090e-20
1.192974569199064172e+04 5.435294106363354725e-19 2.590857158918596122e-20
1.193609372815517963e+04 6.120850874694718744e-19 2.681054682674636584e-20
1.194244173628659701e+04 5.848699206728321093e-19 2.539692236665038078e-20
1.194878971636806637e+04 5.659208053134713350e-19 2.495323305307442558e-20
1.195513766837890944e+04 5.829525207055491675e-19 2.555852520395455550e-20
1.196148559231015679e+04 5.317942816841964596e-19 2.604554387127318305e-20
1.196783348813914199e+04 5.363416457700280567e-19 2.604295119227891242e-20
1.197418135584715128e+04 6.153137555287872570e-19 2.733826043180713287e-20
1.198052919542913696e+04 5.235266456908870340e-19 2.606590033311719190e-20
1.198687700685461641e+04 5.544410712850932293e-19 2.549069295026674374e-20
1.199322479011460200e+04 5.744819932279906554e-19 2.569672868918333741e-20
1.199957254519233902e+04 5.281611809238009689e-19 2.498494750971465818e-20
1.200592027206710372e+04 5.204698946809979986e-19 2.438200812109260068e-20
1.201226797072600857e+04 5.401892607595788312e-19 2.646708422006220046e-20
1.201861564115032343e+04 5.692629079679930482e-19 2.492546544154014943e-20
1.202496328332320081e+04 5.380869432327878539e-19 2.479628165538673367e-20
1.203131089722785509e+04 5.731371349508871677e-19 2.547392742582510085e-20
1.203765848284747517e+04 5.551162856045530580e-19 2.594445896195117855e-20
1.204400604016329453e+04 5.660731056838970248e-19 2.443897452318600691e-20
1.205035356916245473e+04 5.289789408380441347e-19 2.523125114572227956e-20
1.205670106982621473e+04 4.557974043691589436e-19 2.383903447254118015e-20
1.206304854213773251e+04 5.392490187810854027e-19 2.425354281354231128e-20
1.206939598607822154e+04 5.822273913347528607e-19 2.314808804785941502e-20
1.207574340163284614e+04 5.902400428321585610e-19 2.383224654904556340e-20
1.208209078878485161e+04 5.777902950558405431e-19 2.498634542851861382e-20
1.208843814751938771e+04 5.889633726484221785e-19 2.469128521116157376e-20
1.209478547781569068e+04 5.234765420389873214e-19 2.364360935714987234e-20
1.210113277966080204e+04 5.100197454204383337e-19 2.361986510560551124e-20
1.210748005302607453e+04 5.562553924104144986e-19 2.357050939085461636e-20
1.211382729791258134e+04 5.613085447559079416e-19 2.411835715709758177e-20
1.212017451429566245e+04 5.629084439658613625e-19 2.441475499268945150e-20
1.212652170216038030e+04 5.984451892061508319e-19 2.425894820932525913e-20
1.213286886148395206e+04 5.629350229785275302e-19 2.477708722106301331e-20
1.213921599225550926e+04 5.683497134287613319e-19 2.425332894092458017e-20
1.214556309445830448e+04 5.620956778286740826e-19 2.523934652981942973e-20
1.215191016807349479e+04 5.647524342448226590e-19 2.392649100663206648e-20
1.215825721308418542e+04 5.881199205335121303e-19 2.418094097244560036e-20
1.216460422947159168e+04 5.569311160738610165e-19 2.434670361010056660e-20
1.217095121722089789e+04 5.454874116932146258e-19 2.506303596594570162e-20
1.217729817631724836e+04 5.526562891128763824e-19 2.471751535247318189e-20
1.218364510673778204e+04 5.997628970959436873e-19 2.476223842834452942e-20
1.218999200846568419e+04 5.795208634657092695e-19 2.388035202928802342e-20
1.219633888149416634e+04 5.702291292824774017e-19 2.481397473507914296e-20
1.220268572579847387e+04 5.886645424207066665e-19 2.473257325069876419e-20
1.220903254136768737e+04 6.049260636905031380e-19 2.447029058721893719e-20
1.221537932817895489e+04 5.515636974985985086e-19 2.399872352308475190e-20
1.222172608621542167e+04 5.157555499438783595e-19 2.380643267976464874e-20
1.222807281546427475e+04 5.205877407108231625e-19 2.373671614327444159e-20
1.223441951590667850e+04 5.490957585895571146e-19 2.447825982138317010e-20
1.224076618752778086e+04 5.224609288638200702e-19 2.492307993353662022e-20
1.224711283030671075e+04 5.787677433396835879e-19 2.474104807115435652e-20
1.225345944422851426e+04 5.756186802443565576e-19 2.440482567595393817e-20
1.225980602927036671e+04 5.943261296725163986e-19 2.518052898059474222e-20
1.226615258542352603e+04 5.193463234623088142e-19 2.416642939941518909e-20
1.227249911267322750e+04 5.441302938738719714e-19 2.413227271423967270e-20
1.227884561099856728e+04 5.398691982027306377e-19 2.356994844949388035e-20
1.228519208038460783e+04 5.197561718451399142e-19 2.372986891723556968e-20
1.229153852080647448e+04 5.706735372927251313e-19 2.594129990338015860e-20
1.229788493225937054e+04 5.532667040004267184e-19 2.543319540099986927e-20
1.230423131471641682e+04 5.360209668025877494e-19 2.572437894015491801e-20
1.231057766816873482e+04 5.327203142878226316e-19 2.493126103798155521e-20
1.231692399258935075e+04 6.436440302191876121e-19 2.601497884719803405e-20
1.232327028796739796e+04 5.133869061733625166e-19 2.566282189779963200e-20
1.232961655428412269e+04 5.531823391913638543e-19 2.512641107861827204e-20
1.233596279153279465e+04 5.485736645812229190e-19 2.472063017769505297e-20
1.234230899968637277e+04 5.493078317038795348e-19 2.552547222386116513e-20
1.234865517872793134e+04 5.319329502234176884e-19 2.519960521073658690e-20
1.235500132864467014e+04 5.452540283394461267e-19 2.547172175114890000e-20
1.236134744941565623e+04 5.364154843900273736e-19 2.491521676456407682e-20
1.236769354102599937e+04 5.524028153729883894e-19 2.422234340295445416e-20
1.237403960345678570e+04 5.901600774978279536e-19 2.454501946119350625e-20
1.238038563669320502e+04 5.554112521437383150e-19 2.435657771670054808e-20
1.238673164072045802e+04 5.279693144809999466e-19 2.482513279099043293e-20
1.239307761552366719e+04 5.063096145826802473e-19 2.392298499581176617e-20
1.239942356107774322e+04 5.894731857606934526e-19 2.498889770516777112e-20
1.240576947736978764e+04 5.580799944003829336e-19 2.463254920148333555e-20
1.241211536438092844e+04 5.715924124556187087e-19 2.495534278998163842e-20
1.241846122209833629e+04 5.549092160623939464e-19 2.479067845901098327e-20
1.242480705050102188e+04 5.247414734000654209e-19 2.363652798307945508e-20
1.243115284957417134e+04 5.986518496446256061e-19 2.503540535060605382e-20
1.243749861930501174e+04 5.727802730111559590e-19 2.554741506060531956e-20
1.244384435967251375e+04 5.858672612661350269e-19 2.581407465558824245e-20
1.245019007065766709e+04 5.573091214639201941e-19 2.496410413464425598e-20
1.245653575224556334e+04 5.382466240436254800e-19 2.384455850273961733e-20
1.246288140441522228e+04 6.404145147185345356e-19 2.502781777317969034e-20
1.246922702715589367e+04 5.588468220835043749e-19 2.546339664027982784e-20
1.247557262044868367e+04 5.446115643057119652e-19 2.585340745584362306e-20
1.248191818428074293e+04 6.044376401598530386e-19 2.494396768708628336e-20
1.248826371863098757e+04 6.049814531622291739e-19 2.452459905143622327e-20
1.249460922347833730e+04 5.351364586073250161e-19 2.392590534248859626e-20
1.250095469880998098e+04 5.759914778383998829e-19 2.546758183321344114e-20
1.250730014461108294e+04 5.436227587482424968e-19 2.519640123375722066e-20
1.251364556085855656e+04 5.490343516786667246e-19 2.515492192833355913e-20
1.251999094754372891e+04 5.736374132499160861e-19 2.600375762589722005e-20
1.252633630464756970e+04 5.541812231008951820e-19 2.482099823655668379e-20
1.253268163214487504e+04 5.682250150121132698e-19 2.527480333832939899e-20
1.253902693002896558e+04 5.327092366109385655e-19 2.452306150535880925e-20
1.254537219827473200e+04 5.760954948322309912e-19 2.647277844972776096e-20
1.255171743687343042e+04 6.093205713045231521e-19 2.552446975717409754e-20
1.255806264580195239e+04 5.583142630727922465e-19 2.629652601227914052e-20
1.256440782504950585e+04 5.470255408851084468e-19 2.599416637262175494e-20
1.257075297459077956e+04 5.312312436031020462e-19 2.585777778391590660e-20
1.257709809440888966e+04 6.171730904052807683e-19 2.565077330691064544e-20
1.258344318449933053e+04 5.780201202516572040e-19 2.641509828388892913e-20
1.258978824483274911e+04 5.689129766241994251e-19 2.499180959424601342e-20
1.259613327539830425e+04 5.720499798150445746e-19 2.460683861974199376e-20
1.260247827617490657e+04 5.424860940434675256e-19 2.451546048882985039e-20
1.260882324714760762e+04 5.709613469661046674e-19 2.555635153066130994e-20
1.261516818829738622e+04 6.213939031698410400e-19 2.587078456412166564e-20
1.262151309960937215e+04 5.548631170806356032e-19 2.592298158266669089e-20
1.262785798107073788e+04 5.242456339610201368e-19 2.421357702139544771e-20
1.263420283266032675e+04 5.551271867125322678e-19 2.605816844182219768e-20
1.264054765435691479e+04 4.840022052774767887e-19 2.346407848079215361e-20
1.264689244614980453e+04 5.212284727300195346e-19 2.322758564035918258e-20
1.265323720801791569e+04 5.726136979661044977e-19 2.477657706452225556e-20
1.265958193995254805e+04 4.853383139536128696e-19 2.414587710853437284e-20
1.266592664192419033e+04 5.704168132174196325e-19 2.414848591338248342e-20
1.267227131392411502e+04 5.542569309303708498e-19 2.402600894871159271e-20
1.267861595593119819e+04 5.835904766125174212e-19 2.485353872033674325e-20
1.268496056793058051e+04 5.296736918891750845e-19 2.560840421092075258e-20
1.269130514991144446e+04 5.570353482485739080e-19 2.438689440241568753e-20
1.269764970184422964e+04 5.336506000030062062e-19 2.654139427075229058e-20
1.270399422371810397e+04 5.634969184873181763e-19 2.379222791456643573e-20
1.271033871551620359e+04 5.600511465548488432e-19 2.464191980142806578e-20
1.271668317722567372e+04 5.222633558762205171e-19 2.383994414275476453e-20
1.272302760882110306e+04 5.589694371618370980e-19 2.386259689159001570e-20
1.272937201029172138e+04 5.607099855477893033e-19 2.424517006156890728e-20
1.273571638161842020e+04 5.326249953313255721e-19 2.356796526527273899e-20
1.274206072278205829e+04 5.052706007059412478e-19 2.368243350149820613e-20
1.274840503376978995e+04 5.758897352212742569e-19 2.392271088294822477e-20
1.275474931456035119e+04 6.031036311195474054e-19 2.496431502371667163e-20
1.276109356514093088e+04 5.290279819648193580e-19 2.331638680882505931e-20
1.276743778549233684e+04 4.872678369549168790e-19 2.338689877984294179e-20
1.277378197559541331e+04 5.136325186091268047e-19 2.384675574102385566e-20
1.278012613543316547e+04 5.439375093221684961e-19 2.511755178928279412e-20
1.278647026499697677e+04 5.216255184756320535e-19 2.463130777115211116e-20
1.279281436425923494e+04 4.597863729299854189e-19 2.440314066901211146e-20
1.279915843320703425e+04 5.204714958932528091e-19 2.514166189673371911e-20
1.280550247182336170e+04 5.520414912323864011e-19 2.509674916957416265e-20
1.281184648009114062e+04 5.385451259848727022e-19 2.483630567642000156e-20
1.281819045799539344e+04 5.291239659543254266e-19 2.460827819492181538e-20
1.282453440551476524e+04 5.564643455856608485e-19 2.323901511640920275e-20
1.283087832263224482e+04 5.393272345390033927e-19 2.298004333881970882e-20
1.283722220933921926e+04 5.248129344419012883e-19 2.336099332576803691e-20
1.284356606560592263e+04 5.294930802472496020e-19 2.392308020959894590e-20
1.284990989138136320e+04 5.905761645797580379e-19 2.492197808214034780e-20
1.285625368243878256e+04 5.672885800475533778e-19 2.455686574311198606e-20
1.286246892881437270e+04 4.852079209976743780e-19 2.455654945315468664e-20
1.286881265227811855e+04 5.667450653683899174e-19 2.488228708692291567e-20
1.287515634522676191e+04 5.177321421972874892e-19 2.419135504181557765e-20
1.288150000763227581e+04 5.173246530777707284e-19 2.338378955111948602e-20
1.288784363949295039e+04 4.877574149174993797e-19 2.387443309669175791e-20
1.289418724077626757e+04 5.097044369590324923e-19 2.423960928790638804e-20
1.290053081147390913e+04 5.545225505935920468e-19 2.502741228830179644e-20
1.290687435156435095e+04 5.269896228194010917e-19 2.394777785048208607e-20
1.291321786103709201e+04 5.321276849565390185e-19 2.409449951367103195e-20
1.291956133986836358e+04 5.000686094418439531e-19 2.497702862336837991e-20
1.292590478804098893e+04 5.137568600624493872e-19 2.557255812576711583e-20
1.293224820554224243e+04 4.574943667601627859e-19 2.423931925094313829e-20
1.293859159235283551e+04 5.608084414142807763e-19 2.388673445999326171e-20
1.294493494845562054e+04 5.766309654955545549e-19 2.432012891610440448e-20
1.295127827383345902e+04 5.434009048207365001e-19 2.377406100627186847e-20
1.295762156846698417e+04 5.883962335695016299e-19 2.474895287855174465e-20
1.296396483234346670e+04 5.895373023997599913e-19 2.554978524946476771e-20
1.297030806544353254e+04 4.646671555853908704e-19 2.534430429794218506e-20
1.297665126774558848e+04 4.375604007540671336e-19 2.329973501260839466e-20
1.298299443924121624e+04 4.885565722797265277e-19 2.420310663877203205e-20
1.298933757991115272e+04 4.943626617623630082e-19 2.550318994316614390e-20
1.299568068972933179e+04 4.821595747518270532e-19 2.590138929038058096e-20
1.300202376868746978e+04 5.090103654943941176e-19 2.485399914427139760e-20
1.300836681676616899e+04 4.840216193131708004e-19 2.557516193986871714e-20
1.301470983395045914e+04 5.285899290021620335e-19 2.485222414715551548e-20
1.302105282022094616e+04 4.921367097519585215e-19 2.577384396626490609e-20
1.302739577555818505e+04 5.035265423515511742e-19 2.467541410879733074e-20
1.303373869994713641e+04 5.560583178315640035e-19 2.494855714973666161e-20
1.304008159337063989e+04 5.528364447579253365e-19 2.410455118590861695e-20
1.304642445581385437e+04 5.200317227687060852e-19 2.461128606405564827e-20
1.305276728862415257e+04 4.827607115064900501e-19 2.517471968076956047e-20
1.305911012921710790e+04 4.961055481769445945e-19 2.505759648115233894e-20
1.306545293877522818e+04 4.934925194899031842e-19 2.544606505792347808e-20
1.307179571728129849e+04 5.449915688710911050e-19 2.461560988653409235e-20
1.307813846471585020e+04 4.996863332060000148e-19 2.465762437259099651e-20
1.308448118106828952e+04 5.084049102741482751e-19 2.528999255640534069e-20
1.309082386631694681e+04 4.648980694326340592e-19 2.393154484891443968e-20
1.309716652044238253e+04 4.892233814347999513e-19 2.420968338844291587e-20
1.310350914342735450e+04 5.512191909646163084e-19 2.513437953304760373e-20
1.310985173526361541e+04 5.146709820434030814e-19 2.391192063488278393e-20
1.311619429592042252e+04 5.065629672132831527e-19 2.451498914573112937e-20
1.312253682538951398e+04 5.789847021021099493e-19 2.585463754383779782e-20
1.312887932365139204e+04 5.330862465085031251e-19 2.481142862493548057e-20
1.313522179068642254e+04 5.136847059537934699e-19 2.319611274621879365e-20
1.314156422648194348e+04 5.027303018954558674e-19 2.469173643279870294e-20
1.314790663101844802e+04 5.174462015859474333e-19 2.015465852778311715e-20
1.315424900427867215e+04 4.542332848231704454e-19 2.066253002007312388e-20
1.316059134624307080e+04 4.984637385705367389e-19 2.261281233734506522e-20
1.316693365689888196e+04 4.598775402077541973e-19 2.475682253719880541e-20
1.317327593622656423e+04 4.516632164317925701e-19 2.661767405651363304e-20
1.317961818420653435e+04 4.563410993071212555e-19 2.587022812705468132e-20
1.318596040082594664e+04 5.432012843038004791e-19 2.441349632276865732e-20
1.319230258606532698e+04 5.212949251358415054e-19 2.508271665823775067e-20
1.319864473990513579e+04 4.666280991468506095e-19 2.285520437118134825e-20
1.320498686233258013e+04 5.134150343061888267e-19 2.364961839623358153e-20
1.321132895332808948e+04 4.990480006884803468e-19 2.385394573240601614e-20
1.321767101287208061e+04 4.884165028640028232e-19 2.367494310505901839e-20
1.322401304095176238e+04 5.295045762100961569e-19 2.504862957481093155e-20
1.323035503754516321e+04 4.699971030802958115e-19 2.390602025055833800e-20
1.323669700263957748e+04 4.953433849770860255e-19 2.403389579291090518e-20
1.324303893621087445e+04 4.836502746777637094e-19 2.400661528302564122e-20
1.324938083824854039e+04 5.239173919267050127e-19 2.368170964679765882e-20
1.325572270873979869e+04 4.960267985511081238e-19 2.326946411794543664e-20
1.326206454764908085e+04 4.826335388061526063e-19 2.386790874695795703e-20
1.326840635497725634e+04 4.804314170404606524e-19 2.287866566554690128e-20
1.327474813070004711e+04 5.154920353490831008e-19 2.499317966939301227e-20
1.328108987479326424e+04 4.805755898530515793e-19 2.419764154552412588e-20
1.328743158725330613e+04 5.112895414673977847e-19 2.351879292296299411e-20
1.329377326805823031e+04 4.908892139537055117e-19 2.363208893906535145e-20
1.330011491718153047e+04 4.827484753775345057e-19 2.303492305261064206e-20
1.330645653461497568e+04 4.639668813061713031e-19 2.346198884435569877e-20
1.331279812033888084e+04 5.481786159504430112e-19 2.384087086058227508e-20
1.331913967433579819e+04 5.238785565269985135e-19 2.286437062126692613e-20
1.332548119659060649e+04 5.117691953715921754e-19 2.391702611401170389e-20
1.333182268707911135e+04 5.143824705983779179e-19 2.348717037584751378e-20
1.333816414579079901e+04 4.904991583972161051e-19 2.364313120753938607e-20
1.334450557270596437e+04 5.524560976991897976e-19 2.375076326292563295e-20
1.335084696780719059e+04 5.257062911656716857e-19 2.422342349427601275e-20
1.335718833107706996e+04 4.877395540599682737e-19 2.388363075005885587e-20
1.336352966249810197e+04 4.738631544372222588e-19 2.292996322019999880e-20
1.336987096205284979e+04 5.023249819244673705e-19 2.272166669536783203e-20
1.337621222972627947e+04 4.798323991899790326e-19 2.273594319635319545e-20
1.338255346549172646e+04 4.777391435215912701e-19 2.361302019036368373e-20
1.338889466934327720e+04 4.795131393023603823e-19 2.367169644692589680e-20
1.339523584125887646e+04 5.252534876006391125e-19 2.383602165601216686e-20
1.340157698121876274e+04 4.537106329176147652e-19 2.290904596302684566e-20
1.340791808921230040e+04 4.507647428924839146e-19 2.294464224380474480e-20
1.341425916521286126e+04 5.125315841043067049e-19 2.374982950986618803e-20
1.342060020920531315e+04 5.363705945087587646e-19 2.389867872358031681e-20
1.342694122118145060e+04 4.679169350436638874e-19 2.311897885069186083e-20
1.343328220111454539e+04 4.629320920028278797e-19 2.381916162589017843e-20
1.343962314898712611e+04 5.083768427412492367e-19 2.413234318199404820e-20
1.344596406478632343e+04 4.978796887551105012e-19 2.364620604703798278e-20
1.345230494848754643e+04 4.582115701049015970e-19 2.391411851406736343e-20
1.345864580008503799e+04 4.927998133820355509e-19 2.342010726947274840e-20
1.346498661955204807e+04 4.607811969386100122e-19 2.353132103113123841e-20
1.347132740686872421e+04 4.820391160032404994e-19 2.349542426752551849e-20
1.347766816202684822e+04 4.914314216819552651e-19 2.439881257484284382e-20
1.348400888500195470e+04 5.160669735277762164e-19 2.533573502233085561e-20
1.349034957577873865e+04 5.102662778970089650e-19 2.423904124035139343e-20
1.349669023433969232e+04 4.824742167254896501e-19 2.411579907592167927e-20
1.350303086067201184e+04 4.756450244360605469e-19 2.333580968071802654e-20
1.350937145474652425e+04 4.919519238047872068e-19 2.385809817830596627e-20
1.351571201655733967e+04 4.462481085638315948e-19 2.395761969691875473e-20
1.352205254607758798e+04 5.267736127749745309e-19 2.406620748523466040e-20
1.352839304329669540e+04 4.741253812705116420e-19 2.477442192132447150e-20
1.353473350819696134e+04 5.038851076895904866e-19 2.383487163763595193e-20
1.354107394075866068e+04 4.818944389008809327e-19 2.308321668843342471e-20
1.354741434095953991e+04 4.839198940514920903e-19 2.387945226729552207e-20
1.355375470878904343e+04 4.922818433325722358e-19 2.463860941181942560e-20
1.356009504422490318e+04 5.121732840475874958e-19 2.427701665573935815e-20
1.356643534725423342e+04 4.327936033489456013e-19 2.347719495857653903e-20
1.357277561785931903e+04 4.890046269189010832e-19 2.373703595598747806e-20
1.357911585601561274e+04 5.387871539564706345e-19 2.434285352086401692e-20
1.358545606171258623e+04 5.065601128728602551e-19 2.433177577028835221e-20
1.359179623493030704e+04 4.683904745945729271e-19 2.408288240553103257e-20
1.359813637564880810e+04 4.545112741680139339e-19 2.483646148831110584e-20
1.360447648385751927e+04 4.651330732128549037e-19 2.528536100667725313e-20
1.361081655953168411e+04 4.842007542424476414e-19 2.519374634517916890e-20
1.361715660265368570e+04 5.329479371073913507e-19 2.463374943728940275e-20
1.362349661321067470e+04 4.668857368694852671e-19 2.389139889910313375e-20
1.362983659118265859e+04 4.615603252031762560e-19 2.330372700211154278e-20
1.363617653654964306e+04 4.225552846077985665e-19 2.386351652173542967e-20
1.364251644929634494e+04 4.375187018374778198e-19 2.382294554782783062e-20
1.364885632940972937e+04 4.831096366543011741e-19 2.455135335967975686e-20
1.365519617686034326e+04 4.202450644938680774e-19 2.340640606444014020e-20
1.366153599164476873e+04 4.807299328748100924e-19 2.338201859454968706e-20
1.366787577373116255e+04 4.623655840616418991e-19 2.429849798321518743e-20
1.367421552311366941e+04 4.237105538815039934e-19 2.469643586526974365e-20
1.368055523976988661e+04 4.958957697583965338e-19 2.375248136497618105e-20
1.368689492367967250e+04 4.495328227655613227e-19 2.286847291936438385e-20
1.369323457483005768e+04 4.447032288917511709e-19 2.393264998233544664e-20
1.369957419319869405e+04 3.832411958185898411e-19 2.322820381162250659e-20
1.370591377877024934e+04 4.664081631917043076e-19 2.391490672220954699e-20
1.371225333152939129e+04 4.092668241802972420e-19 2.301488100784652417e-20
1.371859285145366084e+04 4.667934421790432558e-19 2.386452437918097867e-20
1.372493233852998856e+04 4.345176612698948750e-19 2.281064657817116576e-20
1.373127179273589718e+04 5.472455753399435057e-19 2.418696707381561101e-20
1.373761121405612903e+04 4.949810701941495095e-19 2.445418057761687866e-20
1.374395060247054789e+04 4.807805028748762276e-19 2.486336627838500584e-20
1.375028995796856725e+04 5.424049004908192353e-19 2.503898257839791069e-20
1.375662928052528514e+04 5.401752937656382220e-19 2.521287352364861332e-20
1.376296857012520195e+04 4.575503843040318156e-19 2.300152752493915082e-20
1.376930782675063710e+04 4.781715962583898394e-19 2.358465677409660977e-20
1.377564705038624015e+04 5.043354288446369448e-19 2.430839448428262100e-20
1.378198624100710185e+04 4.271437034108702045e-19 2.396503727435696225e-20
1.378832539860020552e+04 4.109433147419104406e-19 2.342349783527242725e-20
1.379466452315254901e+04 4.226975047229160074e-19 2.368131202655324326e-20
1.380100361463899389e+04 4.587713382067250657e-19 2.280386891866187435e-20
1.380734267304429886e+04 4.806946077258099912e-19 2.344238211399278134e-20
1.381368169834827495e+04 4.938780481439763964e-19 2.369810469369691952e-20
1.382002069054029380e+04 4.842627199629692124e-19 2.398292957997468741e-20
1.382635964959297053e+04 5.076827391444697218e-19 2.346656066428682466e-20
1.383269857549800327e+04 4.740933728836957353e-19 2.368451097625817563e-20
1.383903746822790890e+04 4.549589535287065210e-19 2.367699861179655637e-20
1.384537632776976898e+04 4.717143241049950859e-19 2.291526037918228497e-20
1.385171515411054679e+04 4.847038044675351291e-19 2.479071143246002210e-20
1.385805394721799348e+04 4.239506576385664880e-19 2.366457798483411050e-20
1.386439270709347875e+04 5.088823809646380475e-19 2.422039330550839989e-20
1.387073143370457910e+04 4.521238875611277027e-19 2.345394218648667304e-20
1.387707012704314548e+04 4.645654418220038848e-19 2.424847425515113054e-20
1.388340878708171840e+04 4.760954819794792986e-19 2.319685318488770298e-20
1.388974741380725573e+04 4.685680302091674766e-19 2.403776216151698711e-20
1.389608600720185859e+04 3.998081186733174496e-19 2.387598450593954635e-20
1.390242456725002194e+04 4.425470890514665735e-19 2.333109543596142576e-20
1.390876309392890653e+04 4.280576944947955186e-19 2.318740981858504867e-20
1.391510158722558663e+04 4.591494216400368809e-19 2.310814794776893627e-20
1.392144004711733032e+04 4.816709113896602999e-19 2.355829547611084127e-20
1.392777847359106090e+04 5.097528827546807176e-19 2.327151495512852972e-20
1.393411686662644934e+04 4.008168601359699202e-19 2.230687883545221956e-20
1.394045522619813892e+04 3.942796895129512987e-19 2.193665136573143733e-20
1.394679355230524561e+04 4.115708805644191891e-19 2.282468505979064818e-20
1.395313184491536231e+04 4.449726634563202060e-19 2.325188165748424898e-20
1.395947010401537591e+04 4.665139168212516843e-19 2.348085830455369668e-20
1.396580832958493011e+04 4.608786344829555146e-19 2.360808633106194119e-20
1.397214652161323829e+04 5.115999004198280834e-19 2.413464565010969209e-20
1.397848468007745578e+04 4.914548154602081086e-19 2.319991880604913642e-20
1.398482280495243504e+04 4.659839194854014499e-19 2.250726000238926834e-20
1.399116089623479274e+04 3.962467980163151459e-19 2.232028702613593120e-20
1.399749895389438097e+04 4.506186741598932830e-19 2.286538620560205958e-20
1.400383697792291605e+04 4.468002559293912156e-19 2.229426619934154530e-20
1.401017496829495030e+04 4.434411176664700897e-19 2.322816338335794219e-20
1.401651292499752344e+04 4.549368969282143418e-19 2.284160872419663020e-20
1.402285084800531513e+04 4.307605257341232645e-19 2.209337532661473250e-20
1.402918873730518135e+04 4.431245072560308667e-19 2.239289564520624227e-20
1.403552659288398536e+04 4.511532484919039808e-19 2.243706594992429331e-20
1.404186441471374928e+04 4.681444717067566406e-19 2.249424212521931146e-20
1.404820220278392117e+04 4.523858803034546243e-19 2.322959569366539381e-20
1.405453995707403737e+04 4.659554044570050806e-19 2.315192818289625933e-20
1.406087767756360336e+04 4.585692292768309602e-19 2.369093614616404778e-20
1.406721536423945327e+04 4.658962623284905616e-19 2.426488454633418021e-20
1.407355301707848594e+04 4.523104786798805677e-19 2.518408837946986611e-20
1.407989063606516356e+04 3.907616961337236101e-19 2.191091605414360401e-20
1.408622822118391923e+04 4.221553956602354054e-19 2.337173607573864059e-20
1.409256577241422747e+04 4.218452707618951579e-19 2.267353866950627052e-20
1.409890328973798751e+04 4.038278254607300367e-19 2.251609101277722545e-20
1.410524077313453927e+04 4.449977830540730980e-19 2.349352138240310396e-20
1.411157822259071690e+04 5.124745930511496438e-19 2.358835994265372500e-20
1.411791563808357932e+04 4.566562176377559956e-19 2.276939572260987167e-20
1.412425301959993521e+04 4.994913005031293325e-19 2.362661943113348541e-20
1.413059036711672888e+04 4.840594370027580652e-19 2.343674199984098078e-20
1.413692768061820061e+04 3.942690557856850614e-19 2.451832488809935847e-20
1.414326496008619870e+04 4.093940597418336681e-19 2.288953327953849332e-20
1.414960220550022495e+04 4.758022625789190392e-19 2.292072974863846093e-20
1.415593941684952551e+04 4.506772137165705703e-19 2.368552529626471434e-20
1.416227659410855085e+04 4.304644590261544931e-19 2.415841352919509475e-20
1.416861373726148122e+04 4.536789809257441818e-19 2.306048073109138108e-20
1.417495084629262419e+04 4.496314522954487008e-19 2.287562788687187751e-20
1.418128792117896592e+04 3.491553879626808025e-19 2.157687594224394859e-20
1.418762496190726051e+04 3.424754512230191648e-19 2.172830969289252506e-20
1.419396196845437771e+04 4.638929317154204675e-19 2.344594948245064768e-20
1.420029894080446502e+04 4.159398881919459690e-19 2.210873486400939899e-20
1.420663587894181182e+04 4.724753467856728678e-19 2.290268681293881836e-20
1.421297278283839114e+04 4.310907293427713850e-19 2.261884944068201787e-20
1.421930965249085966e+04 4.787602714291751459e-19 2.400837561735909489e-20
1.422564648786859107e+04 4.121198619037428525e-19 2.307761963481344676e-20
1.423198328896063322e+04 4.903609515042069105e-19 2.421657065504090087e-20
1.423832005574634786e+04 4.412416818422769497e-19 2.396388514074841628e-20
1.424465678820506946e+04 4.229536574512524623e-19 2.304035053011837232e-20
1.425099348632351575e+04 3.559177369454300297e-19 2.157640722144108279e-20
1.425733015008590519e+04 3.296182107390538810e-19 2.148497212272511034e-20
1.426366677945885931e+04 3.955760337232307391e-19 2.272048551004548944e-20
1.427000337443668650e+04 4.283876826675620386e-19 2.229563585911151496e-20
1.427633993500612996e+04 4.306193758446327763e-19 2.410534078137821300e-20
1.428267646113393675e+04 4.711718228273072848e-19 2.310241548939904428e-20
1.428901295280927661e+04 4.745322545963502651e-19 2.246334453847356737e-20
1.429534941001614425e+04 4.029701696800456550e-19 2.290309052098464772e-20
1.430168583273142940e+04 4.555061043829226396e-19 2.325553556773023352e-20
1.430802222093931414e+04 4.473381310957943707e-19 2.333683956757329972e-20
1.431435857462398053e+04 4.294124282425283415e-19 2.228282577010232798e-20
1.432069489376089768e+04 4.620097340152858474e-19 2.218634861877557041e-20
1.432690010747294764e+04 4.008716158273699447e-19 2.353235467355507908e-20
1.433323634648267762e+04 3.880827759290175988e-19 2.344502600233492596e-20
1.433957255094207721e+04 4.853591534222485349e-19 2.289603046915612265e-20
1.434590872077875247e+04 4.380494573674759926e-19 2.200869179620335371e-20
1.435224485598395586e+04 4.170987081973236317e-19 2.166715593032697554e-20
1.435858095653211603e+04 3.989415252263087285e-19 2.315030619434590317e-20
1.436491702240491759e+04 4.037207762492167151e-19 2.191761050104686640e-20
1.437125305359367485e+04 4.447206938654076635e-19 2.187920459485105339e-20
1.437758905006771784e+04 4.448852047836076558e-19 2.308325051733376280e-20
1.438392501181099578e+04 4.293709364459822956e-19 2.232321188526417145e-20
1.439026093881258203e+04 4.533949126541624971e-19 2.205911882193842862e-20
1.439659683104916621e+04 5.121679615679850298e-19 2.337351677227458009e-20
1.440293268849736705e+04 4.580057675145644305e-19 2.392410563227153348e-20
1.440926851114593410e+04 5.002445039468079308e-19 2.408950110356440109e-20
1.441560429897172071e+04 4.326609614769313068e-19 2.274620518833291839e-20
1.442194005196602484e+04 4.730887773666741208e-19 2.304914043345238739e-20
1.442827577009575543e+04 4.632690047192479758e-19 2.320350369387335815e-20
1.443461145335204674e+04 4.929552877878178499e-19 2.367378935793618984e-20
1.444094710171156294e+04 4.078645679946832135e-19 2.410247726815698237e-20
1.444728271516080531e+04 3.956893046151288019e-19 2.230000140762899214e-20
1.445361829367887367e+04 3.668508689940944570e-19 2.341335332613516264e-20
1.445995383724720341e+04 3.447731672767513179e-19 2.202222710447096503e-20
1.446628934584475974e+04 4.334532544414543996e-19 2.399738645099862079e-20
1.447262481946041044e+04 4.713425764300966067e-19 2.316900438623499251e-20
1.447896025806834768e+04 4.780258145067352170e-19 2.504871795540930936e-20
1.448529566165000688e+04 5.203246335180628091e-19 2.476329673539517901e-20
1.449163103019169830e+04 4.973746037295428304e-19 2.581349243653003265e-20
1.449796636366993152e+04 4.564225019142891687e-19 2.519704265380605174e-20
1.450430166207115872e+04 4.728609417150696748e-19 2.528390829502866666e-20
1.451063692537438328e+04 4.967005185426214010e-19 2.504272543019501730e-20
1.451697215355853587e+04 4.104044770962258793e-19 2.330487998017214931e-20
1.452330734660981034e+04 4.346564586761409929e-19 2.400582019911563681e-20
1.452964250450236614e+04 4.981663795784133220e-19 2.463060427336185298e-20
1.453597762722993502e+04 5.072020816732182136e-19 2.427432770016539028e-20
1.454231271475921312e+04 4.550229878967075489e-19 2.536081223975931377e-20
1.454864776708615136e+04 4.651990561552459665e-19 2.498762404470280605e-20
1.455498278417497022e+04 5.350593510163294435e-19 2.613464072966884335e-20
1.456131776602923674e+04 4.907495794248951561e-19 2.531794831326209053e-20
1.456765271260576992e+04 4.341906587800771771e-19 2.484529146977386401e-20
1.457398762390795309e+04 4.325366961262249683e-19 2.475454555946020702e-20
1.458032249989742377e+04 4.863606204119347374e-19 2.652809822630751215e-20
1.458665734057524787e+04 3.835752979824798921e-19 2.379449484081501557e-20
1.459299214590317206e+04 4.711965537202048906e-19 2.476476824898397382e-20
1.459932691588216403e+04 4.355589413759879721e-19 2.479857407925292273e-20
1.460566165047373943e+04 3.990453490151924249e-19 2.325527437010400764e-20
1.461199634967894235e+04 4.292910774430579121e-19 2.455207006440026904e-20
1.461833101346196236e+04 4.376730952580584013e-19 2.503788320168533319e-20
1.462466564181876856e+04 4.132780394625917662e-19 2.403551026084585473e-20
1.463100023471088025e+04 4.662287675895093196e-19 2.513020315581369670e-20
1.463733479214667022e+04 4.829719954695406657e-19 2.759737198678615001e-20
1.464366931407793527e+04 4.504379640065167152e-19 2.991894215217086171e-20
1.465000380051554566e+04 3.781813539282050740e-19 2.544846577008227341e-20
1.465633825141106354e+04 4.421139810735963371e-19 2.436724072328617934e-20
1.466267266677529187e+04 4.477381921044923900e-19 2.554120658948377440e-20
1.466900704655986738e+04 5.351128957594812155e-19 2.508733972394649786e-20
1.467534139077330292e+04 4.302601864160850075e-19 2.521509376547380095e-20
1.468167569937445842e+04 4.614247296741148320e-19 2.367660550671161611e-20
1.468800997235684736e+04 4.554308157404988297e-19 2.378089470135006770e-20
1.469434420970428619e+04 5.097044935459681020e-19 2.566012706761750302e-20
1.470067841138559015e+04 4.283726550918230394e-19 2.397395636705691646e-20
1.470701257739926587e+04 4.336043917510879617e-19 2.574612122938240763e-20
1.471334670770153753e+04 4.998455501318841947e-19 2.580988814289844770e-20
1.471968080230596752e+04 4.861681358741752721e-19 2.604352609645046709e-20
1.472601486111055419e+04 4.800097263500224810e-19 2.586426781908134702e-20
1.473221711260981101e+04 4.939839248697617991e-19 2.470139678723813034e-20
1.473855108898639628e+04 4.266070683080351438e-19 2.391003660370641588e-20
1.474488502956934644e+04 4.856215968991467385e-19 2.515184846500046736e-20
1.475121893434761478e+04 4.552935416899539558e-19 2.515525356488272743e-20
1.475755280328932895e+04 4.066891224592462277e-19 2.386205530788639614e-20
1.476388663638580329e+04 4.696536899624523993e-19 2.406221240905984947e-20
1.477022043361564101e+04 4.962501269217599156e-19 2.502093721907524015e-20
1.477655419496001196e+04 4.376162272553619374e-19 2.366719956880414589e-20
1.478288792039999862e+04 4.543727991490596267e-19 2.404602037798197361e-20
1.478922160991911733e+04 4.475260851024284184e-19 2.519770766305757147e-20
1.479555526349066349e+04 4.204214920685344259e-19 2.405453921201946876e-20
1.480188888110622611e+04 4.597111311690698571e-19 2.408028825502749325e-20
1.480822246273902965e+04 4.561699884505940332e-19 2.380425490945880242e-20
1.481455600837258862e+04 4.368315381918932695e-19 2.379926965590050147e-20
1.482088951799053939e+04 4.289183881044766327e-19 2.287595875263595608e-20
1.482722299156620284e+04 4.177484823575678673e-19 2.321027965865661074e-20
1.483355642908842128e+04 4.598476016564740486e-19 2.427366314532100154e-20
1.483988983053808442e+04 4.703656972326450002e-19 2.370868853008594816e-20
1.484622319588306891e+04 4.242415583759525761e-19 2.349501781305022513e-20
1.485255652512808410e+04 4.477554972370322031e-19 2.421875570727879398e-20
1.485888981823838367e+04 4.019318201324462404e-19 2.364081533060981671e-20
1.486522307518693924e+04 4.279392225722116119e-19 2.385489028905340048e-20
1.487155629597305051e+04 4.248238868589894573e-19 2.238879363141417775e-20
1.487788948057257039e+04 4.326876863119179483e-19 2.208158351507350746e-20
1.488422262895592758e+04 4.251310323682395815e-19 2.332418174954904672e-20
1.489055574111707392e+04 4.272383497471968650e-19 2.295374316314616489e-20
1.489688881703691368e+04 3.375245258700727215e-19 2.180799959220245204e-20
1.490322185667808844e+04 3.945888750508522962e-19 2.172232013494243787e-20
1.490955486004255908e+04 4.505767305359252084e-19 2.297434150541506966e-20
1.491588782710582745e+04 4.614170608721317466e-19 2.310103482386519785e-20
1.492222075783823675e+04 4.223111605683536832e-19 2.357462854109078846e-20
1.492855365223397530e+04 3.921545174805479466e-19 2.318881417816433491e-20
1.493488651026600928e+04 4.196957743885062945e-19 2.238138633362348241e-20
1.494121933192032338e+04 4.560045662376055463e-19 2.255540744840129452e-20
1.494755211717252678e+04 4.373195902418935617e-19 2.269845805549481222e-20
1.495388486600885881e+04 3.985388839267983729e-19 2.241882213541558358e-20
1.496021757840487226e+04 4.675606872936189363e-19 2.306168681122532028e-20
1.496655025434119852e+04 4.150890330297484152e-19 2.181194525110331727e-20
1.497288289380669630e+04 4.158791452025388690e-19 2.215167802313244863e-20
1.497921549677431176e+04 3.628061314660654380e-19 2.265761197400792685e-20
1.498554806323015146e+04 4.009881018669062458e-19 2.292324540632581608e-20
1.499188059314947895e+04 3.780950235389343922e-19 2.239834899968526494e-20
1.499821308651322761e+04 3.382320477661574326e-19 2.217099535134594410e-20
1.500454554331284817e+04 4.457313167161105288e-19 2.260154279997960644e-20
1.501087796351050929e+04 4.195126673349352505e-19 2.145693099574734602e-20
1.501721034710265667e+04 4.178739419252900930e-19 2.268372622173791580e-20
1.502354269406759704e+04 4.222791459558198272e-19 2.230495899233148760e-20
1.502987500438078132e+04 4.182297993907372617e-19 2.199996545547069817e-20
1.503620727802289912e+04 3.832200193423684339e-19 2.188774082519805551e-20
1.504253951497976414e+04 3.560533350152219069e-19 2.182646192605132695e-20
1.504887171522967219e+04 3.945706055786244953e-19 2.105662388839194564e-20
1.505520387875598499e+04 3.809022284890688861e-19 2.109413149552426434e-20
1.506153600553131582e+04 3.747202052812004843e-19 1.979589917871067146e-20
1.506786809554154388e+04 3.251096082188801539e-19 2.130245242284123497e-20
1.507420014876754612e+04 3.579432758265667804e-19 2.174120721704210372e-20
1.508053216519533089e+04 3.813921081519189043e-19 2.272420648500002562e-20
1.508686414479738414e+04 4.092976887828653860e-19 2.252840255660990592e-20
1.509319608755434820e+04 4.396090646300579693e-19 2.311639426837298835e-20
1.509952799344966843e+04 3.989736374777558752e-19 2.252489593894930541e-20
1.510585986246664470e+04 4.131383440899093522e-19 2.213535073711278843e-20
1.511219169458300348e+04 4.172047504920406022e-19 2.425627525785284152e-20
1.511852348977947986e+04 3.663794681516959383e-19 2.222833368404967431e-20
1.512485524803406952e+04 4.041038899501932763e-19 2.214426940966729146e-20
1.513118696933002320e+04 4.327448915261637908e-19 2.335478295318702805e-20
1.513751865364764853e+04 5.120953511752096663e-19 2.496373370764338526e-20
1.514385030096777155e+04 4.321650659676434726e-19 2.414726545311381894e-20
1.515018191127635328e+04 4.077268568181086483e-19 2.319619826877867689e-20
1.515651348454038816e+04 4.050586965817281027e-19 2.309945732820534621e-20
1.516284502075375167e+04 4.263441360669180130e-19 2.264737647777404412e-20
1.516917651988911166e+04 3.896851898229047373e-19 2.272903878390335037e-20
1.517550798192966795e+04 4.074327288367230755e-19 2.105663785047236740e-20
1.518183940685574635e+04 4.421806010364703608e-19 2.252068185452063650e-20
1.518817079464520975e+04 4.050967060554924630e-19 2.239678996075384348e-20
1.519450214528676952e+04 3.628641994086743818e-19 2.267182670003816716e-20
1.520083345875550003e+04 3.986414202942981182e-19 2.211257149185162598e-20
1.520716473502619010e+04 3.931729577295874036e-19 2.208352571953682493e-20
1.521349597408765840e+04 4.053989102784792977e-19 2.319779959826984450e-20
1.521982717591768778e+04 3.968526477935722333e-19 2.224283938531217160e-20
1.522615834049662044e+04 4.002286933878631361e-19 2.205783859833177254e-20
1.523248946780475671e+04 4.333950025365699398e-19 2.202374187414580553e-20
1.523882055782274983e+04 3.842125781195215896e-19 2.217620547473742029e-20
1.524515161053369229e+04 4.044655604050463063e-19 2.237557059863425121e-20
1.525148262590967170e+04 3.728453572198424853e-19 2.192711668300033815e-20
1.525781360393659452e+04 4.120596178781230389e-19 2.115532847745940747e-20
1.526414454459765693e+04 3.888307895870948199e-19 2.093002489784946430e-20
1.527047544786778235e+04 4.088711838520603215e-19 2.229856164483478624e-20
1.527680631373523647e+04 3.598238207402232720e-19 2.240979562671599292e-20
1.528313714216975859e+04 4.046900085686266732e-19 2.194712542880703990e-20
1.528946793315985087e+04 4.288762662024784357e-19 2.144251426869495191e-20
1.529579868668299059e+04 4.230896130320838323e-19 2.163731164642148441e-20
1.530212940271676598e+04 3.858971069983310872e-19 2.226908513035402448e-20
1.530846008124434775e+04 3.303339518367895147e-19 2.150975886680786680e-20
1.531479072224880110e+04 3.813901186538325670e-19 2.116877404508118356e-20
1.532112132570464564e+04 4.224323884283868766e-19 2.288633244737517764e-20
1.532745189159790243e+04 3.888400416081024951e-19 2.283027191474024078e-20
1.533378241990614151e+04 3.901287973837755369e-19 2.197524435026672298e-20
1.534011291060402436e+04 3.328710502186465348e-19 2.116436240657795957e-20
1.534644336367993856e+04 3.777007263162353970e-19 2.249942439552199219e-20
1.535277377911432632e+04 4.121733057119993308e-19 2.236188321022950086e-20
1.535910415688193279e+04 4.138592285508028729e-19 2.187898711917390495e-20
1.536543449696546668e+04 3.464538772351446695e-19 2.198049139033380305e-20
1.537176479934534837e+04 3.653926567992191466e-19 2.183663433685246984e-20
1.537809506400183091e+04 3.377753952373094721e-19 2.239396064400230815e-20
1.538442529091774122e+04 3.238780727473999732e-19 2.205565736858693263e-20
1.539075548006768804e+04 4.252329968902586761e-19 2.214874943580789314e-20
1.539708563143313222e+04 3.588259082284120995e-19 2.232118374130970103e-20
1.540341572825888215e+04 3.721111917759317574e-19 2.183289339638877484e-20
1.540974567960708737e+04 3.654239134736611577e-19 2.207706315432711805e-20
1.541607559311232762e+04 3.534061714209282437e-19 2.226588831998603132e-20
1.542240546875753898e+04 3.175285524397800538e-19 2.153715299898699677e-20
1.542873530652270347e+04 3.872583828169762106e-19 2.290896372297408824e-20
1.543506510638788677e+04 3.995497707743141799e-19 2.212867729135812999e-20
1.544139486833336014e+04 3.382285517152563922e-19 2.165773258544151105e-20
1.544772459233647169e+04 3.709386747251824307e-19 2.254008919401601244e-20
1.545405427837975185e+04 3.691763652924213795e-19 2.183956358588697937e-20
1.546038392644355008e+04 3.610917057154288634e-19 2.197249346765667624e-20
1.546671353650795754e+04 3.979184885299341640e-19 2.253693777302738182e-20
1.547304310855561380e+04 3.518495828836332728e-19 2.251775386527432381e-20
1.547937264256381604e+04 3.900312033003031520e-19 2.364558773101671460e-20
1.548570213851273365e+04 4.150631439835109025e-19 2.352595401981951581e-20
1.549203159637959106e+04 4.071087454221280765e-19 2.322196031701385491e-20
1.549836101614969084e+04 4.221722595830354509e-19 2.184129272077955796e-20
1.550469039780053936e+04 4.188109107483782091e-19 2.187010305879130462e-20
1.551101974130934286e+04 3.865683886452791959e-19 2.297053794008129069e-20
1.551734904666141119e+04 4.020736079410146903e-19 2.213837959456421053e-20
1.552367831383128760e+04 4.169189541699667251e-19 2.282826071367969632e-20
1.553000754279901594e+04 3.856134685945807903e-19 2.203557976609218772e-20
1.553633673355278006e+04 3.934177199393726062e-19 2.236369823550251534e-20
1.554266588606406185e+04 4.026272774240257640e-19 2.256967045703559036e-20
1.554899500031857497e+04 3.885245684656232682e-19 2.287381351099849857e-20
1.555532407629065528e+04 4.267637276176862166e-19 2.306130262109885635e-20
1.556165311396268044e+04 3.822015471199648237e-19 2.435680467391184715e-20
1.556798211331483617e+04 4.268390594151229918e-19 2.258545584175815768e-20
1.557431107432425233e+04 3.839144585657475019e-19 2.310817974875373199e-20
1.558063999697892905e+04 3.874422246312733731e-19 2.288490861420701870e-20
1.558696888125326404e+04 4.309730056598006206e-19 2.309824557097645270e-20
1.559329772712157137e+04 4.061267123270365917e-19 2.312769479092499647e-20
1.559949323539336183e+04 4.155017721928856485e-19 2.257562638971642220e-20
1.560582198899125251e+04 4.211185565826688931e-19 2.457742421430905961e-20
1.561215070846097478e+04 3.634802309088511345e-19 2.481857074815538013e-20
1.561847938948757655e+04 3.540544086256961890e-19 2.245077872617702384e-20
1.562480803201480376e+04 4.107110884119395842e-19 2.282057461598308329e-20
1.563113663602543966e+04 3.970464110568189723e-19 2.254800046961088909e-20
1.563746520149369826e+04 4.334090239597311714e-19 2.309409658264205985e-20
1.564379372839366624e+04 3.374281753435850237e-19 2.272491280991255923e-20
1.565012221670805775e+04 3.301593144686979253e-19 2.399586576166300205e-20
1.565645066642758320e+04 3.872897084907400076e-19 2.290501924374381148e-20
1.566277907752354986e+04 4.094346317630973358e-19 2.345341591752633646e-20
1.566910744996757421e+04 3.841057774595991942e-19 2.401034884694967328e-20
1.567543578374768185e+04 3.955779134153975510e-19 2.267143862126001639e-20
1.568176407885160916e+04 3.204674570251066720e-19 2.330965037228632657e-20
1.568809233524546653e+04 4.175686158447977297e-19 2.412184360562761851e-20
1.569442055291715224e+04 3.926439072540834568e-19 2.263002052587420391e-20
1.570074873184082753e+04 3.552748652921911165e-19 2.210919656217791341e-20
1.570707687199875727e+04 3.876179675451691406e-19 2.428255756739339148e-20
1.571340497337358647e+04 4.059827079940322205e-19 2.328920816372780566e-20
1.571973303594480421e+04 3.996819816544954340e-19 2.321238320641372587e-20
1.572606105968094926e+04 3.990733922793624339e-19 2.405197199225147632e-20
1.573238904457266290e+04 4.020447047976890026e-19 2.184175084376301830e-20
1.573871699059423736e+04 3.740816492248560201e-19 2.335006188321749708e-20
1.574504489773051137e+04 3.323877920156675921e-19 2.315130076482499043e-20
1.575137276596127958e+04 3.476009102988564968e-19 2.333055190457986065e-20
1.575770059526603291e+04 3.536364996125245483e-19 2.315322523143424918e-20
1.576402838561049612e+04 3.647129297300905496e-19 2.261734710245638579e-20
1.577035613699337046e+04 3.514669285566677197e-19 2.296017280572285563e-20
1.577668384938076633e+04 3.925949782508051389e-19 2.247600293670199486e-20
1.578301152276019457e+04 3.741126817283967495e-19 2.273159995226926768e-20
1.578933915710846486e+04 3.908617395297205853e-19 2.305782265615748260e-20
1.579566675240795666e+04 4.029125725355651890e-19 2.313903202013298741e-20
1.580199430863253474e+04 3.939120968454342903e-19 2.340032787233190588e-20
1.580832182576154446e+04 3.107119031689382733e-19 2.267913752910807823e-20
1.581464930378016470e+04 3.998642274535642148e-19 2.372921088294638703e-20
1.582097674266237846e+04 3.567806264766958291e-19 2.415149848550858236e-20
1.582730414239561287e+04 4.005571842146494816e-19 2.619848266038443699e-20
1.583363150294583465e+04 3.598314398978891558e-19 2.448669773129019772e-20
1.583995882430890924e+04 3.909966707901344877e-19 2.370201975263180676e-20
1.584628610645307890e+04 4.203812171642621941e-19 2.464875724874356652e-20
1.585261334935783088e+04 4.002187767175729710e-19 2.353314364331391171e-20
1.585894055300540640e+04 3.914875592539033401e-19 2.347364632432564919e-20
1.586526771737772287e+04 3.935088733419983192e-19 2.470733411036764786e-20
1.587159484244878331e+04 4.039762564205933325e-19 2.425128024238194381e-20
1.587792192820083801e+04 4.284563872157035549e-19 2.144816947127071254e-20
1.588424897462122317e+04 3.794091859716767729e-19 2.517430888811384187e-20
1.589057598162576323e+04 3.712200475904701754e-19 2.247226559750582896e-20
1.589690294491636087e+04 3.907328012873771156e-19 2.422175408489304707e-20
1.590309604369577391e+04 5.627149868852849935e-19 2.446462253756316157e-20
1.590942292147803346e+04 5.369074650021744873e-19 2.599586070111137879e-20
1.591574975981645730e+04 4.062012977720404104e-19 2.724006816940942785e-20
1.592207655869004884e+04 3.902620277815330633e-19 2.428752802597659534e-20
1.592840331808113660e+04 3.816756006656634603e-19 2.245767922705784955e-20
1.593473003796329976e+04 3.076537200554497919e-19 2.386906396232125763e-20
1.594105671831839209e+04 3.361907357741653426e-19 2.171425631663640935e-20
1.594738335912580260e+04 3.456137309668536921e-19 2.301752102427441757e-20
1.595370996036482393e+04 4.206623978476718246e-19 2.361043912250359696e-20
1.596003652201443947e+04 4.369940700038196849e-19 2.376361719969662816e-20
1.596636304405107148e+04 3.662339050797248328e-19 2.222831604594749594e-20
1.597268952645977333e+04 3.524375641725781510e-19 2.250120436387349751e-20
1.597901596921372402e+04 3.313397301824964546e-19 2.268417074880502371e-20
1.598534237230081999e+04 3.761964774532164721e-19 2.204908029358251584e-20
1.599166873569168456e+04 3.557592498031911206e-19 2.468183724507582476e-20
1.599799505936813330e+04 3.765930807234078826e-19 2.392963018681731078e-20
1.600432134330933513e+04 3.572338073633410965e-19 2.347451670225973478e-20
1.601064758749166867e+04 3.692886564502073340e-19 2.361227924141426109e-20
1.601697379189691128e+04 3.666605092653294188e-19 2.272227028713861040e-20
1.602329995650996716e+04 3.477045459124692832e-19 2.266435689780415325e-20
1.602962608130140507e+04 3.511969109102044891e-19 2.165466895368259124e-20
1.603595216625296962e+04 3.719569505980433864e-19 2.391468967721167840e-20
1.604227821134085752e+04 3.742354555728719351e-19 2.287826456846394587e-20
1.604860421654425954e+04 3.795770437427178995e-19 2.410127938758182659e-20
1.605493018185070468e+04 3.864362553447217528e-19 2.334348966809804245e-20
1.606125610723053433e+04 3.421966680979699615e-19 2.359063872545772346e-20
1.606758199266582051e+04 3.595178012281484902e-19 2.359374553971285161e-20
1.607390783814115457e+04 3.540368662771630386e-19 2.345773232073999883e-20
1.608023364362103530e+04 3.351169003240288102e-19 2.322285842999483155e-20
1.608655940909911442e+04 3.167004037570188507e-19 2.280943794954172486e-20
1.609288513454542772e+04 3.704545063422831158e-19 2.476963251787835410e-20
1.609921081995058194e+04 3.838380443003988119e-19 2.380004009874061278e-20
1.610553646526751618e+04 3.795933935740332945e-19 2.389079704028672537e-20
1.611186207050108533e+04 4.151186458822983439e-19 2.380704544211928379e-20
1.611818763562445201e+04 3.438177698811811190e-19 2.363544941017930682e-20
1.612451316061375110e+04 3.515666356263429671e-19 2.271706931860842105e-20
1.613083864544180506e+04 3.401312484486630273e-19 2.287501751687639084e-20
1.613716409009341260e+04 3.759424044707802828e-19 2.388859159181714742e-20
1.614348949455047114e+04 3.744845531629126981e-19 2.326081907182961332e-20
1.614981485879158208e+04 3.230234544170519154e-19 2.160800671557849979e-20
1.615614018278696494e+04 4.150447722739709904e-19 2.290430255578975627e-20
1.616246546652430879e+04 3.519646359165410104e-19 2.313738596218200362e-20
1.616879070998214593e+04 3.358106261386738588e-19 2.431191729937100084e-20
1.617511591313070494e+04 3.653668188023344486e-19 2.276328295442308217e-20
1.618144107595468267e+04 3.842958091779810818e-19 2.303628630350860556e-20
1.618776619843842309e+04 4.174416438009843419e-19 2.320457426067694379e-20
1.619409128055214023e+04 3.614051344148256804e-19 2.256337385016399818e-20
1.620041632226878937e+04 3.057187889638015560e-19 2.118730889152550007e-20
1.620674132358725183e+04 3.766051311543820673e-19 2.343294366574604876e-20
1.621306628446901959e+04 3.429834688993934762e-19 2.367600198570836317e-20
1.621939120490451023e+04 3.988972475719177151e-19 2.344318572962048351e-20
1.622571608486037803e+04 3.224550774363838127e-19 2.233174989385560378e-20
1.623204092432445032e+04 3.216755518965976227e-19 2.340473626860797421e-20
1.623836572326947862e+04 4.019641859452137661e-19 2.251286066159973882e-20
1.624469048167680012e+04 3.895190878288833731e-19 2.225535437788369714e-20
1.625101519952538547e+04 3.621719851305899017e-19 2.329622872323663955e-20
1.625733987679964775e+04 3.378132311981750525e-19 2.285200060606400484e-20
1.626366451346627582e+04 3.537574348594112587e-19 2.283744865793011232e-20
1.626998910951005200e+04 3.652677475037012737e-19 2.269261728940259680e-20
1.627631366490940127e+04 3.721734510200482370e-19 2.338632664250829069e-20
1.628263817964286318e+04 3.630892664678355585e-19 2.286339251621373225e-20
1.628896265369217690e+04 3.611157908210556127e-19 2.215527396877855089e-20
1.629528708702389122e+04 3.536816598761787373e-19 2.196099315941119333e-20
1.630161147963725489e+04 3.625508286989983384e-19 2.331973202960897327e-20
1.630793583149328151e+04 3.431294467071173556e-19 2.273238644670335058e-20
1.631426014257611132e+04 3.745078707517932796e-19 2.351285637278783751e-20
1.632058441286443121e+04 4.044967799962241578e-19 2.164441790225509419e-20
1.632690864233092361e+04 3.532028585092136989e-19 2.218179316031570525e-20
1.633323283097150488e+04 4.690893095829194743e-19 2.267499646847842033e-20
1.633955697874718498e+04 3.936588143201151674e-19 2.343112378575132780e-20
1.634588108563643073e+04 3.985009804741984892e-19 2.416412794150719676e-20
1.635220515163515483e+04 3.584432218775609655e-19 2.271181800113105017e-20
1.635852917670435090e+04 3.893660864292898754e-19 2.356585257653792362e-20
1.636485316082235840e+04 3.778819395814707285e-19 2.347616694823200735e-20
1.637117710397926021e+04 3.603665425011378012e-19 2.317820130489104684e-20
1.637750100614780786e+04 4.205941794679370415e-19 2.329171590510820266e-20
1.638382486730027631e+04 4.050535927839149654e-19 2.178572630108162417e-20
1.639014868742688850e+04 3.822970879887447115e-19 2.261298308373534869e-20
1.639647246650622037e+04 3.494955097253319246e-19 2.359077183535856897e-20
1.640279620449852882e+04 3.789622524653184067e-19 2.351645815422176594e-20
1.640911990140011039e+04 3.560028877359476217e-19 2.250477240302099635e-20
1.641544355717750659e+04 3.997491065668526407e-19 2.243629327670053269e-20
1.642176717182062566e+04 3.580392862868001581e-19 2.280370525317070664e-20
1.642809074530208454e+04 3.717127440334686474e-19 2.336353362847113343e-20
1.643441427760018269e+04 3.672495021236612373e-19 2.359691047168165490e-20
1.644073776868690038e+04 3.434703635117025622e-19 2.580020896151231186e-20
1.644706121855280435e+04 3.804807658924700149e-19 2.322038812060612129e-20
1.645338462716405775e+04 3.965276324791957449e-19 2.313053532638766284e-20
1.645970799450772029e+04 3.841105879264382470e-19 2.487549050838048040e-20
1.646603132056227696e+04 3.661225268423552946e-19 2.368358825435785954e-20
1.647235460529676129e+04 3.931871425459232483e-19 2.309418868084469191e-20
1.647867784870435571e+04 3.641304381220474666e-19 2.292443651152822274e-20
1.648500105074846215e+04 3.620008321434053402e-19 2.297894877497562964e-20
1.649132421140991573e+04 3.930139631861518219e-19 2.313349183867658991e-20
1.649764733067610723e+04 3.755107917153611643e-19 2.311989747154974230e-20
1.650397040851023485e+04 3.623714871270705218e-19 2.186757983263631269e-20
1.651029344491109441e+04 3.736391995234568661e-19 2.388632506259641358e-20
1.651661643983615431e+04 3.708908876061059963e-19 2.278617898354634521e-20
1.652293939327540284e+04 3.893830283137167363e-19 2.304688441170098483e-20
1.652926230520680110e+04 4.208988768972383843e-19 2.325752710328716317e-20
1.653558517559968095e+04 3.738828643168912713e-19 2.430867076286213974e-20
1.654190800443784974e+04 4.015347645857995864e-19 2.473340092444573666e-20
1.654823079169947960e+04 3.313108627597459388e-19 2.311455618098966232e-20
1.655455353736575125e+04 3.718621448090348383e-19 2.242323197652041725e-20
1.656087624140832122e+04 3.817283772127424879e-19 2.158025117619155946e-20
1.656719890381456207e+04 3.832972510353711830e-19 2.388657167594533754e-20
1.657338648486114107e+04 3.197197517108154226e-19 2.490847986258828591e-20
1.657970905271720767e+04 3.738018424375928078e-19 2.603489416640705820e-20
1.658603157891390947e+04 4.229495219812570008e-19 2.736058676151246811e-20
1.659235406338200119e+04 3.611062870163773157e-19 2.398909777881027880e-20
1.659867650609093107e+04 3.656192162237524058e-19 2.364378858049160411e-20
1.660499890702740959e+04 3.707843759991181963e-19 2.364570302746333323e-20
1.661132126616925234e+04 3.377979010890605939e-19 2.208802186156012238e-20
1.661764358349447139e+04 3.200612148218673112e-19 2.215294023596253973e-20
1.662396585896617034e+04 3.224524561979531983e-19 2.305905115610270361e-20
1.663028809257979083e+04 3.874688320156146422e-19 2.396117662690881268e-20
1.663661028431053637e+04 3.504056505811299911e-19 2.240994914216297649e-20
1.664293243412719676e+04 3.485876896214331728e-19 2.359967038708862592e-20
1.664925454202239052e+04 3.669256943991632905e-19 2.332902790536956431e-20
1.665557660795642369e+04 3.666556254598794631e-19 2.357679375295216255e-20
1.666189863192145640e+04 3.807869019720538856e-19 2.407370037571356331e-20
1.666822061388391012e+04 3.475440461169622309e-19 2.262148012512294490e-20
1.667454255383012423e+04 3.198772679409418600e-19 2.355775722590731504e-20
1.668086445173211905e+04 3.645637437455334025e-19 2.257602274925583206e-20
1.668718630757656501e+04 3.621834732529769048e-19 2.376524155507292387e-20
1.669350812132921055e+04 3.772227232933461959e-19 2.393710074976926262e-20
1.669982989297682434e+04 3.712799204480826490e-19 2.184578638273708004e-20
1.670615162249702917e+04 3.764677181044733928e-19 2.219558451111106895e-20
1.671247330985275039e+04 4.025283294590633031e-19 2.453074046294150195e-20
1.671879495505126397e+04 3.655100249635531124e-19 2.357414224129773731e-20
1.672511655803484973e+04 3.800009704088474292e-19 2.336422135860189117e-20
1.673143811881345391e+04 4.154533498484562321e-19 2.102974325822463039e-20
1.673775963733846220e+04 4.113478093744377022e-19 2.271540009343166287e-20
1.674408111360481053e+04 3.427257871076694090e-19 2.112417593831912862e-20
1.675040254757877483e+04 3.734353794856648375e-19 2.335828790701356321e-20
1.675672393925537108e+04 3.957636813851232712e-19 2.324003851402313934e-20
1.676304528858273261e+04 3.492975004311675271e-19 2.392089647123706017e-20
1.676936659557396706e+04 3.764686092644682502e-19 2.398897381633212869e-20
1.677568786017407911e+04 3.270067411252683061e-19 2.320015466200762522e-20
1.678200908239013370e+04 3.837951931646568284e-19 2.361323273686362498e-20
1.678833026216729922e+04 3.723387579638110697e-19 2.252647165481224674e-20
1.679465139951538731e+04 2.989631610335177010e-19 2.418671974846261627e-20
1.680097249439160441e+04 3.542621483626458353e-19 2.434793378651873812e-20
1.680729354678190793e+04 3.705355331117991346e-19 2.248185111871283015e-20
1.681361455660628053e+04 3.344059162233039309e-19 2.279120069630115849e-20
1.681993551955142175e+04 3.426714959795574570e-19 2.411551622322206698e-20
1.682612096270880284e+04 3.161745335192060246e-19 2.285362315533847031e-20
1.683244183374740169e+04 3.451180251731585596e-19 2.345580394122517949e-20
1.683876266217439479e+04 3.782841976704900507e-19 2.286015935408875440e-20
1.684508344798281905e+04 3.998854502439032085e-19 2.350389729522886097e-20
1.685140419113467942e+04 3.804503628447513034e-19 2.303586274008513166e-20
1.685772489162252168e+04 3.657918172848224946e-19 2.327823282059490597e-20
1.686404554941481547e+04 4.185185095832046682e-19 2.456425390973630765e-20
1.687036616450101064e+04 3.800889066208562784e-19 2.364139311201724975e-20
1.687668673683692396e+04 3.308606378136070431e-19 2.211959135930619159e-20
1.688300726642166046e+04 3.071157413724045526e-19 2.220929170393052880e-20
1.688932775321361987e+04 3.403126199401750208e-19 2.240807453083529633e-20
1.689564819720287414e+04 3.421840481417294414e-19 2.363197738759873910e-20
1.690196859836648582e+04 3.961505118148827848e-19 2.409005107911006082e-20
1.690828895668177938e+04 3.809117670563822784e-19 2.387517258141340762e-20
1.691460927211380113e+04 3.108592913754860783e-19 2.295731891661279973e-20
1.692092954465799266e+04 3.201060844172880826e-19 2.318629858902712789e-20
1.692724977427960766e+04 3.613325495833014580e-19 2.413416292132742543e-20
1.693356996095253999e+04 4.041881358368821269e-19 2.404811030958661422e-20
1.693989010466952459e+04 3.420770043095622956e-19 2.299992960343625788e-20
1.694621020538311132e+04 3.362167639234004647e-19 2.346806219336590897e-20
1.695253026310736823e+04 3.575666338447704823e-19 2.388189745940951809e-20
1.695885027777322466e+04 3.056571224066583648e-19 2.133206268733990168e-20
1.696517024940740521e+04 3.224881742639636003e-19 2.256646936553760741e-20
1.697149017794657266e+04 3.367477632626380724e-19 2.338599577241912116e-20
1.697781006338674706e+04 3.933134246953097387e-19 2.330411379127389442e-20
1.698412990570463444e+04 3.552908787477022509e-19 2.364111514670871905e-20
1.699044970486213060e+04 3.541621952793341757e-19 2.273149590602758863e-20
1.699676946087044780e+04 3.682182338571007538e-19 2.328124374084004020e-20
1.700308917365668822e+04 3.641496454927860191e-19 2.340379450935256461e-20
1.700940884325433581e+04 3.595315580384841874e-19 2.239820420868672571e-20
1.701572846959627350e+04 3.201922737892079755e-19 2.235887671033225174e-20
1.702204805267557094e+04 3.202213167970841764e-19 2.285151613432793993e-20
1.702836759247526788e+04 3.278595896518847273e-19 2.360491959265721298e-20
1.703468708895985765e+04 3.282985151824367981e-19 2.394536149867905970e-20
1.704100654211591245e+04 3.919953257661023297e-19 2.419232690877836244e-20
1.704732595190745633e+04 3.529479593975616503e-19 2.338599783572435148e-20
1.705364531834319132e+04 2.921768735387498111e-19 2.297991826137402515e-20
1.705996464136221766e+04 3.309927658222134483e-19 2.356723031843814788e-20
1.706628392094775700e+04 3.441855525024299482e-19 2.222486346537151280e-20
1.707260315711139629e+04 3.650230046927757654e-19 2.361201804114026672e-20
1.707892234978258057e+04 3.684809121770188140e-19 2.460406508490160319e-20
1.708524149896685776e+04 3.111552751838418311e-19 2.203053324551060540e-20
1.709156060463765971e+04 3.459171486968752108e-19 2.270597468375523949e-20
1.709787966676253927e+04 3.300432247198433420e-19 2.303126868020670874e-20
1.710419868533729095e+04 3.182786422304168050e-19 2.261410648805679485e-20
1.711051766031011721e+04 3.646906024320942996e-19 2.168955391514729936e-20
1.711683659168968006e+04 3.501726027069781162e-19 2.456434614816130682e-20
1.712315547942724152e+04 3.220581339578669487e-19 2.293857558237836536e-20
1.712947432349348674e+04 3.191306187661954320e-19 2.271031157404754477e-20
1.713579312391245912e+04 3.426735184769617105e-19 2.336088897046424864e-20
1.714211188061341818e+04 3.640564260568645852e-19 2.296904026495718194e-20
1.714843059358919709e+04 3.511236470766117110e-19 2.249487411721976578e-20
1.715474926281609442e+04 3.291373771088291052e-19 2.311622515546918793e-20
1.716106788826486809e+04 3.436720033844971114e-19 2.341404182477657110e-20
1.716738646993415750e+04 3.587689927985098710e-19 2.429089018721160979e-20
1.717370500776899644e+04 3.701378934748967849e-19 2.452428426701112326e-20
1.718002350176523396e+04 2.892326373187528359e-19 2.172182956905958574e-20
1.718634195190864193e+04 2.510637026852788807e-19 2.354946952392858651e-20
1.719266035814773932e+04 3.184938254582303204e-19 2.352725714300548900e-20
1.719897872047152487e+04 3.697766068646739928e-19 2.350647064341688205e-20
1.720529703887896540e+04 3.815490749352727038e-19 2.365904867132811866e-20
1.721161531331175502e+04 3.868457513466095344e-19 2.375066356581821102e-20
1.721793354376849311e+04 3.114406707305250775e-19 2.195241025984393350e-20
1.722425173021972660e+04 3.154575222947104658e-19 2.534149478729270557e-20
1.723056987264158670e+04 2.850024290750398630e-19 2.375837095114130629e-20
1.723688797101094679e+04 3.422631840700335191e-19 2.385110647033633379e-20
1.724320602530416363e+04 3.648754485735825544e-19 2.439548005796326346e-20
1.724952403549134760e+04 3.599249492952800548e-19 2.434517007648531626e-20
1.725584200156509905e+04 3.490700476631913510e-19 2.372997547592915509e-20
1.726215992348558575e+04 3.849628885720700084e-19 2.259160394804476524e-20
1.726847780123286066e+04 4.129499117812126696e-19 2.380152320567765550e-20
1.727479563479261560e+04 3.144184019987540554e-19 2.348491270461230637e-20
1.728111342413509556e+04 3.021788267466147570e-19 2.366660466582264417e-20
1.728743116923026901e+04 3.224285307629922618e-19 2.265537206135009131e-20
1.729374887006079371e+04 3.375365998001398076e-19 2.292935473250816803e-20
1.730006652661615226e+04 3.011768830810894830e-19 2.267458922435564789e-20
1.730638413884664988e+04 2.823530109054935335e-19 2.156581472920983861e-20
1.731270170673550092e+04 3.201449386643419920e-19 2.360710660703223852e-20
1.731901923029074533e+04 3.429958989488877403e-19 2.310023572853794906e-20
1.732533670943760080e+04 3.343896350728220313e-19 2.250022440438498342e-20
1.733165414418444198e+04 3.104999944354951641e-19 2.184573349959946414e-20
1.733797153451378836e+04 3.808312258358611338e-19 2.184730892690272931e-20
1.734428888037657453e+04 4.262292662708760444e-19 2.362626400979334351e-20
1.735060618175824857e+04 3.806178345073707390e-19 2.378558874424814823e-20
1.735692343865795556e+04 3.073845859944119996e-19 2.324635980804751197e-20
1.736324065101632732e+04 3.277745025123775175e-19 2.281214861077300020e-20
1.736955781882251904e+04 3.403604365140664758e-19 2.248801068428659710e-20
1.737587494205278563e+04 3.497774215501783182e-19 2.253705481954911726e-20
1.738219202070886604e+04 3.303906885400146995e-19 2.437272568805214845e-20
1.738837254530013524e+04 3.407524999630166848e-19 2.318145696801159117e-20
1.739468951899981403e+04 3.607332791973929885e-19 2.164725015262108270e-20
1.740100645240410086e+04 3.830833315260240847e-19 2.245626842876844349e-20
1.740732334116083439e+04 3.538204590818613578e-19 2.218919068586947420e-20
1.741364018519462843e+04 3.253141506860961347e-19 2.338068795267891037e-20
1.741995698449719566e+04 3.007799121108216388e-19 2.309249760415998166e-20
1.742627373904757405e+04 3.107986299295468375e-19 2.277027608648634042e-20
1.743259044878125860e+04 3.501781952752587642e-19 2.434378968285092210e-20
1.743890711371462385e+04 3.000994185740679852e-19 2.261497778208170599e-20
1.744522373381192665e+04 3.473423481833788413e-19 2.192202225737408485e-20
1.745154030906106709e+04 3.541552036316088868e-19 2.430504186075503988e-20
1.745785683940698800e+04 3.247449785457671945e-19 2.307894656104000918e-20
1.746417332484415601e+04 3.187313545169230991e-19 2.477824254090048421e-20
1.747048976535533802e+04 3.794942623574043893e-19 2.378641453814408842e-20
1.747680616092253695e+04 3.468760046075655501e-19 2.342142286250648628e-20
1.748312251149013537e+04 3.226856412529341275e-19 2.475220969801983272e-20
1.748943881705617969e+04 3.082369405374666885e-19 2.683510901135348792e-20
1.749575507759968241e+04 3.657816767675698163e-19 2.455640339323491091e-20
1.750207129309043376e+04 3.712724054060812734e-19 2.304506074251669220e-20
1.750838746349760186e+04 3.898538122813134060e-19 2.433519998357886471e-20
1.751470358880051936e+04 3.445152005219927667e-19 2.434970364348748396e-20
1.752101966898451428e+04 3.101185619023577744e-19 2.436200127695708553e-20
1.752733570402850091e+04 3.417339245204975346e-19 2.545440543698687383e-20
1.753365169388620780e+04 3.534066919901609249e-19 2.422485936242514315e-20
1.753996763854253004e+04 3.914071369845091875e-19 2.568533492670439650e-20
1.754628353797388991e+04 3.742562984817503748e-19 2.482946762809548015e-20
1.755259939217780993e+04 3.481109081985142862e-19 2.276952196226320737e-20
1.755891520110185957e+04 3.327539405737525339e-19 2.410815758985642523e-20
1.756523096472448015e+04 3.509049981644598819e-19 2.432908884174903042e-20
1.757154668303115977e+04 3.406070325526996185e-19 2.359655652814843118e-20
1.757786235599146676e+04 2.925885220532672642e-19 2.208447695364124158e-20
1.758417798360302913e+04 2.806745419606450592e-19 2.211080015552971106e-20
1.759049356580680978e+04 2.510445676215105822e-19 2.337427848777623872e-20
1.759680910254165428e+04 3.097135569619483865e-19 2.510002414023359525e-20
1.760312458945586695e+04 3.210756996654501269e-19 2.430999726408785220e-20
1.760930313139833379e+04 3.509865826647350713e-19 2.636633698309646239e-20
1.761561852051122332e+04 3.252478088584931859e-19 2.337305988078431218e-20
1.762193386410245148e+04 3.263800031325003465e-19 2.398783866187982046e-20
1.762824916215134363e+04 3.704398406695478251e-19 2.364375524696185564e-20
1.763456441463311057e+04 3.365823404614832916e-19 2.418337241071408757e-20
1.764087962151695319e+04 3.267238253212568574e-19 2.355128983545551249e-20
1.764719478281773991e+04 3.064401701058321077e-19 2.375661837792989994e-20
1.765350989846168159e+04 3.849362714025343670e-19 2.425695329743659539e-20
1.765982496844738489e+04 3.823376151479754781e-19 2.430254016433252632e-20
1.766613999274685921e+04 3.133230830711856341e-19 2.472773722073828166e-20
1.767245497132598030e+04 2.872697650605569811e-19 2.559562811490225739e-20
1.767876990418616333e+04 3.235601234225997439e-19 2.381286186054598011e-20
1.768508479127691680e+04 3.732999920647523579e-19 2.537107961408970844e-20
1.769139963258644275e+04 3.209827334336447267e-19 2.538936455790110917e-20
1.769771442809050495e+04 3.404762999055002448e-19 2.445656455640329655e-20
1.770402917775432434e+04 3.894550947000502095e-19 2.472694174691957412e-20
1.771034388155671695e+04 3.767769404814935626e-19 2.244177810364766817e-20
1.771665853948292715e+04 3.281646873727617210e-19 2.246576802447069893e-20
1.772297315149832502e+04 3.420684417058304001e-19 2.451360351841403062e-20
1.772928771758499715e+04 3.200326687265745095e-19 2.454112731843393926e-20
1.773560223771138772e+04 3.288243591389799920e-19 2.177204344096810985e-20
1.774191671186639360e+04 3.060254601863929346e-19 2.262623387514510322e-20
1.774823113999943962e+04 3.662551394046401675e-19 2.187990961515398692e-20
1.775454552712607256e+04 3.570827958384098626e-19 2.323518278208280456e-20
1.776085987891382320e+04 3.320669117484193237e-19 2.251616031408053543e-20
1.776717418461755733e+04 3.069706064756019365e-19 2.273127567725672894e-20
1.777348844421220565e+04 3.502323606903067708e-19 2.267427526473033201e-20
1.777980265768646132e+04 3.510523979299851751e-19 2.246905934517423602e-20
1.778611682500208917e+04 3.156884539450397489e-19 2.435477971352516302e-20
1.779243094613427456e+04 3.829009528832256323e-19 2.457593786822598502e-20
1.779874502105825013e+04 3.361640093544758280e-19 2.471962004381730303e-20
1.780505904975228623e+04 3.196255941437750518e-19 2.266714043241008453e-20
1.781137303220178728e+04 3.679053358581380752e-19 2.543366255169679191e-20
1.781768696835479568e+04 2.730701788023135356e-19 2.416045929899523069e-20
1.782400085821687753e+04 3.434988951541578154e-19 2.495572699101359339e-20
1.783031470174591232e+04 3.486490782532294382e-19 2.450014485070761651e-20
1.783662849892411396e+04 3.266117904023280502e-19 2.393479123637577799e-20
1.784294224972611119e+04 3.253367630570996352e-19 2.236235584162782544e-20
1.784925595410720416e+04 2.789904910374422735e-19 2.348471798382586434e-20
1.785556961206553387e+04 3.048269444682457962e-19 2.258540114067860883e-20
1.786188322356958452e+04 3.195550692817543388e-19 2.351232566383884081e-20
1.786819678860426575e+04 3.307164440637032157e-19 2.452682079957608856e-20
1.787451030711776184e+04 2.965032380193831699e-19 2.421025952251563511e-20
1.788082377911522417e+04 3.103626581617984169e-19 2.365707079094301624e-20
1.788713720455132352e+04 3.349104534192572713e-19 2.323812730794358045e-20
1.789345058340788455e+04 3.511045536558870194e-19 2.339468376536320044e-20
1.789976391566287930e+04 3.129192315773772732e-19 2.217202402409379168e-20
1.790607720128479923e+04 3.116029893059675888e-19 2.304036992153677589e-20
1.791239044025145267e+04 3.289051194002353216e-19 2.257905359855550622e-20
1.791870363253813048e+04 3.229307004011340638e-19 2.369123718200885160e-20
1.792501677812255366e+04 3.841250610634396444e-19 2.380688086344331420e-20
1.793132987697324643e+04 3.229476019174167853e-19 2.471778249037874363e-20
1.793764292906796618e+04 3.128398233252733870e-19 2.368885712456680844e-20
1.794395593438182914e+04 3.217616614504054082e-19 2.340372310489543538e-20
1.795026889289269820e+04 2.521802377546349530e-19 2.356408407996804218e-20
1.795658180456201444e+04 2.731504189492439666e-19 2.296756827267104550e-20
1.796289466938123223e+04 2.981145709757808383e-19 2.304085974681483853e-20
1.796920748731839194e+04 2.856582239426105901e-19 2.420505234244200989e-20
1.797552025834816959e+04 3.257303969190535994e-19 2.410899562690175710e-20
1.798183298244520847e+04 3.625897849735500842e-19 2.315494430945664869e-20
1.798814565958423555e+04 3.262002331347622657e-19 2.442337951352611239e-20
1.799445828973638709e+04 3.739832261627074305e-19 2.412605507435477720e-20
1.800077087288323310e+04 3.618181507725529407e-19 2.336993849476150126e-20
1.800708340899576433e+04 2.924270438789494646e-19 2.263811656124410093e-20
1.801339589804886782e+04 2.860114295387826775e-19 2.267216356809609246e-20
1.801970834000996911e+04 3.734381086921817389e-19 2.302834585963961571e-20
1.802602073486761947e+04 2.836006337463394404e-19 2.208951412799910954e-20
1.803233308258911347e+04 2.723555914808729056e-19 2.192182318859395451e-20
1.803864538314946185e+04 3.135050054430011196e-19 2.185503413451106618e-20
1.804495763651587549e+04 3.110505704353803939e-19 2.270527521587227561e-20
1.805126984267691660e+04 3.155268586400024778e-19 2.297900945253043270e-20
1.805758200159303669e+04 2.546119394249089851e-19 2.153507320017532976e-20
1.806389411325608671e+04 2.873452560394538632e-19 2.340940631108970994e-20
1.807020617762314214e+04 3.492876087911773508e-19 2.431781541744950736e-20
1.807651819467574387e+04 3.574050395165498568e-19 2.480301853466019504e-20
1.808283016438803679e+04 3.438192572504318882e-19 2.481947267079866908e-20
1.808914208673462781e+04 3.075849800953149402e-19 2.255946476211001712e-20
1.809545396168959269e+04 3.398477699685262820e-19 2.226406876450723793e-20
1.810162797100036187e+04 2.654395613256270389e-19 2.211369333176117096e-20
1.810793973526867194e+04 2.880115042297299906e-19 2.207497571201946373e-20
1.811425145647098179e+04 3.212935745998882407e-19 2.422130836643627461e-20
1.812056313023094117e+04 3.110436698920318168e-19 2.307164209798464702e-20
1.812687475647022438e+04 3.046187721401454613e-19 2.290396140056945546e-20
1.813318633516276896e+04 3.319221913412098272e-19 2.318331296690332923e-20
1.813949786627646245e+04 2.796404299990004196e-19 2.325535982593923847e-20
1.814580934979865197e+04 2.673174548074821360e-19 2.088006132393873366e-20
1.815212078569711593e+04 2.262262863851638973e-19 2.370793664419523470e-20
1.815843217394582462e+04 2.937938943411297360e-19 2.452565362121894008e-20
1.816474351451253460e+04 3.148379610901438582e-19 2.450564923128538151e-20
1.817105480739115228e+04 2.850806582300327208e-19 2.308064511974269342e-20
1.817736605252941445e+04 3.129514441820048035e-19 2.377964435923014373e-20
1.818367724992127114e+04 3.552472481846229518e-19 2.681897449964054152e-20
1.818998839953429706e+04 4.079244145720949460e-19 2.366443289142044514e-20
1.819629950134253522e+04 3.501885461433908331e-19 2.334577899385834670e-20
1.820261055531662714e+04 2.891944334433776854e-19 2.338575829567068599e-20
1.820892156143088505e+04 3.239932450372882188e-19 2.529272881646933089e-20
1.821523251967579927e+04 2.906632336132857857e-19 2.243642606049890565e-20
1.822154342999897563e+04 3.189517804237622281e-19 2.313328259563738371e-20
1.822785429239409495e+04 3.411973436864323800e-19 2.360946894685998625e-20
1.823416510682543594e+04 3.209938998088384325e-19 2.195610043051146261e-20
1.824047587326677603e+04 2.841403934226774264e-19 2.319820218067251201e-20
1.824678659170229366e+04 3.345272092366541374e-19 2.402710499194662230e-20
1.825309726209239307e+04 3.408248895745659873e-19 2.417134655631979405e-20
1.825940788442118355e+04 3.236075793668632102e-19 2.187161320562254004e-20
1.826571845865572686e+04 3.158000531034279139e-19 2.457826986715475689e-20
1.827202898477688723e+04 2.731700808629915288e-19 2.289968185679266575e-20
1.827833946275824565e+04 2.795012329784269084e-19 2.220902106630767647e-20
1.828464989256381887e+04 2.953683347492857474e-19 2.373638108691312789e-20
1.829096027412337935e+04 2.376873560298262101e-19 2.348256038938555279e-20
1.829727060306246858e+04 2.559944664042786971e-19 2.302825059893932536e-20
1.830344270561301528e+04 2.968556969770664780e-19 2.182783161845553553e-20
1.830975293107277685e+04 2.617996189739451008e-19 2.321052028943674949e-20
1.831606310824176035e+04 2.976358462163366789e-19 2.497979382409822878e-20
1.832237323707291944e+04 2.877221403480246179e-19 2.483035295621820080e-20
1.832868331755733743e+04 2.783469179729640331e-19 2.384937365960464296e-20
1.833499334966182869e+04 3.157840335579098691e-19 2.303574880126852213e-20
1.834130333336352851e+04 2.728825529168449215e-19 2.349352020638388908e-20
1.834761326862222631e+04 2.457724322040493323e-19 2.107049381335316441e-20
1.835392315542897632e+04 2.698877932661799191e-19 2.114593576224454961e-20
1.836023299374701310e+04 2.770492660995765813e-19 2.322295517364416469e-20
1.836654278354992493e+04 3.148322983377135596e-19 2.272852492823324566e-20
1.837285252482184660e+04 2.684642508157734462e-19 2.322738874293147421e-20
1.837916221752585261e+04 3.115789512843769435e-19 2.281250006531143711e-20
1.838547186164256345e+04 2.736326617885386114e-19 2.122369117371502540e-20
1.839178145713500635e+04 2.891063209206262706e-19 2.314664810131987967e-20
1.839809100399425370e+04 2.409929290705271677e-19 2.170354332656626326e-20
1.840440050216580130e+04 2.493576264107227210e-19 2.125224841201981823e-20
1.841070995165470595e+04 2.938032483391212829e-19 2.164391677182989979e-20
1.841701935241693354e+04 3.132629031164486232e-19 2.279431172781433550e-20
1.842332870443295542e+04 3.128489633029695759e-19 2.285969725217739548e-20
1.842963800766223721e+04 2.975198135397473327e-19 2.301071540500032896e-20
1.843594726209921646e+04 2.501030340167485253e-19 2.178396580226794837e-20
1.844225646770334788e+04 2.445265223686414002e-19 2.067717159360056347e-20
1.844856562444794326e+04 3.166686212922715314e-19 2.209294895265653932e-20
1.845487473230649630e+04 2.909326479366287577e-19 2.206865683118929267e-20
1.846118379126632135e+04 2.853754627862461996e-19 2.228289496841644991e-20
1.846749280128332975e+04 3.335029984614483077e-19 2.258277368952703895e-20
1.847380176234124156e+04 2.962114009430462361e-19 2.254023842585858950e-20
1.848011067441356863e+04 2.502601311050584808e-19 2.215601927904125792e-20
1.848641953746636136e+04 2.613341711776271797e-19 2.192940779916061257e-20
1.849272835146604848e+04 2.916737437442591275e-19 2.284570370294637116e-20
1.849903711640682377e+04 2.921037798526515466e-19 2.353965415495222083e-20
1.850534583224810558e+04 2.721578395933191881e-19 2.144366724537535880e-20
1.851165449896278733e+04 3.010590464351975432e-19 2.096323660707510365e-20
1.851796311653856537e+04 2.838027180077243602e-19 2.182457482417159955e-20
1.852427168492705823e+04 3.109964377595246718e-19 2.249156743921784442e-20
1.853058020411597681e+04 3.057296824540393640e-19 2.310829130639418361e-20
1.853688867407097496e+04 3.139077926798196444e-19 2.224565988715719492e-20
1.854319709477981814e+04 2.818130227460522943e-19 2.216096100196391812e-20
1.854950546620096793e+04 3.147548847514612080e-19 2.382804029614128986e-20
1.855581378830448375e+04 2.676354432593515670e-19 2.322218832313878236e-20
1.856212206106648227e+04 2.401041939515364654e-19 2.250105617164753730e-20
1.856843028447471079e+04 3.578042281788342066e-19 2.365796578339363605e-20
1.857473845848758356e+04 2.715645221347267276e-19 2.175804343868044875e-20
1.858104658308564467e+04 3.234597865236000475e-19 2.291974391659140552e-20
1.858735465823087361e+04 2.824033340156906134e-19 2.302007797475680416e-20
1.859366268390012556e+04 2.941907189248818033e-19 2.176060607737810012e-20
1.859997066008035108e+04 3.161247324554614302e-19 2.409276093369253897e-20
1.860627858673049923e+04 3.172141216090227778e-19 2.318709983414809834e-20
1.861258646383046289e+04 2.855743744474546826e-19 2.255860053815484406e-20
1.861889429133545127e+04 2.842240356643883617e-19 2.214322048226356139e-20
1.862520206923969454e+04 2.822764719379535703e-19 2.533443589766386400e-20
1.863150979751254999e+04 2.763795542682295590e-19 2.516247863085088207e-20
1.863781747611975152e+04 2.676066108668718457e-19 2.192954211412539676e-20
1.864412510503766680e+04 3.256097220341984392e-19 2.337343996302156122e-20
1.865043268424281268e+04 3.452625580288368106e-19 2.374113161352690661e-20
1.865674021370069022e+04 2.700199035014950402e-19 2.387596984944909792e-20
1.866304769339504128e+04 2.557496799464846305e-19 2.294292793507460524e-20
1.866935512327690958e+04 2.898931235802261401e-19 2.310422054312004959e-20
1.867566250334441793e+04 2.504695866113516318e-19 2.182675916626255098e-20
1.868196983355563862e+04 2.329131589204340919e-19 2.408003821647292328e-20
1.868827711388726675e+04 2.578655052618208570e-19 2.361978187532324603e-20
1.869458434431156275e+04 3.057009101279918975e-19 2.347053657985282449e-20
1.870089152479809854e+04 2.882888511655353638e-19 2.423472639380838693e-20
1.870719865533344637e+04 2.745728907295286779e-19 2.232660941602258225e-20
1.871350573587272083e+04 3.362925328532278926e-19 2.286926919967862067e-20
1.871981276638816780e+04 2.864051913173390809e-19 2.362637973222002410e-20
1.872611974686351459e+04 2.807438949678341289e-19 2.489101271104612044e-20
1.873242667727830849e+04 2.567031922421017305e-19 2.220449553408125971e-20
1.873873355757999525e+04 2.685521365092421104e-19 2.331561022143748895e-20
1.874490137328792116e+04 2.963735897940865510e-19 2.514126925775295509e-20
1.875120813733957766e+04 3.240221957057449752e-19 2.449101981123305021e-20
1.875751485564846371e+04 2.497138194639505914e-19 2.520506155562616412e-20
1.876382152379758918e+04 2.906449481369748181e-19 2.436076853443535404e-20
1.877012814170967613e+04 3.365804248731565378e-19 2.393050222863927641e-20
1.877643470935709047e+04 2.374316929207945665e-19 2.313090133536009403e-20
1.878274122672628801e+04 2.948824884858220866e-19 2.490370525691922585e-20
1.878904769375457181e+04 1.846058285589256273e-19 2.237244562996329633e-20
1.879535411044595821e+04 3.116057051660327391e-19 2.493215248676700777e-20
1.880166047676229937e+04 3.380415739895102848e-19 3.134125327049855343e-20
