2.878283302455895682e+04 -7.372979609443499024e-21 8.153881019034427847e-21
2.880083761987131948e+04 3.929742897824899801e-21 2.041770229823820885e-21
2.881884219724985815e+04 -1.441645206253469364e-21 1.848945015583976027e-21
2.883684675662318114e+04 5.213324075066728626e-21 1.958312292742431367e-21
2.885485129791901636e+04 1.010532090386008250e-20 2.053806244124512574e-21
2.887285582110244650e+04 6.937967561741151212e-21 1.926470027622179742e-21
2.889086033006452635e+04 3.080820521809771296e-21 1.967025584362511787e-21
2.890919262417675418e+04 9.211162051255333560e-23 1.815688951217779928e-21
2.892719711748927875e+04 5.729852853034726782e-21 1.888678909037610546e-21
2.894520159235720712e+04 5.786103942369166076e-21 1.964293100247916210e-21
2.896320604871242540e+04 9.045118796096784498e-22 1.692157608512972324e-21
2.898121048648117358e+04 9.006657064358452598e-22 1.735645629580056125e-21
2.899921490559290032e+04 -4.351474698547535247e-22 1.971082611052815263e-21
2.901721930597653045e+04 6.935631203790831218e-21 1.757002982191701786e-21
2.903522368755942080e+04 7.879080211126586209e-21 1.747278111231539459e-21
2.905322805027129289e+04 7.960503616468183365e-21 1.796473374475479681e-21
2.907123239403963817e+04 2.177560904985799206e-21 1.654577844329952280e-21
2.908923671879410904e+04 5.648074247800845386e-21 1.778458199464836678e-21
2.910724102446399411e+04 1.970669831279394224e-22 1.674062913168302965e-21
2.912524531097641375e+04 3.275720377099180853e-21 1.762350259643465685e-21
2.914324957826239188e+04 6.120874197020417620e-21 1.905230000078408469e-21
2.916125382624961276e+04 6.071717618958651608e-21 1.753147378299878340e-21
2.917925805486781246e+04 3.673230933735858261e-21 1.717301936526550474e-21
2.919726226404635599e+04 6.788023188807858996e-21 1.780015620079483043e-21
2.921526645371161430e+04 1.346175096364886258e-21 1.663562787973024644e-21
2.923327062379719791e+04 3.028321273125225642e-21 1.869168781726537631e-21
2.925127477422980155e+04 5.349931501062924006e-21 1.769403166208065659e-21
2.926927890493995073e+04 4.926762818570597937e-21 1.591006034367305708e-21
2.928728301585603185e+04 4.800221867483482894e-21 1.701844786509653683e-21
2.930528710690750449e+04 7.625129520634026976e-21 1.732911630680791262e-21
2.932329117802506516e+04 4.506213499689431005e-21 1.697162772229782146e-21
2.934129522913637993e+04 4.556160656200763498e-21 1.463647063166194591e-21
2.935929926017195976e+04 2.279406330456156087e-21 1.434272429677311531e-21
2.937730327106154800e+04 6.587355550480301589e-22 1.520310295505660650e-21
2.939530726173502626e+04 5.235804818727413043e-21 1.580468711029499700e-21
2.941331123212247257e+04 2.909895731378783255e-21 1.623025202838130118e-21
2.943131518215261531e+04 4.707507115858841765e-21 1.629962368256513560e-21
2.944931911175587811e+04 4.880599365373069117e-21 1.680848179900107794e-21
2.946732302086267737e+04 3.433727625677780495e-21 1.733334425323313550e-21
2.948532690940100292e+04 7.506836121655878285e-21 1.816632463741937172e-21
2.950333077395788132e+04 3.071209531495788568e-21 1.510735550015762297e-21
2.952133447916391015e+04 3.800151282742543305e-21 1.540909775874358904e-21
2.953933816359369666e+04 5.633432200635671721e-21 1.528343197216574133e-21
2.955734182717799558e+04 -9.986820772369051363e-23 1.421750786578034711e-21
2.957534546984505505e+04 2.146076698119312357e-21 1.515275524096542926e-21
2.959334909152763430e+04 3.717434891829435436e-21 1.606588872948056133e-21
2.961135269215509106e+04 -1.822030330008777368e-21 1.565994926792366403e-21
2.962935627165820551e+04 -3.552051775562642984e-22 1.466908275926075541e-21
2.964735982996683379e+04 1.772022777968176704e-21 1.419954009375830825e-21
2.966536336701196706e+04 2.900900082132534366e-21 1.559421985252038294e-21
2.968336688272408719e+04 4.864415064897381584e-21 1.493762327934910811e-21
2.970137037703375245e+04 -2.860495756788018880e-21 1.428851533573527769e-21
2.971937384987235782e+04 1.551614171636770566e-21 1.387617271635747055e-21
2.973737730116923558e+04 2.422254309655004027e-21 1.394278090573578008e-21
2.975538073085552242e+04 4.135064219659445601e-21 1.561908440632845513e-21
2.977338413886334092e+04 -1.077859359855336051e-21 1.575154187318851365e-21
2.979138752512229621e+04 1.565431394840859337e-21 1.464898368042764378e-21
2.980939088956386331e+04 3.193564537471292879e-21 1.407036817501188702e-21
2.982739423211828398e+04 4.626682441686883455e-21 1.451139297863697365e-21
2.984539755271762624e+04 2.305491313933159956e-21 1.501861735172467636e-21
2.986340085129349973e+04 3.490972654635718947e-21 1.463848585015447640e-21
2.988140412777503661e+04 4.320220085282554315e-21 1.455351019335598167e-21
2.989940738209457777e+04 4.858473354543832148e-21 1.447118144982132654e-21
2.991741061418379832e+04 4.980683437045308027e-21 1.442592442185291767e-21
2.993541382397342750e+04 3.584152727448689217e-21 1.505152255462334438e-21
2.995341701139546058e+04 1.680782795428340083e-21 1.819501062325077825e-21
2.997142017638033576e+04 4.746279689277960163e-22 1.576364917444395350e-21
2.998942331886083412e+04 2.382490122424824634e-21 1.384662806586613596e-21
3.000742643876725924e+04 3.613228655445566715e-21 1.439046793011234563e-21
3.002542953603109709e+04 1.304787257400926559e-21 1.455339747727331368e-21
3.004343261058485950e+04 -2.020110075403014316e-21 1.434322843774728415e-21
3.006143566236047263e+04 5.293092065605463735e-21 1.463831656161866007e-21
3.007943869128832011e+04 4.763865157300508572e-21 1.501108419183905636e-21
3.009744169730144131e+04 1.437905553327555449e-21 1.286651634272035821e-21
3.011544468033176599e+04 3.747867345081913830e-21 1.310777608203196999e-21
3.013344764030986335e+04 6.796670204979105690e-21 1.481687249132974858e-21
3.015145057716878000e+04 2.365761918062913593e-21 1.420009057164526430e-21
3.016945349084012560e+04 6.066399169854787779e-21 1.461652133916263206e-21
3.018745638125554251e+04 7.475721916251737691e-21 1.521274867461848943e-21
3.020545924834839025e+04 5.676952498996403453e-21 1.496586837038826049e-21
3.022346209204999468e+04 2.755499444354931562e-21 1.487206612385980235e-21
3.024146491229259482e+04 4.785326509827227394e-21 1.476709059173800067e-21
3.025946770900740739e+04 3.160434334099562657e-22 1.459767544209378116e-21
3.027747048212970549e+04 -4.902015162528153599e-22 1.393136874548953510e-21
3.029580287810319351e+04 8.929171397132315618e-22 1.540004734245576012e-21
3.031380562841785286e+04 2.806789554181765730e-21 1.366324785319007473e-21
3.033180835489336096e+04 2.245005739457835343e-21 1.510341403814556327e-21
3.034981105749818744e+04 8.525510223064997364e-22 1.319125821612423198e-21
3.036781373616581914e+04 6.054980458655364634e-21 1.455135298648049996e-21
3.038581639082705078e+04 1.903226147703595113e-20 1.675049953490933249e-21
3.040381902141487808e+04 5.618466606457488265e-20 2.255035139167610313e-21
3.042182162786302069e+04 5.444056507556696197e-20 2.117738631325647662e-21
3.043982421010438702e+04 1.641151404517093257e-20 1.643289328214840316e-21
3.045782676807034295e+04 4.006742656595087053e-21 1.472872492285611433e-21
3.047582930169553947e+04 4.396250974607019790e-21 1.371496755513973866e-21
3.049383181091207371e+04 1.224437702493304703e-21 1.420508663700102632e-21
3.051183429565245751e+04 3.082949325505024922e-21 1.407404558096153454e-21
3.052983675585071614e+04 1.841211109255420606e-21 1.179299107945527555e-21
3.054783919143887761e+04 2.521501338830027482e-21 1.532232457600038677e-21
3.056584160235054514e+04 3.425949835657388178e-21 1.554125182022306095e-21
3.058384398851857623e+04 2.019165362791557484e-21 1.327428011858841179e-21
3.060184634987757818e+04 3.047734976208777818e-21 1.343234242361881358e-21
3.061984868635938255e+04 6.281241369984675163e-21 1.478184841808588868e-21
3.063785099789730521e+04 3.533696732092525891e-21 1.324042616601519842e-21
3.065585328442577156e+04 3.314009972861419060e-21 1.362665111375873877e-21
3.067385554587828665e+04 2.340187274067592793e-21 1.260787983441249482e-21
3.069185778218724226e+04 4.516490499056592558e-21 1.293058167795234308e-21
3.070985999328666003e+04 3.711611182087644392e-21 1.338553327862622993e-21
3.072786217911077256e+04 3.840739981360115896e-21 1.410339268003850854e-21
3.074586433959220085e+04 2.288198286660750283e-21 1.384353826929557301e-21
3.076386647466454087e+04 5.962392882285030557e-21 1.342710604358856536e-21
3.078186858426259641e+04 -2.480633763667552239e-22 1.346678925301389199e-21
3.079987066832018900e+04 4.992251358610210182e-21 1.458892812695609736e-21
3.081787272676978318e+04 -6.934072776341937836e-22 1.303247889698460304e-21
3.083587475954748516e+04 1.042021510407478573e-20 1.617561036430227056e-21
3.085387676658395139e+04 3.561547546068461941e-21 1.521877221861924381e-21
3.087187874781668506e+04 3.947920134010880370e-21 1.395234187355133188e-21
3.088988070317726670e+04 1.222207384124994128e-21 1.328612124425478644e-21
3.090788263260108579e+04 1.540594176764453454e-22 1.314697301970595699e-21
3.092588453602202208e+04 4.683577110695816321e-21 1.196752727039465708e-21
3.094388641337471563e+04 2.838118763347553881e-21 1.394842696504468616e-21
3.096188826459243501e+04 3.294634637474930685e-21 1.350806657431163390e-21
3.097989008960936917e+04 8.408277020599417862e-21 1.333131795019450703e-21
3.099789188836094763e+04 4.472389913601162581e-20 1.867312391994166030e-21
3.101589366078068633e+04 1.380364076931055192e-19 2.770974504182643722e-21
3.103389540680437858e+04 1.225759757865187206e-19 2.761590526277607674e-21
3.105189712636502009e+04 3.315085228488535546e-20 1.787326143419549586e-21
3.106989881939726183e+04 6.600707879047051378e-21 1.494280622264732260e-21
3.108790048583674070e+04 2.302712661207879376e-21 1.281314142602115780e-21
3.110590212561796216e+04 3.857892823698114097e-21 1.444542268457983647e-21
3.112390373867468952e+04 4.246550594869481389e-21 1.359206343821923579e-21
3.114190532494169383e+04 1.806216694398561660e-21 1.334596922053942440e-21
3.115990688435435004e+04 6.346555532182211393e-21 1.422524362090558474e-21
3.117790841684881161e+04 1.210665609398877501e-21 1.453311436598996348e-21
3.119590992235658996e+04 4.578044571851614627e-21 1.384376568608646297e-21
3.121391140081624690e+04 5.819229736705724879e-23 1.276782898300611203e-21
3.123191285216010510e+04 2.046867685970056298e-21 1.272845026517152902e-21
3.124991427632472187e+04 6.455003948044406740e-21 1.309800144993003120e-21
3.126791567327882876e+04 8.860210673357443096e-21 1.360573987285198489e-21
3.128591704654737623e+04 4.038643056623148055e-20 1.766861100333442178e-21
3.130424939713011554e+04 2.183886900145315603e-19 3.257955870911484018e-21
3.132225073614175199e+04 4.447777891561502761e-19 4.473290159016980793e-21
3.134025204764338559e+04 2.473652218236890617e-19 3.351501221412472202e-21
3.135825333157097702e+04 4.748192914861336496e-20 1.693773303373775015e-21
3.137625458786065064e+04 7.083905175343166306e-21 1.315537046474207828e-21
3.139425581644570775e+04 5.629540493091727510e-21 1.228504475624298815e-21
3.141225701726329498e+04 9.063486618405046073e-21 1.274921478705054391e-21
3.143025819024839802e+04 1.980934305873229235e-21 1.293368669543148918e-21
3.144825933533689022e+04 4.075131170864363160e-21 1.336087913692798532e-21
3.146626045246381545e+04 5.144392010248779823e-21 1.444590269322451464e-21
3.148426154156624034e+04 4.913648581700865572e-21 1.238911653466386012e-21
3.150226260257788454e+04 4.675107661694941799e-21 1.132286299510243546e-21
3.152026363543641128e+04 5.200146356137321336e-21 1.223219980064394236e-21
3.153826464007717732e+04 1.512714854408742610e-21 1.123752651778403303e-21
3.155626561643520108e+04 3.564710026892869133e-21 1.163392604885252908e-21
3.157426656444677792e+04 4.070981378814429873e-21 1.267891631454389797e-21
3.159226748404765749e+04 7.015164169166349481e-22 1.193509224431063773e-21
3.161026837517500462e+04 2.292640826258897237e-21 1.269250975858237557e-21
3.162826923776398689e+04 4.451926452025887600e-21 1.299051534418529404e-21
3.164627007175195467e+04 3.317848002092098910e-21 1.202640299959414441e-21
3.166427087707331884e+04 -3.727640032165168960e-22 1.150130770214787797e-21
3.168227165366485860e+04 3.872537220773437793e-21 1.243110730544338938e-21
3.170027240146219629e+04 4.060841143292253132e-21 1.292960215392050183e-21
3.171827312040410470e+04 1.666714080320846999e-21 1.320870650478618350e-21
3.173627381042459092e+04 5.353420218268004125e-21 1.267091681024253764e-21
3.175427447146037957e+04 3.051862545837773787e-22 1.170739824980834818e-21
3.177227510344957045e+04 3.838822753464172328e-21 1.163442666041920171e-21
3.179027570632618153e+04 4.255432208395194621e-21 1.205819684564064376e-21
3.180827628002803249e+04 3.123095472877912333e-21 1.284629213060447271e-21
3.182627682449196436e+04 2.842745763048540238e-21 1.258652202872308906e-21
3.184427733965590960e+04 4.218294159632111839e-21 1.257541571060177423e-21
3.186227807140942605e+04 8.327899617628031828e-21 1.295297849876071793e-21
3.188027899096826150e+04 1.956425682579147325e-21 1.155488983621828064e-21
3.189827988103438474e+04 2.440328721988344258e-21 1.212079684067344607e-21
3.191628074154273054e+04 1.100017070149982352e-21 1.197343905377067396e-21
3.193428157243160967e+04 4.748509134539846046e-21 1.126678160076270571e-21
3.195228237363830704e+04 2.352171447130661580e-21 1.301641227993042976e-21
3.197028314509815027e+04 4.976207936283960378e-21 1.281886186265487649e-21
3.198828388674949747e+04 2.569963876101804161e-21 1.248698427421273040e-21
3.200628459852957167e+04 -8.779637974945308608e-22 1.222097868239986162e-21
3.202428528037415890e+04 -8.462335309668175760e-23 1.131581049470215095e-21
3.204228593222159543e+04 2.561281738399887379e-21 1.221136721306523607e-21
3.206028655400860589e+04 3.159057687638632756e-22 1.156143773359795699e-21
3.207828714567300267e+04 3.185831948681853812e-21 1.213699488433169252e-21
3.209628770715033897e+04 2.122973128243510395e-21 1.241435183631901553e-21
3.211428823838077369e+04 4.555460732043811312e-21 1.168408274238488935e-21
3.213228873929964539e+04 2.222439993950839918e-21 1.240188337634769337e-21
3.215028920984652723e+04 3.975878545434381121e-21 1.250763060313053157e-21
3.216828964995477145e+04 2.258610769593530534e-21 1.203682469206201359e-21
3.218629005956629408e+04 4.723706116172430668e-21 1.233696565279756603e-21
3.220429043861672108e+04 8.535990339074754209e-22 1.145458544256560107e-21
3.222229078704297353e+04 1.365468414359471430e-21 1.280407396555957588e-21
3.224029110478547591e+04 2.367159280048850165e-21 1.199049479896067251e-21
3.225829139177879915e+04 3.753571596866952139e-21 1.181272426076411950e-21
3.227629164796280747e+04 1.923847110392598499e-21 1.115424503183560396e-21
3.229429187327413092e+04 4.760534628711110472e-21 1.151439624877239560e-21
3.231229206765090566e+04 9.146727073508443700e-22 1.216558095077048081e-21
3.233029223103138065e+04 5.207005600363646158e-21 1.214942564638735694e-21
3.234829236335408859e+04 3.041495634789225003e-21 1.199565951461051378e-21
3.236629246455557222e+04 3.683663228271911518e-21 1.206152877855939011e-21
3.238429253457472441e+04 6.932307018408106832e-22 1.169024247456741657e-21
3.240229257335036527e+04 9.675552076320084649e-22 1.246983811212842281e-21
3.242029258081845546e+04 3.439072629218595645e-21 1.297087634280206818e-21
3.243829255691986691e+04 3.459804076001482999e-21 1.279437416981630012e-21
3.245629250159115691e+04 3.168371533308931243e-21 1.227411994799934298e-21
3.247429241477200048e+04 4.260707255607688465e-21 1.160544251143747650e-21
3.249229229639803816e+04 1.295930252305605800e-21 1.271538079771522626e-21
3.251029214640895225e+04 1.804620084786742737e-21 1.242128744703392236e-21
3.252829196474578202e+04 3.552256771967106572e-21 1.206216632591809744e-21
3.254629175134364414e+04 -2.649850474255646547e-22 1.058607338351592420e-21
3.256429150614183527e+04 2.882888475974026619e-21 1.103092589656824349e-21
3.258229122908085992e+04 3.166894139265495625e-21 1.208794105388594054e-21
3.260029092009541273e+04 3.227642489082366324e-21 1.224150703607775679e-21
3.261829057912852295e+04 2.253106472329067946e-21 1.199745899877403199e-21
3.263629020611603119e+04 5.623920984236765305e-21 1.292705368897332987e-21
3.265428980099756518e+04 2.929776426427691571e-21 1.225594173459995612e-21
3.267228936371269810e+04 6.316237636266577670e-22 1.189316568889250107e-21
3.269028889419797997e+04 5.871248890212422552e-22 1.320916060960649958e-21
3.270828839239625086e+04 1.173586050273528456e-21 1.246441021388663393e-21
3.272628785824049919e+04 4.506892179212137374e-22 1.137463157615491211e-21
3.274428729167531856e+04 3.114314167636761876e-21 1.249072800389446494e-21
3.276228669263764459e+04 2.634959831173472015e-21 1.196156777463698061e-21
3.278028606106477673e+04 2.083246781693385140e-21 1.217506899668917415e-21
3.279828539689845638e+04 1.864642401137461435e-21 1.130584784329047183e-21
3.281628470007641590e+04 5.891263162440258439e-21 1.200305702040000671e-21
3.283428397053902154e+04 5.828753154792404240e-21 1.241254552843456212e-21
3.285228320822579553e+04 5.017192361639568897e-21 1.272171511186325216e-21
3.287028241307399730e+04 4.039512070218229836e-21 1.122903230874623906e-21
3.288828158502223232e+04 1.120603529820673091e-21 1.263649097673593623e-21
3.290628072401462850e+04 4.044536580631326561e-21 1.309377077385111911e-21
3.292461293301497062e+04 4.841505959272937314e-21 1.178326783134156270e-21
3.294261202963418327e+04 5.611836237736373932e-21 1.245578674209610126e-21
3.296061109307570587e+04 3.220454423353561482e-21 1.096242419321209395e-21
3.297861012331093661e+04 2.325855423193531340e-21 1.172876197361605076e-21
3.299660912027837185e+04 2.855558736165228466e-21 1.175886345125832903e-21
3.301460808391985483e+04 1.439251837561198549e-21 1.129307734298761466e-21
3.303260701417404925e+04 5.436832817651070179e-21 1.195045781041096225e-21
3.305060591098073928e+04 1.276175209337098766e-21 1.235407231997765932e-21
3.306860477427825390e+04 5.901202624005654042e-21 1.265916895921120541e-21
3.308660360400906939e+04 3.459511474295385670e-21 1.221143710404861108e-21
3.310460240011244605e+04 2.503779141636775044e-21 1.145512811125287097e-21
3.312260116252568696e+04 4.015047926214680087e-21 1.175205472904735632e-21
3.314059989119078818e+04 2.033228172187078361e-21 1.166568682878254249e-21
3.315859858605010959e+04 1.438938524119817618e-21 1.199028657788844287e-21
3.317659724703873508e+04 -3.251632681459710197e-24 1.179836612214836978e-21
3.319459587409939559e+04 1.497160451489311092e-21 1.125214652055294065e-21
3.321259446717450191e+04 -1.553524928515702549e-21 1.171746924426522660e-21
3.323059302619814844e+04 2.051641912443314284e-21 1.136393104784005481e-21
3.324859155111684959e+04 3.067427712747068120e-21 1.234200216387975006e-21
3.326659004186878883e+04 -1.581287758224028481e-21 1.197933941429398562e-21
3.328458849839260074e+04 1.349074685820759151e-21 1.298254637581758559e-21
3.330258692062989576e+04 4.363851526999567647e-21 1.213856080232261129e-21
3.332058530852089461e+04 5.254125290339218789e-21 1.216596503759480211e-21
3.333858366200746968e+04 1.264097943453386234e-21 1.269302143358212110e-21
3.335658198102696770e+04 -1.041781222605101980e-21 1.189776069198395591e-21
3.337458026552165393e+04 -1.774864002071336818e-22 1.128021164294567865e-21
3.339257851543356810e+04 2.075617093566395430e-21 1.063810861327772982e-21
3.341057673070066812e+04 2.179122607240319278e-21 1.095108139942944655e-21
3.342857491126613604e+04 3.170332588021233430e-21 1.236000116230789391e-21
3.344657305706834450e+04 5.243775401108488882e-21 1.182817766553419837e-21
3.346457116805025726e+04 1.106483647044781939e-21 1.096218375731735395e-21
3.348256924415039975e+04 2.678451734169000645e-21 1.211517628075032443e-21
3.350056728531210683e+04 2.702953630152029556e-21 1.319642735526325542e-21
3.351856529147482797e+04 1.518725828808492700e-21 1.186270359216135879e-21
3.353656326257969340e+04 4.839216823710817874e-21 1.123355414647556008e-21
3.355456119856499572e+04 1.123470582503685989e-21 1.261504866825592856e-21
3.357255909937682009e+04 2.561715901480369835e-21 1.286974502927088731e-21
3.359055696495387383e+04 1.544211102303667208e-21 1.238193111114504343e-21
3.360855479523566464e+04 4.536965233820399617e-21 1.271081912637364466e-21
3.362655259016484342e+04 1.648969737312190547e-21 1.097181397140885455e-21
3.364455034968383552e+04 2.188313196730939760e-22 1.233794724343819163e-21
3.366254807373120275e+04 2.807955073636349340e-21 1.235795795606481727e-21
3.368054576225091296e+04 1.300475019114141713e-21 1.246191937749826295e-21
3.369854341518160800e+04 -5.412253981278848210e-22 1.198761573424340204e-21
3.371654103246657905e+04 2.512935623530261219e-21 1.138768706764840494e-21
3.373453861404670897e+04 2.457004508222972058e-21 1.348265513589210290e-21
3.375253615986319346e+04 6.053355765028036425e-21 1.182871278483483421e-21
3.377053366985773027e+04 4.156122818075406417e-21 1.141107832969630503e-21
3.378853114397178433e+04 -7.839311977217052479e-22 1.172182364199531817e-21
3.380652858214618755e+04 1.569266914990912067e-21 1.207190468477818239e-21
3.382452598432466766e+04 2.700592896693645674e-21 1.311929911724284281e-21
3.384252335044604843e+04 3.644612402745197880e-21 1.187566770128154156e-21
3.386052068045351189e+04 2.254622551334746356e-21 1.180993889874851304e-21
3.387851797429005092e+04 4.723970005497969488e-21 1.198155875706380556e-21
3.389651523189474392e+04 -1.698592340016356711e-22 1.140889050084372151e-21
3.391451245321091119e+04 -2.202353312815374406e-23 1.079825481961002363e-21
3.393250963818147284e+04 -4.611645273065030823e-21 1.120616223107250152e-21
3.395050678674590745e+04 1.409503967142524401e-22 1.031660292187990076e-21
3.396850389884877222e+04 9.294977329719926833e-22 1.189647873287883356e-21
3.398650097442926926e+04 -2.042716688258188589e-23 1.016614742656398989e-21
3.400449801343094441e+04 2.564122817814247736e-21 1.142871003390278549e-21
3.402249501579637581e+04 -3.282961461875071468e-22 1.203329778160901664e-21
3.404049198146705021e+04 2.572901712332646219e-21 1.171498818953913908e-21
3.405848891038395959e+04 1.826255951920565904e-21 1.081750369287390734e-21
3.407648580252328975e+04 3.397291774242542011e-21 1.155236268985214772e-21
3.409481728987783572e+04 2.886793201144744788e-22 1.066614505406265608e-21
3.411281413154242182e+04 3.455331718297017426e-21 1.118497764167471963e-21
3.413081093621856417e+04 3.249831997518558342e-21 1.001129465579399410e-21
3.414880770384802599e+04 3.579756315568523252e-21 1.063136235915856552e-21
3.416680443437372742e+04 2.200326740562892761e-21 1.177384152432617092e-21
3.418480112773813744e+04 9.955022391474234945e-22 1.149933929638668839e-21
3.420279777425416978e+04 1.366580972912524050e-21 1.056153966456843987e-21
3.422079354710336338e+04 2.367932529422060263e-21 1.071274990342507047e-21
3.423878928262387490e+04 2.899054375091169521e-21 1.177920865730474038e-21
3.425678498075731477e+04 -7.816058162119980692e-22 1.031141648926743604e-21
3.427478064144962991e+04 2.982293417517519678e-21 1.062339918659121783e-21
3.429277626464024070e+04 3.285181387065110665e-21 1.040704997958830327e-21
3.431077185027053201e+04 2.976006237067239896e-21 1.116368940808309600e-21
3.432876739829019061e+04 2.576812064099887025e-21 1.104954240846322137e-21
3.434676290863445320e+04 4.129421339049722350e-21 1.062632850962386335e-21
3.436475838124949951e+04 9.827112215501286999e-22 1.108171423575402247e-21
3.438275381608114549e+04 3.668787917479852754e-21 1.145290625456057077e-21
3.440074921306645410e+04 5.364766961317394807e-21 1.129488145164131588e-21
3.441874457215178700e+04 2.035824876988943676e-21 1.037923969886802039e-21
3.443673989328062453e+04 4.588032015809346421e-21 1.203946341348447267e-21
3.445473517639330385e+04 3.106950353333218318e-21 1.241801885964487784e-21
3.447273042143695056e+04 3.742425442633642295e-21 1.053161956197736013e-21
3.449072562835204008e+04 3.411035142731248580e-21 1.021825876925581454e-21
3.450872079708121601e+04 2.969206292060823133e-21 1.192102104493813822e-21
3.452671592756985046e+04 2.042587891029455291e-21 1.065849370661562211e-21
3.454471101975868805e+04 8.690817880264571615e-22 1.086948353995333008e-21
3.456270607359412679e+04 1.655891999258395725e-21 1.221218158756327377e-21
3.458070108901662024e+04 3.619221889840586973e-21 1.228406370033752819e-21
3.459869606597182428e+04 1.519194894871908760e-21 1.123042429489838890e-21
3.461669100440102193e+04 2.016495637939054290e-21 1.095228742417827519e-21
3.463468590424989816e+04 5.191961852199364587e-21 1.145960294556754220e-21
3.465268076546124939e+04 3.112470182592252919e-21 1.162463974885984909e-21
3.467067558797699894e+04 1.818799550442680349e-21 1.108607409909006203e-21
3.468867037174372672e+04 3.874504527207483993e-21 1.164908184630556608e-21
3.470666511670209002e+04 6.504790224663598364e-22 1.128642693462404984e-21
3.472465982279818127e+04 3.218910719493460851e-21 1.151338087811039302e-21
3.474265448997346539e+04 2.505626310798573827e-21 1.099534002574262520e-21
3.476064911817460961e+04 3.908834651015114708e-21 1.174184791654603595e-21
3.477864370734189288e+04 4.077843464210864696e-21 1.205871131752793740e-21
3.479663825742244808e+04 1.133615162591888884e-21 1.137292384824192185e-21
3.481463276835754368e+04 2.057911855716605126e-21 1.070702126157935875e-21
3.483262724009224621e+04 -8.980046837535453200e-22 1.135550363091651741e-21
3.485062167257158580e+04 3.686314600518874986e-21 1.125744957062107817e-21
3.486861606573730387e+04 2.834235806460112080e-21 1.138975478449106895e-21
3.488661041953630047e+04 3.201088591181756034e-21 1.184006140349028337e-21
3.490460473390918924e+04 3.520678773556329851e-21 1.047437034914357221e-21
3.492259900880334317e+04 3.213269650868673415e-22 9.878231173319208911e-22
3.494059324416031450e+04 1.936227222801065832e-21 1.009779619511350044e-21
3.495858743992547534e+04 1.301192974991432324e-21 9.176466115541866532e-22
3.497658159604406683e+04 4.296485780195736183e-21 9.842807217973442457e-22
3.499457571245884174e+04 2.403519680389169619e-21 1.044912897010332890e-21
3.501256978911348415e+04 2.592746669066476053e-21 1.176248655107567164e-21
3.503056382595383911e+04 2.995222668411335397e-21 1.099735309871890563e-21
3.504855782292600634e+04 4.355323046126988026e-21 1.073509404861268686e-21
3.506655177996978455e+04 5.704253069400434365e-21 1.125040195708451501e-21
3.508454569703305606e+04 1.134792416527223887e-21 1.055991209100078605e-21
3.510253957406111294e+04 2.960229119783700972e-21 1.037780699404578036e-21
3.512053341099427053e+04 1.800933705512084045e-22 1.078763710897584948e-21
3.513852720778069488e+04 2.551831547978064074e-21 1.059019079742728872e-21
3.515652096436520515e+04 3.464295676854792194e-21 1.062919389704262285e-21
3.517451468068978284e+04 1.922871175220474794e-21 1.060605893435714051e-21
3.519250835670084780e+04 5.131475298196809034e-21 1.024116042956635187e-21
3.521050199234461616e+04 5.911888353835815234e-22 1.133967699643954800e-21
3.522849558756224724e+04 4.576320627128642668e-21 1.084202030121183136e-21
3.524648914230069204e+04 3.096214055586268661e-21 1.019431340709686835e-21
3.526448265650487156e+04 1.619563268976816752e-21 1.072522333686916477e-21
3.528247613012079819e+04 3.281791632949612723e-21 1.098314638877512060e-21
3.530046956309035158e+04 1.532054086807801493e-21 1.070765350605832884e-21
3.531846295535896934e+04 -5.635974059974441782e-22 1.118620657101393009e-21
3.533645630687601806e+04 1.176412813065319099e-21 1.047945561581774122e-21
3.535444961758305726e+04 2.730564014556048350e-21 1.052630756411038733e-21
3.537244288742270146e+04 3.513065986904840764e-21 1.101661012249310574e-21
3.539043611634383706e+04 4.120536516278131415e-21 1.134811276866694051e-21
3.540842930429377884e+04 -3.373477812229470531e-22 1.042161334054520140e-21
3.542642245121196902e+04 2.431711159170100320e-21 1.057219141432135888e-21
3.544441555704583880e+04 3.801734080858422317e-21 1.134625064594110717e-21
3.546240862174213544e+04 1.469183988891175826e-21 9.926812693189885870e-22
3.548040164524724969e+04 2.649260406620764450e-21 1.037169333151714185e-21
3.549839462749996892e+04 9.681128666505034708e-22 9.825160221085806494e-22
3.551638756845252647e+04 5.288361894357071382e-21 1.061041795508320003e-21
3.553438046804972691e+04 3.791221579199244901e-21 1.047180791120663747e-21
3.555237332623358816e+04 3.449113455311196708e-21 9.926795781668356995e-22
3.557036614295134495e+04 2.027619843688414746e-22 1.091767818835691622e-21
3.558835891814805655e+04 1.648449941564295917e-21 1.066233236063264571e-21
3.560635165177149611e+04 6.510098603910547732e-22 1.038201915705078937e-21
3.562434434376503486e+04 3.415710687950010761e-21 1.052328724335288305e-21
3.564233699407436507e+04 -1.714416569582982430e-21 1.082819684973877368e-21
3.566032960264450230e+04 4.340207633031277029e-21 1.111444378688861925e-21
3.567832216942527884e+04 2.969399352635234947e-21 1.124545803005744435e-21
3.569631469435633335e+04 2.472958218706245606e-21 1.063296820859874906e-21
3.571430717738974636e+04 3.968597430167493489e-21 1.053907755643690813e-21
3.573229961846570222e+04 1.133362653380911650e-21 1.039961108417316338e-21
3.575029201753463713e+04 3.229204194759427536e-21 1.176024324568264973e-21
3.576828437453966035e+04 5.808118980883822132e-21 1.339748346860783659e-21
3.578627668942774471e+04 2.953285070572345394e-21 1.262284624000164481e-21
3.580426896214355656e+04 1.315667442628733147e-21 1.100724690265704733e-21
3.582226119263532746e+04 -2.611127649280788094e-25 1.107105400123397114e-21
3.584025338084955729e+04 4.913005772675258796e-22 1.050383605619911718e-21
3.585824552672888240e+04 2.720530825427884682e-21 1.109199610208620847e-21
3.587623763022240018e+04 3.000522492041895167e-21 1.094141277790502858e-21
3.589422969127476972e+04 4.100582539475553761e-21 1.126937976513813565e-21
3.591222170983145770e+04 4.430988762587976931e-21 1.164281905305950844e-21
3.593021368584166339e+04 4.118126094690026042e-21 1.236866633740557425e-21
3.594820561925155926e+04 2.289611516084824544e-21 1.092044407300273202e-21
3.596619751000255928e+04 3.682799001700976518e-21 1.083364695464670156e-21
3.598418935804528155e+04 1.278869656583866304e-21 1.137369968069441886e-21
3.600218116332760837e+04 1.213101408879269390e-21 1.126465570950580260e-21
3.602017292579063360e+04 4.127645445148024115e-21 1.104702583616491923e-21
3.603816464538635046e+04 3.630023044436564318e-21 1.101272551951984312e-21
3.605615632205594738e+04 2.950778197059175206e-21 1.131516801997342827e-21
3.607414795574967866e+04 2.397105592165302140e-21 1.168718655334430552e-21
3.609247664520892431e+04 5.745958322582233989e-21 1.248919561550096387e-21
3.611046821856821771e+04 1.895620706079914995e-21 1.168837557150275298e-21
3.612845974582999042e+04 3.324924986917622512e-21 1.131743871169518042e-21
3.614645122986697243e+04 3.015730008545214734e-21 1.149896760595443057e-21
3.616444267065777240e+04 3.093175415844096045e-21 1.057153579358012901e-21
3.618243406814504124e+04 4.547998681162528213e-21 9.867777738007693799e-22
3.620042542227826925e+04 8.623848832285727751e-22 1.099467712503822071e-21
3.621841673300443654e+04 -6.203001875878301915e-22 1.027557904849692840e-21
3.623640800026953366e+04 1.431110814953782933e-21 1.082684074752916135e-21
3.625439922401995136e+04 2.307801157841246595e-21 1.129400932245218046e-21
3.627239040420382662e+04 5.625193610629183481e-21 1.174856954900041530e-21
3.629038154076693900e+04 4.611816895350032645e-21 1.158235844212498738e-21
3.630837263365745457e+04 3.980712590648846139e-21 1.134374433146092068e-21
3.632636368282057811e+04 2.933125909485389236e-21 1.172995973000210804e-21
3.634435468820597453e+04 2.758720547791253789e-21 1.072657968923802447e-21
3.636234564975887042e+04 2.058541499193495095e-21 1.022727608033021541e-21
3.638033656742757739e+04 4.899214938763656892e-21 1.074967311582642069e-21
3.639832744115813693e+04 3.710870216341199664e-21 1.116379898565766513e-21
3.641631827089891885e+04 3.595407390462525332e-21 1.051889286886158046e-21
3.643430905659530981e+04 7.241500083648666178e-23 1.067456316180956672e-21
3.645229979819574510e+04 7.605332510166056986e-22 9.940042341451584827e-22
3.647029049564927845e+04 3.213225825181562661e-21 1.146586805944970010e-21
3.648828114890089637e+04 -2.192576745175434396e-22 9.591804013658556582e-22
3.650627175790032197e+04 2.331355206509558048e-21 9.759089676056608790e-22
3.652426232259120297e+04 3.959311684642140935e-22 1.066156861940487724e-21
3.654225284509921767e+04 1.997575729820106672e-21 1.074133430290470877e-21
3.656024355314645800e+04 2.387234216958950275e-21 1.150562356988563571e-21
3.657823451009046403e+04 -3.500830143706843236e-22 1.135460463838235147e-21
3.659622542523555603e+04 3.485955194491735359e-21 1.214000132399928709e-21
3.661421629580896843e+04 3.059099791070371278e-21 1.075769176339467781e-21
3.663220712175808148e+04 3.018906981904269170e-21 9.974847575687276138e-22
3.665019790302868932e+04 3.441220582366681453e-21 1.016232708288741366e-21
3.666818863957034046e+04 3.614319734390419659e-21 1.056000571207962814e-21
3.668617933132964390e+04 2.998168767424896317e-21 1.070831172608557921e-21
3.670416997825627186e+04 2.322826884626637967e-21 1.026512431104603014e-21
3.672216058029541455e+04 2.814644625103192893e-21 1.042054499295169361e-21
3.674015113739823573e+04 6.620305094675267088e-21 1.077814423586522379e-21
3.675814164950854320e+04 8.589678058583696433e-21 1.187267994750437080e-21
3.677613211657619104e+04 5.644361962049428325e-21 1.090568174464634248e-21
3.679412253855076415e+04 1.050929429335952678e-21 1.050244521259457754e-21
3.681211291537716897e+04 3.155142240631179886e-21 1.028617688001120078e-21
3.683010324700577621e+04 3.568156617009954891e-21 9.831514297405650017e-22
3.684809353338301298e+04 2.046728556436481590e-21 1.105647333379642751e-21
3.686608377445784572e+04 5.860990350249931836e-21 1.195012186713958704e-21
3.688407397017968469e+04 1.775986379960847951e-21 1.076980442281217682e-21
3.690206412049392384e+04 1.601160371528816100e-21 1.080937906344959978e-21
3.692005422535154503e+04 3.000291142761824211e-21 1.065730214858249873e-21
3.693804428469864797e+04 8.418820790814065859e-22 9.632070104836680246e-22
3.695603429848271480e+04 3.067441168021334623e-21 1.180743872354881559e-21
3.697402426665496023e+04 6.632912726666874607e-22 1.082574622251240274e-21
3.699201418916301191e+04 2.647650910662083049e-21 1.070601776668554834e-21
3.701000406595369714e+04 9.343163136632942352e-23 1.023573275471279733e-21
3.702799389697473816e+04 4.936573441934853244e-22 1.064363242821811503e-21
3.704598368217737152e+04 1.243836189931326816e-21 1.010926245145594036e-21
3.706397342150804616e+04 6.842257374590317756e-23 1.035526261385493352e-21
3.708196311491719825e+04 2.720215885461653156e-21 1.009109742270320409e-21
3.709995276235068013e+04 1.942572214211823935e-21 1.094889730532192050e-21
3.711794236375676701e+04 1.680560579861643356e-21 1.133413970038597580e-21
3.713593191908875451e+04 2.792911743733669814e-21 1.148353374447277917e-21
3.715392142829202930e+04 3.344730685668535212e-21 1.152979326878376855e-21
3.717191089131477929e+04 5.374085027466105512e-21 1.214492525351652362e-21
3.718990030810322787e+04 4.643645244377869983e-21 1.116176808048131996e-21
3.720788967861366109e+04 3.295015485784148748e-21 1.047480400324979243e-21
3.722587900278808229e+04 3.707351720534609105e-21 1.073839516524080068e-21
3.724386828057758976e+04 3.290330215213334479e-21 1.226085909379331465e-21
3.726185751193233591e+04 2.331036142313040685e-21 9.230805781906588209e-22
3.727984669679836225e+04 -8.626479281759871815e-22 1.006497890358538025e-21
3.729783583512448240e+04 4.703503651196453755e-22 9.667569007922110934e-22
3.731582492686402111e+04 1.395307107554527208e-21 9.586984684022516805e-22
3.733381397196159378e+04 -7.417555674440305480e-23 1.047328765175721061e-21
3.735180297036752745e+04 4.189373443382714255e-21 9.787241947988443806e-22
3.736979192203100683e+04 3.320348539960843100e-22 1.036784401540225961e-21
3.738778082690159499e+04 5.901664282412157802e-22 1.054588953734337457e-21
3.740576968492643209e+04 3.852258572395361790e-21 9.779910946342469008e-22
3.742375849605650728e+04 2.618604279645732963e-21 1.034044509917717540e-21
3.744174726024059783e+04 2.914852743693102713e-21 1.046689835705332691e-21
3.745973597742829588e+04 2.598118550275084306e-21 9.213530919758271669e-22
3.747772464756685804e+04 3.872252394496554845e-21 1.062516070559714266e-21
3.749571327060752810e+04 1.831467667286609441e-21 9.645524015612855865e-22
3.751370184649903240e+04 3.364249033435277996e-21 1.018252189557085121e-21
3.753169037519275298e+04 2.202148477602115358e-21 1.160763433026302126e-21
3.754967885663218476e+04 3.294625105046317475e-21 1.046564888907164949e-21
3.756766729079879588e+04 2.942175321687576923e-21 9.864841573946335493e-22
3.758565568038345373e+04 1.348430053253453782e-21 9.124110278625482167e-22
3.760398302780985250e+04 5.412477687264235359e-22 1.010061022347497707e-21
3.762197134216463019e+04 4.190560519461402505e-21 1.055649075936609381e-21
3.763995960901263607e+04 -3.987603935852270871e-22 9.873821104514130842e-22
3.765794782830341865e+04 3.464343108723725086e-21 1.008700265369164829e-21
3.767593599998503487e+04 4.717714214052164903e-22 1.029136807701803019e-21
3.769392412400659668e+04 -1.125700239518158020e-22 9.981609724080358833e-22
3.771191220031952980e+04 1.143751806421381873e-21 9.108450191101399702e-22
3.772990022887367377e+04 3.551033165985953149e-21 1.001085555269440106e-21
3.774788820961573219e+04 3.704440076269441033e-21 1.018562740938710019e-21
3.776587614249826584e+04 -6.489082342545832417e-22 9.344260599934664733e-22
3.778386402747223474e+04 9.094671648571370831e-22 9.842540369112822014e-22
3.780185186448334571e+04 2.287531177682857536e-21 9.595884524206504109e-22
3.781983965348446509e+04 2.717575209817242513e-21 1.011003623007696252e-21
3.783782739442394814e+04 3.815091618846343235e-21 9.997210469896101848e-22
3.785581508725267486e+04 -1.503030450094750331e-21 9.845889700355767327e-22
3.787380273191940069e+04 -1.693755966281265057e-21 9.644271577794780914e-22
3.789179032837494015e+04 1.432777958983501049e-21 9.419100565232083047e-22
3.790977787657007866e+04 1.955114828640113269e-21 1.003167129691495060e-21
3.792776537645159260e+04 5.385041067471474515e-21 1.100939047180258731e-21
3.794575282797531690e+04 2.929600104344100033e-21 1.093889742336830506e-21
3.796374023108720576e+04 2.048050586300851335e-21 1.058368013564013822e-21
3.798172758573658211e+04 4.710284321565854525e-21 1.115020897207925868e-21
3.799971489187436237e+04 3.523499010831548653e-21 1.071123146055585213e-21
3.801770214945181215e+04 9.324338891727734338e-22 1.162925837588891438e-21
3.803568935842087376e+04 9.627898541610257849e-22 9.619540492407410497e-22
3.805367651872581337e+04 2.660844148291868238e-21 1.021938649701615999e-21
3.807166363032230583e+04 2.463681080327521701e-21 9.579587440819629489e-22
3.808965069316133304e+04 2.484726766323410922e-21 9.619964018846776203e-22
3.810763770718650630e+04 1.664063443645269967e-21 1.018835233856838498e-21
3.812562467235571967e+04 7.389052096506590635e-22 9.362835787103159135e-22
3.814361158861546573e+04 2.888420932867826458e-21 9.059240248349139331e-22
3.816159845591541671e+04 8.322271473020207509e-22 1.019954243176699137e-21
3.817958527420720202e+04 2.392365094504310123e-21 1.042345200162813459e-21
3.819757204344437923e+04 3.870322405543767915e-21 1.056788769402126887e-21
3.821555876357003581e+04 2.947222755019608264e-21 1.056947155115145353e-21
3.823354543454397208e+04 8.527276645864041712e-22 1.005450490697943960e-21
3.825153205630905723e+04 2.893184044119482242e-21 1.023508936726370512e-21
3.826951862881839770e+04 -4.872062100263939083e-23 9.603812214873922252e-22
3.828750515202459792e+04 -2.511431600964346299e-22 9.923175845611129917e-22
3.830549162587687169e+04 2.385362926588930875e-21 9.187931041338921760e-22
3.832347805032433098e+04 2.587696957918409312e-21 9.816580039197299640e-22
3.834146442532070068e+04 1.595214051243063588e-21 9.382403848413328289e-22
3.835945075081469986e+04 2.189167384834884757e-21 9.672831905680280381e-22
3.837743702675458189e+04 3.837351173287331459e-21 9.311916644565102482e-22
3.839542325309884473e+04 2.258743494118122210e-21 9.067719305887926838e-22
3.841340942979059764e+04 1.132093305494388771e-22 9.588902023843015432e-22
3.843139555678355100e+04 4.690833909081169335e-21 9.726962652147679615e-22
3.844938163402997452e+04 2.657843662148427608e-21 9.881718007262747791e-22
3.846736766147965682e+04 1.952237272278068803e-21 9.342294410087219332e-22
3.848535363908194995e+04 1.925652808963802741e-21 9.989058197539013738e-22
3.850333956678942923e+04 1.253671021186025514e-21 1.009206432650930100e-21
3.852132544455266907e+04 1.101809889171532367e-21 1.016896343082776344e-21
3.853931127232442668e+04 1.313306516261636605e-21 9.055009782416096414e-22
3.855729705005289725e+04 2.359314897407559708e-21 9.857993277181409802e-22
3.857528277769069973e+04 9.599326535745123419e-22 9.465680304806826824e-22
3.859326845519056951e+04 1.805392110808468998e-21 9.087099406252671452e-22
3.861125408249998873e+04 2.528964742526761131e-21 9.860028919126497779e-22
3.862923965957367182e+04 1.818140755597082096e-21 9.616418703142481076e-22
3.864722518635978486e+04 2.125320268870341454e-21 9.190156682941409269e-22
3.866521066281115782e+04 1.005513234827415143e-21 9.339955780440608652e-22
3.868319608888061339e+04 4.306637221554357261e-21 9.427752184658150135e-22
3.870118146451572102e+04 1.526951257426717055e-21 9.192687167522732944e-22
3.871916678966997279e+04 2.880548899783447569e-21 1.000252019404322780e-21
3.873715206429624959e+04 1.529572334754014601e-21 1.015956109104448762e-21
3.875513728834284120e+04 3.864313718435245433e-21 1.001680271825984041e-21
3.877312246176271583e+04 7.963936224428182124e-22 1.019450523277849977e-21
3.879110758450670255e+04 2.588541556883695971e-21 9.198814147081317501e-22
3.880909265652690374e+04 -1.082223265964275117e-22 9.140594596357921813e-22
3.882707767777634581e+04 8.538254969412612430e-22 8.952774175179020318e-22
3.884506264820346405e+04 1.123403938951529844e-21 9.369030485482034824e-22
3.886304756776126305e+04 1.911556949827921814e-21 9.225933406933850296e-22
3.888103243640088476e+04 1.351763972777837674e-21 9.207706502365858246e-22
3.889901725409104256e+04 1.755760935558824878e-22 9.218728708767522993e-22
3.891700207643411704e+04 3.266815203755385766e-21 8.572761334034629668e-22
3.893498685964242759e+04 3.649751356956060971e-21 8.994412116884026854e-22
3.895297159174254193e+04 -5.590106296578710213e-22 8.957128810992494497e-22
3.897095627268224052e+04 8.477132279083906759e-22 9.420264241353997416e-22
3.898894090241380763e+04 -7.825144539675604028e-22 8.609540139409872485e-22
3.900692548089056800e+04 2.190632878825891326e-21 8.795192808951485452e-22
3.902491000806121156e+04 3.340860773252542992e-21 9.437076455107794654e-22
3.904289448387752054e+04 1.413756307754846251e-21 9.138269141833258259e-22
3.906087890829399112e+04 2.654010602435880047e-21 9.286802280908520123e-22
3.907886328126306762e+04 -1.638089545353980838e-21 8.578461354729729430e-22
3.909684760273350548e+04 -1.814034902186308310e-21 8.182365910820245415e-22
3.911483187265884044e+04 2.265165454607754240e-21 9.175950583377858167e-22
3.913281609099108027e+04 1.973688574044152136e-22 9.108346934805700067e-22
3.915080025768159976e+04 2.678974166760273623e-21 8.793942823350347953e-22
3.916878437268301786e+04 3.973177730506850883e-21 9.649047339712074440e-22
3.918676843594738602e+04 4.245994842921061485e-22 9.581136331524703189e-22
3.920475244742678478e+04 -5.231951812533931003e-22 9.297577867504698509e-22
3.922273640707334562e+04 1.511471975036884402e-21 9.112251079920530856e-22
3.924072031483715546e+04 4.440446921802702273e-21 9.843963468341587495e-22
3.925870417067388189e+04 8.239112515715715164e-22 9.746043800180525481e-22
3.927668797453580919e+04 1.948272224208653690e-21 9.409677103461716575e-22
3.929467172637049225e+04 -1.916989380405110812e-22 9.427674342105901301e-22
3.931265542613643629e+04 9.028220688926688816e-22 1.045344140682894315e-21
3.933063907377926807e+04 1.943124700824224349e-21 9.569240237516267061e-22
3.934862266925615404e+04 3.656827812653387431e-21 9.702491206096077329e-22
3.936660621251806151e+04 3.506844531590447780e-21 9.496303816851346785e-22
3.938458970351894095e+04 3.464271665916466183e-21 9.713445526564897112e-22
3.940257314220641274e+04 4.569262991545583533e-21 1.033059165837999043e-21
3.942055652853901120e+04 2.714709148715964411e-21 1.001117426900041547e-21
3.943853986246114073e+04 7.675354240180987632e-22 1.029593747953905586e-21
3.945652314393348934e+04 4.698043763793075151e-21 9.695700445052051301e-22
3.947450637290540180e+04 2.826219040850825456e-21 9.876687696099282468e-22
3.949248954933100322e+04 3.366994498053438962e-21 9.719736237667596105e-22
3.951047267315958015e+04 1.274170988861950629e-21 1.017243762098347150e-21
3.952845574434325681e+04 1.118135889058822556e-21 8.695814507268532714e-22
3.954643876283514692e+04 1.456739494785457816e-21 9.525773871279688844e-22
3.956442172859579296e+04 1.648320088792369212e-21 9.897972533199510855e-22
3.958240464156514645e+04 3.810221786970103981e-21 8.553198362812563499e-22
3.960038750170703133e+04 3.947306493642250950e-21 8.365501889990867242e-22
3.961837030896732176e+04 2.506307726063925387e-21 8.696945142752808717e-22
3.963635306330069579e+04 8.818685540788880045e-22 1.027665832847669617e-21
3.965433576465836813e+04 9.965429309314263920e-22 9.429755702440195425e-22
3.967231841299635562e+04 1.277335840032205930e-21 1.020425381806919565e-21
3.969030100826423586e+04 2.155130300032104740e-21 9.990203204844499556e-22
3.970828355041791656e+04 9.875514633460337253e-23 9.464093019236299764e-22
3.972626603940843779e+04 1.031803755625080786e-21 8.903747119532059703e-22
3.974424847518901515e+04 2.542352222903770083e-21 8.638841722798225453e-22
3.976223085771102342e+04 6.179563958351534276e-22 9.509543421843459537e-22
3.978021318693056674e+04 9.430636831111801448e-22 9.913614625563866508e-22
3.979819546279741189e+04 2.454931520785256846e-21 9.048571290053859622e-22
3.981617768526728469e+04 2.497222874727246944e-21 8.848030191340166334e-22
3.983415985429199645e+04 2.615895967386218595e-21 9.802510179082134563e-22
3.985214196982465364e+04 2.459309222813209072e-21 9.157738970769986545e-22
3.987012403181511036e+04 3.231616045053141370e-21 1.005569712506984832e-21
3.988810604022448388e+04 1.466428477435084236e-21 9.704521366092405871e-22
3.990608799499768793e+04 3.205600625026811286e-21 9.720288833801373936e-22
3.992406989609089942e+04 1.493982122821422722e-21 9.527368119442752209e-22
3.994205174345923297e+04 1.496681485233523422e-21 9.510798668850226602e-22
3.996003353705428162e+04 5.655385666287976069e-22 8.919878350330223746e-22
3.997801527682768938e+04 2.278828940044760996e-22 9.269640508719339024e-22
3.999599696273587324e+04 2.768870441089242663e-21 9.708467058343608392e-22
4.001397859472692653e+04 6.299665105706989052e-22 9.319820906279979183e-22
4.003196017276076600e+04 1.556608162221694741e-21 1.012481196159295598e-21
4.004994169678768958e+04 8.966448510746389855e-22 9.207327017460310018e-22
4.006792316676100018e+04 1.382741669241138813e-21 9.458501761350857897e-22
4.008590458263249457e+04 3.820868615980955604e-21 1.008913567622168518e-21
4.010388594435714185e+04 1.877244040136031634e-21 9.724656534369369212e-22
4.012186725188785931e+04 2.841913406499257908e-21 1.050250094240729959e-21
4.013984850517861923e+04 4.226580830793522083e-21 9.173384552311909709e-22
4.015782970418288460e+04 2.003189089657264995e-21 9.185903391548570357e-22
4.017581084885575547e+04 2.983674904084816485e-23 8.849866815413460400e-22
4.019379193914911593e+04 6.446327675467217410e-22 9.686356967394991305e-22
4.021177297501476278e+04 9.254763097213700382e-22 9.573936452341372266e-22
4.022975395640769420e+04 7.330410444317905174e-22 9.855293879869194977e-22
4.024773488328345411e+04 2.341621911403097024e-21 1.002533941538261422e-21
4.026571575559240591e+04 2.828046867436350996e-21 1.063558808873326174e-21
4.028369657329145411e+04 1.911190688107058032e-21 8.988132161905245532e-22
4.030167733633101307e+04 2.617221998301950758e-21 8.809316537988695551e-22
4.031965804466613918e+04 4.394472877303540756e-21 9.309690533092559210e-22
4.033763869825055008e+04 4.606567980426737606e-21 1.021513449631059064e-21
4.035561929703826172e+04 -6.179776941227586384e-22 9.595013756453294833e-22
4.037359984098459245e+04 2.839595428074544108e-21 9.247306437576901467e-22
4.039158033004174649e+04 4.963640267140544213e-21 9.746012530554692438e-22
4.040956076416032010e+04 1.295675646225007185e-21 1.022454616203126908e-21
4.042754114329924050e+04 1.247257671934201480e-21 9.773496108027829546e-22
4.044586389413721190e+04 -1.366303305780465524e-21 9.633398515025362594e-22
4.046384418499890307e+04 2.040880692462326487e-21 1.046044497629614188e-21
4.048182442071398691e+04 1.060745289014883361e-21 9.313508003156662929e-22
4.049980460125642276e+04 3.329826341242464917e-21 9.349740503991606625e-22
4.051778472658646206e+04 3.856241503728285405e-21 1.007342965080477046e-21
4.053576479665169609e+04 -1.481569421172683317e-21 9.587986548315147898e-22
4.055374481141248543e+04 9.896388245674879712e-22 1.013000502564394024e-21
4.057172477081822581e+04 1.764126744850875952e-21 9.234032579606212520e-22
4.058970467482438835e+04 1.984902461604237467e-21 9.742155108556395789e-22
4.060768452338669158e+04 2.518275618079159170e-21 9.206904651027314467e-22
4.062566431645457487e+04 1.177531585675282717e-21 9.289621169044552354e-22
4.064364405398672534e+04 -1.379181021414788909e-21 9.197199164497919629e-22
4.066162373593584925e+04 2.726592485589104884e-21 9.579595905735921637e-22
4.067960336225613719e+04 2.571365851971805354e-21 9.228745569192955582e-22
4.069758293290168513e+04 1.758893737360038739e-21 8.867393042960560689e-22
4.071556244782672002e+04 2.110481755801039889e-21 9.089408707215071355e-22
4.073354190698559250e+04 2.171155589810067922e-21 8.653124529086981581e-22
4.075152131033246405e+04 2.832766393342776905e-21 8.783638025523659763e-22
4.076950065782315505e+04 2.408443130674262738e-21 9.571318679689006282e-22
4.078747994940739591e+04 2.450318424680954884e-21 8.629639456310923555e-22
4.080545918504411384e+04 -9.718550388405514314e-22 8.831550742079828931e-22
4.082343836468453810e+04 1.569850547774959695e-21 9.939390325347806316e-22
4.084141748828782875e+04 1.632106921583230814e-21 9.831769337372736186e-22
4.085939655580208637e+04 2.887579563701895224e-21 9.331567438831298537e-22
4.087737556718791893e+04 8.334751073894641818e-22 9.531479021355311828e-22
4.089535452239520237e+04 1.776818031008370633e-21 8.890913733517020296e-22
4.091333342137993168e+04 1.815665847692148597e-21 8.181571933986848188e-22
4.093131226409486408e+04 2.235131290220628758e-21 9.238421060703738916e-22
4.094929105049944337e+04 2.977111404308514435e-21 8.530670068861554978e-22
4.096726978054032952e+04 8.840543826115050207e-22 9.442261873319120682e-22
4.098524845418128098e+04 1.778961813653447492e-21 9.892153277794519273e-22
4.100322707137089310e+04 7.100866995243738290e-21 1.035262170255357351e-21
4.102120563206526276e+04 2.289406811214087809e-20 1.214828377244229214e-21
4.103918413621724903e+04 9.299268757149426383e-20 1.876605086843011744e-21
4.105716258378479688e+04 1.403244862667854444e-19 2.248349386918889245e-21
4.107514097471954301e+04 7.272520179791366097e-20 1.759228268581763739e-21
4.109311930898067658e+04 1.677310010320148538e-20 1.134755571668798316e-21
4.111109758651828452e+04 7.420685890972458684e-21 1.038111070678581474e-21
4.112907580728556786e+04 4.950042041553407420e-21 9.906882437763974963e-22
4.114705397124356386e+04 5.469998107519664195e-21 1.014744563960504108e-21
4.116503207834381465e+04 8.966015899592034852e-21 1.080224557274915880e-21
4.118301012853970315e+04 6.929184709448411019e-21 1.047007449384366889e-21
4.120098812179074594e+04 5.295120831096696553e-21 1.165030091536292379e-21
4.121896605804526916e+04 2.176883957704905416e-21 9.452871548696923192e-22
4.123694393774378841e+04 1.940625620929129729e-21 9.356768122941925536e-22
4.125492181135099236e+04 4.468208766411175019e-22 8.796393776910971846e-22
4.127289988122638897e+04 -5.943180293765205195e-22 9.421701323775045515e-22
4.129087789641570271e+04 8.183054684593452111e-22 9.029041553833388430e-22
4.130885585438348062e+04 1.768526411047438140e-21 9.659526764670363505e-22
4.132683375508304016e+04 2.641747995050555692e-21 1.039035205540645248e-21
4.134481159847731760e+04 1.669601335977407066e-21 1.045727765811272601e-21
4.136278938451191061e+04 3.093911414309004470e-21 9.859690577492373582e-22
4.138076711314333807e+04 -1.382483321153709900e-21 1.016283691489480553e-21
4.139874478432652541e+04 9.577658502415901432e-22 1.022451805177112673e-21
4.141672239801997057e+04 2.311574437354905042e-21 9.215703127862267778e-22
4.143469995418037433e+04 3.329771021759395759e-22 8.464490473671835787e-22
4.145267745275942434e+04 2.837140853470100974e-21 9.591047643458784109e-22
4.147065489370927389e+04 2.265666120722734777e-21 9.679433037517171287e-22
4.148863227698823175e+04 3.294910897658150915e-21 9.210688365372038378e-22
4.150660960254984820e+04 3.063146510690667242e-21 8.688430485790131889e-22
4.152458687035409093e+04 1.923873737675751379e-21 9.151735475934066571e-22
4.154256408035157801e+04 2.539124936385011613e-21 9.353377581626574507e-22
4.156054123250061821e+04 2.481564667726429808e-21 1.013946539759719902e-21
4.157851832675476180e+04 3.215077290304662747e-22 9.063743687928494698e-22
4.159649536306630762e+04 -5.138600274661782970e-22 9.286057927355642052e-22
4.161447234139690408e+04 1.025308003967373726e-21 9.588117758760875090e-22
4.163244926169701648e+04 1.497069650288285772e-21 9.321648843344709544e-22
4.165042612392522278e+04 2.396849866512217112e-21 9.074460209708694213e-22
4.166840292803536431e+04 1.797234016757801155e-22 9.042850850770661305e-22
4.168637967398117326e+04 -9.088171038224488566e-22 8.953900633082348878e-22
4.170435636171952501e+04 -4.526166448142185616e-22 9.824022660133249886e-22
4.172233299120607990e+04 2.350496544773743614e-21 1.038425245806722226e-21
4.174030956239622901e+04 2.735692488856356461e-21 9.408081926678515120e-22
4.175828607524700055e+04 7.205814296857052338e-22 9.302154602386975156e-22
4.177626252971225040e+04 3.326479562876834301e-21 1.010829639414542666e-21
4.179423892574597994e+04 1.880803021048688758e-21 1.063036900023064488e-21
4.181221526330369670e+04 6.886561881895479127e-22 1.007645126557251825e-21
4.183019154234561574e+04 3.234669932744157052e-21 8.966091560012144430e-22
4.184816776282111095e+04 3.842048851204041089e-21 9.294507752095825242e-22
4.186614392469218728e+04 1.799193956089682045e-21 9.450231698886443207e-22
4.188412002791272243e+04 9.166868658261932924e-22 9.435534669679526324e-22
4.190209607243353821e+04 1.762472860693094698e-21 9.324057074205424106e-22
4.192007205821353273e+04 -1.815298912966548635e-22 8.942866563128998487e-22
4.193804798520686018e+04 -1.417814010704854872e-22 8.905916030135338178e-22
4.195602385337219312e+04 -1.544173171861952070e-21 8.702272580419020306e-22
4.197399966266385309e+04 1.894068558333245926e-21 9.391641329094016071e-22
4.199197541303754406e+04 2.865293222906998260e-21 9.310786640518081909e-22
4.200995110444902093e+04 3.722618933685157835e-21 9.421006300922047700e-22
4.202792673685551563e+04 4.152468796893927388e-21 9.762748374206573823e-22
4.204590231020974170e+04 2.567433370018607527e-21 9.085653635323399690e-22
4.206387782446912024e+04 8.743807247079134007e-22 8.264021078642233744e-22
4.208185327958773996e+04 1.920049568162468333e-21 9.178281605071578471e-22
4.209982867552475363e+04 3.758582938822480632e-21 9.425077126125595452e-22
4.211780401223609078e+04 4.506655695148848720e-21 8.929981936425812664e-22
4.213577928967440675e+04 2.745038882072660838e-21 9.263087584266164980e-22
4.215375450779704988e+04 1.494026494463062290e-21 8.697811113760327849e-22
4.217172966656008066e+04 1.887213208850296519e-21 8.954641307337472532e-22
4.218970476592108753e+04 2.348685781475672839e-21 9.243847835349357886e-22
4.220767980583275494e+04 3.894035197216518874e-21 8.637258780791239267e-22
4.222565478625091055e+04 1.445276321343983336e-21 8.381271881019948098e-22
4.224362970713499817e+04 1.526449357799058896e-21 9.157988672872603640e-22
4.226160456843940483e+04 3.763638688437713993e-21 9.256470227438158261e-22
4.227957937011847389e+04 2.675411712812686344e-21 9.691080405280250409e-22
4.229755411213145271e+04 4.008145506993397300e-21 9.054262931093960151e-22
4.231552879443293205e+04 3.461190224786512906e-21 9.206197700070548692e-22
4.233350341698059492e+04 2.253615110297003810e-21 9.738962553644462405e-22
4.235147797972560511e+04 1.679227776059807343e-21 9.559683917001561763e-22
4.236945248262892710e+04 3.698795361291981223e-21 1.007387222576573877e-21
4.238742692564522440e+04 2.468983129773953829e-21 8.213186937425975937e-22
4.240540130872903683e+04 2.330221074236175707e-21 8.956842947843992181e-22
4.242337563183966995e+04 2.352326228721417205e-21 8.924882982025681519e-22
4.244134989493174362e+04 2.039186900844185375e-21 8.468166685283367474e-22
4.245932409795992862e+04 2.869395315586413805e-21 9.504394654358287702e-22
4.247729824088371970e+04 1.527553994750651202e-21 1.079023428450949744e-21
4.249527232365762029e+04 -1.036479030279244463e-21 1.021928235442392678e-21
4.251324634623796737e+04 2.512101111930999815e-21 1.037488544744586517e-21
4.253122030857948266e+04 3.775563964083058539e-21 1.084694884031078708e-21
4.254919421064176277e+04 1.920692320246607589e-21 9.273340066782817561e-22
4.256716805237939116e+04 1.246211676419096127e-21 9.229954144926877263e-22
4.258514183375034190e+04 1.992387904732163807e-21 9.504040645678475302e-22
4.260311555470622261e+04 3.343951204202502989e-21 9.713303909564952838e-22
4.262108921520823787e+04 1.799837936272572739e-21 8.884420902245413521e-22
4.263906281520941411e+04 9.681792509525583593e-22 9.386431060225812706e-22
4.265703635466790729e+04 7.262951289305171457e-22 8.908620924488826712e-22
4.267500983354020718e+04 3.753507457630797505e-21 8.880443078803085071e-22
4.269298325178440427e+04 -1.308038487456276512e-21 8.521861221576384539e-22
4.271095660935689375e+04 1.363666825249850394e-21 8.882433291989403683e-22
4.272892990621084755e+04 8.954356940452539224e-22 9.147717016649374145e-22
4.274690314230285730e+04 1.709959246536502073e-21 9.074251219536984837e-22
4.276487631759112264e+04 1.835533560976909814e-21 9.267259969880528698e-22
4.278284943203366129e+04 1.646490993250155580e-21 9.295939780631447890e-22
4.280082248558223364e+04 2.944528754195993775e-21 9.415496945942066918e-22
4.281879547819997242e+04 1.148486923845562614e-21 7.973189905454403769e-22
4.283676840984025330e+04 -1.535244272635099670e-21 8.291955113968440428e-22
4.285474128045957332e+04 -1.028865613682394869e-21 8.124178093091210933e-22
4.287271409001286520e+04 2.833966267543197428e-21 9.111911992758547148e-22
4.289068683845853229e+04 3.974144908726316421e-21 9.123839401739908910e-22
4.290865952575326082e+04 1.483284066656985954e-21 9.097756127729546734e-22
4.292663215185366425e+04 7.717149071821810336e-22 9.595242258720966862e-22
4.294460471674055589e+04 2.383957723746352666e-21 9.278349055600517240e-22
4.296257722259246657e+04 3.802801165291905776e-22 7.974224813071125447e-22
4.298089513668768632e+04 -1.538789144835282171e-21 8.123499392223985159e-22
4.299886753893327113e+04 1.359304043764620440e-21 8.495944176505779628e-22
4.301683987976510252e+04 2.631735124895946333e-21 9.076459311696046182e-22
4.303481215913847700e+04 2.589047964565550440e-21 8.700042155336522097e-22
4.305278437701193616e+04 -4.582620097564991095e-22 8.529278551351799042e-22
4.307075653334398521e+04 1.003843862623423582e-21 8.805593013829300047e-22
4.308872862808813079e+04 9.377361225567097184e-22 8.864513875667482728e-22
4.310670066120452248e+04 9.196032070360516640e-22 8.727805008025908538e-22
4.312467263264669600e+04 8.555673338874503010e-22 8.923790806427525211e-22
4.314264454237322934e+04 1.920331068003003626e-21 8.859487816838039803e-22
4.316061639034096879e+04 1.742831995168869057e-21 8.646090877256684269e-22
4.317858817650654237e+04 -2.991699280815928232e-21 9.071694977803159057e-22
4.319655990082720382e+04 1.286327661081990068e-22 9.339758618422899084e-22
4.321453156325989403e+04 2.209571077517931067e-21 8.703857464200245512e-22
4.323250316376154660e+04 1.079742115497693099e-21 9.245853398326710994e-22
4.325047470228916791e+04 2.856284416031165537e-22 9.497619631416422355e-22
4.326844617879973521e+04 -7.078692405782941490e-22 9.129619815560235393e-22
4.328641759325029125e+04 2.044258545308247905e-21 8.989695300769203605e-22
4.330438894559782057e+04 1.141852789323224697e-21 9.849342887654368828e-22
4.332236023579939501e+04 1.851319524095622828e-21 9.989410855962865015e-22
4.334033146381170809e+04 -8.536898970115248875e-23 9.049784183303356659e-22
4.335830262959389802e+04 1.467156956143046940e-21 8.333083613227660881e-22
4.337627373309963878e+04 4.672489619106115036e-22 9.056093398416229599e-22
4.339424477428771934e+04 2.855889952016805172e-21 9.995270816628714085e-22
4.341221575311528431e+04 -3.779843695961262226e-23 9.264995195869735431e-22
4.343018666953944194e+04 1.953798960816719921e-21 9.574180423152328593e-22
4.344815752351734409e+04 1.192222708577865133e-21 9.105296867815021050e-22
4.346612831500617176e+04 -3.939211792831892159e-22 8.208039610057978184e-22
4.348409904396310594e+04 2.591305971064773062e-21 8.767844302818949307e-22
4.350206971034510934e+04 1.717470398349436451e-21 8.362158616121466408e-22
4.352004031410950120e+04 2.014159012695995483e-21 8.919787701017961595e-22
4.353801085521365894e+04 1.162165645796983261e-21 9.604796298155690311e-22
4.355598133361476357e+04 -8.437803535556086315e-22 9.196759183218589026e-22
4.357395174927011976e+04 -5.845656993402944044e-22 8.190630178873228677e-22
4.359192210208905453e+04 -1.485570908256764908e-21 8.885533057061212862e-22
4.360989219686553406e+04 1.110540347127898103e-21 8.259431679207061821e-22
4.362786198435996630e+04 -6.064432978372029808e-22 8.786447395006152028e-22
4.364583170894242357e+04 -6.770707339639273538e-22 9.281238246340770742e-22
4.366380137057017419e+04 1.648525377871013967e-21 9.653326750846393065e-22
4.368177096920038457e+04 -1.186619531515160888e-22 8.867188679281224706e-22
4.369974050479064317e+04 1.923501246346209282e-21 8.707054092816938103e-22
4.371770997729836381e+04 1.863398769264577691e-21 9.008239606717418140e-22
4.373567938668090210e+04 8.180629900201542826e-23 9.407536196502973152e-22
4.375364873289571551e+04 1.245168606684052081e-21 9.164276963785602144e-22
4.377161801590016694e+04 -1.147419709383727701e-21 8.339529250411431388e-22
4.378958723565175023e+04 -1.843566307370119407e-21 8.913230199837003235e-22
4.380755639210619120e+04 3.828423769073711403e-21 9.653537736003402863e-22
4.382552548522435245e+04 2.060080163265222518e-21 8.793972491389875448e-22
4.384349451496194524e+04 1.480115688742069379e-21 8.312998661384282799e-22
4.386146348127628880e+04 9.191344913757058272e-22 9.176732340874916740e-22
4.387943238412514620e+04 1.863436123284642684e-21 9.211487772410834256e-22
4.389740122346433782e+04 2.482225590109601445e-22 9.728825446844948885e-22
4.391536999925647251e+04 5.681162357139284814e-22 8.742229443248558608e-22
4.393333871145234298e+04 4.250278807261422785e-22 8.470184403367212835e-22
4.395130736001288460e+04 1.517295660989108984e-22 9.188722089701720945e-22
4.396927594489399780e+04 -2.694221169328895803e-23 9.127304456979920781e-22
4.398724446605832054e+04 -1.374883886191024034e-21 8.474709560450217156e-22
4.400521292346011614e+04 3.958396495538839264e-21 9.440540577846534034e-22
4.402318131705527776e+04 6.673241091948574739e-22 9.180979966853335492e-22
4.404114964680117555e+04 2.581259662894811223e-21 9.051648364478501314e-22
4.405911791266081855e+04 2.095986944813589017e-21 9.053594214316137838e-22
4.407708611458845553e+04 6.888633769755651107e-22 8.494154957160739341e-22
4.409505425254176225e+04 -9.883088304808355077e-23 7.980794947467998985e-22
4.411302232647845813e+04 -3.587017216672834689e-22 8.286440164662388550e-22
4.413099033635452361e+04 1.152852223480324563e-21 8.859129628175867252e-22
4.414895828213107598e+04 2.164137499804140918e-21 9.639509776387921900e-22
4.416692616376413207e+04 2.131469524134392187e-21 8.292103975644793142e-22
4.418489398120975966e+04 2.244324534375517384e-21 8.716740359106318801e-22
4.420286173442909057e+04 1.563909824521922671e-21 9.413818776760819514e-22
4.422082942337812710e+04 -4.842316795777358297e-22 8.499867726600406429e-22
4.423879704801282787e+04 -4.840467042099204987e-22 8.769017643302382720e-22
4.425676460829118878e+04 1.863874571924640937e-21 9.139457504235396227e-22
4.427473210417606606e+04 3.186620618589281514e-21 9.158206728318747283e-22
4.429269953561857255e+04 2.166791833097846917e-21 8.716037233547961820e-22
4.431066690258325252e+04 1.543877885516935333e-21 8.956025248064970694e-22
4.432863420502289955e+04 3.007066247695976318e-21 8.526719302790916374e-22
4.434660144289871823e+04 1.564985247826904773e-21 8.869863066277334679e-22
4.436456861616695824e+04 1.363877546024695609e-21 8.826869714352824290e-22
4.438253572478544083e+04 -9.860591433169440454e-23 8.738017282496163525e-22
4.440050276871039387e+04 9.463964357070223047e-22 8.509499526985963947e-22
4.441846974790143577e+04 1.985296206887295505e-21 8.824203831069475291e-22
4.443643666231619136e+04 3.972416521335171111e-21 8.996432812407304201e-22
4.445440351191288937e+04 2.200890086927332159e-21 9.227867829366949624e-22
4.447237029664944566e+04 4.001134623941346438e-21 8.852849448419718205e-22
4.449033701648553688e+04 1.504714175185544982e-21 9.032297688255283982e-22
4.450830367137236317e+04 -6.868648645813559643e-23 8.967589437307046944e-22
4.452627026127801946e+04 1.143466162750771367e-21 8.784208972524179305e-22
4.454423678615545941e+04 9.470157808995117363e-22 8.744924200228090056e-22
4.456220324596271530e+04 1.377855479244238957e-21 8.999523775033635927e-22
4.458016964065439970e+04 3.785110672818993838e-22 9.105791709357266473e-22
4.459813597019527515e+04 -1.446835652861591708e-23 9.056922148561568285e-22
4.461610223453836079e+04 1.517500441683688031e-21 9.198118393801387227e-22
4.463406843364165252e+04 3.459210743622056034e-21 9.313101717104031229e-22
4.465203456746813754e+04 2.336529518843534358e-21 9.581606217742124587e-22
4.467000063597099506e+04 4.409846107940374851e-22 9.111280842966981781e-22
4.468796663911007636e+04 -6.466322589365414517e-22 9.101986751063464943e-22
4.470593257684343553e+04 1.515235613462214408e-21 9.690479648321871379e-22
4.472389844913086563e+04 -1.999938284889348644e-21 8.706304839472142728e-22
4.474186425592714659e+04 -1.903076812276156810e-21 8.187544747452645374e-22
4.475982999719206418e+04 5.822150669784771357e-23 8.425842491625604256e-22
4.477779567288382532e+04 2.472287109783098275e-21 9.420305103353059831e-22
4.479576128295888338e+04 1.497640567944272153e-21 8.942612407059374774e-22
4.481372682738045114e+04 1.288941332576494139e-21 8.662596292747318092e-22
4.483169230609999067e+04 1.398187378064555271e-21 9.143341496521415898e-22
4.484965771908075112e+04 7.408307785387270321e-22 9.002200033183286064e-22
4.486762306627906946e+04 1.842056315096349787e-21 9.256582374372279201e-22
4.488558834765328356e+04 1.090566408558976457e-21 8.775075763204628975e-22
4.490355356316168036e+04 2.939157541039779329e-21 9.991419014741851433e-22
4.492151871276252496e+04 2.444352249591005733e-21 8.660662385140875418e-22
4.493948379641236534e+04 1.848570426018194291e-21 9.239881413266755200e-22
4.495744881407281355e+04 1.766157406957532532e-21 8.989117677824582946e-22
4.497541376570050488e+04 1.298056719765869945e-21 8.770851834682716847e-22
4.499337865125537792e+04 6.829494133530450433e-22 9.173975683804177528e-22
4.501134347069066280e+04 1.243846559072064866e-21 8.894580431569681646e-22
4.502930822396640724e+04 2.689772115002248108e-21 9.141979425352138509e-22
4.504727291104760661e+04 2.932750586880981252e-21 9.334344951754218797e-22
4.506523753188755654e+04 6.282788368289392621e-22 8.795265676728973320e-22
4.508320208643956721e+04 2.014202168210696049e-21 8.943318425615554321e-22
4.510116657467190817e+04 1.330584043567378344e-21 9.338483877000926599e-22
4.511913099653461541e+04 -1.597403725970043770e-21 9.327642002822505431e-22
4.513709535199117090e+04 -1.388083292564441995e-21 9.366870922938279925e-22
4.515505964099830453e+04 -1.173426685404505244e-21 8.703939397473399445e-22
4.517302386351268797e+04 -7.182363973593747371e-22 9.049784605203541787e-22
4.519098801949440531e+04 3.127853208929643683e-21 1.162945758627721849e-21
4.520895210890528688e+04 1.677928853384147623e-21 8.488954164177325826e-22
4.522691613169863558e+04 2.703326433588988376e-21 9.150135366551852161e-22
4.524488008783294208e+04 7.953433815101054055e-22 9.400691337884017898e-22
4.526284397726830503e+04 2.939816382623230831e-21 9.502926245799664226e-22
4.528080779996485944e+04 2.564261516860940348e-21 9.537781706746254051e-22
4.529877155587772722e+04 2.169171601677478798e-21 9.390603066602030976e-22
4.531673524497042672e+04 -5.986163420578771036e-22 9.274025767200421076e-22
4.533469886719466012e+04 2.763997568630484972e-21 9.184778432785296264e-22
4.535266242251391668e+04 5.311234248759834977e-22 8.777704071090867107e-22
4.537062591088165937e+04 2.187229400233207115e-21 9.383642249031169971e-22
4.538858933226318914e+04 7.444228603217460491e-22 8.806537208904341621e-22
4.540655268661368609e+04 2.798650073927510182e-21 9.486166766843945106e-22
4.542451597389169910e+04 2.407848290078325621e-21 9.364022146923312718e-22
4.544247919405407447e+04 -9.260469108469712381e-22 8.050907892538808479e-22
4.546044234706104180e+04 -1.214283049978355451e-21 8.143058988397552894e-22
4.547840543287120090e+04 2.460424734033813418e-21 9.751317490901868283e-22
4.549636845144473045e+04 1.407125065695293267e-21 9.660885866333182997e-22
4.551433140273690515e+04 -1.563170679813011985e-22 9.215100873977143442e-22
4.553229428670797643e+04 2.339439352958275166e-21 8.897136596720759528e-22
4.555025710331823211e+04 1.244521415487075178e-21 9.680565760133990615e-22
4.556821985252124432e+04 2.610078218702153634e-21 9.132326815551542552e-22
4.558618253428400931e+04 1.894416879472397150e-21 8.449315868145546476e-22
4.560414514855844754e+04 2.430937230338209798e-21 9.508508131611545723e-22
4.562210769530315156e+04 1.461470851331228606e-21 9.072406734089236474e-22
4.564007017447835096e+04 4.522944874712944016e-21 9.352525759982736505e-22
4.565803258604285656e+04 1.733029382570351469e-21 9.300994749295012093e-22
4.567599492995697074e+04 3.139973433098795637e-22 9.472578451913923025e-22
4.569395720617438928e+04 2.541143457392146006e-21 9.285920536436850005e-22
4.571191941466042772e+04 -4.414006950702432641e-22 8.850405461986924802e-22
4.572988155536881095e+04 6.312331218730684935e-22 9.047831106912304949e-22
4.574784362825989228e+04 2.519760453925556258e-21 9.592478059836842896e-22
4.576580563329402503e+04 2.522791069697353723e-22 9.052314936283264798e-22
4.578376757042663667e+04 1.651592475307050579e-21 9.004401386003706178e-22
4.580172943961808051e+04 8.956268330168123510e-22 9.420098758590000175e-22
4.581969124082709459e+04 3.581171452291911786e-22 9.485507948074898730e-22
4.583765297401243879e+04 1.516449270246703913e-21 9.257083854786042891e-22
4.585561463913285115e+04 2.365587918368951441e-22 8.925867969419075883e-22
4.587357623614709155e+04 2.991987199340699735e-22 9.252882105277632198e-22
4.589153776501392713e+04 -3.783750277083563342e-22 8.674492382059210422e-22
4.590949922569381306e+04 -2.507547857865338602e-22 9.472179343240287068e-22
4.592746061814043060e+04 3.672088113585317715e-22 9.943817215500473664e-22
4.594542194241599645e+04 -1.306168282681097559e-21 9.282508308605384803e-22
4.596338365169465396e+04 1.443246148508826689e-21 8.431235631976454554e-22
4.598134553838445572e+04 4.308109192148204765e-22 8.562796914107547280e-22
4.599930735667768022e+04 -1.784535209616493962e-21 8.580895728680446381e-22
4.601726910653048253e+04 -4.920845704498711279e-23 9.526317358160476672e-22
4.603523078789492138e+04 1.140891694427772340e-21 9.871917975092286471e-22
4.605319240073495166e+04 1.191863471493632432e-21 9.664030140157469259e-22
4.607115394500763068e+04 3.813582241943130129e-21 1.004920894328729616e-21
4.608911542067189293e+04 3.312069325445251937e-21 9.568483245741702589e-22
4.610707682768655650e+04 3.482272699622095218e-21 9.745634677642505679e-22
4.612503816600883874e+04 4.000784412555799963e-21 9.948235614055004130e-22
4.614299943560259999e+04 3.757864213548833457e-21 9.752526687337721925e-22
4.616096063642005902e+04 2.834802866443508236e-21 9.820990528566697203e-22
4.617892176842509798e+04 1.709013881272566684e-23 8.861296249937940796e-22
4.619688283157664409e+04 2.315929029604499523e-21 9.218570084249335657e-22
4.621484382582685794e+04 2.256773946606634107e-21 9.365096514860396161e-22
4.623280475114473666e+04 1.196835259629177655e-21 9.393683138233156532e-22
4.625076560748247721e+04 -2.192130962880321219e-23 8.688925046902672112e-22
4.626872639479891950e+04 1.193612249183497711e-21 9.426905782566462211e-22
4.628668711305639590e+04 -7.318360679964728352e-22 9.673762375159024439e-22
4.630464776221219654e+04 1.386049121122778522e-21 8.938481647479090956e-22
4.632260834222531412e+04 3.828866904986042079e-22 8.523103907339480129e-22
4.634056885305296601e+04 1.142387609703361061e-23 8.742253265012710741e-22
4.635852929465752095e+04 1.324135592731385375e-21 9.676863439761221164e-22
4.637648966699623270e+04 8.359920019557269984e-23 1.029506752091111961e-21
4.639444997002639866e+04 -6.256561512532477026e-22 9.329427798515401819e-22
4.641241020371038758e+04 1.491486632303978140e-22 1.045708773848193052e-21
4.643037036800380156e+04 5.096800763321100854e-22 8.998170726668023923e-22
4.644833046286732861e+04 1.235589031933324431e-21 9.395875758099746069e-22
4.646629048826333019e+04 1.726689007573271800e-21 9.527843920909933192e-22
4.648425044414409786e+04 4.669891444430067906e-22 9.393181753191898840e-22
4.650221033047368837e+04 3.101355795254102821e-22 8.773750510110333976e-22
4.652017014720771840e+04 -1.758877525132142671e-21 9.418754416304969680e-22
4.653812989430862945e+04 2.855422807575539601e-21 9.688591884160017969e-22
4.655608957173376257e+04 3.607861853254428966e-22 9.642848317109671465e-22
4.657404917944047338e+04 2.589085398091219783e-22 8.992385209402591324e-22
4.659200871739118156e+04 1.829920138442458201e-21 9.313136356847358565e-22
4.660996818554153288e+04 -3.514264966666746021e-21 8.812246162689082629e-22
4.662792758385233901e+04 1.955830113855393859e-21 9.119116311564643100e-22
4.664588691228431708e+04 1.083415661728123511e-21 8.997620743840410283e-22
4.666384617079305463e+04 -1.210536171121682134e-21 9.136972113000998417e-22
4.668180535933942156e+04 2.728895943891143564e-21 9.361203455369797428e-22
4.669976447788417863e+04 9.316956814246330788e-22 8.965732807351318242e-22
4.671772352638307348e+04 -4.587445468032148981e-22 9.311910408214616495e-22
4.673568250479687413e+04 -4.215580250012273401e-22 8.702727976168428633e-22
4.675364141308806575e+04 -2.527832273235567048e-22 9.034027869265116651e-22
4.677160025120731734e+04 7.146063862702868025e-22 9.328641651930020173e-22
4.678955901912217814e+04 8.371207674412927724e-22 1.016430378153406190e-21
4.680751771678670048e+04 4.695113216817120192e-23 9.582863599358826138e-22
4.682547634416171059e+04 1.259507026625523293e-21 9.515965860201373768e-22
4.684343490120799834e+04 -2.272789784730778426e-21 9.234218345323048170e-22
4.686139338788303576e+04 8.492495775748185521e-22 9.937698813766676243e-22
4.687935180414259958e+04 2.037608784530039199e-21 1.004842117663038666e-21
4.689731014995087753e+04 4.737727078984907186e-21 9.529551415456410345e-22
4.691526842526705150e+04 4.471675994683503700e-22 9.391611324771842621e-22
4.693322663004516653e+04 -1.161009227868851557e-21 9.407141349368563695e-22
4.695118476425118570e+04 7.312106138051513749e-22 9.450315814211656077e-22
4.696914282784087845e+04 -6.858870918636526570e-22 9.244439542628836347e-22
4.698710082077176048e+04 7.468569497927950467e-23 9.557290817355575810e-22
4.700505874300466530e+04 -1.373776450223110188e-21 9.434460679996005546e-22
4.702301659449878207e+04 5.505854508417320012e-22 9.301670832997394039e-22
4.704097437520993844e+04 9.482297182005630592e-22 9.310241512461508649e-22
4.705893208510744444e+04 -6.316276212489325086e-22 9.224275567632264765e-22
4.707688972413868032e+04 -8.777959716151791617e-23 9.520879472886982476e-22
4.709484729227299977e+04 -3.377283222404467878e-22 8.898061468337025444e-22
4.711280478945947107e+04 1.645688537990137986e-21 8.607885775178062152e-22
4.713076221566572349e+04 3.421278277950880333e-21 1.070803051956268185e-21
4.991713652483591432e+04 -6.271654789745421820e-21 1.789635583105039572e-21
4.993508156994196906e+04 -2.224115152269113707e-21 1.177476921947473484e-21
4.995302653768385790e+04 -2.156280128073141151e-22 1.202274341096194176e-21
4.997097142802851158e+04 -4.256055953878196702e-22 1.197912623077807745e-21
4.998891624093223800e+04 1.544545940285654964e-21 1.189017167303099347e-21
5.000686097635133046e+04 7.596742618859703136e-22 1.188229741467499611e-21
5.002480563425114815e+04 -1.532408747326763758e-21 1.164632479569315895e-21
5.004275021458647825e+04 -2.072849777340165641e-22 1.090313198339168003e-21
5.006069471731817612e+04 2.586856481627346245e-21 1.165136378972025572e-21
5.007863914240546001e+04 -8.285941512419421685e-22 1.176595087742875773e-21
5.009658348981066956e+04 -4.630264147401377275e-21 1.072620119900492648e-21
5.011452775948718772e+04 -3.783800466867724001e-22 1.186472779115264333e-21
5.013247195139723044e+04 2.583462901533965839e-22 1.157714748191865360e-21
5.015041606550014694e+04 6.217876482893299695e-22 1.114789142593671116e-21
5.016836010175674164e+04 1.105517025427335465e-21 1.142794070599349884e-21
5.018630406012327148e+04 2.227899033181092598e-21 1.088100106353844477e-21
5.020424794056051178e+04 7.369008625353743894e-22 1.162580098477166385e-21
5.022219174302928150e+04 1.899994188769157997e-21 1.174507919093962764e-21
5.024013546748582303e+04 -1.460430413275904738e-21 1.178746489601536846e-21
5.025807911388793582e+04 -1.455316275124592691e-22 1.272768197116916379e-21
5.027602268220235419e+04 4.235608521874789703e-23 1.142462108716891233e-21
5.029396617238385807e+04 2.724979289985785698e-21 1.235171603053256641e-21
5.031190958439022506e+04 5.636048176126865336e-22 1.082539957907730836e-21
5.032985291818218684e+04 -5.120621805356857847e-22 1.070982585191395641e-21
5.034779617371899076e+04 -6.899844748323629263e-22 1.039642967166427858e-21
5.036573935096139758e+04 3.277395424992318800e-22 1.001284748074776260e-21
5.038368244986414356e+04 -3.813608280712868470e-22 1.033875928112052457e-21
5.040162547039095080e+04 -4.938315912053322128e-22 1.063705896837915385e-21
5.041956841249960416e+04 2.209344308689393488e-21 1.103184420015609352e-21
5.043751127615074074e+04 8.879061538338478315e-22 1.124991065697389187e-21
5.045545406129916228e+04 -1.223846762235512502e-22 1.094798713210641198e-21
5.047339676791004604e+04 2.690642510125842433e-22 1.099293232503429213e-21
5.049133939593513787e+04 3.072192685591297824e-21 1.088391860800829697e-21
5.050928194534410432e+04 -4.117688889996704445e-22 1.049638933827503189e-21
5.052722441608567897e+04 5.998570004324183632e-22 1.093903463966228237e-21
5.054516680812505365e+04 -1.582843949081388413e-24 1.049634553087014375e-21
5.056310912141841982e+04 5.602368668003818003e-22 1.073512179630945856e-21
5.058105135592794250e+04 9.518533702125647610e-22 1.009285319569046304e-21
5.059899351161134837e+04 -1.049442023818195349e-21 1.037087947846879879e-21
5.061693558842916536e+04 9.298932394859106065e-22 1.113919638724670627e-21
5.063487758633893100e+04 1.997980997262545243e-21 1.015839689175551899e-21
5.065281951932310767e+04 2.162220107769473827e-21 1.059695460406771648e-21
5.067076152868895588e+04 9.512760870927222306e-22 1.039905169869260597e-21
5.068870345901778637e+04 -1.316711772246688974e-21 1.072798307548049595e-21
5.070664531027918565e+04 8.168290339355779035e-22 1.106597782229020339e-21
5.072458708242036664e+04 2.056616922830237812e-21 1.093679553698614216e-21
5.074252877540943155e+04 -1.142085544486081884e-21 1.007156988456156645e-21
5.076047038920397608e+04 -5.005485356380558983e-23 1.069280799477649452e-21
5.077841192375721585e+04 2.628263418196187122e-21 1.174600657726135086e-21
5.079635337903717300e+04 2.117091849089505524e-21 1.079105075220894515e-21
5.081429475499407999e+04 2.136773120206231709e-21 1.159013012775625478e-21
5.083223605159590807e+04 2.092253137873993394e-21 1.093083846820059179e-21
5.085017726879582915e+04 5.915014535459222716e-23 1.115676241005061182e-21
5.086811840655150445e+04 1.859538971687524039e-21 1.140622821990509267e-21
5.088605946482940635e+04 -2.194237585988446222e-22 1.139075003851579239e-21
5.090400044358120795e+04 2.660438179434978229e-21 1.107840475765269619e-21
5.092194134276896511e+04 1.507059036935569462e-22 1.149724239695210786e-21
5.093988216235320579e+04 2.638010870793638299e-21 1.223320942001576430e-21
5.095782290229007049e+04 2.850281749082467687e-21 1.123203271602447459e-21
5.097576356254156417e+04 2.256521593424573776e-21 1.117934537288511544e-21
5.099370414306526072e+04 2.585622992277322952e-21 1.097079634503915208e-21
5.101164464381874132e+04 3.354092171424548439e-21 1.179425605911846877e-21
5.102958506476242474e+04 2.753291904897713940e-21 1.115954676725965631e-21
5.104752540585686802e+04 2.605658142687639576e-21 1.141821505459442589e-21
5.106546566705818987e+04 2.173509415579322387e-21 1.133355808334851567e-21
5.108340584832983586e+04 -1.441440140528082057e-21 1.132616680109854247e-21
5.110134594962346455e+04 2.612484308125684337e-21 1.121658445160770168e-21
5.111928597090398398e+04 3.220136049368371227e-21 1.172023679180906253e-21
5.113722591212889529e+04 1.130658178301640381e-21 1.138007066585402221e-21
5.115516577325867547e+04 1.109536497409829938e-21 1.095879303707883793e-21
5.117310555424793711e+04 -1.298284115115966432e-22 1.097088415951206992e-21
5.119104525506296341e+04 1.866699820168251022e-22 1.075408622158863125e-21
5.120898487565540563e+04 4.555998431919367237e-22 1.115567722673377555e-21
5.122692441598717414e+04 -1.219808326461889507e-21 1.131496759529159806e-21
5.124486387601577735e+04 2.266360671401564210e-21 1.145951249748508663e-21
5.126280325570450805e+04 3.124629450621979262e-22 1.035510558023921680e-21
5.128074255500797881e+04 3.438772918046366683e-22 1.045258218341669619e-21
5.129868177388657932e+04 2.607626296012833923e-21 1.069733786683078565e-21
5.131662091230069927e+04 1.102750578522454921e-21 1.221089948276117873e-21
5.133455997020778159e+04 -1.664674888043075151e-21 1.126893554984578745e-21
5.135249894756385038e+04 -1.720921087001159062e-21 1.098462657606027907e-21
5.137043784433075052e+04 -5.981056662480281412e-22 1.075284747444590711e-21
5.138837666047013045e+04 -6.382705203279444452e-22 1.115724747249714249e-21
5.140631539593517664e+04 9.385286424733830436e-23 1.064645078935579015e-21
5.142425405069064436e+04 1.519572413239865026e-21 1.080831258079664422e-21
5.144219262469248497e+04 2.790152535203551357e-21 1.157535063130504640e-21
5.146013111789665709e+04 9.441300829608917557e-22 1.197208452754323446e-21
5.147806953026787232e+04 -1.120150733405547676e-21 1.148075186961685841e-21
5.149600786175914254e+04 -2.595846018342479506e-21 1.066677195787059569e-21
5.151394611233370233e+04 -2.548090668022802731e-21 1.222823141422066164e-21
5.153188428194748121e+04 -8.493713461647694596e-22 1.073500547558623215e-21
5.154982237056367012e+04 5.034789210169599446e-22 1.117649426949780519e-21
5.156776037813526636e+04 1.955504118291689138e-21 1.144526067404019784e-21
5.158569830462692335e+04 1.368704120478914462e-21 1.126436614604405786e-21
5.160363614999309357e+04 -6.181410935294301178e-22 1.187920762008580506e-21
5.162157391419402120e+04 -3.493794498081215831e-22 1.249132496415974956e-21
5.163951159718704730e+04 8.423957543787347603e-22 1.196206175149687008e-21
5.165744919893385668e+04 7.359246536656967062e-22 1.072896233705230882e-21
5.167538671939326741e+04 1.435935696681640405e-21 1.136871050073908590e-21
5.169332415851811675e+04 8.665675378949778172e-22 1.171571826039660847e-21
5.171126151627442596e+04 2.414801483368869583e-22 1.088991737575633592e-21
5.172919879261811730e+04 1.442078359723823277e-22 1.202887191110627527e-21
5.174713598750650272e+04 1.121478582624054769e-21 1.169456755852317743e-21
5.176507310090125247e+04 -1.029287243569983158e-21 1.150736039188802044e-21
5.178301013275813602e+04 7.495438405526710578e-22 1.222590209535390532e-21
5.180094708304025698e+04 -1.734834020684203044e-21 1.119018331428076227e-21
5.181888395170198055e+04 -7.646213064276094428e-23 1.230429137510189055e-21
5.183682073870053864e+04 2.069904789262867109e-21 1.205925661922454512e-21
5.185475744400186522e+04 2.345063778436229232e-21 1.193606268703937426e-21
5.187269406755742239e+04 1.714818654571773676e-22 1.241098539957023931e-21
5.189063060933020461e+04 -2.693451947856119908e-21 1.232841634892186259e-21
5.190856706927745836e+04 1.386216147298912549e-21 1.250608232453804133e-21
5.192650344735496037e+04 1.908581583502029327e-21 1.221448458925440189e-21
5.194443974352851365e+04 -5.026553600525997079e-22 1.223637431391101613e-21
5.196237595774816145e+04 2.013047216903877567e-21 1.245666564500230294e-21
5.198031208997959766e+04 7.314963071353925959e-23 1.138003935746779015e-21
5.199824814017863537e+04 1.567676377736143887e-21 1.093055641317689090e-21
5.201618410830246285e+04 3.587593259801805562e-21 2.067961811834912828e-21
