2.879620431933025975e+04 1.724166965677180145e-20 2.883488975199274398e-21
2.881415347905591625e+04 1.685288473628682434e-20 2.660544817215671599e-21
2.883210267473348722e+04 1.774524453893340690e-20 2.819582697467095392e-21
2.885005190628697892e+04 1.493943834597014917e-20 2.558074583455573139e-21
2.886800117357940326e+04 1.673074954927802970e-20 2.521469603805107554e-21
2.888595047652727590e+04 2.133523154952211649e-20 2.560949192648302467e-21
2.890389981499267378e+04 1.763932288683398929e-20 2.583242441877585872e-21
2.892184918890030895e+04 1.110520106196480869e-20 2.488531828374635134e-21
2.893979859811355709e+04 2.239110387680595243e-20 2.597720217478339123e-21
2.895774804254440824e+04 1.274359667552356110e-20 2.503439403842868713e-21
2.897569752206905105e+04 2.113253121740928787e-20 2.401835169386761186e-21
2.899364703659389852e+04 2.020754730922817147e-20 2.747644965973588190e-21
2.901159658599729664e+04 1.832723600342017891e-20 2.408487906412894285e-21
2.902954617018833233e+04 2.347385638616116682e-20 2.420965417287027811e-21
2.904749578903889415e+04 1.708790913357514178e-20 2.591032863699438318e-21
2.906544544246052828e+04 1.893705509255530905e-20 2.278957587672125816e-21
2.908339513032558170e+04 2.023023406974979952e-20 2.564848426298997907e-21
2.910134485254665560e+04 1.990945788063426281e-20 2.409828492380342069e-21
2.911929460900175400e+04 1.802306060409052824e-20 2.387032046790163457e-21
2.913724439959068332e+04 1.689328214734406545e-20 2.520239614539527452e-21
2.915519422420038609e+04 2.093546206894733022e-20 2.435584686902625700e-21
2.917314408273556910e+04 2.236984184137779318e-20 2.188112148490127567e-21
2.919109397507350150e+04 1.348890738559078759e-20 2.009124830537584359e-21
2.920904390111656903e+04 1.474440332147377305e-20 2.041537573003567950e-21
2.922699386075353686e+04 2.060984045769446278e-20 2.427966500003870709e-21
2.924494385388269802e+04 1.712288714270592088e-20 2.274878749134156297e-21
2.926289388038656762e+04 1.874420576885871514e-20 2.146835182465007058e-21
2.928084394017265004e+04 1.269959174446280065e-20 2.332857774273426211e-21
2.929879403311969872e+04 2.008969235417353182e-20 2.288578741784068217e-21
2.931674415913413031e+04 1.791023604121660366e-20 2.322767076063015625e-21
2.933469431809879461e+04 2.006973777509531031e-20 2.235518415823991964e-21
2.935264450991223202e+04 1.736910447823921900e-20 2.363155665457504984e-21
2.937059473446833726e+04 1.961251590544555824e-20 2.288476395959736427e-21
2.938854499165493326e+04 1.791830983983705082e-20 2.144564062844802352e-21
2.940649528137736706e+04 2.090122070152326886e-20 2.277928001346964299e-21
2.942444560351772452e+04 2.103704226675923690e-20 2.153772556848173163e-21
2.944239595797368747e+04 1.553446452571141659e-20 2.091910081206779032e-21
2.946034634464175178e+04 2.049242787656541953e-20 2.208607846421956486e-21
2.947829676341250160e+04 1.569597803629781488e-20 2.207759431604970130e-21
2.949624721423466326e+04 1.656454558195147646e-20 2.272532317253424092e-21
2.951419797561837186e+04 1.906804114117023833e-20 2.293822576497205997e-21
2.953214953145362961e+04 1.647550909822434442e-20 2.031648995376696422e-21
2.955010111897251772e+04 1.495818106869496549e-20 2.037095005600133178e-21
2.956805273807092817e+04 1.720270976393249681e-20 2.194740962336068224e-21
2.958600438864380340e+04 2.224558134206240977e-20 2.295838168434080174e-21
2.960395607058842143e+04 1.903961904410356991e-20 2.267841946682916394e-21
2.962190778379116819e+04 1.596065972095215527e-20 2.147211488407547511e-21
2.963985952815572455e+04 1.564846196297842931e-20 1.959439527071510643e-21
2.965781130357139045e+04 1.982121944613303923e-20 1.996106932577234415e-21
2.967576310993391962e+04 2.050227305551113709e-20 2.002636882226227505e-21
2.969371494713785796e+04 2.192962904314513334e-20 2.010051242135517823e-21
2.971166681507868270e+04 2.459566333266911178e-20 2.235212808109387199e-21
2.972961871365375555e+04 2.081917738313199852e-20 2.183283337934519844e-21
2.974757064275250741e+04 2.011125102220322996e-20 2.187684405320090543e-21
2.976592536065997774e+04 2.119838853834476181e-20 2.350856000028031166e-21
2.978387740789765303e+04 2.187423771495667273e-20 2.264404654139660476e-21
2.980182946621572410e+04 2.209491837939991315e-20 2.187349948985772607e-21
2.981978155440759656e+04 1.761098762011074577e-20 2.073737971890222377e-21
2.983773367259649967e+04 1.815612522324708420e-20 2.143873824043636251e-21
2.985568582067751413e+04 2.012493231844525301e-20 2.021795261435528077e-21
2.987363799854146419e+04 2.014587973078315374e-20 2.143296734789384174e-21
2.989159020608650826e+04 1.848164278983394509e-20 2.050507383578981277e-21
2.990954244320905491e+04 2.013966752167252036e-20 2.001628179913220057e-21
2.992749470980295519e+04 1.638414553312258828e-20 2.142442988084912018e-21
2.994544700576494870e+04 1.663952470114237471e-20 1.955393269258032581e-21
2.996339933099528935e+04 1.602001584017435871e-20 1.953560936018780219e-21
2.998135168537584468e+04 1.763346147781828519e-20 1.994232878530452527e-21
2.999930406882098760e+04 2.423582600949324083e-20 2.028285687319499970e-21
3.001725648142650971e+04 1.980113377405768812e-20 2.122887763081540950e-21
3.003561227042650717e+04 1.867794310733387915e-20 2.001806797367780063e-21
3.005356477834740508e+04 1.797743443327981244e-20 2.066577942751559841e-21
3.007151731490283782e+04 1.921970863665616192e-20 2.250724593290218840e-21
3.008946987998424811e+04 2.114915987423743713e-20 1.875201927216650852e-21
3.010742247348813544e+04 1.644661178873594319e-20 1.970764299698340554e-21
3.012537509532118202e+04 1.853370310784803945e-20 1.943916733539747183e-21
3.014332774536966463e+04 1.776006131352606516e-20 2.019614759134448803e-21
3.016128042353067940e+04 1.534858822176273039e-20 1.973695962363944352e-21
3.017923312970480038e+04 2.044568589812001711e-20 2.091055654450774433e-21
3.019718586378970940e+04 2.481353012066375441e-20 2.193522374315804995e-21
3.021513862567614706e+04 2.019422684998133432e-20 1.994797585445298804e-21
3.023309141526410895e+04 1.598682525655300173e-20 1.988518335943127194e-21
3.025104423245504222e+04 2.235845865576122997e-20 1.927682032131791864e-21
3.026899707713896714e+04 1.874791928331754747e-20 1.915045763053424994e-21
3.028694994921881880e+04 1.648547689576344163e-20 1.780430129686372676e-21
3.030490284858560335e+04 1.946201952589243500e-20 1.953949026147434094e-21
3.032285577514441320e+04 1.733212648612474552e-20 1.850480983775226313e-21
3.034080872878363152e+04 1.930257042143968845e-20 2.013240103159827662e-21
3.035876170940516022e+04 2.304623339756744560e-20 1.965787247691886287e-21
3.037671471691082479e+04 1.918887132804327847e-20 1.977337188377698632e-21
3.039466775118795704e+04 2.098047973159786214e-20 1.978894617626202797e-21
3.041262081214319915e+04 1.767291917056387397e-20 1.887586711957983723e-21
3.043057389967167182e+04 1.587008442865368543e-20 1.774970656405606969e-21
3.044852701367030750e+04 2.344756350488100819e-20 2.068797016219819298e-21
3.046648015403653335e+04 1.967932229138580516e-20 1.929770345390248213e-21
3.048443332066752919e+04 1.789867449273351957e-20 1.790332758654561665e-21
3.050238651346437837e+04 1.774347246466888837e-20 1.983285065032775714e-21
3.052033973232084099e+04 2.269447763094003168e-20 1.961284090781328666e-21
3.053829297713930282e+04 1.829375928638964752e-20 1.941209615705325451e-21
3.055624624781653256e+04 1.729033018593588182e-20 1.851194189291490055e-21
3.057419954424602838e+04 1.920602552366913526e-20 1.887145336789907265e-21
3.059215286633375217e+04 1.404149849402672937e-20 1.948330876075504391e-21
3.061010621397698560e+04 1.734901731840418613e-20 2.002242941392352509e-21
3.062805958706750607e+04 1.694677580180397470e-20 1.877577786065162127e-21
3.064601298550815045e+04 1.834587051350829474e-20 1.795172495932058754e-21
3.066396640919994388e+04 1.720918386112435619e-20 1.821221990249299144e-21
3.068191985803481657e+04 1.315255686563153776e-20 1.860364860577775140e-21
3.069987333192211372e+04 2.325000221756041499e-20 1.886429125930719535e-21
3.071782683074853412e+04 2.146931887255031131e-20 1.896317984147405738e-21
3.073578035441952306e+04 1.872833020310697891e-20 1.926035180429012041e-21
3.075373390283607296e+04 1.572188672969210038e-20 1.841569641489120350e-21
3.077168747589005579e+04 1.610434833696282884e-20 2.013906827439002340e-21
3.078964107348741527e+04 1.867394788560945250e-20 1.899654369942651661e-21
3.080759469552256269e+04 1.504023642549583204e-20 1.788964848913368766e-21
3.082554834189725443e+04 1.913361376658659589e-20 1.940077365891059931e-21
3.084350201251308317e+04 1.717749175748842550e-20 1.852343027654750873e-21
3.086145570726125879e+04 1.740121742601438983e-20 1.869498812382459796e-21
3.087940942605004966e+04 1.835651532414857073e-20 1.985545312449989415e-21
3.089736316877368154e+04 1.563622745771789201e-20 1.819390189149020490e-21
3.091531693533421276e+04 2.005266147287785021e-20 1.851716327086398720e-21
3.093327072562930334e+04 2.348277441295410395e-20 1.935701810402382417e-21
3.095122453956123718e+04 1.711105976223410310e-20 1.786329171899237180e-21
3.096917837702600809e+04 2.141948662663619040e-20 1.795907277268186314e-21
3.098713223792610734e+04 1.702086184413984101e-20 1.854542130431052910e-21
3.100508612216256734e+04 1.411716200726555677e-20 1.784931376776030835e-21
3.102304002962851519e+04 1.829998647857403134e-20 1.767726326234690120e-21
3.104099396023558074e+04 1.761584669618981529e-20 1.731813922283641238e-21
3.105894791387469013e+04 1.636884842236906322e-20 1.788647147519100711e-21
3.107690189044946965e+04 1.493969028754937106e-20 1.731620095565480775e-21
3.109485588985841605e+04 1.516288677308046427e-20 1.742350347016319842e-21
3.111280991200168501e+04 1.526002948754144817e-20 1.871810985542159264e-21
3.113116951599496679e+04 1.865015419025836117e-20 1.917049589473937726e-21
3.114912363927488332e+04 1.799491739050799612e-20 1.724335221390722300e-21
3.116707776668533916e+04 1.742351728066183313e-20 1.725168799874888375e-21
3.118503191621039878e+04 1.724367989186653110e-20 1.709451391366062802e-21
3.120298608796631743e+04 2.141952170803351868e-20 1.799363673449024365e-21
3.122094028185219213e+04 2.253682739848968231e-20 1.887332488851811139e-21
3.123889449777334448e+04 2.152053781653167805e-20 1.887368118087716251e-21
3.125684873562366920e+04 2.140763119743407937e-20 1.722625579759223578e-21
3.127480299530915363e+04 2.095604383642029790e-20 1.875183269560901693e-21
3.129275727672996436e+04 1.788964205799946606e-20 1.773880608824747897e-21
3.131071157978434712e+04 1.425548005349903530e-20 1.675202339899223867e-21
3.132866590437959894e+04 1.629383710298284880e-20 1.751329129851745988e-21
3.134662025040698063e+04 1.717150087030638593e-20 1.849907769191439975e-21
3.136457461777943536e+04 1.581767702234709722e-20 1.820388984576003300e-21
3.138252900660232990e+04 1.821356040969557772e-20 1.922098378383832469e-21
3.140048343474572539e+04 2.176606839907690285e-20 1.886938445376860320e-21
3.141884402320506342e+04 1.980074966721835654e-20 1.677635569576979503e-21
3.143679851227581821e+04 1.903654249320037503e-20 1.636455397869482641e-21
3.145475302218385696e+04 1.860440011041055379e-20 1.732017303887898198e-21
3.147270755283323524e+04 1.865834410571368199e-20 1.728089253174075916e-21
3.149066210412476357e+04 2.456724074693688255e-20 1.784990709590231328e-21
3.150861667596150437e+04 2.086772680098457150e-20 1.641639983485325231e-21
3.152657126824118313e+04 2.181075477370822631e-20 1.692130704623483724e-21
3.154452588087229014e+04 1.719801950993169498e-20 1.647444932293933008e-21
3.156248051375201976e+04 1.974134053018255643e-20 1.729693844031955065e-21
3.158043516678339074e+04 2.007307535041897800e-20 1.797196727010033190e-21
3.159838983987082247e+04 2.206902350454397791e-20 1.631379875142015265e-21
3.161634453291228783e+04 1.819842135270323901e-20 1.661056918886814680e-21
3.163429924581584783e+04 1.854910348198835088e-20 1.661394611392444942e-21
3.165225397847823842e+04 2.007853634858861223e-20 1.725215462882548602e-21
3.167020873080322781e+04 1.878347562708694819e-20 1.676977638946433815e-21
3.168816350269737814e+04 1.782298986661886876e-20 1.701295301232755268e-21
3.170611829405662138e+04 1.797861874514312857e-20 1.681548148066190983e-21
3.172407310478990257e+04 1.534606269407856385e-20 1.556980675890287846e-21
3.174202793479510365e+04 1.901814957710631465e-20 1.547232093761486321e-21
3.175998278397602189e+04 1.749974350769935563e-20 1.576046085499665850e-21
3.177793765224047820e+04 1.775443940832977919e-20 1.642169716026033347e-21
3.179589253948269106e+04 1.837179524462845089e-20 1.696212154591189344e-21
3.181384744561302432e+04 1.758851152697591065e-20 1.704088575546265355e-21
3.183180237052984739e+04 1.548605767617862391e-20 1.672728506193519942e-21
3.184975731419480144e+04 1.985731147191872455e-20 1.665108048072069279e-21
3.186771309807637226e+04 1.554275204641315669e-20 1.587113642182623501e-21
3.188566976298691588e+04 1.710677923997358590e-20 1.546377176272731533e-21
3.190362644630209616e+04 2.041991489315952955e-20 1.648915293768816510e-21
3.192158314792773308e+04 1.712716241717779828e-20 1.601899380147573742e-21
3.193953986776588863e+04 1.569909984181207931e-20 1.597759676261855528e-21
3.195749660572068387e+04 1.640295061883219793e-20 1.640838049734911293e-21
3.197545336169662914e+04 1.427991399284457355e-20 1.600293921858334318e-21
3.199341013559446583e+04 1.271092800504031729e-20 1.545266153915245419e-21
3.201136692731831499e+04 1.604141055173951722e-20 1.546532480669472439e-21
3.202932373677456781e+04 1.444690860017238512e-20 1.474902779769398324e-21
3.204728056386576645e+04 1.592978221225874880e-20 1.506456718307117215e-21
3.206523740849456954e+04 1.690897140741485809e-20 1.520369302674705367e-21
3.208319427056629138e+04 1.691113148228078094e-20 1.529537650843809432e-21
3.210115114998434365e+04 1.972307798854532779e-20 1.578144691592748866e-21
3.211910804665221440e+04 1.871310879513836291e-20 1.583636533296509489e-21
3.213706496047310429e+04 1.698343087170373020e-20 1.512089482779175301e-21
3.215502189135436856e+04 1.358462502665089008e-20 1.511666031077178816e-21
3.217297883919946253e+04 1.437797951647605771e-20 1.618626079183932398e-21
3.219093580391040086e+04 1.953732112914841109e-20 1.532662251754816954e-21
3.220889278539196312e+04 1.540764294792273051e-20 1.645862852686451185e-21
3.222684978355198473e+04 2.035514290194747308e-20 1.538371139729260159e-21
3.224480679829101427e+04 1.644425244138613650e-20 1.606308982725270605e-21
3.226276382951422420e+04 1.770865427779176150e-20 1.524794588355672403e-21
3.228072087712982830e+04 1.542597918378261367e-20 1.524835546134361341e-21
3.229867794103794586e+04 1.252660214855088960e-20 1.396970311290495036e-21
3.231663502114675430e+04 1.783794511080927222e-20 1.559568639587503248e-21
3.233459211735830468e+04 1.230324929253294003e-20 1.584545412280786453e-21
3.235254922957840972e+04 2.042630648707092256e-20 1.662189116442463566e-21
3.237050635771434463e+04 1.449996708898256516e-20 1.592196978934219685e-21
3.238846350166809134e+04 1.755284262763291801e-20 1.564173674940522904e-21
3.240642066134484048e+04 1.774482444682134582e-20 1.636189615944552875e-21
3.242437783665231473e+04 1.973437156537179802e-20 1.577971493572441745e-21
3.244233502749371110e+04 1.794426032340747175e-20 1.594577732243817117e-21
3.246029223377599919e+04 2.104435831458381308e-20 1.542905813380404493e-21
3.247824945540120825e+04 1.784265745176559492e-20 1.514240081355954232e-21
3.249620669227785038e+04 1.732205847555212328e-20 1.539057938841793461e-21
3.251416394431306253e+04 1.427657209851464191e-20 1.565137811064693600e-21
3.253212121140781892e+04 1.567744540961439219e-20 1.629016822573811417e-21
3.255007849346716830e+04 1.406228140634890865e-20 1.589475607431390554e-21
3.256803579040531258e+04 1.203570790659573478e-20 1.590184668783399392e-21
3.258640165647481990e+04 1.837449158441795675e-20 1.601165226306942737e-21
3.260435901990668208e+04 1.888988027367912691e-20 1.557377412972315557e-21
3.262231639772657945e+04 1.628701467101882974e-20 1.584716019563577385e-21
3.264027379003715032e+04 1.527669739354354911e-20 1.590266481018196466e-21
3.265823119673990732e+04 1.815323927305113849e-20 1.495218013150510457e-21
3.267618861774548350e+04 1.657547555560475999e-20 1.566568239562098015e-21
3.269414605296010996e+04 1.775172791798026417e-20 1.580762633711904757e-21
3.271210350228605239e+04 2.005580508682680900e-20 1.618972623768717488e-21
3.273006096563054962e+04 1.813526771669489590e-20 1.668597606328638905e-21
3.274801844290381632e+04 1.740144437313986462e-20 1.624090484146631369e-21
3.276597593401119593e+04 1.425841027801157276e-20 1.598467724751883187e-21
3.278393343885403010e+04 1.472383203849980193e-20 1.701777685453889859e-21
3.280189095734307921e+04 1.930906904221701200e-20 1.724997846168749861e-21
3.281984848938513460e+04 1.405918726192057425e-20 1.592244993722182612e-21
3.283780603509381763e+04 1.287183661490427993e-20 1.624611554615275277e-21
3.285576361168648873e+04 1.622855683855293173e-20 1.687617634193335005e-21
3.287413030903125036e+04 1.877212296066044164e-20 1.682196112448506864e-21
3.289208793107260135e+04 1.660817839356312772e-20 1.593871182581453011e-21
3.291004556619038340e+04 1.671026548651672611e-20 1.475431485519541294e-21
3.292800321429520409e+04 1.921614230705232242e-20 1.524558510531621271e-21
3.294596087529476063e+04 1.657628596001442028e-20 1.493093894807253629e-21
3.296391854909345420e+04 1.749929242503884491e-20 1.544179350042919174e-21
3.298187623559696658e+04 1.521883916445255998e-20 1.509932852910632714e-21
3.299983393471894669e+04 1.866345985311208114e-20 1.504028546394650393e-21
3.301779164636111818e+04 1.543589002759109727e-20 1.544842079045341978e-21
3.303574937043231330e+04 1.628439272343476461e-20 1.501741013892392209e-21
3.305370710684260121e+04 1.324347782113488367e-20 1.495692527880292232e-21
3.307166485549459321e+04 1.805180050359253474e-20 1.704199236220016543e-21
3.308962261629896966e+04 1.883815981958621428e-20 1.610908414961139090e-21
3.310758038916302758e+04 1.449522037164005070e-20 1.537040535175020510e-21
3.312553817399369291e+04 1.676227072642415392e-20 1.685407882629390905e-21
3.314349597070155141e+04 2.090184763646762647e-20 1.803067327802072687e-21
3.316145377919005114e+04 1.433501998358245778e-20 1.537015308863802208e-21
3.317941159936944314e+04 1.418024872090249476e-20 1.509537851925209813e-21
3.319736943114794849e+04 1.647496441389192599e-20 1.523932449272740439e-21
3.321532727443229669e+04 1.486131795322404991e-20 1.520198197576422399e-21
3.323328512913214945e+04 1.643881383850389796e-20 1.527435625216438722e-21
3.325124299515449820e+04 1.482029988616472028e-20 1.548321848624117230e-21
3.326920087240797875e+04 1.492793351290797034e-20 1.527027223564915283e-21
3.328715876080288581e+04 1.602315832656361161e-20 1.588556603068021229e-21
3.330511666024311853e+04 1.868840853231547497e-20 1.564764016869223128e-21
3.332307457064026676e+04 1.840458330332689572e-20 1.427898391295223689e-21
3.334103249190317001e+04 1.474300426398706562e-20 1.488029666640664716e-21
3.335899042393633863e+04 1.305408576552505643e-20 1.383193399468370959e-21
3.337694836665342154e+04 1.055633725486389363e-20 1.415877884494995326e-21
3.339490631996104639e+04 1.699885717899566747e-20 1.503654762354981479e-21
3.341286428376723779e+04 1.675737907021096345e-20 1.459641238940294191e-21
3.343082225798128638e+04 1.888992316239113477e-20 1.393190107389251511e-21
3.344878024251179158e+04 1.816799115216363417e-20 1.488866793732283919e-21
3.346673823726880073e+04 1.266448585185728204e-20 1.407797276964077612e-21
3.348469624215940712e+04 1.481869652313827613e-20 1.428692749605089670e-21
3.350265425709561532e+04 1.532223806647037413e-20 1.489769447330137531e-21
3.352061228198334720e+04 1.473390613411678800e-20 1.356558543163145926e-21
3.353857031673273013e+04 1.851251513027026867e-20 1.507142164352215733e-21
3.355652836125409522e+04 1.779928369702673295e-20 1.611082147253722113e-21
3.357448641545495047e+04 1.508541183520170804e-20 1.582660975493788053e-21
3.359244447924628912e+04 1.832259186096587351e-20 1.593669024027824051e-21
3.361040255253686337e+04 1.804118135799465643e-20 1.556254062309916016e-21
3.362836063523586927e+04 1.545603151896993527e-20 1.532387075165538709e-21
3.364631872725396533e+04 1.791054854620958096e-20 1.532768591056262025e-21
3.366427682849890698e+04 1.766102179599902247e-20 1.552676104957448161e-21
3.368223493888265511e+04 1.828225864650583213e-20 1.581429172996771814e-21
3.370019305831308156e+04 1.607518054895800147e-20 1.411384901742944473e-21
3.371815118670085940e+04 1.416034516126514798e-20 1.413221385730122320e-21
3.373610932395588316e+04 1.293383549179288781e-20 1.333275237721988283e-21
3.375406746998607559e+04 1.388272462991815116e-20 1.396435220761611013e-21
3.377202562470500561e+04 1.727334236961532803e-20 1.438172630498436970e-21
3.378998378802060324e+04 1.633121130830325690e-20 1.480681330013118796e-21
3.380794195984152611e+04 1.474351444387772881e-20 1.543997881604787112e-21
3.382590014008239814e+04 1.355074041783189253e-20 1.452568552801658106e-21
3.384385832864858821e+04 1.839715810851729058e-20 1.466045894294348508e-21
3.386181652545332327e+04 2.214166405613910383e-20 1.537169643403997181e-21
3.387977473040625773e+04 1.917858263519552044e-20 1.547103491868545969e-21
3.389773294341670407e+04 1.868326331430939059e-20 1.510794254768217817e-21
3.391569116439711797e+04 1.221065966250430304e-20 1.471438542312193802e-21
3.393364939325719752e+04 1.414146921885913210e-20 1.459818977542848594e-21
3.395160762990629883e+04 1.144670239257305411e-20 1.373481469231131484e-21
3.396956587425652106e+04 1.667352834775147129e-20 1.470015381082618820e-21
3.398752412621855910e+04 1.497433100231568468e-20 1.411306464937248710e-21
3.400548238570314425e+04 1.473255558507361957e-20 1.434388031286627067e-21
3.402344065262125514e+04 1.592495249726858785e-20 1.443554968953641050e-21
3.404139892688246618e+04 1.675877839488395430e-20 1.557214120777324336e-21
3.405935720839960413e+04 2.014238626877181390e-20 1.477034518681886031e-21
3.407731549708168313e+04 1.606003791336231774e-20 1.441277815611264579e-21
3.409527379284177005e+04 1.949691254604505066e-20 1.463091275937086838e-21
3.411323209558999952e+04 1.534613077013137266e-20 1.468686647030119944e-21
3.413160202927907085e+04 1.259727003186530449e-20 1.505126302276297585e-21
3.414956038214478031e+04 2.033572144653969423e-20 1.561679218199204188e-21
3.416751874153041717e+04 2.079507497168111598e-20 1.570646960957198332e-21
3.418547710754248692e+04 1.187330087156120849e-20 1.458416238417026189e-21
3.420343547687389218e+04 1.398094308420651632e-20 1.462564467908512891e-21
3.422139357680782996e+04 1.075977647650892476e-20 1.390314791469235383e-21
3.423935156507825741e+04 1.559786960738957997e-20 1.375262009958692240e-21
3.425730955828128208e+04 1.685440311188495806e-20 1.520170568461802139e-21
3.427526755766716815e+04 1.521925875346628268e-20 1.435843440897801691e-21
3.429322556314987742e+04 1.718336425438050200e-20 1.422644770867466975e-21
3.431118357464017026e+04 1.737275089622059913e-20 1.599055752423756888e-21
3.432914159204997850e+04 1.601198753921112896e-20 1.506207157065326362e-21
3.434709961529310385e+04 1.599802186645104680e-20 1.478000748910853892e-21
3.436505764427787653e+04 1.444556066499412702e-20 1.458626735582463017e-21
3.438301567892016465e+04 1.688526739408526346e-20 1.520699917271441456e-21
3.440097371933249815e+04 1.658324306842813169e-20 1.522286998617439420e-21
3.441893178214674845e+04 1.968765089197806304e-20 1.554083820934818403e-21
3.443730204566861357e+04 2.101963930762790733e-20 1.481981483848301329e-21
3.445526013814792532e+04 1.754634127159871488e-20 1.367059864255734783e-21
3.447321823583827791e+04 1.651839780412585380e-20 1.310367355681872968e-21
3.449117633865063544e+04 1.480506224089790980e-20 1.348307694122216136e-21
3.450913444649935263e+04 1.673659818039054047e-20 1.462653222513791375e-21
3.452709255929501523e+04 1.382753874481142970e-20 1.374891859067598525e-21
3.454505067695247999e+04 1.424464320461236858e-20 1.438451864568415932e-21
3.456300879938265280e+04 1.699053115417465941e-20 1.509567729125807968e-21
3.458096692649909528e+04 1.686336255077539731e-20 1.390385937963280715e-21
3.459892505821601662e+04 1.752780476421338976e-20 1.408344468581937158e-21
3.461688319444272202e+04 1.676721795271432911e-20 1.375080121209137855e-21
3.463484133509497042e+04 1.338038712967925097e-20 1.331759462541978631e-21
3.465279948008537758e+04 1.992691758084024260e-20 1.507250389903932729e-21
3.467075762932619546e+04 1.730086277126648555e-20 1.491827650263377915e-21
3.468871578273145133e+04 1.920234028364497568e-20 1.507828212819884938e-21
3.470667394021383370e+04 1.883809890184243461e-20 1.412022458308470369e-21
3.472463210168782098e+04 1.585177132987812604e-20 1.406658648055054167e-21
3.474259026706375153e+04 1.638191724903981211e-20 1.426290808486635850e-21
3.476054843625831563e+04 1.563932034153367438e-20 1.370269171150706149e-21
3.477850660918268841e+04 1.597084770232197836e-20 1.328961679843377157e-21
3.479646478575160290e+04 1.491089222147355993e-20 1.288515212359243124e-21
3.481442296587838791e+04 1.658775757492922031e-20 1.452187310580506642e-21
3.483238114947667782e+04 1.520586034893527717e-20 1.450300250680040081e-21
3.485033933645975776e+04 1.497985460797602773e-20 1.419251969621974334e-21
3.486829752674124757e+04 1.352875989538869261e-20 1.424686025939679426e-21
3.488625572023580025e+04 1.237810214395852320e-20 1.368965707380941136e-21
3.490421391685591516e+04 1.423399057088140163e-20 1.301001586968277744e-21
3.492217211651712569e+04 1.844104697127059946e-20 1.368965582458849495e-21
3.494013031913231680e+04 1.598520925308296379e-20 1.360878742349017351e-21
3.495808852461569768e+04 2.004202091155563998e-20 1.423202109291716222e-21
3.497604673288181220e+04 1.664914069365339330e-20 1.330362307894619506e-21
3.499400494384406920e+04 1.619763040381271747e-20 1.369852812605749425e-21
3.501196315741791477e+04 1.454828284239178236e-20 1.285631176474326124e-21
3.502992137351542624e+04 1.587649976279376160e-20 1.432017323021388534e-21
3.504787959205391962e+04 1.365940269430291228e-20 1.431343618185708370e-21
3.506583781294507935e+04 1.424273688337577463e-20 1.340973467338051656e-21
3.508379603610509366e+04 1.428366355172577129e-20 1.389054315446914899e-21
3.510175426144743687e+04 1.241453030857409387e-20 1.317820470085303760e-21
3.511971248888727132e+04 1.370152258120428877e-20 1.342054745422798538e-21
3.513767071833938098e+04 1.665048055707145223e-20 1.361437212526016142e-21
3.515562894971766218e+04 1.584565924407571520e-20 1.501116941754767387e-21
3.517358718293804850e+04 1.491052361311515512e-20 1.368148229481536565e-21
3.519154541791376687e+04 1.510858682282049468e-20 1.383627109445984938e-21
3.520950365456117288e+04 1.445894094949144954e-20 1.367826349838690304e-21
3.522746189279382816e+04 1.555920421382420376e-20 1.406315354551210198e-21
3.524542013252843026e+04 1.415977039805367886e-20 1.395075763025158742e-21
3.526337837367859174e+04 1.308992555978820898e-20 1.381788042296323576e-21
3.528133661615994060e+04 1.398758123020638116e-20 1.250992801153869877e-21
3.529929485988803208e+04 1.536821067955387405e-20 1.273952529802886967e-21
3.531725310477681342e+04 1.463510962636647609e-20 1.329580683181460918e-21
3.533521135074344784e+04 1.476502242539371098e-20 1.324012847450142893e-21
3.535316959770107496e+04 1.973563882465447760e-20 1.400964727375810008e-21
3.537112784556730912e+04 1.185957271540374767e-20 1.263545955980363416e-21
3.538908609425567556e+04 1.536411595555175282e-20 1.276222916222365130e-21
3.540704434368321381e+04 1.441789484447508456e-20 1.302397979432062671e-21
3.542500259376455506e+04 1.303412250679593635e-20 1.341515944597305778e-21
3.544296084441577113e+04 1.369556024309628641e-20 1.358835438999346380e-21
3.546091909555238090e+04 1.209229217636097104e-20 1.350798550390411411e-21
3.547887734709009965e+04 1.306130865570031537e-20 1.410585713821541302e-21
3.549683559894526115e+04 1.404887435889390181e-20 1.425831561540917911e-21
3.551479385103251843e+04 1.433296288189786879e-20 1.382478111501444480e-21
3.553275210326955130e+04 1.475576837264573501e-20 1.359646090913260296e-21
3.555071035557021969e+04 8.956656272774677999e-21 1.413865990744201029e-21
3.556866860785271274e+04 1.206676782478091157e-20 1.227434919515150483e-21
3.558662686003134877e+04 1.195932596127787184e-20 1.301550031011479315e-21
3.560458511202368391e+04 1.609313340244947530e-20 1.360875137775790867e-21
3.562254336374496779e+04 1.536732769015949937e-20 1.360781155005299916e-21
3.564050161511194892e+04 1.448847999477265153e-20 1.381065818692796955e-21
3.565845986604095378e+04 1.307077916362073157e-20 1.411410656671317604e-21
3.567641811644803965e+04 1.409973462090106106e-20 1.350135695913913784e-21
3.569437636625031882e+04 1.518784304489049895e-20 1.331931474492325219e-21
3.571233461536314280e+04 1.283027251985864881e-20 1.476622813663518135e-21
3.573029286370482441e+04 8.933737661864876315e-21 1.426431408208112632e-21
3.574825111118977657e+04 1.405925279496710067e-20 1.401487580898835871e-21
3.576620935773692327e+04 1.152900198801121048e-20 1.399229330479959300e-21
3.578416760326157237e+04 1.025401128206624461e-20 1.403713474411869623e-21
3.580254072736916714e+04 1.578020892549301712e-20 1.511052782912297477e-21
3.582049900635525410e+04 1.203188785307018623e-20 1.377368954398328215e-21
3.583845728387365671e+04 1.377011632906180036e-20 1.338737861401399316e-21
3.585641556003029837e+04 1.054836504266611150e-20 1.373266995855033084e-21
3.587437383474310627e+04 1.282604341156513856e-20 1.307566170809020846e-21
3.589233210792906902e+04 1.211745296614695873e-20 1.268102000145075271e-21
3.591029037950480415e+04 1.606502313605046841e-20 1.387661623021664064e-21
3.592824864938817336e+04 1.575704881572771139e-20 1.343591389631500570e-21
3.594620691749560501e+04 1.500372765000729014e-20 1.375016143439322652e-21
3.596416518374580482e+04 1.514802434286498401e-20 1.420844429050778008e-21
3.598212344805425528e+04 1.358535698379951565e-20 1.408298237708999546e-21
3.600008171034051338e+04 1.500278508412114496e-20 1.329271439285007496e-21
3.601803997052001068e+04 1.638397031103571486e-20 1.404878016931898651e-21
3.603599822851188219e+04 1.214389443353882906e-20 1.460828217950221921e-21
3.605395648423280363e+04 1.720919176854812798e-20 1.429566043309738726e-21
3.607191473760110239e+04 1.522142690753077948e-20 1.544217577469139229e-21
3.608987298872901738e+04 1.858635161815009892e-20 1.491539952094159450e-21
3.610783125358140387e+04 1.641840790463955510e-20 1.444280938968658997e-21
3.612620500185572018e+04 1.838230969369696832e-20 1.494607739175119210e-21
3.614416328043767862e+04 1.882081815207966117e-20 1.429956413903620246e-21
3.616212155624887964e+04 1.401240722691982962e-20 1.316388195895714083e-21
3.618007982920744689e+04 1.289042246082759851e-20 1.307070248848902941e-21
3.619803809923266090e+04 1.591718992620413248e-20 1.338700618492989523e-21
3.621599636624113919e+04 1.659638857774096999e-20 1.327919557647838745e-21
3.623395463015180576e+04 1.896435672835220671e-20 1.401959651453007967e-21
3.625191289088251506e+04 1.881003542356981176e-20 1.363978498736671489e-21
3.626987114835329703e+04 1.563917439549517747e-20 1.367682195966915958e-21
3.628782940247949591e+04 1.795647877672003048e-20 1.365293638475100430e-21
3.630578765318177466e+04 1.726317134181206197e-20 1.400005454354387862e-21
3.632374590037750022e+04 1.737302483870741004e-20 1.402695369059760429e-21
3.634170414398564753e+04 1.455376475352473978e-20 1.331689348718130476e-21
3.635966238392458763e+04 1.000322473439817383e-20 1.240767608305059103e-21
3.637762062011429953e+04 1.505911120787278076e-20 1.373583370372904958e-21
3.639557885247099330e+04 1.666781834542740338e-20 1.416145365150300287e-21
3.641353708091498993e+04 1.363713552033130018e-20 1.420820480572351850e-21
3.643149530536507518e+04 1.682806147433928477e-20 1.356642694497976523e-21
3.644945352573996206e+04 1.457844134372670505e-20 1.471402917713182263e-21
3.646741174195746862e+04 1.811334144894650581e-20 1.357767292182106352e-21
3.648536995393889083e+04 1.324574585311266622e-20 1.364957905859879120e-21
3.650332816160118091e+04 1.409289178759543169e-20 1.268513122130292753e-21
3.652128636486374307e+04 1.480138528321936054e-20 1.253035800116757292e-21
3.653924456364687649e+04 1.481589074410816045e-20 1.356221376983786227e-21
3.655720275794337795e+04 1.258480959107596827e-20 1.376531173758923188e-21
3.657516120727154339e+04 1.592601593482481333e-20 1.347273339017889682e-21
3.659311967146253301e+04 1.691889648480445794e-20 1.347508452174837942e-21
3.661107813085028465e+04 1.506000290144709499e-20 1.396923503770155186e-21
3.662903658535311843e+04 1.444760089347218476e-20 1.340255822852253372e-21
3.664699503489389463e+04 1.348887997983203325e-20 1.286188763105937499e-21
3.666495347938732448e+04 1.234933873579434355e-20 1.402511130681988647e-21
3.668291191875621007e+04 1.439412318064005584e-20 1.306362745891009198e-21
3.670087035291979555e+04 1.188596529654008767e-20 1.251719987637851107e-21
3.671882878179838008e+04 1.594379465936529158e-20 1.312013655424331404e-21
3.673678720530844294e+04 1.361650741227744846e-20 1.302132980725700413e-21
3.675474562337382667e+04 1.513414965238902429e-20 1.340252812841054061e-21
3.677270403591243667e+04 1.945716151598902571e-20 1.386751159254200408e-21
3.679066244284292770e+04 1.730809048537846440e-20 1.382932015520611992e-21
3.680862084408791270e+04 1.370953532128129766e-20 1.319383987187710462e-21
3.682657923956773448e+04 1.581940650063075803e-20 1.357514545856820662e-21
3.684453762919783185e+04 1.580921331844323481e-20 1.291925306367144013e-21
3.686249601290320425e+04 1.610319032510906025e-20 1.298993197931058562e-21
3.688045439060312492e+04 1.461403273074831511e-20 1.462626389250697982e-21
3.689841276221587032e+04 1.636975100974753891e-20 1.383547290716428050e-21
3.691637112766195787e+04 1.667475482108388807e-20 1.458213576725970188e-21
3.693432948686579039e+04 1.109395939495001772e-20 1.349027290215544487e-21
3.695228783974088583e+04 1.042124868640680299e-20 1.431799824267552453e-21
3.697024618621380068e+04 1.443065290083415636e-20 1.376730787505540690e-21
3.698820452620277501e+04 1.651213558068700072e-20 1.360683496579341662e-21
3.700616285962756228e+04 1.526389574221198219e-20 1.328068116162188756e-21
3.702412118640969129e+04 1.511035140104214352e-20 1.353669903543164735e-21
3.704207950647123653e+04 1.344463645295112780e-20 1.400783059791202443e-21
3.706003781972921570e+04 1.833379312159223578e-20 1.364769044955304950e-21
3.707799612610809709e+04 1.324922080622158149e-20 1.334594129837162084e-21
3.709595442552713939e+04 1.511923942146400926e-20 1.344598503984187296e-21
3.711391271790838800e+04 1.451235724683031555e-20 1.290378026674470774e-21
3.713187100316835131e+04 1.467880171925533026e-20 1.340703815893715656e-21
3.714982928123544116e+04 1.613476868830115781e-20 1.354874359838974321e-21
3.716778755202499451e+04 1.367432807833194849e-20 1.318919739697134660e-21
3.718574581545916590e+04 1.173712081776241672e-20 1.458043179041706284e-21
3.720370407146202342e+04 1.413022537735057394e-20 1.387366279803895257e-21
3.722166231995185080e+04 1.372503196359620500e-20 1.422618164381461076e-21
3.723962056084893266e+04 1.727465111570323505e-20 1.416168559202823079e-21
3.725757879407965083e+04 1.163657832693528620e-20 1.308980544894637615e-21
3.727553701956034638e+04 1.211054625432478498e-20 1.388973778642294683e-21
3.729349523721340665e+04 1.601840575968979578e-20 1.422505651915525586e-21
3.731145344696260872e+04 1.528448209681856978e-20 1.314796563512557571e-21
3.732941164872911759e+04 1.732786283000294876e-20 1.340176409123057188e-21
3.734736984243116603e+04 1.488780514080145102e-20 1.272532728436493404e-21
3.736532802799428464e+04 1.511091724455119771e-20 1.292950947001444834e-21
3.738328620533820504e+04 1.417511330155435416e-20 1.420917668196882709e-21
3.740124437438574387e+04 1.405770016927322389e-20 1.409943322564625835e-21
3.741920253505768051e+04 1.457182927007639491e-20 1.380352620449142224e-21
3.743716068727747916e+04 1.408415982033176137e-20 1.434215640329035786e-21
3.745511883096442762e+04 1.427319489664593377e-20 1.443978285403098227e-21
3.747307696604320518e+04 1.334498482886228377e-20 1.410293588433150008e-21
3.749103509243411827e+04 1.314781414712047498e-20 1.358327850184872468e-21
3.750899321006055834e+04 1.131845245828384844e-20 1.420335162418174646e-21
3.752695131884227885e+04 1.664528797196616466e-20 1.398112832503211607e-21
3.754490941870548704e+04 1.508080021399698893e-20 1.420810322901944053e-21
3.756286750956997275e+04 1.868432023951614446e-20 1.429163012296839089e-21
3.758082559135634074e+04 1.429402721378652513e-20 1.305556782408757505e-21
3.759878366399175138e+04 1.648385594975389893e-20 1.380727757335091424e-21
3.761716009831261181e+04 1.531340687827939997e-20 1.395425689053382808e-21
3.763511818749948725e+04 1.286664143224581341e-20 1.322399129050365384e-21
3.765307626710927434e+04 1.378617774794726488e-20 1.372622396508109501e-21
3.767103433724904608e+04 1.402687659676023443e-20 1.324670742371995150e-21
3.768899239784086240e+04 1.433225313050686916e-20 1.482096947033317509e-21
3.770695044880635396e+04 1.205983472973700369e-20 1.333965747920026211e-21
3.772490849007309589e+04 1.497674125380812045e-20 1.413465106101875738e-21
3.774286652155801130e+04 1.440338423361942440e-20 1.342089807389839775e-21
3.776082454318703094e+04 1.511702566160979374e-20 1.445497133761165146e-21
3.777878255488499417e+04 1.363006660836262057e-20 1.424847083519344932e-21
3.779674055656944984e+04 1.044194295980776513e-20 1.322379751415542255e-21
3.781469854816610314e+04 1.059719472776075082e-20 1.407215467163262118e-21
3.783265652960257285e+04 1.431696847717677522e-20 1.367371423093732100e-21
3.785061450079186761e+04 1.699156374761591439e-20 1.390797014299397409e-21
3.786857246166768164e+04 1.183158883854955832e-20 1.256536379557229120e-21
3.788653041214807308e+04 1.162106018561569597e-20 1.472559481179758736e-21
3.790448835215426516e+04 1.587671600548950340e-20 1.461059044848071993e-21
3.792244628161234141e+04 1.338731585001404315e-20 1.323873061994686261e-21
3.794040420063397323e+04 1.334663368435861853e-20 1.376705945907038243e-21
3.795878114193795045e+04 1.596166526125800381e-20 1.327314961728488060e-21
3.797673907408621744e+04 1.231752117859015158e-20 1.290571992900252833e-21
3.799469699537484121e+04 1.586603044790895550e-20 1.294266085044593690e-21
3.801265490572226554e+04 1.223624135805371593e-20 1.311608088451518802e-21
3.803061280505866307e+04 1.656342197314365711e-20 1.271848050518919839e-21
3.804857069330550439e+04 1.452189136331552584e-20 1.161041274693009700e-21
3.806652857038440561e+04 1.702728794129938214e-20 1.234408189916132422e-21
3.808448643622374948e+04 1.714800930053323118e-20 1.432854209267363676e-21
3.810244429074496293e+04 1.665418655116625995e-20 1.326055686236333439e-21
3.812040213386821415e+04 1.623143483582686743e-20 1.362779003843139889e-21
3.813835996552540018e+04 1.517165651850472347e-20 1.355268860169620457e-21
3.815631778563372791e+04 1.554946230948182536e-20 1.386272291591410452e-21
3.817427559411875700e+04 1.383758711692036115e-20 1.307328412968734666e-21
3.819223339090709487e+04 1.528828470444449424e-20 1.425523435548896958e-21
3.821019117592238763e+04 1.522559542657059407e-20 1.429389936061348264e-21
3.822814894908552378e+04 1.624613692557888781e-20 1.368204640659178609e-21
3.824610671032378741e+04 1.716112158798307530e-20 1.442131779023275744e-21
3.826406445956294920e+04 1.566701951705240432e-20 1.364475777943736472e-21
3.828202219672001229e+04 1.456562249198121027e-20 1.370403901565566241e-21
3.829997992172850354e+04 1.454295096123699904e-20 1.358062338748366163e-21
3.831793763450914412e+04 1.208435573059551712e-20 1.341400149903607191e-21
3.833589533498337551e+04 1.374428017601389469e-20 1.378374020714415402e-21
3.835385302308142855e+04 1.478733581796953757e-20 1.258650108892351309e-21
3.837181069872548687e+04 1.736364425963684282e-20 1.369239259024700929e-21
3.838976836183654814e+04 1.673938279602147617e-20 1.251664389307497246e-21
3.840772601234618924e+04 1.118190187613613700e-20 1.257962722159288852e-21
3.842568365017509495e+04 1.265047459616367145e-20 1.292058759357975733e-21
3.844364127524654032e+04 1.494139333951185643e-20 1.402816705588676983e-21
3.846159888748963567e+04 1.454854463148199673e-20 1.318600142074528996e-21
3.847955648682836181e+04 1.505786885700307848e-20 1.258024257867785535e-21
3.849751407318240672e+04 1.372267917656201583e-20 1.303244933873991922e-21
3.851547164648507169e+04 1.650224105863079799e-20 1.346843858362364221e-21
3.853342920665497513e+04 1.345538647484107614e-20 1.369186214652692638e-21
3.855138675362040522e+04 1.616866928505083045e-20 1.343230330443739219e-21
3.856934428730840591e+04 1.407043336621305325e-20 1.283395338239188325e-21
3.858730180763887620e+04 1.336473632126848361e-20 1.308184168836317829e-21
3.860525931453814701e+04 9.834772951879379131e-21 1.277999277343227587e-21
3.862321680793641281e+04 1.162269316991036112e-20 1.293014131881256333e-21
3.864117428775454755e+04 1.429810362652206969e-20 1.322566393327638194e-21
3.865913175391905679e+04 1.440109020199460644e-20 1.291705451743434269e-21
3.867708920635950926e+04 1.368939833301612487e-20 1.336967320855833222e-21
3.869504664499221690e+04 1.278241739932807064e-20 1.393871035362802451e-21
3.871300406975075020e+04 1.199058568359081917e-20 1.301388212737601298e-21
3.873096148056050879e+04 1.051251941244031100e-20 1.351114882270695956e-21
3.874891887734118791e+04 1.528493992365541175e-20 1.433371182613045595e-21
3.876687626002448087e+04 1.397501900733151332e-20 1.361423363576948244e-21
3.878483362853160361e+04 1.053832371670049911e-20 1.355389825369466818e-21
3.880279098279184836e+04 1.218319666268804966e-20 1.308988574523861191e-21
3.882074832273218635e+04 1.425248989081812293e-20 1.515619756119527295e-21
3.883870564827464841e+04 1.195252669786513191e-20 1.459177526313947855e-21
3.885666295934704249e+04 1.210336610995107564e-20 1.413138489792208611e-21
3.887462025587738026e+04 9.851710856763846426e-21 1.357783058779806451e-21
3.889257753779712220e+04 1.532262974517560977e-20 1.369527516749696965e-21
3.891053487882627087e+04 1.549237856541135680e-20 1.399253967622800745e-21
3.892849270371122111e+04 1.372970750566127721e-20 1.306241735328855964e-21
3.894645051375476032e+04 1.459220065527924582e-20 1.368830225703430154e-21
3.896440830888273194e+04 1.273865498616120969e-20 1.348252721681388292e-21
3.898236608902539592e+04 1.559632121631596837e-20 1.329641154489480981e-21
3.900032385410386632e+04 1.322580936308513747e-20 1.182052945684876190e-21
3.901828160404769733e+04 1.480516104364745500e-20 1.184868456720130952e-21
3.903623933878249227e+04 1.355322432747332793e-20 1.285372667235494533e-21
3.905419705823517143e+04 1.295839135997289384e-20 1.308550459313315338e-21
3.907215476233426307e+04 1.090898939179932414e-20 1.275643266572632712e-21
3.909011245100043743e+04 1.314248337363323753e-20 1.342417460547294016e-21
3.910807012416858197e+04 1.456297651054846507e-20 1.289265352961236654e-21
3.912602778175861022e+04 1.202462701567144272e-20 1.347815263294559867e-21
3.914398542370093492e+04 1.388449129276562250e-20 1.444263694681739494e-21
3.916194304992204707e+04 1.583357716517392636e-20 1.379437357627578384e-21
3.917990066034730989e+04 1.207029653710620250e-20 1.362263346063753063e-21
3.919785825490202842e+04 7.416411996808046842e-21 1.242891848681545945e-21
3.921581583351978043e+04 1.170252779120210614e-20 1.293875645400007896e-21
3.923377339612159267e+04 1.301618449307724834e-20 1.423261487627252552e-21
3.925173094263635721e+04 1.289988953906465229e-20 1.411172486594240039e-21
3.926968847299365007e+04 1.316125549811844856e-20 1.373472884782179585e-21
3.928764598711582221e+04 1.525073670909041807e-20 1.364756126767613711e-21
3.930560348493162019e+04 1.262514383269304542e-20 1.252475310025192103e-21
3.932356096637398150e+04 1.503741237535566074e-20 1.306867582821589904e-21
3.934151843136277603e+04 1.399089527881166558e-20 1.357441623823287007e-21
3.935947587982551340e+04 1.194688584743639383e-20 1.357458091793800842e-21
3.937743331169669545e+04 1.478082042550347537e-20 1.366564272874831575e-21
3.939539072689542809e+04 1.397577406928245827e-20 1.364521274968296799e-21
3.941334812535702804e+04 1.547971729140227760e-20 1.335077059158044835e-21
3.943130550700181630e+04 1.408042999493931588e-20 1.317541985722710709e-21
3.944926287176615733e+04 1.430177153879063803e-20 1.311890086016274731e-21
3.946722021956556273e+04 1.282923171483476196e-20 1.372175062303534890e-21
3.948517755033943831e+04 1.330831724011864688e-20 1.359021339248319909e-21
3.950313486400978582e+04 1.477934632973084837e-20 1.378204211911558963e-21
3.952109216050476971e+04 1.449724975568036434e-20 1.412536595135590607e-21
3.953904943975532660e+04 1.429024777548789265e-20 1.465459950269946522e-21
3.955700670168291981e+04 1.274593040622806391e-20 1.437455479226627241e-21
3.957496394622343360e+04 1.343587752311330342e-20 1.396160289937788195e-21
3.959292117329754547e+04 1.315673769161966360e-20 1.352690982083620370e-21
3.961087838284210738e+04 1.160253747849686552e-20 1.300561784453718876e-21
3.962925774001617538e+04 1.260797562497467397e-20 1.348866012217167196e-21
3.964721496369883971e+04 1.393699101859212236e-20 1.392409621409724625e-21
3.966517215461161686e+04 1.706742354595363781e-20 1.434359560641269381e-21
3.968312932752080815e+04 1.758085186616442750e-20 1.433964700384991399e-21
3.970108648252652347e+04 1.408008780217987479e-20 1.413343438988974612e-21
3.971904361955951754e+04 1.258071346832900424e-20 1.398350401392674042e-21
3.973700073855114169e+04 1.522071363641512250e-20 1.293669271180107409e-21
3.975495783942948037e+04 8.877860892628216176e-21 1.344909707561601968e-21
3.977291492212315643e+04 1.217188352068385787e-20 1.326310487188271337e-21
3.979087198655842076e+04 1.163706201843694791e-20 1.404453270290220667e-21
3.980882903266669746e+04 1.461407571064973245e-20 1.362918701750725035e-21
3.982678606037317513e+04 1.395479543388871490e-20 1.379202501090243600e-21
3.984474306960658578e+04 1.449985969579079921e-20 1.510362163158900377e-21
3.986270006029907381e+04 1.131867174310542029e-20 1.406211924869952381e-21
3.988065703238076094e+04 9.228265220975188796e-21 1.283150210912375331e-21
3.989861398577255022e+04 1.519577602849052709e-20 1.365577688309712358e-21
3.991657092041330179e+04 1.397089273815869679e-20 1.396793397975355944e-21
3.993452783622441348e+04 1.378907515466929963e-20 1.387351784484266044e-21
3.995248473313566501e+04 1.082613488881401334e-20 1.440068222487994879e-21
3.997044161108222761e+04 9.646521603054905622e-21 1.326413357570731010e-21
3.998839847016850399e+04 1.276740709937993257e-20 1.364215288475394709e-21
4.000635532509267796e+04 1.346103051176101169e-20 1.436182009474094167e-21
4.002473506287453347e+04 1.328972808563689292e-20 1.396685588900365668e-21
4.004269189834373537e+04 1.584602172777926335e-20 1.381912803661170412e-21
4.006064871448619670e+04 1.397881014960485393e-20 1.430082352043825568e-21
4.007860551122701872e+04 1.325861999173765123e-20 1.362378612020582220e-21
4.009656228849825857e+04 1.370017100135400799e-20 1.420114619671017005e-21
4.011451904622587608e+04 1.115748922026587441e-20 1.326414881430220258e-21
4.013247578434773459e+04 9.951599526663735043e-21 1.227622746888659172e-21
4.015043250278252526e+04 1.244725719029840946e-20 1.423977201322508590e-21
4.016838920147035969e+04 1.326666259528251506e-20 1.392062289986575036e-21
4.018634588033326872e+04 1.299473947976372008e-20 1.316914606909975833e-21
4.020430253930319304e+04 1.257102712818472445e-20 1.312414022237050388e-21
4.022225917831055995e+04 1.499358345373951167e-20 1.476272590454809418e-21
4.024021579728133656e+04 1.402786511011401171e-20 1.440244839402313156e-21
4.025817239615397557e+04 1.095074149755648742e-20 1.371149212805200299e-21
4.027612897484752466e+04 1.553667838029370012e-20 1.422477870423757732e-21
4.029408553330218274e+04 1.441463922293076356e-20 1.472618676858883961e-21
4.031204207143833628e+04 1.271473292595927030e-20 1.531352207183144939e-21
4.032999858919240069e+04 1.279784120155257887e-20 1.525423198696914195e-21
4.034795508649572002e+04 1.381214914863812878e-20 1.444554070467381768e-21
4.036591156326694181e+04 1.537735471853938361e-20 1.578002204604054417e-21
4.038386801945464686e+04 6.743580606234125051e-21 1.331170558159452246e-21
4.040182445497130539e+04 1.464522901298223958e-20 1.461706165411430324e-21
4.041978086975929909e+04 1.436575026439310781e-20 1.391940065430373853e-21
4.043773726373986574e+04 1.217825843782251039e-20 1.301477894913494011e-21
4.045569363684680138e+04 1.381435781304926494e-20 1.288120896214037918e-21
4.047364998901930085e+04 1.397150936787769094e-20 1.470062356446645537e-21
4.049160632017168246e+04 1.741606058066779252e-20 1.488577749395447164e-21
4.050956263024526561e+04 1.467040840295510296e-20 1.467604688860577891e-21
4.052751891916773457e+04 1.201473457422849278e-20 1.445835170513582792e-21
4.054547518686672265e+04 8.798897696304036641e-21 1.246805523055043732e-21
4.056343143328139558e+04 1.151778238104027879e-20 1.161404624624274352e-21
4.058138765833301295e+04 1.095110891879852319e-20 1.204172428311560800e-21
4.059934386195424304e+04 1.261797621876536251e-20 1.280881800398575749e-21
4.061730004408201057e+04 1.207473341139433501e-20 1.452140835748120553e-21
4.063525620463505766e+04 1.533768290483905828e-20 1.414502194527838714e-21
4.065321234355957858e+04 1.543564201054363106e-20 1.539843530694315441e-21
4.067116846077511582e+04 9.845332613089144393e-21 1.487601590397360424e-21
4.068912455621425761e+04 1.140822959712257001e-20 1.440962753192097577e-21
4.070708062981402327e+04 7.944550829440732589e-21 1.254227546525327952e-21
4.072503668149372243e+04 7.769346337461990287e-21 1.326270496026016391e-21
4.074299271119951300e+04 1.301800341316373079e-20 1.387053824278683610e-21
4.076094871885143948e+04 1.437831950089829759e-20 1.395890470466204455e-21
4.077890470438464399e+04 1.359958857343260143e-20 1.361087750495921221e-21
4.079686066772870254e+04 1.504468334999506630e-20 1.411392040282656690e-21
4.081481660881346033e+04 1.393715588472829684e-20 1.405788822542732625e-21
4.083277252757502720e+04 1.436869977305036784e-20 1.379772101843822117e-21
4.085072842394153122e+04 1.354901978457082625e-20 1.376180554176589953e-21
4.086868429784561886e+04 1.085220178537861638e-20 1.361685630045178280e-21
4.088664014921693160e+04 1.270989432827782882e-20 1.318517037667123313e-21
4.090459597798586765e+04 1.399539808424889057e-20 1.423435527818027832e-21
4.092255178408850043e+04 9.946644785408812147e-21 1.385373303808420394e-21
4.094050756745338731e+04 9.077337382896695465e-21 1.321015593332342427e-21
4.095846332801332755e+04 1.217423984489810712e-20 1.357453162162866925e-21
4.097641906569807907e+04 1.298392983581869819e-20 1.337379575295605359e-21
4.099437478043838928e+04 1.660915113199711509e-20 1.394538204143466244e-21
4.101233047217049170e+04 1.075586312980167432e-20 1.356558467564946769e-21
4.103028614082330023e+04 1.346543220634456207e-20 1.495859286346219185e-21
4.104824178632967960e+04 1.219790595580883323e-20 1.347344065108213251e-21
4.106619740861698665e+04 1.707302338158038339e-20 1.504339953957114928e-21
4.108415300762419065e+04 1.538517583394264524e-20 1.363605819243773825e-21
4.110210858327976894e+04 1.243017613098506510e-20 1.289581310070652635e-21
4.112006413551287551e+04 1.411222692171713784e-20 1.424684279571220733e-21
4.113801966426460422e+04 1.197236654637888624e-20 1.450029132006793062e-21
4.115597516945450479e+04 1.105922769121922582e-20 1.353298650960254684e-21
4.117393065102439868e+04 1.471881370488199317e-20 1.491005271476181967e-21
4.119188610890311975e+04 1.715399374900067014e-20 1.510345961001987647e-21
4.120984154301711533e+04 1.277782393811604244e-20 1.448628732477192195e-21
4.122779695331607218e+04 1.087815624610682571e-20 1.290511353138962932e-21
4.124575233976374147e+04 1.512108853568034398e-20 1.420514743410331521e-21
4.126370787501727318e+04 1.600879567135973402e-20 1.509870733332417698e-21
4.128166376259418757e+04 1.681616748681050704e-20 1.373311418249598008e-21
4.129961962606303132e+04 1.411896227214192431e-20 1.353305510566134874e-21
4.131757546536563314e+04 1.390058764334893512e-20 1.453390415324525303e-21
4.133553128043559991e+04 1.648691892806427361e-20 1.444901986583972937e-21
4.135348707120132894e+04 1.223152755831118037e-20 1.465134585672186439e-21
4.137144283760620601e+04 9.585933768392482908e-21 1.452935084276317239e-21
4.138939857956270862e+04 1.403669673995871109e-20 1.508630236560413348e-21
4.140735429702146939e+04 1.207763463635830426e-20 1.454000131078870121e-21
4.142530998990825901e+04 1.505888262896312833e-20 1.544602803306324242e-21
4.144326565815402864e+04 1.421013138460922223e-20 1.473147734229119934e-21
4.146122130169723823e+04 1.200786336429216227e-20 1.373241620632762745e-21
4.147917692046398588e+04 1.518943076506070329e-20 1.509267786358660583e-21
4.149713251439432497e+04 1.586917292025805873e-20 1.511767954931170093e-21
4.151508808341722033e+04 1.602750133589916138e-20 1.469206103390309695e-21
4.153304362746333209e+04 1.486857933147117931e-20 1.560455177382475090e-21
4.155099914647474361e+04 1.131432279685965420e-20 1.579783423373805158e-21
4.156895464037149941e+04 1.581773927623230759e-20 1.549061456948128996e-21
4.158691010909419128e+04 9.583391299204866696e-21 1.415202462843379343e-21
4.160486555257508007e+04 1.208517257772748475e-20 1.423595409956627393e-21
4.162282097075304773e+04 1.379791466509051802e-20 1.516448780208818715e-21
4.164077636354792776e+04 1.538401506770647152e-20 1.531778527671520881e-21
4.165873173090576165e+04 1.339606349510276386e-20 1.466771755553897145e-21
4.167668707275554334e+04 1.333214522510058750e-20 1.591042772071922487e-21
4.169464238902746729e+04 1.329469263960213742e-20 1.529655034836767400e-21
4.171259767966283835e+04 1.083878214854150724e-20 1.496557360413561989e-21
4.173055294458188291e+04 1.395789423188239973e-20 1.528707840450956046e-21
4.174850818373441871e+04 1.489291425343029072e-20 1.476173410511784180e-21
4.176646339703997364e+04 1.483617650747821149e-20 1.444478704985492716e-21
4.178441858443851379e+04 1.169067078285887963e-20 1.516180137935075911e-21
4.180237374586787337e+04 1.653505012171300282e-20 1.633624297167120385e-21
4.182032888125175668e+04 1.394037958572994905e-20 1.556769457278694836e-21
4.183828399052601890e+04 9.830221377277986992e-21 1.512597513652916596e-21
4.185623907363596663e+04 1.244219197971889091e-20 1.735256191846959160e-21
4.187419413050466392e+04 1.684830502554969282e-20 1.724817813503727117e-21
4.189214916106146848e+04 1.502949954319343631e-20 1.588859203639141825e-21
4.191010416525328037e+04 1.234616417390844508e-20 1.584321987407360484e-21
4.192805914300846780e+04 1.098620809725696673e-20 1.546350232868169209e-21
4.194644058026672428e+04 1.152003598723278989e-20 1.564147809879902926e-21
4.196439553864682966e+04 1.024770994892855819e-20 1.483254456132478826e-21
4.198235047021018545e+04 1.570765554715907999e-20 1.496853532773782087e-21
4.200030537506687688e+04 1.316914752817357648e-20 1.509729536880528026e-21
4.201826025315801235e+04 1.192561197527847724e-20 1.464771719565923811e-21
4.203621510440763814e+04 1.161478375625086039e-20 1.498471905784150007e-21
4.205416992874788411e+04 1.248389534968439209e-20 1.541781657212896426e-21
4.207212472612800048e+04 1.512784778338199847e-20 1.511982121733915357e-21
4.209007949646629277e+04 1.488193041508000785e-20 1.463212335829346125e-21
4.210803423970437871e+04 1.301479647483856196e-20 1.469968290311346329e-21
4.212598895577613439e+04 1.349554361315100771e-20 1.463631406984053723e-21
4.214394364461558871e+04 1.252455729259184477e-20 1.519152358816603129e-21
4.216189830616128893e+04 1.151390943418297756e-20 1.445513387212851959e-21
4.217985294034061371e+04 1.431220447240413074e-20 1.500084450267757605e-21
4.219780754709474422e+04 1.460598951098625860e-20 1.525100421358521133e-21
4.221576212635274715e+04 1.228067809200522356e-20 1.472274873905102963e-21
4.223371667805089965e+04 1.265734089602607732e-20 1.418766450862226756e-21
4.225167120213128510e+04 1.120784129550086512e-20 1.423293267440078083e-21
4.226962569851622538e+04 1.593698874860896423e-20 1.459034003153205709e-21
4.228758016714570113e+04 1.064254051434899776e-20 1.549857328810149219e-21
4.230553460795889259e+04 1.386798299552678321e-20 1.564194012156722061e-21
4.232348902088359318e+04 1.473213364581845303e-20 1.588704988726671181e-21
4.234144340603707678e+04 1.114365047144189877e-20 1.406987762062746596e-21
4.235939777757599950e+04 1.537702502699921617e-20 1.513925759209324651e-21
4.237777938111448748e+04 1.274538390561296888e-20 1.538334283519796017e-21
4.239573371525460971e+04 7.985066967475770168e-21 1.400533398134875729e-21
4.241368802118020540e+04 1.432118894546083607e-20 1.515231071439060634e-21
4.243164229881834763e+04 1.628487143820229420e-20 1.685720458648877806e-21
4.244959654811854853e+04 1.212407151382689907e-20 1.593087249088737618e-21
4.246755076900932181e+04 1.508399534370167747e-20 1.546799757682155248e-21
4.248550496141844633e+04 1.427819045496543704e-20 1.479453870403247243e-21
4.250345912529550696e+04 1.813679186590597212e-20 1.530716396222425261e-21
4.252141326056854450e+04 1.340703378073626291e-20 1.494490982238637929e-21
4.253936736716955056e+04 1.417809107989961591e-20 1.476670048688239702e-21
4.255732144504135795e+04 1.385093117011362695e-20 1.491664415757059926e-21
4.257527549411169457e+04 1.144601013007176769e-20 1.582651178976654767e-21
4.259322951431998808e+04 8.460015659156969098e-21 1.611688961768890710e-21
4.261118350560226827e+04 1.178619573653016681e-20 1.554595268068566370e-21
4.262913746789580910e+04 1.036033117201386630e-20 1.545655910060268962e-21
4.264709140113111789e+04 1.431723891650592863e-20 1.492514468338080672e-21
4.266504530524698202e+04 1.475382422450262431e-20 1.584130798305325974e-21
4.268299918017785967e+04 1.190302968953915920e-20 1.358957705616403510e-21
4.270095302586103935e+04 1.431660234913547963e-20 1.370586849855633402e-21
4.271890684223155404e+04 1.644509342236968846e-20 1.514028967630236475e-21
4.273686062922811834e+04 1.340994699662398981e-20 1.467394498676293690e-21
4.275481438678103586e+04 1.461721305547353105e-20 1.552282206072188961e-21
4.277276811482856283e+04 1.495724630644464568e-20 1.523315761028605013e-21
4.279072181330681633e+04 1.540031118707942598e-20 1.620125784363380645e-21
4.280867548215920397e+04 1.339434578588015925e-20 1.616758613607943723e-21
4.282662912130378390e+04 1.623814185297822343e-20 1.528099148320826423e-21
4.284458273069076677e+04 1.629906228762685313e-20 1.581394152323615016e-21
4.286253631025337381e+04 1.198764468573774013e-20 1.487219313353426403e-21
4.288048985992954840e+04 1.192662484092279658e-20 1.454851357708622121e-21
4.289844337964673468e+04 1.248440967691228372e-20 1.450989076177702978e-21
4.291639686935469217e+04 1.112759418733322773e-20 1.547464499509675014e-21
4.293435032897807832e+04 1.229544015902536408e-20 1.492709995112463179e-21
4.295230375845812523e+04 1.130282832518940488e-20 1.486879155623241256e-21
4.297025715772735566e+04 1.268627204382752088e-20 1.599748336331445824e-21
4.298821052673151280e+04 1.168854182807222473e-20 1.566733945976635601e-21
4.300616386539804080e+04 1.140878872652590095e-20 1.573759545143398934e-21
4.302411717366959056e+04 1.049426392054784979e-20 1.475671238038184128e-21
4.304207045147195458e+04 1.256018992946020337e-20 1.578362420715344084e-21
4.306002369875648583e+04 1.126372856655642034e-20 1.384805509568841630e-21
4.307797691544849658e+04 1.014468338989743666e-20 1.413417956323106038e-21
4.309593010148814938e+04 1.390591682935497695e-20 1.508353504310510999e-21
4.311388325681290735e+04 1.122447644220601920e-20 1.534684166978350495e-21
4.313183638136176887e+04 1.366942110545825391e-20 1.452163448230246881e-21
4.314978947506513941e+04 1.393901108266485837e-20 1.393025271409496873e-21
4.316774253786025656e+04 1.435077766885551851e-20 1.550483738800133158e-21
4.318569556969313999e+04 1.202569697394774292e-20 1.512423660506169720e-21
4.320364857049109560e+04 1.019966695854612926e-20 1.511461628368822857e-21
4.322160154019480251e+04 1.090335286485450772e-20 1.545797832286752654e-21
4.323955447873631056e+04 1.071508767703573502e-20 1.605311313211917358e-21
4.325750738606430241e+04 1.410809775506822826e-20 1.516424572099359473e-21
4.327546026210549462e+04 1.512201560490327916e-20 1.542672997158585633e-21
4.329341310679879825e+04 1.287735415718394971e-20 1.555105028040727226e-21
4.331136592007932632e+04 1.155713653562358961e-20 1.672752969335678860e-21
4.332931870189480833e+04 9.141788913641493666e-21 1.596927685654003707e-21
4.334727145217021462e+04 1.441460648854373742e-20 1.592955048441766604e-21
4.336522417084794142e+04 1.260702165628626155e-20 1.592255663047061581e-21
4.338317685786497896e+04 1.636207256423162343e-20 1.547833698580921222e-21
4.340112951315734244e+04 1.296471158757360665e-20 1.547487931757943384e-21
4.341908213666023948e+04 1.173117396710676963e-20 1.495429693646090975e-21
4.343703472832147236e+04 1.331257680314359250e-20 1.506478444520311323e-21
4.345498728806299914e+04 1.283045487274086363e-20 1.464537936128145704e-21
4.347293981583801360e+04 1.430583862672842682e-20 1.588322579218312090e-21
4.349089231156922324e+04 1.315726232400491231e-20 1.568094592445894817e-21
4.350884477520755900e+04 1.534952414219560194e-20 1.531885639985213293e-21
4.352679720667749643e+04 1.595963720504643406e-20 1.521103336391048059e-21
4.354474960593064316e+04 1.301672246831299992e-20 1.544134538411324831e-21
4.356270197288927739e+04 1.290925993238878555e-20 1.510455901340975697e-21
4.358065430750685482e+04 1.275487664423286455e-20 1.495127693920011849e-21
4.359860660970969184e+04 1.343243673733056397e-20 1.630763089775077424e-21
4.361655828282871516e+04 8.505526879242186699e-21 1.519812310095051973e-21
4.363450927400185901e+04 1.243077843060650908e-20 1.548768392473762265e-21
4.365246023258764762e+04 1.639155110517487059e-20 1.487397088967397888e-21
4.367041115851226641e+04 1.403576467650935799e-20 1.408959153387399011e-21
4.368836205172578775e+04 9.877371585892432441e-21 1.429061847323486572e-21
4.370631291215834062e+04 8.506066443228451138e-21 1.407053223381193977e-21
4.372426373975823662e+04 1.212386238350186416e-20 1.549035855122860935e-21
4.374221453444992221e+04 1.236092209952240288e-20 1.607391736305824241e-21
4.376016529618207278e+04 8.966671620765890593e-21 1.579507047444183266e-21
4.377811602488836070e+04 1.575370696626254651e-20 1.590907760330323540e-21
4.379606672051180794e+04 1.370459354202959515e-20 1.563671476134926490e-21
4.381401738297906559e+04 1.137440442622925604e-20 1.570763260245527506e-21
4.383196801223489456e+04 9.602620287358391752e-21 1.505138186021271616e-21
4.384991860822252784e+04 1.460734037450453989e-20 1.539948402868028524e-21
4.386786917087619076e+04 1.156042852941903631e-20 1.659012731586364778e-21
4.388581970013317914e+04 1.027309047113023694e-20 1.459379131511259214e-21
4.390377019593324803e+04 1.092802545321005623e-20 1.527405153811840196e-21
4.392172065821071737e+04 1.286440005319376696e-20 1.522541774412507611e-21
4.393967108691041358e+04 1.483245890390895925e-20 1.605581380543346846e-21
4.395762148196843918e+04 1.404620093257614389e-20 1.534449036687785525e-21
4.397557184332313773e+04 1.365868274538639935e-20 1.622259798026969244e-21
4.399352217090793420e+04 1.315643146239937876e-20 1.580980273829408580e-21
4.401147246467044897e+04 1.537949471987550674e-20 1.606572309014889988e-21
4.402942272454172780e+04 9.967957428062832813e-21 1.499056419855841452e-21
4.404737295047023508e+04 1.390095987174344154e-20 1.659329826145991554e-21
4.406532314238483377e+04 9.616315442729025106e-21 1.559620140375150913e-21
4.408327330022421665e+04 9.922835419055507460e-21 1.563685780339220106e-21
4.410122342392959399e+04 1.251844688050222140e-20 1.590978699229306644e-21
4.411917351344481722e+04 1.179810760384327301e-20 1.478779506125247342e-21
4.413712356870503572e+04 1.529972658317256232e-20 1.666230140030220711e-21
4.415507358964408195e+04 1.381171998927363981e-20 1.553710339553544268e-21
4.417302357621331612e+04 1.324368141980933695e-20 1.471562859179903109e-21
4.419097352833658078e+04 1.353797410998309228e-20 1.638455050874402569e-21
4.420892344595955365e+04 1.302626474306679799e-20 1.673962883152197838e-21
4.422687332902564231e+04 1.054916335738654845e-20 1.663188648363113079e-21
4.424482317747052730e+04 1.258443014555710665e-20 1.682544461523475433e-21
4.426277299123247212e+04 1.232358204675748259e-20 1.503554692154030586e-21
4.428072277024692448e+04 1.668873522369819696e-20 1.582481769562644474e-21
4.429867251445753209e+04 1.621619188009603243e-20 1.663818504827496464e-21
4.431662222381070751e+04 1.579121117219411535e-20 1.600675573051676199e-21
4.433457189822984947e+04 1.756945015786564418e-20 1.655690385243770641e-21
4.435252153766680567e+04 1.099579727410575955e-20 1.635504942750985665e-21
4.437047114205273101e+04 1.490787329202373715e-20 1.673483867553423331e-21
4.438842071133393620e+04 1.463954760810282416e-20 1.633496156373868306e-21
4.440637024544323504e+04 1.251418035757778273e-20 1.740954237503443030e-21
4.442431974432773859e+04 9.514348772856094283e-21 1.605565449008900609e-21
4.444226920792159945e+04 1.111834678024615418e-20 1.628139986593771358e-21
4.446021863616585324e+04 1.152652907855833293e-20 1.678196609263651638e-21
4.447816802899203321e+04 1.040808139803263902e-20 1.508687762038379675e-21
4.449611738635425718e+04 1.218644487436259419e-20 1.717394250962203059e-21
4.451406670818528073e+04 1.579833419867129169e-20 1.831244756948969408e-21
4.453201599442098814e+04 8.640064953652567237e-21 1.616811638200390244e-21
4.454996524501193926e+04 6.758367265654829410e-21 1.645819580503312253e-21
4.456791445988250052e+04 1.470366391239159901e-20 1.615801805420777732e-21
4.458586363898084528e+04 1.407636758048551005e-20 1.706903640038082962e-21
4.460381278224605194e+04 1.051092425020705550e-20 1.579964017253641964e-21
4.462176188962176820e+04 1.522532855836406150e-20 1.687894798908372059e-21
4.463971096104066237e+04 1.509320630248374719e-20 1.685210524089424185e-21
4.465765999645068223e+04 8.623710352923753205e-21 1.600538767522762313e-21
4.467604041095462890e+04 1.364294864894381724e-20 1.621020383942164204e-21
4.469398940710251918e+04 1.615089274963130454e-20 1.727073011488513285e-21
4.471193836688357260e+04 1.602003255050271054e-20 1.764899620001783271e-21
4.472988729041386250e+04 1.345937399161297360e-20 1.785538534921792301e-21
4.474783617761867208e+04 1.251252578579623423e-20 1.680659168248002249e-21
4.476578502844605100e+04 1.277467828820470053e-20 1.707390919509177405e-21
4.478373384283173800e+04 1.355725861469422672e-20 1.668235129006534554e-21
4.480168262073141523e+04 1.258312021253897020e-20 1.695613390733002231e-21
4.481963136207044590e+04 1.132426272630570682e-20 1.604265869278684583e-21
4.483758006678480160e+04 1.407658062161466621e-20 1.684888563259146504e-21
4.485552873483339499e+04 1.111025650753877728e-20 1.616624230215878602e-21
4.487347736613824236e+04 1.100210045519402164e-20 1.663180867009045493e-21
4.489142596064340614e+04 1.120896166814523799e-20 1.704651298075646261e-21
4.490937451829999191e+04 1.195685989377918788e-20 1.682894949571158627e-21
4.492732303903775028e+04 1.331057236469461845e-20 1.643544688636001220e-21
4.494527152280497103e+04 9.638970520892561430e-21 1.604433716096723504e-21
4.496321996953360213e+04 1.222184019959581699e-20 1.723182218771729544e-21
4.498116837917214434e+04 1.056356821267398573e-20 1.657876323526688180e-21
4.499911675165385532e+04 1.612870558888365496e-20 1.656100771137620915e-21
4.501706508691907948e+04 1.234549201918534928e-20 1.690901197114959056e-21
4.503501338492338982e+04 1.569239421135802267e-20 1.751001854584216646e-21
4.505296164558497549e+04 1.009690130915127461e-20 1.662915761932010222e-21
4.507090986886400060e+04 1.219908600259411311e-20 1.739811190813536530e-21
4.508885805468455510e+04 1.157650337120625627e-20 1.660781436202135352e-21
4.510680620301193994e+04 1.546845974276206575e-20 1.715988436433092081e-21
4.512475431375545304e+04 1.574061731371586379e-20 1.689072612212515766e-21
4.514270238687490928e+04 1.089479286051090291e-20 1.681135979142893906e-21
4.516065042248257669e+04 1.356736505805454377e-20 1.804235126168560128e-21
4.517859843403298873e+04 1.472990427553362230e-20 1.754590121173686508e-21
4.519697874409600627e+04 1.112566774011248747e-20 1.610805604398592743e-21
4.521492669877534354e+04 1.256575930617612373e-20 1.682446191376287391e-21
4.523287461551520391e+04 1.264083216687588211e-20 1.705040226153254365e-21
4.525082249427346687e+04 1.458173201773294512e-20 1.606231476661995761e-21
4.526877033498622040e+04 1.754484926004411555e-20 1.651861297942141481e-21
4.528671813760722580e+04 9.341412022448957997e-21 1.653891272168075266e-21
4.530466590204060049e+04 1.443386115165802935e-20 1.794105136945577873e-21
4.532261362826930417e+04 1.598458065426833635e-20 1.701313153440658464e-21
4.534056131622075191e+04 1.883103834933445191e-20 1.701586328339096847e-21
4.535850896582496352e+04 1.206229038609329832e-20 1.683453261168791110e-21
4.537645657702729659e+04 1.259343748312156112e-20 1.508283571142728065e-21
4.539440414978085028e+04 1.337626178062246260e-20 1.652676655449640609e-21
4.541235168401049305e+04 1.253175646769820059e-20 1.710482000394433107e-21
4.543029917967070651e+04 1.125293728595325357e-20 1.693982488479353015e-21
4.544824663669848815e+04 8.945500506573675242e-21 1.725119036877769931e-21
4.546619405503856979e+04 1.049990155434835587e-20 1.700606373391410601e-21
4.548414143461662024e+04 9.483394085761119900e-21 1.684831774429087161e-21
4.550208877540384856e+04 1.459748577386453384e-20 1.731672898160363344e-21
4.552003607732387172e+04 1.317066480932018147e-20 1.573262168651728029e-21
4.553798334029748366e+04 1.155004307746102944e-20 1.803414400216727614e-21
4.555593056430931028e+04 1.488126412631226562e-20 1.729422950087914358e-21
4.557387774927088321e+04 1.327886358305479204e-20 1.807877411210878705e-21
4.559182489512724715e+04 1.223472561033225280e-20 1.787035165821536683e-21
4.560977200182980596e+04 1.242267089779657133e-20 1.662848731481188926e-21
4.562771906932027923e+04 1.355942539268767641e-20 1.736066370287198510e-21
4.564566609752665681e+04 1.291977295171605315e-20 1.871417963771206410e-21
4.566361308640408242e+04 7.648348654112900880e-21 1.669169139094058802e-21
4.568156003589488682e+04 8.469356412902329610e-21 1.669379970661655688e-21
4.569950694592345098e+04 1.007195109103796427e-20 1.597004515797871874e-21
4.571745381645223097e+04 1.432299441917564062e-20 1.790677343555639550e-21
4.573540064742009417e+04 1.243506579530904439e-20 1.786936402274713793e-21
4.575334743876029825e+04 1.361012094124356149e-20 1.790682172915109751e-21
4.577129419041406800e+04 1.178893146813961631e-20 1.753154501422715825e-21
4.578924090234100004e+04 1.338021580685352796e-20 1.844112276835783919e-21
4.580718757446204836e+04 8.613724994401044440e-21 1.738805882854288788e-21
4.582513420671920176e+04 6.836837456607241980e-21 1.706510580836030509e-21
4.584308079907505453e+04 9.178808411702457097e-21 1.605209827651720935e-21
4.586102735145574115e+04 8.516868990790000884e-21 1.724292323605465506e-21
4.587897386380333774e+04 9.973612675587904015e-21 1.727313664388360318e-21
4.589692033607270423e+04 1.082561745268077282e-20 1.821103968853491600e-21
4.591486676819705463e+04 1.466609914631556792e-20 1.767869244455244391e-21
4.593281316010200680e+04 9.165216250128194363e-21 1.672776890900520130e-21
4.595075951176922536e+04 9.154416893240865630e-21 1.560916099046466011e-21
4.596870639223801845e+04 1.185542442350856535e-20 1.699487046753466580e-21
4.598665359177625214e+04 1.438986562069697160e-20 1.730871619585000835e-21
4.600460075091752515e+04 1.088668613742019122e-20 1.771877677004152013e-21
4.602254786956233875e+04 1.712020974957407184e-20 1.762167804263692941e-21
4.604049494763448456e+04 1.138586415695454601e-20 1.728323892643438978e-21
4.605844198511296418e+04 1.490527045136320698e-20 1.850187818989028450e-21
4.607638898192263150e+04 1.204751446925105325e-20 1.959257893249436400e-21
4.609433593799210212e+04 7.558217393479968948e-21 1.834363174770826827e-21
4.611228285328607308e+04 1.071961484079704638e-20 1.853143158689517384e-21
4.613022972774788650e+04 1.328629838571525234e-20 1.900064060717892914e-21
4.614817656128903764e+04 1.081882645651940801e-20 1.729168278211931484e-21
4.616612335389127838e+04 1.177723289094432063e-20 1.716710528751484170e-21
4.618407010548467952e+04 1.235371322210097328e-20 1.873903295761926500e-21
4.620201681598110736e+04 4.911973592362718752e-21 1.765504864184326940e-21
4.621996348537223093e+04 8.690878393058552457e-21 1.672396123100879497e-21
4.623791011358192918e+04 9.576807127072647965e-21 1.767075467440687944e-21
4.625585670052299247e+04 1.008875742547439212e-20 1.775269981532202392e-21
4.627380324618748273e+04 6.452706135896899712e-21 1.652343174729997215e-21
4.629174975049997738e+04 9.317743848486303475e-21 1.775541824727063876e-21
4.630969621337153512e+04 1.235776530091051977e-20 1.845639374020966478e-21
4.632764263479541842e+04 1.528628187744195285e-20 1.865991215371116131e-21
4.634558901469666307e+04 1.600054054074959936e-20 1.790238379016088192e-21
4.636353535298596398e+04 6.811204279992309105e-21 1.773119197535646319e-21
4.638148164965619071e+04 7.338908403777134038e-21 1.763631408464573238e-21
4.639942790463301208e+04 8.554036900452790012e-21 1.816203942861776844e-21
4.641737411782774143e+04 1.133503763548794128e-20 1.938257873154087181e-21
4.643532028923241887e+04 1.177858267280779284e-20 1.726969203918018564e-21
4.645326641877282964e+04 1.031320971368963982e-20 1.744999874834951772e-21
4.647121250636067998e+04 6.853237624537536924e-21 1.840517919253468455e-21
4.648915855198910140e+04 1.244360370017921864e-20 1.964710044416433541e-21
4.650710455558208923e+04 9.873814070527272193e-21 1.790431550808979054e-21
4.652505051705217193e+04 1.304422418371705254e-20 1.953287821902259427e-21
4.654299643639287387e+04 1.136855358069924629e-20 1.901707915550797793e-21
4.656094231352915085e+04 1.032772058118890445e-20 1.976442146421800037e-21
4.657888814837145037e+04 1.303963381398338096e-20 1.946180779086005719e-21
4.659683394091466471e+04 1.981198643706940085e-20 2.677918081681488428e-21
4.661477969107015815e+04 1.085151067604317123e-20 1.780286726258449131e-21
4.663272539879017859e+04 1.187740189859210776e-20 1.849557474146165933e-21
4.665067106402696663e+04 1.240879416987344936e-20 1.910257829456892614e-21
4.666861668670654763e+04 1.417841051564793783e-20 1.858330953932124366e-21
4.668656226678170060e+04 1.309123035714671620e-20 2.012508408619765946e-21
4.670450780420011142e+04 1.559787013438239551e-20 2.018519049766621382e-21
4.672245329889133427e+04 1.039269601143739524e-20 1.938046123549073186e-21
4.674039875082291837e+04 1.178267872884707220e-20 1.889805782128557972e-21
4.675834415992463619e+04 9.357166787765529467e-21 1.915194501916794519e-21
4.677628952611183195e+04 1.111910425847346721e-20 1.876395607082428928e-21
4.679423484939310583e+04 8.644278019561967601e-21 1.843813558026275599e-21
4.681218012966194510e+04 1.544936137006681012e-20 2.000930382550198608e-21
4.683012536685731902e+04 1.107673057060660564e-20 1.914083849101744735e-21
4.684807056096907036e+04 9.435621332953071790e-21 1.880159390249191262e-21
4.686601571190852701e+04 8.941980175260732321e-21 2.016098455519874392e-21
4.688396081960152515e+04 1.234794813209140055e-20 1.904049792986225884e-21
4.690190588404326991e+04 1.543291355889813409e-20 1.889332267700441123e-21
4.691985090512566967e+04 1.501219037367572257e-20 2.049706111055624538e-21
4.693779588283031626e+04 1.127219116903162443e-20 2.070291075436817123e-21
4.695574081708773883e+04 1.172650236068343878e-20 1.934635993021180314e-21
4.697368570782778261e+04 1.443547342507854702e-20 2.006971673098528953e-21
4.699163055502680072e+04 1.505293354404270844e-20 1.978946065638488769e-21
4.700957535861032375e+04 1.639426132905671164e-20 1.976389839250784621e-21
4.702752011849934934e+04 1.245494307607154594e-20 2.064626300529888437e-21
4.704546483468994120e+04 6.453077094039036817e-21 1.979560134419112072e-21
4.706340950709263416e+04 8.651140675573773456e-21 1.810558097465520361e-21
4.708135413562807662e+04 1.104896470818247416e-20 1.875303923234254996e-21
4.709929872030257684e+04 9.122066288433080569e-21 1.799206015200686952e-21
4.711724326102255873e+04 1.385456128238378168e-20 1.908468124348423068e-21
4.713518775771270157e+04 9.902890059993307923e-21 1.973539077677897050e-21
4.715313221036959294e+04 9.470976455594807306e-21 1.966379142173352134e-21
4.717107661887649010e+04 1.261200377572764261e-20 1.969076491032768692e-21
4.718902098324424878e+04 9.697494870374890313e-21 2.052994713206164728e-21
4.720696530337403237e+04 9.227224275310773306e-21 2.038908347538209556e-21
4.722490957919573702e+04 1.051000896053536936e-20 1.733356897251941085e-21
4.724285381071663869e+04 1.389058591954466519e-20 1.842246995984858182e-21
4.726079799782868213e+04 1.031197601417438575e-20 1.915353296381095476e-21
4.727874214046642010e+04 6.287733382276377096e-21 1.922545990587552014e-21
4.729668623863621178e+04 9.731867753473314807e-21 1.960930234982399489e-21
4.731463029221166653e+04 8.242559253009114068e-21 2.077117871467720038e-21
4.733257430119006312e+04 1.015302096943699917e-20 1.875141128910132504e-21
4.735051826550638361e+04 8.322191129971545690e-21 1.974861451570050930e-21
4.736846218506588048e+04 5.228997331741660312e-21 2.006887448064941776e-21
4.738640605986254377e+04 9.529363198442569340e-21 2.026162173880409545e-21
4.740434988982659706e+04 1.322634036582293733e-20 1.992716616300260888e-21
4.742229367486893170e+04 8.158427657550648137e-21 1.994036785857151523e-21
4.744023741499611060e+04 6.045898715076876734e-21 2.017923051027435415e-21
4.745818111010571010e+04 1.037030858275986294e-20 1.922392202964448056e-21
4.747612476015221182e+04 1.061993017220621526e-20 1.986492202314815630e-21
4.749406836510474386e+04 1.303118979227566020e-20 1.937621726605193454e-21
4.751201192485883075e+04 1.335834453942690797e-20 1.968586875637662081e-21
4.752995543940857897e+04 9.508675472711473919e-21 1.964162751567717681e-21
4.754789890867978829e+04 9.829926942621462252e-21 2.055204311303684598e-21
4.756584233260276233e+04 1.237286019148361500e-20 1.988554017019011391e-21
4.758378571115610248e+04 9.411185269491510596e-21 1.813441148225783311e-21
4.760172904424580338e+04 1.140411664670216175e-20 2.040640898832631845e-21
4.761967233184687211e+04 1.417442449143282242e-20 2.029970003760275394e-21
4.763761557390922098e+04 1.472406167095310258e-20 2.062689398238993868e-21
4.765555877033369325e+04 1.488243646824518422e-20 2.028604212064324491e-21
4.767350192111377692e+04 1.363798739270869722e-20 1.994582592838489279e-21
4.769144502617599937e+04 1.659138221305774165e-20 2.055794904428858307e-21
4.770938808545075153e+04 8.081060506062886028e-21 2.218024768811803164e-21
4.772733109891768981e+04 7.674817792396669838e-21 2.182898861133089914e-21
4.774527406647674070e+04 1.178640647402359930e-20 2.045833464283030573e-21
4.776321698812341492e+04 1.223085261188739532e-20 2.202469068502047738e-21
4.778115986377356603e+04 1.346871218015930670e-20 2.196608290936067583e-21
4.779910269336259080e+04 7.220867631260378608e-21 2.106343479366820415e-21
4.781704547686490696e+04 9.410190314911587650e-21 1.966730246913300386e-21
4.783498821419632441e+04 1.493254417388996765e-20 1.982880609399256623e-21
4.785293090532759379e+04 1.287098590519577859e-20 2.021381135617468590e-21
4.787087355020906398e+04 1.109515675622119691e-20 2.013117789355406176e-21
4.788881614873640501e+04 9.864470155629795321e-21 2.002576156207819854e-21
4.790675870091895922e+04 1.033372424086351854e-20 2.060646760483313586e-21
4.792470120666344155e+04 9.015311305695171623e-21 2.057116059107440370e-21
4.794264366592533042e+04 8.906177656306350808e-21 2.081755910720214512e-21
4.796058607865514932e+04 1.371239886035370514e-20 2.113792570920945476e-21
4.797852844476776954e+04 9.565051789016815754e-21 2.076460578394800986e-21
4.799647076426435524e+04 1.013549928496272585e-20 2.105452820265849999e-21
4.801441303705581231e+04 1.016252254794134301e-20 2.039320425472315250e-21
4.803235526307777764e+04 9.170929934306791007e-21 1.996274970114898603e-21
4.805029744230577489e+04 9.828556477419577680e-21 1.995802501410516438e-21
4.806823957464991690e+04 1.169709279891795553e-20 2.036892455797666810e-21
4.808618166009693959e+04 8.035059874726048005e-21 2.064843459795793041e-21
4.810412369858261809e+04 1.316384601317222657e-20 2.194685068920643184e-21
4.812206569001246680e+04 1.661780693120757780e-20 2.153869701510166797e-21
4.814000763438188005e+04 1.147465973941694888e-20 2.018231989187661276e-21
4.815794953159191937e+04 1.351037933738870494e-20 2.104639591922252192e-21
4.817589138164424367e+04 9.770819593833589556e-21 1.996341186979290272e-21
4.819383318445452460e+04 9.869121173936051609e-21 1.920557160011101181e-21
4.821177493994311953e+04 1.598425631495121460e-20 2.064537513943352687e-21
4.822971664810095535e+04 1.072845131362161107e-20 2.108845002835528666e-21
4.824809610538405832e+04 1.097427489326433382e-20 2.021886329471319423e-21
4.826603775082261564e+04 1.201772389427959931e-20 1.891546883262408137e-21
4.828397934857836663e+04 8.698637878739644704e-21 1.904007434377798628e-21
4.830192088507960580e+04 1.488836670175753909e-20 1.980824878301503206e-21
4.831986129034477926e+04 9.047424251421017578e-21 2.125808403452487653e-21
4.833780113858367258e+04 6.646203086314883628e-21 2.064414590925133366e-21
4.835574093292029283e+04 1.141293203606539485e-20 2.082459654537919104e-21
4.837368067947506643e+04 1.598427340399180961e-20 2.227246689904477012e-21
4.839162037819346006e+04 1.496651054582018513e-20 2.223129894359510205e-21
4.840956002905139758e+04 1.207902059316771538e-20 2.133679711974294091e-21
4.842749963194670272e+04 1.542912874277813863e-20 2.169426385734605518e-21
4.844543918688438862e+04 1.564849629988472735e-20 2.065943784756893366e-21
4.846337869376663002e+04 1.579164888483875494e-20 2.232948903611243128e-21
4.848131815255376569e+04 1.440991982210631157e-20 2.265762131625220426e-21
4.849925756320251821e+04 8.817764783888920770e-21 2.154715515059568536e-21
4.851719692562516866e+04 1.080716265773307347e-20 2.188613915787761977e-21
4.853513623982233548e+04 1.017307425882297832e-20 2.053510907812318678e-21
4.855307550570083549e+04 1.240101111845141625e-20 2.175452928856596543e-21
4.857101472321138135e+04 1.563951241445720413e-20 2.190944727926851410e-21
4.858895389231100853e+04 1.068379367299709691e-20 2.193014019432311149e-21
4.860689301292676828e+04 1.524529322957234237e-20 2.081212325898900369e-21
4.862483208504458889e+04 1.333823749641722049e-20 2.212374844323383640e-21
4.864277110856134095e+04 1.200778265246394303e-20 2.129813161023552505e-21
4.866071008347278257e+04 1.265376453421170035e-20 1.973408841949000311e-21
4.867864900968167785e+04 1.021824939307392022e-20 2.033064615587844140e-21
4.869658788715934497e+04 1.088168069348002267e-20 2.152512198519765609e-21
4.871452671585752250e+04 1.019536086664164745e-20 2.178297049822251577e-21
4.873246549569737545e+04 1.224593630392057475e-20 2.172288719560041017e-21
4.875040422665068763e+04 7.243029045420610130e-21 2.035122134262131858e-21
4.876834290864981449e+04 8.113116568598790328e-21 2.250869781655171264e-21
4.878628154164640728e+04 1.007992856757134585e-20 2.136343901078106816e-21
4.880422012559213181e+04 9.886168505930624353e-21 2.090382045111978666e-21
4.882215866041344270e+04 9.219532056858688827e-21 2.163070043706489562e-21
4.884009714609738876e+04 1.133756551578164201e-20 2.173667533912577090e-21
4.885803558254633390e+04 1.289293470515794162e-20 2.024075816298708984e-21
4.887597396974184812e+04 1.616165450641095236e-20 2.225274841595151970e-21
4.889391230760086182e+04 1.022775216197935026e-20 2.137973185755618930e-21
4.891185059608982556e+04 9.298162345562987323e-21 2.097277581612807919e-21
4.892978883516113274e+04 1.014949685056882421e-20 2.229522635357814815e-21
4.894772702489903168e+04 9.905870920275591006e-21 2.180496508070044959e-21
4.896610419829886087e+04 1.108793993200864533e-20 2.245054929428468177e-21
4.898404232058984780e+04 1.317208171244598710e-20 2.045611975369810572e-21
4.900198039324537240e+04 8.304847598824016114e-21 2.154646898573424154e-21
4.901991841619426123e+04 1.394781746176894257e-20 2.219947615237097365e-21
4.903785638939998171e+04 1.260127747697380786e-20 2.197751604584577968e-21
4.905579431281481084e+04 1.140444415208401382e-20 2.263765427548753277e-21
4.907373218635441299e+04 1.107392876208477955e-20 2.199025562763439940e-21
4.909167001000760501e+04 9.262411708161631089e-21 2.200790715570872350e-21
4.910960778368467436e+04 1.041926439467948762e-20 2.148246264624057898e-21
4.912754550736499368e+04 9.150493561257399156e-21 2.107873075947303882e-21
4.914548318095892319e+04 7.158853177914443872e-21 2.133616968706944947e-21
4.916342080444531894e+04 1.030403622097545757e-20 2.253379581680630040e-21
4.918135837777121924e+04 1.011954297679820089e-20 2.258620920688599467e-21
4.919929590085195377e+04 1.574077225704478035e-20 2.263989753658238673e-21
4.921723337367249042e+04 9.737098215233832067e-21 2.243639790322811788e-21
4.923517079615376861e+04 8.869316925348299156e-21 2.075904518878976885e-21
4.925310816826956579e+04 1.360814890346365894e-20 2.332736730119461871e-21
4.927104548993014760e+04 1.060243388674821534e-20 2.371259124245026960e-21
4.928898276111938321e+04 1.155991902100416119e-20 2.215924820748271958e-21
4.930691998176434572e+04 1.126942759360384176e-20 2.279197206015785076e-21
4.932485715181785781e+04 1.761299359119490841e-20 2.366306021439254177e-21
4.934279427122733614e+04 1.490333808904751617e-20 2.302747426175778440e-21
4.936073133994032833e+04 1.297583519047475448e-20 2.250779802227998671e-21
4.937866835790887126e+04 1.059402366364640753e-20 2.247474075096825225e-21
4.939660532506005984e+04 8.595433490949108259e-21 2.125041376660067480e-21
4.941454224137884739e+04 1.072090769094590081e-20 2.189267280093875364e-21
4.943247910677018808e+04 1.094115280590670338e-20 2.226583749196205857e-21
4.945041592121371650e+04 1.345866501972714184e-20 2.189898051086075538e-21
4.946835268464581168e+04 1.566169250675692619e-20 2.310115229366991242e-21
4.948628939701450145e+04 8.804939649958525820e-21 2.194167244938539157e-21
4.950422605826782092e+04 9.671350412819108244e-21 2.245077572557580295e-21
4.952216266835345596e+04 1.191990929695004956e-20 2.341397439594903345e-21
4.954009922722453484e+04 7.432936045893055777e-21 2.225121773213047699e-21
4.955803573480711202e+04 1.338659257868877566e-20 2.386783976991695372e-21
4.957597219108616264e+04 9.913993552614802622e-21 2.284436905896577368e-21
4.959390859596728114e+04 1.086227126283896606e-20 2.283130601921566925e-21
4.961184494943581376e+04 1.519897286879824476e-20 2.314398650994824077e-21
4.962978125141280179e+04 1.169613719520280512e-20 2.372998634804105375e-21
4.964771750186224381e+04 1.039017513439703218e-20 2.412641858400030997e-21
4.966565370072592486e+04 1.497082658002809863e-20 2.366019872673677736e-21
4.968358984794700518e+04 1.172394038458764864e-20 2.362918228568571471e-21
4.970152594348975981e+04 1.037360489391538196e-20 2.346974144821638925e-21
4.971946198728061427e+04 8.736380610314579018e-21 2.307653566719124123e-21
4.973739797928366897e+04 1.260886650628261146e-20 2.280521103466116276e-21
4.975533391944130562e+04 1.200258191546138700e-20 2.211855062365117696e-21
4.977326980770126829e+04 1.390691767318442279e-20 2.215770817733076946e-21
4.979120564400684088e+04 1.158940611786907270e-20 2.199180381310472182e-21
4.980914142832229845e+04 1.182389398069576614e-20 2.372916807333346476e-21
4.982707716057409561e+04 8.787181474239967225e-21 2.314474935804268015e-21
4.984501284072116687e+04 1.114790613927591069e-20 2.301512176952897054e-21
4.986294846871642949e+04 9.967319709677873998e-21 2.157330616599141034e-21
4.988088404449767404e+04 1.115543274454802900e-20 2.366999201557369965e-21
4.989881956802418426e+04 1.050139753230888008e-20 2.299932241722750262e-21
4.991675503923869837e+04 1.134725817611001410e-20 2.358970199340520094e-21
4.993469045808402007e+04 1.101703941058762676e-20 2.264255808783810016e-21
4.995262582451372873e+04 4.550976130001601116e-21 2.323891312462918991e-21
4.997056113848632231e+04 8.130450574876025155e-21 2.300440063961405717e-21
4.998849639992370794e+04 1.158816514171530163e-20 2.462425034294378147e-21
5.000643160880681535e+04 1.478763477719903931e-20 2.510316754100641353e-21
5.002436676505677315e+04 6.955153219482835102e-21 2.370621834337375503e-21
5.004230186863823474e+04 9.865749514711128701e-21 2.403870704885417514e-21
5.006023691948841588e+04 9.116691317590937645e-21 2.467108150224799586e-21
5.007817191756637476e+04 1.089244026450426117e-20 2.378589471306056016e-21
5.009610686281566450e+04 6.174157536057945987e-21 2.463152176403743858e-21
5.011404175517921976e+04 1.151948135067585169e-20 2.337633832161124172e-21
5.013197659461099829e+04 4.265450157475637929e-21 2.275058983813378526e-21
5.014991138106487051e+04 1.532375392212529372e-20 2.429840192576056047e-21
5.016784611447804491e+04 1.305268500181941199e-20 2.373162871633395212e-21
5.018578079481001623e+04 1.054668946388116211e-20 2.410427911028389356e-21
5.020371542200428667e+04 1.519089312429917853e-20 2.472010284141978134e-21
5.022164999599840667e+04 1.431204254406812026e-20 2.425876711410258000e-21
5.023958451676836557e+04 1.764121680212576994e-20 2.402915054215268264e-21
5.025751898422987870e+04 9.160327295716730450e-21 2.434922999246368407e-21
5.027545339835852792e+04 8.363356697606045062e-21 2.344019284484164101e-21
5.029338775909213291e+04 9.559538390701544455e-21 2.375455662170911955e-21
5.031132206637426134e+04 1.200947619227226365e-20 2.401041372281473815e-21
5.032925632015898736e+04 1.085659517730526140e-20 2.407811613772367505e-21
5.034719052039506641e+04 1.078969066522969412e-20 2.410343216335104987e-21
5.036512466704225517e+04 1.733731734042364976e-20 2.456375594117288965e-21
5.038305876002124569e+04 1.212456598511982266e-20 2.349170998255763787e-21
5.040099279930854391e+04 7.457381866320081983e-21 2.181918745943983329e-21
5.041892678483671625e+04 8.973616111825812303e-21 2.270723769523144801e-21
5.043686071656560671e+04 1.294391927730610150e-20 2.255116229479576960e-21
5.045479459442746884e+04 1.051583654512288765e-20 2.307355692039584144e-21
5.047272841839322791e+04 1.014298236032233894e-20 2.282390559442754154e-21
5.049066218839479552e+04 1.160624253836516136e-20 2.243337156807948555e-21
5.050859590438658779e+04 1.256773567079519927e-20 2.400832551452540632e-21
5.052652956631789857e+04 6.850226222036998781e-21 2.408794750761426196e-21
5.054446317413767974e+04 1.261856564229298190e-20 2.265031220843727070e-21
5.056239672780038381e+04 1.087341894927231116e-20 2.316499516219899702e-21
5.058033022724387411e+04 9.904715681318001014e-21 2.287317264726650504e-21
5.059826367242248671e+04 8.285114032851780621e-21 2.300056474147684623e-21
5.061619706328488246e+04 1.031536201013229233e-20 2.218284320419732753e-21
5.063413039978619781e+04 1.597946814302221028e-20 2.347170691965426117e-21
5.065206368194008246e+04 2.324785831267640658e-20 2.350706655178606537e-21
5.066999717975388194e+04 1.186686309662008495e-20 2.389713083249769178e-21
5.068793073240575177e+04 8.574646387454083034e-21 2.109130606053388463e-21
5.070586423048376309e+04 1.146060106038517216e-20 1.938099088024685158e-21
5.072379767393632210e+04 9.421564708915064877e-21 1.921173559469419976e-21
5.074173106271330471e+04 1.233153222469343539e-20 2.071863137202009680e-21
5.075966439676384471e+04 1.047001649587249467e-20 2.273291912155212390e-21
5.077759767603714135e+04 8.755133336168340989e-21 2.370663402285553854e-21
5.079553090048237209e+04 9.405879430246789180e-21 2.483858071077154355e-21
5.081346407004871435e+04 5.983726588991196368e-21 2.278503480137294243e-21
5.083139718468503997e+04 1.186519897907439497e-20 2.434074506961720877e-21
5.084933024434061372e+04 1.322195646724224650e-20 2.440200054120706542e-21
5.086726324897068116e+04 9.886612964788392494e-21 2.436051803283699101e-21
5.088519619851331663e+04 1.406789268600954476e-20 2.598169073308485618e-21
5.090312909291778487e+04 1.118697869468133859e-20 2.366003400609233990e-21
5.092106193214465020e+04 9.063119349476625915e-21 2.388860900554388460e-21
5.093899471614322829e+04 1.100145597215205250e-20 2.426290729921019978e-21
5.095692744483971910e+04 8.293212359660744266e-21 2.382133105132603993e-21
5.097486011821789725e+04 9.198283288195287704e-21 2.331360207652347758e-21
5.099279273620471213e+04 8.061228835219454983e-21 2.348756249987706539e-21
5.101072529876082262e+04 1.595108422422041811e-20 2.410469776709424865e-21
5.102865780581306899e+04 2.013918498469642451e-20 2.528752005411884898e-21
5.104659025734476745e+04 1.337262578636475058e-20 2.497363769916768144e-21
5.106452265328262729e+04 8.862783997483270101e-21 2.399502663819208662e-21
5.108245499357578228e+04 8.370853214968792801e-21 2.368480411488213601e-21
5.110038727818560437e+04 1.005354339805088909e-20 2.351489564124428869e-21
5.111831950705590862e+04 1.139806996379128169e-20 2.332675600401776367e-21
5.113625168013627990e+04 7.553279822158810893e-21 2.467510752333687979e-21
5.115418379737620853e+04 1.003328602743616195e-20 2.523623657028844201e-21
5.117211585871965508e+04 9.199493988672661943e-21 2.366698181240925137e-21
5.119004786413285910e+04 1.735325949723454867e-20 2.563602447213305380e-21
5.120797981354271906e+04 1.403432704012943840e-20 2.619437004761908672e-21
5.122591170692192100e+04 1.198427112802004547e-20 2.472270137994836564e-21
5.124384354419742158e+04 1.045888218632449233e-20 2.429733805354486887e-21
5.126177532533021440e+04 9.419261993607004756e-21 2.373124110020650910e-21
5.127970705027568329e+04 1.297918435478539871e-20 2.402279780534432296e-21
5.129763871897780336e+04 1.112797785310340500e-20 2.344622446557270354e-21
5.131557033138030965e+04 1.308605075987651843e-20 2.369187159022003139e-21
5.133350188744995103e+04 1.404880881823114097e-20 2.687995284067182798e-21
5.135143338711407705e+04 1.343566353435633172e-20 2.591543201470119959e-21
5.136936483034527191e+04 9.423467707806295953e-21 2.522016278939651652e-21
5.138729621706477337e+04 1.177262929966238666e-20 2.563149943685035331e-21
5.140522754725088453e+04 9.426180199520838064e-21 2.528992208383787368e-21
5.142315882084202894e+04 1.222425194110656736e-20 2.505309665250142190e-21
5.144109003777640464e+04 8.842460596909080539e-21 2.390624892719420249e-21
5.145902119803792448e+04 9.568156954846401450e-21 2.389356370900031908e-21
5.147695230152545264e+04 6.608763991621270543e-21 2.581640453092729160e-21
5.149488334824035701e+04 8.412261647005888035e-21 2.567914122057419837e-21
5.151281433809820010e+04 9.144884648880056791e-21 2.553121736859756496e-21
5.153074527107181348e+04 1.034637335401341688e-20 2.672254876826547902e-21
5.154867614708819019e+04 1.419900807483980593e-20 2.652433816601293517e-21
5.156660696610296145e+04 1.500397742601850028e-20 2.587040329255769987e-21
5.158453772808276699e+04 1.449197690231749994e-20 2.554177426705436335e-21
5.160246843296672159e+04 1.191693922409487715e-20 2.554442636571330585e-21
5.162039908070483943e+04 1.192005380823813492e-20 2.620096448838284668e-21
5.163832967124140123e+04 1.339292127910531970e-20 2.610161090621894500e-21
5.165626020453789533e+04 1.324520369416626331e-20 2.666556811214407377e-21
5.167419068053290539e+04 1.145033289675919740e-20 2.572600863456528951e-21
5.169212109918798524e+04 1.146842331417511900e-20 2.477365179749672476e-21
5.171005146044134017e+04 1.233557792943640724e-20 2.626426805755547160e-21
5.172798176425473503e+04 1.064557723842149853e-20 2.379715560336681356e-21
5.174591201056121645e+04 8.044293916936571907e-21 2.297265556441243024e-21
5.176384219933401619e+04 4.613170853253658694e-21 2.416819768460408706e-21
5.178177233050595532e+04 1.134179816774834974e-20 2.470991865812118833e-21
5.179970240403876232e+04 1.358752331109030041e-20 2.433042460162832602e-21
5.181763241987682704e+04 5.979174364609974329e-21 2.443930084734026749e-21
5.183556237796458299e+04 8.311461764020510066e-21 2.551067919061967091e-21
5.185349227825739217e+04 9.336771106930616637e-21 2.402675463076165795e-21
5.187142212070611276e+04 5.283713033577102604e-21 2.515271199858875385e-21
5.188935190526679071e+04 1.149111221589220262e-20 2.615463872556887723e-21
5.190728163187806058e+04 8.465894360214659140e-21 2.535628569550927106e-21
5.192521130049604108e+04 9.517437062208528478e-21 2.586764809863138070e-21
5.194314091107100830e+04 1.581667121662562314e-20 2.570681219110868566e-21
5.196107046355904458e+04 1.128858323600229608e-20 2.521240648909107346e-21
5.197899995789306558e+04 9.937748407112702689e-21 2.563606202984840309e-21
5.199692939404609206e+04 1.266637954435918395e-20 2.536641132949269633e-21
5.201485877195746434e+04 1.527715587260463760e-20 4.278610696561768961e-21
