1.785093859516112934e+04 7.422486577554083842e-20 6.698600545421072858e-21
1.786155978056899767e+04 8.335268520771590455e-20 4.222656364380727622e-21
1.787218091965028361e+04 1.020755084108037622e-19 4.636707416750752192e-21
1.788280201237463552e+04 1.038554065572229021e-19 4.712495101203917086e-21
1.789342305870963901e+04 9.671692414570499251e-20 4.502277055263503742e-21
1.790404405862504427e+04 7.630893996878608758e-20 4.274201536620027605e-21
1.791466501208968839e+04 5.855349752448652451e-20 4.275910340826297525e-21
1.792528591907154259e+04 6.229261247332532423e-20 4.066676857773636331e-21
1.793590677954052808e+04 6.147591900434801132e-20 4.197727809905319374e-21
1.794652759346435778e+04 6.138141773688663766e-20 3.778695750600175049e-21
1.795714836081238172e+04 6.877414919570389476e-20 3.956492826759857687e-21
1.796776908155396450e+04 5.991594731482627095e-20 4.055466076948372807e-21
1.797838975565708097e+04 6.856971974715493904e-20 4.191790636140045330e-21
1.798901038309055002e+04 6.034343362745288638e-20 4.314992994224457714e-21
1.799963096382345611e+04 5.672570660764197679e-20 4.134626171713730938e-21
1.801025149782485096e+04 5.881527711145642808e-20 4.053879583889719813e-21
1.802087198506356071e+04 7.985844389844224414e-20 4.257307633484235835e-21
1.803149242550757117e+04 8.822334169099190147e-20 4.379524636089847474e-21
1.804211281912622508e+04 8.969291466806763394e-20 4.262655849451797593e-21
1.805273316588859598e+04 8.741287065832234321e-20 4.229038638503612351e-21
1.806335346576335360e+04 7.968981570450394159e-20 4.026622083127548343e-21
1.807397371871803261e+04 7.085636546209630655e-20 4.090464939005168291e-21
1.808459392472362379e+04 5.541777889824580899e-20 3.710736237838591585e-21
1.809521408374784733e+04 6.541784969749709447e-20 4.184971855706974606e-21
1.810583419575816515e+04 6.041385700035729739e-20 3.885698944940152438e-21
1.811645426072602640e+04 7.331448457576639690e-20 3.869152718976190850e-21
1.812707427861809992e+04 9.081679288087072959e-20 4.170283179700956071e-21
1.813769424940423778e+04 1.009795383315306879e-19 4.408520346780000224e-21
1.814831417305324067e+04 1.026101505014362266e-19 4.487378091864165641e-21
1.815893404953282152e+04 9.991404687418602757e-20 4.432474742558840117e-21
1.816955387881309798e+04 8.903320073999248829e-20 4.394222719963462580e-21
1.818017366086258698e+04 9.043116248607462195e-20 4.216744186739100809e-21
1.819079339565006376e+04 8.863134450684818360e-20 4.250138148500691264e-21
1.820141308314353591e+04 7.731694903663492241e-20 4.175033741317130284e-21
1.821203272331197877e+04 7.104339733923455755e-20 4.243459614438348624e-21
1.822265231612464049e+04 6.397768892856800270e-20 3.857587453109200711e-21
1.823327186154989249e+04 6.605386331041344207e-20 4.016607695572681543e-21
1.824389135955702659e+04 6.253001486688663881e-20 3.820367277071369599e-21
1.825451081011508722e+04 8.242789435962700541e-20 4.273838283745769658e-21
1.826513021319152904e+04 9.224235781559447309e-20 4.279521231345655534e-21
1.827574956875564021e+04 9.141371424510798743e-20 4.334238532900950810e-21
1.828636887677671621e+04 1.098145219737122424e-19 4.339134777740039427e-21
1.829698813722328487e+04 9.960282784834074115e-20 4.267304648670559219e-21
1.830760735006433970e+04 1.057659600682061614e-19 4.260945177387430436e-21
1.831822651526840491e+04 1.017970687352879059e-19 4.301962215085617854e-21
1.832884563280423754e+04 1.078882689512529212e-19 4.172003474547166945e-21
1.833946470264085292e+04 9.951872541900869366e-20 4.080004787184968581e-21
1.835008372474565476e+04 1.034571876514301034e-19 4.401495481660339490e-21
1.836070269908913178e+04 8.768068727636220813e-20 3.994874823584058911e-21
1.837132162563940437e+04 7.682240072391979848e-20 3.876219776517891177e-21
1.838194050436442922e+04 7.335638103194303258e-20 4.080789179982795802e-21
1.839255933523478961e+04 6.320718173493761225e-20 3.827801148518006589e-21
1.840317811821713258e+04 5.838041450588656161e-20 3.687317971163858610e-21
1.841379685328153573e+04 6.012555846412960238e-20 3.680212696646646867e-21
1.842441554039749462e+04 7.079247524866971711e-20 3.764481110962224372e-21
1.843503417953194003e+04 8.312327193607039284e-20 3.840250962242196880e-21
1.844565277065413829e+04 9.206799104774025801e-20 3.746772926473597524e-21
1.845627131373385419e+04 9.992558574506294358e-20 3.902170331922338551e-21
1.846688980873826222e+04 1.216719555025092282e-19 4.255846424842307499e-21
1.847750825563658873e+04 1.235601556167450480e-19 4.314210452293422196e-21
1.848812665439872217e+04 1.084658527652177703e-19 3.994181855280470724e-21
1.849874500499174610e+04 1.185234068834109085e-19 4.113129982851788334e-21
1.850936330738490142e+04 1.094808507184584045e-19 4.060839187710093981e-21
1.851998156154768367e+04 1.159361445967102430e-19 4.168169537153237259e-21
1.853059976744856249e+04 1.188653206252166086e-19 3.978916293588200754e-21
1.854121792505521444e+04 1.142926248717783292e-19 4.031608114909838171e-21
1.855183603433791359e+04 1.247488039506330587e-19 4.167401607014844229e-21
1.856245409526432923e+04 1.342198179601105365e-19 4.159962296742036766e-21
1.857307210780292371e+04 1.273057379852990243e-19 4.205091742439776665e-21
1.858369007192368736e+04 1.186733434986479960e-19 4.247768654616191678e-21
1.859430798759352911e+04 1.130589071573230093e-19 4.239409834909277493e-21
1.860492585478249021e+04 1.053062280114517857e-19 3.867569475010487068e-21
1.861554367345972059e+04 9.656115736335427910e-20 4.142666587086409687e-21
1.862616144359238024e+04 8.999082987815408538e-20 4.054436303471680635e-21
1.863677916515019751e+04 7.845574794200366064e-20 3.610941841657912443e-21
1.864739683810109636e+04 6.932093080443340880e-20 3.476987860776130462e-21
1.865801446241452868e+04 6.997754970974852398e-20 3.457110601150310572e-21
1.866863203805868034e+04 6.907880114141400438e-20 3.501790641527936629e-21
1.867924956500299595e+04 7.727551070120146323e-20 3.597622842638001110e-21
1.868986704321513025e+04 9.542024439481983042e-20 4.043698569618317291e-21
1.870048447266503717e+04 9.382810031216694826e-20 3.858858755019236193e-21
1.871110185331954926e+04 9.985443633039340248e-20 3.905508007968521437e-21
1.872171918514928257e+04 1.065779886348440600e-19 3.843914335538639196e-21
1.873233646812077131e+04 1.055765851126614818e-19 3.939517967538563477e-21
1.874295370220523182e+04 1.093476938599642384e-19 4.074828342830190357e-21
1.875357088736853257e+04 1.205423196358048327e-19 3.930751918166134792e-21
1.876418802358211178e+04 1.162750037575791021e-19 3.954363844076631151e-21
1.877480511081362783e+04 1.131915324663780358e-19 3.991268503511853885e-21
1.878542214903020431e+04 1.239589137741877736e-19 3.928310703862162920e-21
1.879603913820329399e+04 1.195577775014263875e-19 3.825776332857360885e-21
1.880665607829875080e+04 1.213287369566985598e-19 3.934765524726233353e-21
1.881727296928665237e+04 1.194239228542678138e-19 4.076066314408273391e-21
1.882788981113507180e+04 1.221500795214566992e-19 4.106293010077535598e-21
1.883850660381354828e+04 1.197265959456293925e-19 3.993770920538427128e-21
1.884912334729047143e+04 1.123156794700928522e-19 3.852044401095892662e-21
1.885974004153371789e+04 1.125217450200044036e-19 3.914057910331180482e-21
1.887035668651241576e+04 1.057556597075012403e-19 3.947194236801269439e-21
1.888097328219544943e+04 1.098496916859935149e-19 3.839400457256418707e-21
1.889158982855019349e+04 1.110603575377688088e-19 3.887507556773411632e-21
1.890220632554750046e+04 1.255543569989662099e-19 4.035165048640529049e-21
1.891282277315449028e+04 1.225141544046054609e-19 4.031963645530572606e-21
1.892343917133935975e+04 1.128472458412020652e-19 3.889028861177283974e-21
1.893405552007182268e+04 1.234644972775332650e-19 3.803918413774264556e-21
1.894467181931929736e+04 1.192185780003276848e-19 3.856558843875378767e-21
1.895528806905164674e+04 1.224637895726106579e-19 3.927198060461860726e-21
1.896590426923695122e+04 1.008538142360681896e-19 3.848638224875600644e-21
1.897652041984381503e+04 1.006234650431421444e-19 4.383335973114766529e-21
1.898713652084083151e+04 1.152497492090852348e-19 4.356603434125630805e-21
1.899775257219657942e+04 1.053023610006660034e-19 3.568259522105060285e-21
1.900836857387917189e+04 9.622477027204234473e-20 3.534949855416046025e-21
1.901898452585847554e+04 8.175009680141141732e-20 3.430918387167251694e-21
1.902960042810166851e+04 7.934685321282385077e-20 3.473474176475851296e-21
1.904021628057743146e+04 7.087897670914910736e-20 3.333798811400431268e-21
1.905083208325578744e+04 7.066305810089997395e-20 3.197281571032540542e-21
1.906144783610333980e+04 6.686217669067420463e-20 3.275762492253127368e-21
1.907206353908964593e+04 7.900338120431625733e-20 3.332963270827143710e-21
1.908267919218375027e+04 8.065149592124702179e-20 3.553784097565568842e-21
1.909329479535394421e+04 1.009173683665077034e-19 3.662242512265506206e-21
1.910391034856758051e+04 9.283646500588551404e-20 3.922620206447395909e-21
1.911452585179491143e+04 1.113070244672161044e-19 3.756341594334225453e-21
1.912514130500272222e+04 1.097893609588361129e-19 3.805832122723505351e-21
1.913575670816104684e+04 1.178042484353242526e-19 3.940832050646439606e-21
1.914637206123842770e+04 1.224151870129085271e-19 4.020148793317264884e-21
1.915698736420290516e+04 1.285067047974854424e-19 3.866172088226112151e-21
1.916760261702202843e+04 1.305378361787222969e-19 4.142379340546257983e-21
1.917821781966529670e+04 1.304636446022705793e-19 4.013169189303746798e-21
1.918883297210268574e+04 1.246022475652729524e-19 4.144490921247262243e-21
1.919944807430015862e+04 1.315199547952511818e-19 4.203710060929755131e-21
1.921006312622714904e+04 1.297425585226868581e-19 4.046810652261175920e-21
1.922067812785135538e+04 1.316965996249421098e-19 3.921233129254171987e-21
1.923129307914274978e+04 1.215116121508451670e-19 4.014229067215295061e-21
1.924190798007076592e+04 1.284546498610066141e-19 4.058445351467811829e-21
1.925252283060149421e+04 1.237367214482059681e-19 3.909365358527682136e-21
1.926313763070390269e+04 1.325556341713188810e-19 4.124530607838532213e-21
1.927375238034697395e+04 1.263492350064180283e-19 3.950471258003875704e-21
1.928436707949956326e+04 1.230682387949353850e-19 3.971581688040734872e-21
1.929498172813003112e+04 1.176357381414650343e-19 3.780673301557623691e-21
1.930559632620561752e+04 1.269890967088348770e-19 3.946531387279398123e-21
1.931621087369667657e+04 1.163540129289418287e-19 3.926369007053191536e-21
1.932682537056932779e+04 1.258151180100420597e-19 4.088376849007895080e-21
1.933743981679437638e+04 1.302950766460565482e-19 4.051539715537192826e-21
1.934805421233933521e+04 1.359954176129720997e-19 4.105143447102600143e-21
1.935866855717265207e+04 1.516526315143315247e-19 4.205751386724969616e-21
1.936928285126265473e+04 1.384459288473756776e-19 4.068340865404119538e-21
1.937989709457675781e+04 1.249683106107818181e-19 4.134972028895657453e-21
1.939051128708596298e+04 1.255111569701803133e-19 3.995648274945006892e-21
1.940112542875632062e+04 1.258606048865530834e-19 3.956504412478437821e-21
1.941173951955766825e+04 1.306803103829726533e-19 4.113254380309652858e-21
1.942235355945749325e+04 1.254419026786420124e-19 4.090442107156466459e-21
1.943296754842468363e+04 1.231458090577643874e-19 4.004353929159881289e-21
1.944358148642812012e+04 1.328946155007620065e-19 3.699382797993576506e-21
1.945419537343502088e+04 1.237996891496875786e-19 3.838900359003836790e-21
1.946480920941489967e+04 1.210224524561337155e-19 3.685877053979694879e-21
1.947542299433480730e+04 1.224160126701226275e-19 3.785327730563468294e-21
1.948603672816548351e+04 1.204913686640568447e-19 3.596305862032511921e-21
1.949665041087250574e+04 1.177186275550437144e-19 3.872162803011153819e-21
1.950726404242659191e+04 1.226023119886185148e-19 3.616424480197533022e-21
1.951787762279425078e+04 1.176453226951554589e-19 3.772623470769140666e-21
1.952849115194607657e+04 1.194588980366711452e-19 3.869045896845396686e-21
1.953910462984800324e+04 1.183240535101322210e-19 3.896369089416014034e-21
1.954971805646953726e+04 1.186497439482148950e-19 3.759172794255834647e-21
1.956033143177855527e+04 1.203911733658791990e-19 3.829847418248209534e-21
1.957094475574482567e+04 1.241765864703016477e-19 3.726515073172197346e-21
1.958155802833573762e+04 1.063244597106232599e-19 3.603009763769820727e-21
1.959217124951870937e+04 1.132207037832497836e-19 3.540777215940419432e-21
1.960278441926346932e+04 1.032324555164544086e-19 3.559894442925152465e-21
1.961339753753804325e+04 1.112745457573464203e-19 3.646129900168901248e-21
1.962401060431014412e+04 1.045699899426639409e-19 3.380428671208740513e-21
1.963462361954807420e+04 8.649468275296568260e-20 3.342108799474286392e-21
1.964523658322108895e+04 9.577811427726951976e-20 3.332354461936350572e-21
1.965584949529749792e+04 8.206273106858165729e-20 3.407685007956080512e-21
1.966646235574465754e+04 7.951124089598132557e-20 3.404438685777788661e-21
1.967707516453088101e+04 6.328439908378751732e-20 3.162085185180515737e-21
1.968768792162459795e+04 6.487037476336476134e-20 3.169186323320255041e-21
1.969830062699580230e+04 7.146478470878898103e-20 3.197257317544036139e-21
1.970891328061002787e+04 7.934410186205691750e-20 3.270981813647533021e-21
1.971952588243736682e+04 9.494834078289560868e-20 3.549373941872714661e-21
1.973013843244517921e+04 1.029220786091193895e-19 3.608484357835216486e-21
1.974075093060310610e+04 1.005738423251725832e-19 3.568531758650486277e-21
1.975136337687752166e+04 1.061919937104684487e-19 3.615546344265334470e-21
1.976197577123736119e+04 1.010964742033502512e-19 3.593475847119319638e-21
1.977258811365160727e+04 1.143173023295808202e-19 3.771876981713208565e-21
1.978320040408807108e+04 1.168389250215373693e-19 3.604788477014966350e-21
1.979381264251496395e+04 1.169322093873371037e-19 3.718638478757171099e-21
1.980442482890052997e+04 1.126844015223491472e-19 3.548127529834139841e-21
1.981503696321298048e+04 1.163007937398359210e-19 3.660793143788737578e-21
1.982564904541993019e+04 1.140455379931279096e-19 3.544894515038814712e-21
1.983626107549002700e+04 1.161983919996904412e-19 3.581041620094421492e-21
1.984687305339209706e+04 1.188087306188166444e-19 3.592560796005686750e-21
1.985748497909436264e+04 1.209992280170718563e-19 3.725568296398118149e-21
1.986809685256365628e+04 1.204541051193152315e-19 3.788873516645469114e-21
1.987870867376908063e+04 1.280681146127192183e-19 3.623364458376318446e-21
1.988932044267925085e+04 1.248164842228820559e-19 3.672351996761745623e-21
1.989993215926111952e+04 1.236575304503043615e-19 3.670087790902409363e-21
1.991054382348318541e+04 1.065720885502184778e-19 3.536045352348370360e-21
1.992115543531495859e+04 1.177544155697971574e-19 3.703851863375291672e-21
1.993176699472370819e+04 1.220587447426852922e-19 3.535931071168430046e-21
1.994237850167715078e+04 1.216430717641023549e-19 3.497953115336116643e-21
1.995298995614430896e+04 1.116685270343693842e-19 3.441833717475933151e-21
1.996360135809228086e+04 1.149177881680341498e-19 3.877087930347639979e-21
1.997421270748962343e+04 1.209592418267555756e-19 3.592345514656850110e-21
1.998482400430465714e+04 1.067001893637164689e-19 3.342943232173546191e-21
1.999543524850594258e+04 1.154999604735929141e-19 3.555705968636238320e-21
2.000604644006027229e+04 1.103674239877944739e-19 3.503209158446785892e-21
2.001665757893751288e+04 1.179407730182813665e-19 3.497272421481504657e-21
2.002726866510481705e+04 1.121280455480907181e-19 3.524240376349021891e-21
2.003787969852962851e+04 1.145949454650905636e-19 3.624986581499883692e-21
2.004849067918079163e+04 1.184570106657964543e-19 3.629080742584754184e-21
2.005910160702678695e+04 1.173655614352708934e-19 3.666267168236285684e-21
2.006971248203441428e+04 1.204382582582376768e-19 3.632259275330361997e-21
2.008032330417303820e+04 1.084836212612205024e-19 3.609724767131813781e-21
2.009093407341799320e+04 1.139412871133447194e-19 3.630441744153616513e-21
2.010154485370800830e+04 1.121512592201450711e-19 3.592083069361202389e-21
2.011215611256286866e+04 1.233967658411912637e-19 3.554328502215902503e-21
2.012276731846077382e+04 1.116655148861451033e-19 3.667006077012201149e-21
2.013337847132100796e+04 1.245422343603377323e-19 3.598773417948723403e-21
2.014398957110857009e+04 1.246087359148922539e-19 3.678665125213863218e-21
2.015460061779665921e+04 1.187046369126843663e-19 3.689253772682483380e-21
2.016521161134988870e+04 1.107301427131263583e-19 3.672754303973666195e-21
2.017582255173533486e+04 1.193423161420014012e-19 3.779473898614556298e-21
2.018643343892446865e+04 1.121244204376402851e-19 3.593363118721330610e-21
2.019704427288356237e+04 1.270500568453757925e-19 3.804535771431449940e-21
2.020765505357927759e+04 1.146459394672134921e-19 3.654010165508223758e-21
2.021826578098173559e+04 1.159571173072252921e-19 3.536633304159614380e-21
2.022887645505859837e+04 1.170905897842963272e-19 3.560024879917500507e-21
2.023948707577513051e+04 1.136784505305008264e-19 3.472871479969973135e-21
2.025009764310319588e+04 1.212282565909963047e-19 3.611819435593922016e-21
2.026070815700860476e+04 1.248951011875387267e-19 3.726728598701879258e-21
2.027131861745883361e+04 1.254475155496621314e-19 3.632511022876443736e-21
2.028192902442389459e+04 1.234956951243374171e-19 3.773788829083696997e-21
2.029253937786980532e+04 1.207144272359540983e-19 3.574355225290391848e-21
2.030314967776433696e+04 1.204780843964681915e-19 3.590713848306761479e-21
2.031375992407757440e+04 1.218052390728483735e-19 3.751696272833710552e-21
2.032437011677525516e+04 1.217945702094241226e-19 3.582072487130310137e-21
2.033498025582615810e+04 1.170116562589656605e-19 3.574663387093801743e-21
2.034559034119882199e+04 1.259134763183015882e-19 3.551689766305422515e-21
2.035620037285855869e+04 1.199766601480038668e-19 3.629464560479703601e-21
2.036681035077691558e+04 1.244331754571208301e-19 3.593883860662954599e-21
2.037742027491958652e+04 1.168080544880998598e-19 3.601713901582425360e-21
2.038803014525357867e+04 1.113741764039142624e-19 3.500135650966371627e-21
2.039863996174978456e+04 1.199019013253508782e-19 3.546067903106183087e-21
2.040924972437350152e+04 1.273567125412456746e-19 3.630847400492190388e-21
2.041985943309248250e+04 1.276559320629193945e-19 3.683442398400705211e-21
2.043046908787633947e+04 1.148187166305936543e-19 3.708381628100602408e-21
2.044107868869160666e+04 1.151959255233971999e-19 3.573112681842417967e-21
2.045168823550653178e+04 1.229872946620697620e-19 3.782300896295906701e-21
2.046229772828964633e+04 1.182026589229540691e-19 3.669473589293786229e-21
2.047290716700603662e+04 1.193852870004488532e-19 3.707517122039195362e-21
2.048351655162680254e+04 1.279958124643732192e-19 3.695090441709640535e-21
2.049412588211887123e+04 1.212505421273432967e-19 3.565779658222418756e-21
2.050473515844700887e+04 1.227116308714339026e-19 3.587717787028370074e-21
2.051534438058415617e+04 1.172708405993495373e-19 3.539578880202855909e-21
2.052595354849470459e+04 1.209549442478365138e-19 3.652452034915845587e-21
2.053656266214629431e+04 1.240447213817983432e-19 3.783696667460236893e-21
2.054717172150847546e+04 1.269328537229484670e-19 3.733324761405634656e-21
2.055778072654637435e+04 1.172982784734231657e-19 3.573292034697381892e-21
2.056838967723165115e+04 1.239427675525061165e-19 3.528616143638937712e-21
2.057899857353004336e+04 1.202137185865291501e-19 3.861475245935439230e-21
2.058960741540586605e+04 1.279543202159253342e-19 3.881304336394447229e-21
2.060021620283222001e+04 1.119093610655766230e-19 3.847148091082613256e-21
2.061082493577420246e+04 1.144178913098410427e-19 3.698197828860570171e-21
2.062143361419997382e+04 1.140955667774465032e-19 3.578059313561440188e-21
2.063204223807753078e+04 1.142637785292215566e-19 3.521781483980484335e-21
2.064265080737218159e+04 1.171853430790027772e-19 3.428645634120830881e-21
2.065325932205536810e+04 1.224315392575032408e-19 3.523942369709079667e-21
2.066386778209247859e+04 1.159457411971645236e-19 3.529826731784977166e-21
2.067424024445474788e+04 1.091989608203967464e-19 3.402353353343083064e-21
2.068484857156519865e+04 1.179805530259680870e-19 3.555422237905047772e-21
2.069545684394103228e+04 1.169423929114195790e-19 3.558858022910153836e-21
2.070606506154359158e+04 1.131543929302248986e-19 3.496566724930561876e-21
2.071667322433681329e+04 1.162523980152462915e-19 3.539019345241581029e-21
2.072728133229082596e+04 1.246509065282651596e-19 3.821151611169725964e-21
2.073788938537323702e+04 1.143299938764284460e-19 3.630245029245032606e-21
2.074849738354799774e+04 1.003218158519020165e-19 3.307026397792449435e-21
2.075910532678744130e+04 1.031471042827455531e-19 3.246305346982906348e-21
2.076971321505640299e+04 1.001963831500159733e-19 3.475254801845451911e-21
2.078032104832368714e+04 8.987960078194629560e-20 3.149955970291520274e-21
2.079092882655646827e+04 8.480487923238237259e-20 3.111869413120707184e-21
2.080153654972115692e+04 8.504938960450692593e-20 3.171731569217090215e-21
2.081214421778709948e+04 8.065754344119843028e-20 3.177084621271532015e-21
2.082275183072034997e+04 7.262679805661490105e-20 3.086601913347681686e-21
2.083335938849092781e+04 7.947255022875610581e-20 3.156667571943163909e-21
2.084396689106262784e+04 8.023805785831377918e-20 3.040168653238494926e-21
2.085457433840642261e+04 8.505861285269396741e-20 3.068281029080903098e-21
2.086518173048781682e+04 8.953224500033970452e-20 3.225592844902574427e-21
2.087578906727327922e+04 9.750486771019833181e-20 3.108274812872170031e-21
2.088639634873528485e+04 1.078470766191651250e-19 3.379803144115591596e-21
2.089700357483465268e+04 9.398713291558000893e-20 3.296194977741672708e-21
2.090761074554395236e+04 1.106246567108059555e-19 3.303197535303718399e-21
2.091821786082706240e+04 1.146866459689794836e-19 3.495186356224508159e-21
2.092882492065451515e+04 1.119771970962192627e-19 3.351635905520183373e-21
2.093943192499250654e+04 1.232328928829266091e-19 3.484500109381902956e-21
2.095003887380765445e+04 1.103318785084719655e-19 3.602213519166718597e-21
2.096064576706950902e+04 1.144223393324202818e-19 3.500991900434312540e-21
2.097125260474200695e+04 1.187640128328528630e-19 3.480301334803804098e-21
2.098185938679596802e+04 1.120891764059287799e-19 3.437494561151781155e-21
2.099246611319634394e+04 1.146793005382356100e-19 3.489448841239519799e-21
2.100307278391298314e+04 1.123920658723978948e-19 3.313340074055952518e-21
2.101367939891000788e+04 1.093700754280383177e-19 3.472826715736053383e-21
2.102428595815927474e+04 1.136630886384823136e-19 3.397758903168297403e-21
2.103489246162405834e+04 1.180802422836196732e-19 3.574707487420424328e-21
2.104549890927338856e+04 1.124257987606097553e-19 3.466379644140803396e-21
2.105610530107620434e+04 1.138377628688363255e-19 3.612221895348008148e-21
2.106671163699576209e+04 1.161230907646372456e-19 3.610451510130826955e-21
2.107731791700352551e+04 1.186288553079331439e-19 3.428252633582280286e-21
2.108792414106311116e+04 1.093256829250465554e-19 3.531583612627832117e-21
2.109853030914553892e+04 1.166746146145266185e-19 3.492088159332557974e-21
2.110913642121462544e+04 1.122109205148938105e-19 3.319075840432015344e-21
2.111974247724173620e+04 1.219034150999906216e-19 3.333008494915510509e-21
2.113034847718943638e+04 1.155215415141338040e-19 3.618336834664292475e-21
2.114095442102917514e+04 1.080746133135981149e-19 3.368954411134687400e-21
2.115156030872573683e+04 1.158892905925772292e-19 3.301032034556145546e-21
2.116216614023773218e+04 1.169068080474571518e-19 3.326419105104865659e-21
2.117277191472671984e+04 1.202984678448375766e-19 3.302129354374759279e-21
2.118314056179287581e+04 1.031199210635355428e-19 3.379725595415655336e-21
2.119374620104351925e+04 1.154798573383577247e-19 3.401126226056855686e-21
2.120435178398709832e+04 1.156631304534368530e-19 3.353209846168265412e-21
2.121495731059121317e+04 1.176249274177192931e-19 3.330103467812230309e-21
2.122556278082266363e+04 1.133444245882928956e-19 3.458644831625802294e-21
2.123616819464995933e+04 1.087664761591593129e-19 3.350843354947123171e-21
2.124677355203856132e+04 1.215207148820264909e-19 3.478807142969749185e-21
2.125737885295626620e+04 1.254287779343745053e-19 3.507239274355720460e-21
2.126798409737019756e+04 1.172076755536240079e-19 3.327981211321422870e-21
2.127858928524862858e+04 1.172900060394551625e-19 3.356812464654949668e-21
2.128919441655615083e+04 1.214978182442387590e-19 3.439162883687628369e-21
2.129979949126330757e+04 1.170048698230705655e-19 3.439477301474549271e-21
2.131040450933333341e+04 1.118862015530686204e-19 3.387170970529103054e-21
2.132100947073765565e+04 1.198605797097928565e-19 3.418432461676207098e-21
2.133161437543865031e+04 1.138509875077000020e-19 3.444204441414072282e-21
2.134221922340862511e+04 1.142585160701390773e-19 3.244377139836498768e-21
2.135282401460922483e+04 1.139833172220062466e-19 3.515916335893016202e-21
2.136342874901266987e+04 1.086025292994580293e-19 3.319110239586288347e-21
2.137403342658156180e+04 1.222581520407953459e-19 3.402876003254433873e-21
2.138463804728639661e+04 1.180572732872476556e-19 3.377708934463283813e-21
2.139524261109206782e+04 1.158539430872623241e-19 3.471987881112241096e-21
2.140584711796727424e+04 1.277944519463119449e-19 3.517359507736687935e-21
2.141645156787652377e+04 1.150549739069713926e-19 3.303648070552773146e-21
2.142705596079028328e+04 1.132646964447211766e-19 3.394684235481294133e-21
2.143766029667212206e+04 1.102338026937348536e-19 3.369700231343145388e-21
2.144826457549168481e+04 1.131016512122128625e-19 3.490002210577986562e-21
2.145886879721399964e+04 1.089862924032338945e-19 3.474063857505145409e-21
2.146947296180793637e+04 1.193279010280174098e-19 3.574723503208584454e-21
2.148007706923871592e+04 1.127754253370849375e-19 3.371531646972532575e-21
2.149068111947444777e+04 1.074014704876655935e-19 3.255741085297312854e-21
2.150128511248102586e+04 1.243107793303646152e-19 3.498866494532745040e-21
2.151188904822701079e+04 1.133262457003305584e-19 3.387113180411932342e-21
2.152249292667763802e+04 1.192135717088335559e-19 3.363444590678045758e-21
2.153309674780108980e+04 1.206114794632005078e-19 3.458690470560821998e-21
2.154370051156332556e+04 1.198049808084450651e-19 3.347141270635132980e-21
2.155430421793134883e+04 1.150918193078181115e-19 3.325265394170154316e-21
2.156490786687332002e+04 1.143508482519776813e-19 3.477583079350459995e-21
2.157551145835355419e+04 1.184731157865663060e-19 3.367384172643917429e-21
2.158611499234276926e+04 1.226046170954534507e-19 3.377958836214718748e-21
2.159671846880297744e+04 1.162207064554178087e-19 3.322625799979115900e-21
2.160732188770543871e+04 1.143857161988087707e-19 3.377889710875811978e-21
2.161792524901440993e+04 1.266964297103275328e-19 3.566983431533594872e-21
2.162852855269770589e+04 1.063681899685485448e-19 3.352472074967731518e-21
2.163913179872131514e+04 1.131508250034619963e-19 3.443928249557212382e-21
2.164973498705273960e+04 1.252586116373437346e-19 3.410233340963159387e-21
2.166033811765919017e+04 1.177851205969640966e-19 3.337256139945201939e-21
2.167094119050680092e+04 1.169316696763512240e-19 3.483977845178754671e-21
2.168154420556181503e+04 1.183918802539972670e-19 3.522311633751133634e-21
2.169214716279129061e+04 1.146883968090802247e-19 3.464929883362241807e-21
2.170275006216371185e+04 1.213754657150016032e-19 3.431645625505081902e-21
2.171335290364267712e+04 1.173510567457815819e-19 3.235138140610200376e-21
2.172395568719849689e+04 1.106013348229298170e-19 3.206567969961965331e-21
2.173455841279400556e+04 1.146349762964407047e-19 3.394078206006103672e-21
2.174516108039936080e+04 1.003134530689385506e-19 3.324834157646424228e-21
2.175576368997987083e+04 1.074432320133769961e-19 3.170600496146451417e-21
2.176636624150098214e+04 1.137526637743656013e-19 3.271809693680633877e-21
2.177696873493153907e+04 1.070449666068553503e-19 3.165665332120427942e-21
2.178757117023652245e+04 1.134809494217711248e-19 3.268642221328963838e-21
2.179817354738421636e+04 1.233365184423926860e-19 3.291761276960887604e-21
2.180877586633909232e+04 1.189982466784721152e-19 3.152119516824014347e-21
2.181937812707003468e+04 1.086239640604695859e-19 3.218853513738527441e-21
2.182998032954191876e+04 1.148908111048738683e-19 3.207064677355998682e-21
2.184058247372304322e+04 9.725942401089880017e-20 3.119601999697324967e-21
2.185118455957864353e+04 1.103918447810183480e-19 3.117024145428233530e-21
2.186178658707499198e+04 1.247219137810894979e-19 3.317892197576264371e-21
2.187238855618037996e+04 1.149877049623258989e-19 3.309069042446662571e-21
2.188299046685916619e+04 1.260641135662324989e-19 3.344462921190714515e-21
2.189359231908000947e+04 1.292236135467327639e-19 3.353510487820340699e-21
2.190419411280739951e+04 1.115592173067348432e-19 3.169379691935407268e-21
2.191479584801002056e+04 1.149899069987853910e-19 3.180032885576876307e-21
2.192539752465430865e+04 1.153927698731036486e-19 3.159720025695430902e-21
2.193599914270376757e+04 1.077901098188778907e-19 3.274360906583260497e-21
2.194660070212839855e+04 1.122262998764547235e-19 3.208309631377851281e-21
2.195720220289254576e+04 1.081751798945960300e-19 3.274549102275084443e-21
2.196780364496345646e+04 1.044622263939899794e-19 3.291742539189067434e-21
2.197840502830760670e+04 1.166358321715902620e-19 3.375491455854379352e-21
2.198900635289151614e+04 1.140955727741625709e-19 3.298585747342233932e-21
2.199960761868207555e+04 1.081146108167227443e-19 3.286368243725253019e-21
2.201020882564382555e+04 1.067634573956543036e-19 3.264204715511505162e-21
2.202080997374503931e+04 1.018047839935732689e-19 3.358750934368469330e-21
2.203141106295128338e+04 1.054369144093893842e-19 3.022251237015538506e-21
2.204201209322938303e+04 1.206399602051231642e-19 3.257630219091159251e-21
2.205261306454633814e+04 1.188115869896061672e-19 3.251128762969733743e-21
2.206321397686667115e+04 1.214764332239654126e-19 3.222329677708807426e-21
2.207381483015798221e+04 1.181826408877513246e-19 3.183617450879735744e-21
2.208441562438659821e+04 1.136450568893630674e-19 3.110324521904679274e-21
2.209501635951854405e+04 1.173410114037168722e-19 3.172610857097717371e-21
2.210561703552103063e+04 1.156092056284190700e-19 3.291874184703728498e-21
2.211621765235895509e+04 1.240827569047421775e-19 3.277909429251651338e-21
2.212681820999947013e+04 1.141753667576922245e-19 3.114039935887075660e-21
2.213741870840842239e+04 1.245435854037363477e-19 3.138454983492537988e-21
2.214801914755192411e+04 1.219361708296692051e-19 3.251093128085483484e-21
2.215861952739813933e+04 1.106894287200575176e-19 3.202894248032350135e-21
2.216921984791160139e+04 1.129156312014540927e-19 3.252921773563613567e-21
2.217982010905710558e+04 1.091897370463963680e-19 3.141866870451526506e-21
2.219042031080402739e+04 1.202349551823006340e-19 3.187431071691671494e-21
2.220102045311687107e+04 1.157964153317288533e-19 3.059797740811866278e-21
2.221162053596217811e+04 1.205527513874646433e-19 3.262942820885421457e-21
2.222222055930575152e+04 1.067413068933821229e-19 3.138224675217632352e-21
2.223282052311383814e+04 1.052444767598587838e-19 2.993287247406740277e-21
2.224342042735388895e+04 1.102131714215361559e-19 2.966922327244733189e-21
2.225402027199095028e+04 1.103812566339128658e-19 2.992223716759677191e-21
2.226462005699023939e+04 1.214971448814598420e-19 3.108821525037950422e-21
2.227521978231950925e+04 1.157226743323393426e-19 3.116162281550521183e-21
2.228581944794446099e+04 1.163617820524407224e-19 3.092802562944908617e-21
2.229641905383072663e+04 1.203647252173378372e-19 3.134133603615034294e-21
2.230701859994472761e+04 1.170268184389843585e-19 3.131638256668766162e-21
2.231761808625270351e+04 1.055354297549926625e-19 3.104809911154796599e-21
2.232821751272023539e+04 1.040408050405023742e-19 3.020275094424242952e-21
2.233881687931373381e+04 1.160710962166470848e-19 3.056825311468917559e-21
2.234941618599895810e+04 1.144597496783349870e-19 2.948306055877169724e-21
2.236001543274279538e+04 1.164703805963063346e-19 3.077542189118348569e-21
2.237061461951099409e+04 1.167685628445884106e-19 3.197988841135655435e-21
2.238121374626821125e+04 1.119744780119197887e-19 3.211888320633921704e-21
2.239181281298165413e+04 1.081188380414728896e-19 3.072642021181568634e-21
2.240241181961816983e+04 1.181172047560588273e-19 3.224970463726873277e-21
2.241301076614148769e+04 1.184564748503018285e-19 3.157317073145289656e-21
2.242360965251883317e+04 1.228093086952281232e-19 3.221136185532009186e-21
2.243420847871671867e+04 1.076039214170226787e-19 3.077869546235416023e-21
2.244480724469367851e+04 1.216059449995270101e-19 3.344198423806627752e-21
2.245540591333852353e+04 1.149251274519244979e-19 3.107861536349986858e-21
2.246600448103427334e+04 1.190383020383409870e-19 3.212380439329754790e-21
2.247660298841469557e+04 1.135403076008816398e-19 3.289983068088660417e-21
2.248720143544569146e+04 1.193134218722851450e-19 3.210992176993324439e-21
2.249779982209372974e+04 1.137805574839046046e-19 3.045164327808733959e-21
2.250839814832406773e+04 1.059009319143145895e-19 3.037576597940134727e-21
2.251899641410292679e+04 1.058021665077732403e-19 3.140894053396462585e-21
2.252959461939600806e+04 1.142577616795527732e-19 3.163017369298307218e-21
2.254019276416932553e+04 1.071308540783920851e-19 3.138843418526637696e-21
2.255079084838782364e+04 1.067995175532173496e-19 3.155484600348056957e-21
2.256138887201865873e+04 1.066453260476742749e-19 3.004650778687099809e-21
2.257198683502639324e+04 1.116979661707806849e-19 3.243376687638265666e-21
2.258258473737751410e+04 1.016177523984490119e-19 3.095889095050857704e-21
2.259318257903819176e+04 1.126977306949543282e-19 3.151297525666400106e-21
2.260378035997271581e+04 1.071160510514289246e-19 3.103086807476107520e-21
2.261437808014787151e+04 1.096597205387118684e-19 2.987094770020272482e-21
2.262497573952937819e+04 1.042268447141413984e-19 3.030576515356725081e-21
2.263557333808259136e+04 1.114761952630520853e-19 3.147645325925619496e-21
2.264617087577325219e+04 1.201544097695402756e-19 2.982711787735846380e-21
2.265676835256693448e+04 1.080370007415505594e-19 3.063727083806673047e-21
2.266736576843006696e+04 1.037775088216911005e-19 3.021264477540649116e-21
2.267796312332779416e+04 1.140199163034176856e-19 3.164297415503712162e-21
2.268856041722506779e+04 1.115069014244230984e-19 3.004189316407779329e-21
2.269915765008880408e+04 1.081797960362577956e-19 3.143959398226072845e-21
2.270975482188375463e+04 1.076720007646272854e-19 3.093313794182901559e-21
2.272035193257570063e+04 1.159325770699498697e-19 3.282582744027313162e-21
2.273094898213048509e+04 1.115073297503324153e-19 3.184325439542486026e-21
2.274154597051354358e+04 1.118181132344935754e-19 3.047248611027110662e-21
2.275214289769004245e+04 1.141742460179758628e-19 3.156378532279778601e-21
2.276273976362564645e+04 1.095386905620048539e-19 3.136398043257706811e-21
2.277333656828630774e+04 1.147150046631017608e-19 3.110491116837638640e-21
2.278393331163742550e+04 1.142535241137600291e-19 3.103795969112129088e-21
2.279452999364450443e+04 1.116683382750430296e-19 3.295842445289037830e-21
2.280512661427275088e+04 1.194671542047166576e-19 3.060042517410459788e-21
2.281572317348817887e+04 1.096894837511185996e-19 3.021372836408962334e-21
2.282631967125576921e+04 1.114234130099027853e-19 2.984457453801384143e-21
2.283691610754134672e+04 1.179005174246321561e-19 3.148466684885246134e-21
2.284751248230946294e+04 1.139218303330900544e-19 3.041474811832489387e-21
2.285810879552622282e+04 1.166779447633328887e-19 3.033077472576139843e-21
2.286870504715726202e+04 1.094315370972886871e-19 2.954176451361514179e-21
2.287930123716839080e+04 1.137980054649071661e-19 2.714961783211341710e-21
2.288989736552406976e+04 1.130941614800164403e-19 3.020043336553317588e-21
2.290049343218943250e+04 1.166669992128330253e-19 3.081504408804236987e-21
2.291084847551953499e+04 1.165310708752459466e-19 3.073830076739907575e-21
2.292144439503165995e+04 1.079952392044884599e-19 2.998696634550924361e-21
2.293204025275777167e+04 1.083493923848124867e-19 3.096725421555609474e-21
2.294263604865445814e+04 1.116092905439545398e-19 3.142810734452662103e-21
2.295323178268777338e+04 1.125187425784408257e-19 3.024750611005251386e-21
2.296382745482203973e+04 1.106914743120010024e-19 3.020381744048706954e-21
2.297442306502352221e+04 1.186352408804219598e-19 3.196336136020552314e-21
2.298501861325629943e+04 1.094064354827730875e-19 3.112207290448293333e-21
2.299561409948669098e+04 1.051667173318611532e-19 2.981968810348143358e-21
2.300620952367909194e+04 1.116577054505360630e-19 3.184610579325385490e-21
2.301680488579928715e+04 1.114978388908562767e-19 3.138170613321993022e-21
2.302740018581214463e+04 1.138239101656545882e-19 2.981717361106689763e-21
2.303799542368282346e+04 1.145981275656200174e-19 3.029195229861631136e-21
2.304859059937687198e+04 1.120961526138231166e-19 3.139377141112824328e-21
2.305918571285929283e+04 1.066798841382638812e-19 2.910175036331912285e-21
2.306978076409444839e+04 1.164293370174460803e-19 2.986083437670881820e-21
2.308037575304922575e+04 1.111564772209300306e-19 3.072875166037652936e-21
2.309097067968749252e+04 1.138145629098268811e-19 3.116762997029331489e-21
2.310156554397374202e+04 1.159976397261982218e-19 3.117304084349804522e-21
2.311216034587449394e+04 1.188391618513593821e-19 3.166298499944841328e-21
2.312275508535407062e+04 1.102088909405630598e-19 3.119569497980504379e-21
2.313334976237815135e+04 1.116424702040997783e-19 3.061629499702816904e-21
2.314394437691100029e+04 1.100892002873519793e-19 3.139022834864262810e-21
2.315453892891780561e+04 1.126431508272744699e-19 3.124496093163844267e-21
2.316513341836394466e+04 1.123605993116194383e-19 3.001971004425896709e-21
2.317572784521417270e+04 1.126885704526028737e-19 3.106436691634968937e-21
2.318632220943298307e+04 1.121572159849827816e-19 3.093354935296581766e-21
2.319691651098703733e+04 1.132883442893517604e-19 3.202848675158828367e-21
2.320751074983918079e+04 1.162885015109968981e-19 3.019002361002637946e-21
2.321810492595558389e+04 1.053432586419330028e-19 3.072038984662947412e-21
2.322869903929305656e+04 1.130855464431743206e-19 3.078786164065131934e-21
2.323929308912243869e+04 1.041788650480743954e-19 3.015512560576095395e-21
2.324964535834497292e+04 9.997788246712428075e-20 2.875672011236145303e-21
2.326023925947853786e+04 9.893368773112214367e-20 3.030377606609673847e-21
2.327083309769929838e+04 1.014444542729008515e-19 2.966732449666391212e-21
2.328142687297323209e+04 8.891411194659905294e-20 2.854771849609809611e-21
2.329202058526435212e+04 8.679152595708533331e-20 2.781255826024482471e-21
2.330261423453766838e+04 9.650711016379969441e-20 3.006408156695229713e-21
2.331320782075732495e+04 9.051861392048431476e-20 2.937404919688864402e-21
2.332380134388945953e+04 9.524710643926941541e-20 2.909535363196038472e-21
2.333439480389824530e+04 9.138878786254267674e-20 2.971141923253930221e-21
2.334498820074806645e+04 8.349155033986370779e-20 2.968380293318529746e-21
2.335558153440466413e+04 8.326899937131152634e-20 2.739175683195043246e-21
2.336617480483102554e+04 8.623724216478588671e-20 2.764361055792118739e-21
2.337676801199337933e+04 8.622747373134336009e-20 2.820703830035358450e-21
2.338736115585629886e+04 1.001434959030007162e-19 2.979892441517811339e-21
2.339795423638396096e+04 9.924192716196161977e-20 2.782803945201929796e-21
2.340854725354208495e+04 9.783977806079118368e-20 2.948611482662920475e-21
2.341914020729354888e+04 1.020113976880778792e-19 2.970655710228902213e-21
2.342973309760424672e+04 1.089408428972828151e-19 3.033677435345262893e-21
2.344032592443764588e+04 1.064992047883374136e-19 3.085242769799489875e-21
2.345091868776116098e+04 1.117188442074238151e-19 2.945338911590924804e-21
2.346151138753616033e+04 1.217935449461462248e-19 3.095526055613246743e-21
2.347210402372886892e+04 1.257805878403721253e-19 3.977455382660117038e-21
2.348269659630343449e+04 1.238631392002695218e-19 3.940405411492905885e-21
2.349328910522527076e+04 1.289436757156852856e-19 4.066274796830078326e-21
2.350388155045766325e+04 1.542078488524183842e-19 3.746991443537639260e-21
2.351447393196552002e+04 1.272110667919845959e-19 3.230407976033497552e-21
2.352506624971344354e+04 1.190847100270536876e-19 2.994866547609636155e-21
2.353565850366708401e+04 1.083430007781827278e-19 2.890382056919763599e-21
2.354625069378846456e+04 9.870427970407196557e-20 2.907087600762322041e-21
2.355684282004418128e+04 1.094081440645323416e-19 2.946061633855122018e-21
2.356743488239778162e+04 1.065764297044664310e-19 2.811603344801497283e-21
2.357802688081371525e+04 1.049087852714299455e-19 2.821581495638395652e-21
2.358861881525645731e+04 1.121227322004346559e-19 2.978641176256087851e-21
2.359921068569036652e+04 1.057789982170942174e-19 3.209664395546363714e-21
2.360980249208105306e+04 1.062402070485070269e-19 3.046051383187091180e-21
2.362039423439088569e+04 1.078688050920416183e-19 2.893836199520097403e-21
2.363098591258543092e+04 1.056727650250469916e-19 2.853473220056458092e-21
2.364157752662860003e+04 1.044178381754406289e-19 2.732561145419362675e-21
2.365216907648517372e+04 1.153004657439883805e-19 3.010257826891617529e-21
2.366276056211821560e+04 1.142008920344093619e-19 2.836561707066765240e-21
2.367335198349407437e+04 1.113798254034244043e-19 2.854011703880696864e-21
2.368394334057494780e+04 1.148434966343633024e-19 2.827161783108278833e-21
2.369453463332682077e+04 1.106426378217986579e-19 2.875902292773180828e-21
2.370512586171348084e+04 1.062797135069549524e-19 2.826591940037676998e-21
2.371571702569825356e+04 1.118631838999231154e-19 2.876456074675755659e-21
2.372630812524598150e+04 1.163172125013249225e-19 3.061470962215413502e-21
2.373689916032074325e+04 1.163078765336544793e-19 3.000245833894623113e-21
2.374749013088739594e+04 1.230055915089528932e-19 3.186865277864377103e-21
2.375808103690879216e+04 1.197942745239749035e-19 2.984129881336469737e-21
2.376867187835136792e+04 1.486544140461546801e-19 3.214164903760827689e-21
2.377926265517620777e+04 1.762174847100793443e-19 3.317172943976971989e-21
2.378985336734990778e+04 2.016303301464399156e-19 3.578696381722512853e-21
2.380044401483552429e+04 1.832094311100872845e-19 3.531747639816452420e-21
2.381103459759605539e+04 1.389422047364229777e-19 3.138259084397853155e-21
2.382162511559780251e+04 1.226595378352140754e-19 2.973487557332421304e-21
2.383221556880451317e+04 1.192819293839635331e-19 2.922224545643910449e-21
2.384280595717821780e+04 1.237240968849533149e-19 3.076698592437787874e-21
2.385339628068495585e+04 1.219805315059840886e-19 2.922319718348389786e-21
2.386398653928784188e+04 1.225781237686947189e-19 3.025406251825820604e-21
2.387457673295186760e+04 1.035757181000111924e-19 2.690053215390871325e-21
2.388516686163929626e+04 1.092170668487282580e-19 2.844629832066663923e-21
2.389575692531549794e+04 9.906494094395386504e-20 2.892426607275989884e-21
2.390634692394324520e+04 1.125374243779220955e-19 2.824391420107249429e-21
2.391693685748783901e+04 1.070029572983632386e-19 2.825930655804763330e-21
2.392752672591207738e+04 1.096833626967187519e-19 2.869094771997291911e-21
2.393811652918051550e+04 1.125527933207126457e-19 2.950209398042111515e-21
2.394870626725710463e+04 1.131704711212000834e-19 2.913964838099381322e-21
2.395929594010525761e+04 1.315749494716553737e-19 2.965401680232806601e-21
2.396988554768812901e+04 1.273208774463877932e-19 2.962280812649644255e-21
2.398047508997110344e+04 1.411003823186738752e-19 3.139664702364241012e-21
2.399106456691698259e+04 1.735956735403743286e-19 3.345547731117328357e-21
2.400165397849118744e+04 2.271017323013759047e-19 3.721415369415170200e-21
2.401224332465489715e+04 3.264293783523158008e-19 4.392801358318804809e-21
2.402283260537349634e+04 3.656710083850589118e-19 4.760323060638130684e-21
2.403342182061028871e+04 2.920425504158148570e-19 4.312876837931863233e-21
2.404401097032930556e+04 1.980783299102951851e-19 3.635645230183147287e-21
2.405460005449370146e+04 1.470990439021657662e-19 3.124319235984469496e-21
2.406518907306785695e+04 1.328726085618253056e-19 2.911610685500358843e-21
2.407577802601519943e+04 1.070763589191048675e-19 2.830536611738752075e-21
2.408636691329952737e+04 1.130954297525983133e-19 2.857080344176851532e-21
2.409695573488423179e+04 1.127333747674329961e-19 2.792358989283346463e-21
2.410754449073287833e+04 1.140128216335292627e-19 2.860705021924872054e-21
2.411813318080919635e+04 1.048867026227523249e-19 2.880765003695082289e-21
2.412872180507755183e+04 1.155199776039712133e-19 2.974625249036192565e-21
2.413931036350003342e+04 1.108659099514001821e-19 2.780821712624591463e-21
2.414989885604115989e+04 9.896850257712135186e-20 2.786153064928543530e-21
2.416048728266416583e+04 1.033826713643809016e-19 2.817436135333875628e-21
2.417107564333304254e+04 9.391278523860579704e-20 2.471827960167794238e-21
2.418166393801091181e+04 1.029569366936685577e-19 2.734692313773633014e-21
2.419225216666139750e+04 1.062427045468246302e-19 2.798128936006537903e-21
2.420284032924767962e+04 1.001516061288152261e-19 2.716722949300775925e-21
2.421342842573376038e+04 1.005493882365954993e-19 2.687118998319719519e-21
2.422401645608188483e+04 1.044223047877480398e-19 2.706050883359536607e-21
2.423460442025753582e+04 1.046894014247259870e-19 2.748250745682807310e-21
2.424519231822291840e+04 1.069680593726548833e-19 2.850548630754159021e-21
2.425578014994110708e+04 1.029620614665091910e-19 2.859274641340843073e-21
2.426636791537568206e+04 1.078812273982900640e-19 2.623641356693620310e-21
2.427695561449080560e+04 1.061141548461601063e-19 2.644731340606553273e-21
2.428754324724840262e+04 1.032613107520738052e-19 2.765968840002559646e-21
2.429813081361295190e+04 1.004939321218102012e-19 2.891773957136214409e-21
2.430871831354740061e+04 1.036670938379845879e-19 2.767615591176824479e-21
2.431930574701568548e+04 1.015463824193869650e-19 2.736396748022931354e-21
2.432989311398001519e+04 1.081021510325432423e-19 2.861905585781137102e-21
2.434048041440380257e+04 9.836991864959635118e-20 2.687739451417145064e-21
2.435106764825110076e+04 1.025698533998012688e-19 2.671858406070036861e-21
2.436165481548529351e+04 1.077934043645408581e-19 2.783138428004906691e-21
2.437224191606724708e+04 1.034593985784101123e-19 2.684822672567460911e-21
2.438282894996296818e+04 1.083613777866439193e-19 2.837833728664369021e-21
2.439341591713407979e+04 1.053263667684648177e-19 2.848686722448799368e-21
2.440400281754395110e+04 1.044168925178562130e-19 2.807442715651613364e-21
2.441458965115626052e+04 1.098396775711811739e-19 2.784136444046857148e-21
2.442517641793384973e+04 1.104002214624102991e-19 2.874649366210139581e-21
2.443576311783947313e+04 1.096314562153064869e-19 2.796718499428389452e-21
2.444634975083677273e+04 1.022275204624288255e-19 2.797277119645120616e-21
2.445693631688844107e+04 1.025374566089036025e-19 2.663777859879561125e-21
2.446752281595758905e+04 1.019063351261364820e-19 2.843037377783075382e-21
2.447810924800685825e+04 1.069064752351361564e-19 2.770308691113182758e-21
2.448869561300030546e+04 1.026783238675138450e-19 2.823872559841266437e-21
2.449928191090026667e+04 1.069167501097756414e-19 2.926930243805803979e-21
2.450986814166880868e+04 1.034591973452335856e-19 2.834038434971714351e-21
2.452020969113924366e+04 1.067862491241835409e-19 2.907479791577582190e-21
2.453079576371378789e+04 1.100866626634619195e-19 2.833325167003767554e-21
2.454138176905281944e+04 1.113833345225607747e-19 2.915602833997404303e-21
2.455196770711198769e+04 1.063899206181663474e-19 2.862262547818424253e-21
2.456255357785447995e+04 1.081166770754171003e-19 2.844929290739995543e-21
2.457313938124283231e+04 1.124741200572077072e-19 2.802932090748189976e-21
2.458372511723992648e+04 1.021413937158577756e-19 2.764600508604000007e-21
2.459431078580816757e+04 9.755750973215752207e-20 2.743649923833859762e-21
2.460489638691148866e+04 9.796256323069357952e-20 2.734500453007008922e-21
2.461548192051174919e+04 9.945627233535390682e-20 2.709527848458382103e-21
2.462606738657214009e+04 1.025378118318057452e-19 2.717855513692454670e-21
2.463665278505566312e+04 1.012189980385288784e-19 2.757875618874015403e-21
2.464723811592439961e+04 1.068953678926375855e-19 2.933279580642049145e-21
2.465782337914150412e+04 1.039449972316804250e-19 2.876872305774676573e-21
2.466840857466939633e+04 1.081517455103246951e-19 2.825731955689861268e-21
2.467899370247090337e+04 1.032415417166623933e-19 2.736110152395060872e-21
2.468957876250911431e+04 1.075198204887160252e-19 2.765094016810585844e-21
2.470016375474609231e+04 1.054823547183289000e-19 2.836504446671534432e-21
2.471074867914468996e+04 1.073182087232396174e-19 2.888547406552756430e-21
2.472133353566708684e+04 1.021861992461216664e-19 2.776311914822018709e-21
2.473191832427654663e+04 1.082516925250118406e-19 2.740231402373579543e-21
2.474250304493503791e+04 1.068536252408841551e-19 2.796263196092876552e-21
2.475308769760616269e+04 1.101745303658931065e-19 2.692569003718038868e-21
2.476367228225171129e+04 1.055176398340971939e-19 2.773337377438530755e-21
2.477425679883392149e+04 9.774391132909120269e-20 2.743104230300802872e-21
2.478484124730800613e+04 1.046221379384299646e-19 2.683750717370833709e-21
2.479518039395962478e+04 1.030209269845851833e-19 2.695790408498447490e-21
2.480576487022063156e+04 9.976754512433808786e-20 2.780145250548784796e-21
2.481634945277641600e+04 9.829319275849313782e-20 2.827139168537045890e-21
2.482693396707222928e+04 9.401621291989014283e-20 2.845224970206438707e-21
2.483751841307283757e+04 1.053483586536197209e-19 2.946171766219365938e-21
2.484810279073970742e+04 1.068630261177291760e-19 2.862205893086193737e-21
2.485868710003425076e+04 9.882772951873126507e-20 2.708357057571718579e-21
2.486927134091970584e+04 1.005997316326821614e-19 2.711953860161557437e-21
2.487985551335861965e+04 1.007229514876539962e-19 2.749674475286153493e-21
2.489043961731293894e+04 9.327154901867623747e-20 2.609590371868773419e-21
2.490102365274401745e+04 1.112582231142691203e-19 2.819829095387632792e-21
2.491160761961630487e+04 1.100385478025007781e-19 2.783381029496385644e-21
2.492219151789021271e+04 1.083865211791320925e-19 2.891040808339395666e-21
2.493277534752935389e+04 1.168107433444063758e-19 2.940490702272817143e-21
2.494335910849441643e+04 1.059286330748281708e-19 2.775740101355591021e-21
2.495394280074784547e+04 1.086841460897606513e-19 2.931783739460802138e-21
2.496452642425318481e+04 9.936637550645630709e-20 2.973820807319957435e-21
2.497510997897118796e+04 1.082521145535941477e-19 3.026499615612136135e-21
2.498569346486575159e+04 1.072969081072761680e-19 2.861997496761709970e-21
2.499627688189701075e+04 1.018002397163576802e-19 2.788899180591816203e-21
2.500686023002781803e+04 1.064255545785042339e-19 2.752775766095570464e-21
2.501744350922034209e+04 1.096455894010593875e-19 2.804457243172948291e-21
2.502802671943691894e+04 1.021925014471949423e-19 2.733794662175389766e-21
2.503860986063933160e+04 9.895910319983481625e-20 2.601524371560686041e-21
2.504919293278990517e+04 1.020322431543401437e-19 2.699638611752396023e-21
2.505977593584958231e+04 1.007140499342767751e-19 2.721144522186005774e-21
2.507035886978143390e+04 1.084231545278218858e-19 2.718419546910080199e-21
2.508094173454711927e+04 1.053845073036908792e-19 2.884028158081856770e-21
2.509152453010934551e+04 1.055163313686657620e-19 2.763195676158615177e-21
2.510210725642924081e+04 1.044502387041406766e-19 2.783484590910878132e-21
2.511268991346806433e+04 1.001230905255234840e-19 2.684521602074944173e-21
2.512327250118865777e+04 1.027836293650772423e-19 2.698013667420552068e-21
2.513385501955277869e+04 1.070697993023429205e-19 2.677300928859725832e-21
2.514443746852319236e+04 1.004364749024204118e-19 2.639783315349032485e-21
2.515501984805965549e+04 1.072161363219974018e-19 2.710994959762979206e-21
2.516560215812473689e+04 1.139580981889206267e-19 2.777711696423576679e-21
2.517618439868103815e+04 1.069812010368345253e-19 2.764734043493615529e-21
2.518676656969053147e+04 9.702490931536541450e-20 2.630236803309798545e-21
2.519734867111438871e+04 1.058390058796967095e-19 2.625540887368298907e-21
2.520793070291339245e+04 1.002743929011180699e-19 2.601724978955382118e-21
2.521851266505098829e+04 9.970373019405682889e-20 2.580058592307057946e-21
2.522909455748798064e+04 1.021048552112799147e-19 2.742868868034307905e-21
2.523967638018577418e+04 9.787955444846188338e-20 2.637788594657216697e-21
2.525025813310629746e+04 1.030081589427024225e-19 2.659954374745124586e-21
2.526083981621215207e+04 1.115847679216353914e-19 2.669362839468846529e-21
2.527142142946358217e+04 9.629760127380875712e-20 2.558289726898813387e-21
2.528200297282321117e+04 9.623368593766981292e-20 2.507645171393798399e-21
2.529258444625140328e+04 1.026737835662685614e-19 2.678423623656444870e-21
2.530316584971133489e+04 9.249147580883811022e-20 2.744533229519113690e-21
2.531374718316358849e+04 9.787598554820983692e-20 2.597167102985612575e-21
2.532432844656979796e+04 1.032888492825363091e-19 2.676751046408772873e-21
2.533490963989101510e+04 1.067123123250324292e-19 2.674326618863353527e-21
2.534549076308996882e+04 1.068178869083560891e-19 2.625348718534067302e-21
2.535607181612651766e+04 1.049851880619913091e-19 2.619324710976883960e-21
2.536665279896341235e+04 1.100036955401213088e-19 2.693644737464473497e-21
2.537723371156216308e+04 1.033204165368824188e-19 2.455961338462160107e-21
2.538781455388304676e+04 1.014919800495602095e-19 2.465976597208101479e-21
2.539839532588852671e+04 9.764382182321462644e-20 2.576098189866778754e-21
2.540897602753895262e+04 1.005198372309558829e-19 2.657452409388505937e-21
2.541955665879706066e+04 1.050076406633993562e-19 2.679401338615633701e-21
2.543013721962243653e+04 1.079102907564530703e-19 2.686412230999486208e-21
2.544071770997736894e+04 9.664516888150768816e-20 2.732194860097697451e-21
2.545129812982367002e+04 1.028166786694281781e-19 2.748630692679670910e-21
2.546187847912217694e+04 1.081300974275677140e-19 2.671569164363366766e-21
2.547245875783328665e+04 1.087391898836325215e-19 2.553354387329975030e-21
2.548303896591997182e+04 1.089104682646871493e-19 2.653866205647052138e-21
2.549361910334163986e+04 1.062554993463975275e-19 2.825333037758811838e-21
2.550419917006053947e+04 9.601149241689654875e-20 2.761607020097614116e-21
2.551477916603763151e+04 1.065607246606664583e-19 2.695394388828005507e-21
2.552535909123333113e+04 1.067461376552342611e-19 2.601881802522958579e-21
2.553593894561001798e+04 1.027758524037375560e-19 2.612752390579878418e-21
2.554651872912825638e+04 1.063885303831886762e-19 2.654247037482365371e-21
2.555709844174897808e+04 1.047558174451081976e-19 2.622062719015767383e-21
2.556767808343415163e+04 1.028331106485400702e-19 2.643298624920543411e-21
2.557825765414279158e+04 1.013313910952948705e-19 2.517073147179248082e-21
2.558883715383804883e+04 9.931039267883549537e-20 2.532043506161780667e-21
2.559941658247972737e+04 1.019680868285107207e-19 2.689799299828409674e-21
2.560999594002943559e+04 1.016480688483546311e-19 2.656215126466978741e-21
2.562057522644781056e+04 9.842804317858722391e-20 2.555102441526568613e-21
2.563115444169583134e+04 1.013508667520097002e-19 2.607343338820631240e-21
2.564173358573468431e+04 1.001033221097218567e-19 2.608407800621160040e-21
2.565231265852432625e+04 1.045220258220751383e-19 2.775266160938399841e-21
2.566289166002720594e+04 1.037313680503971892e-19 2.780209008425715048e-21
2.567347059020207962e+04 1.076939541133407396e-19 2.800059874332543349e-21
2.568404944901308045e+04 1.052200387461494726e-19 2.854222501005137162e-21
2.569462823641718569e+04 1.106444549345837477e-19 2.831988610684553546e-21
2.570520695237796463e+04 9.502523004271360732e-20 2.819187938219898189e-21
2.571578559685532309e+04 9.931716814203297176e-20 2.992440905404127179e-21
2.572636416980941431e+04 1.052126073930593513e-19 3.237746606582967955e-21
2.573694267120226505e+04 1.094714261385689067e-19 2.971579546728546780e-21
2.574752110099305719e+04 9.886718189111394063e-20 2.752353934219799297e-21
2.575809945914417040e+04 9.899691562770894963e-20 2.748084251760195624e-21
2.576867774561458646e+04 1.004537407037267286e-19 2.787531230884120817e-21
2.577925596036613933e+04 1.023390590425338011e-19 2.753905550093582570e-21
2.578983410335892404e+04 1.026064627006410039e-19 2.864991932560520858e-21
2.580041217455429069e+04 1.063032207602119204e-19 2.855202943904504802e-21
2.581099017391194138e+04 1.043690216412880006e-19 2.748384089653848814e-21
2.582156810139268782e+04 1.033943303873222599e-19 2.665464945483522002e-21
2.583214595695791286e+04 1.032492042058012875e-19 2.645660892134358238e-21
2.584247608529132413e+04 1.086909878577431304e-19 2.784776435021701656e-21
2.585305377292052799e+04 1.020018166898460990e-19 2.627644665532438243e-21
2.586363138852094562e+04 1.052227816490452358e-19 2.728320979554837435e-21
2.587420893204618551e+04 1.031262691073322410e-19 2.708347843153747893e-21
2.588478640345611348e+04 9.888762404189844215e-20 2.544108204408757647e-21
2.589536380271151211e+04 1.042876926051335947e-19 2.671929424306335561e-21
2.590594112977226177e+04 1.080056334291171952e-19 2.742982049163093236e-21
2.591651838459943974e+04 1.112514994701577739e-19 2.737028035469312960e-21
2.592709556715375220e+04 1.095159601042242573e-19 2.733747181584375557e-21
2.593767267739417730e+04 1.004717241979487657e-19 2.788727747297718347e-21
2.594824971528180686e+04 1.039115160770938365e-19 2.762889121327176436e-21
2.595882668077635390e+04 1.043003037639447460e-19 2.654021443147209251e-21
2.596940357383994342e+04 1.104374990920397264e-19 2.751483393242710037e-21
2.597998039443112430e+04 1.112454056739010431e-19 2.742751301077277919e-21
2.599055714250963865e+04 1.050259474516860524e-19 2.724207157829063825e-21
2.600113381803683296e+04 1.018454943050504612e-19 2.726823238805119100e-21
2.601171042097355894e+04 1.037186998562104842e-19 2.628247437222091360e-21
2.602228695127792162e+04 1.091048301076947684e-19 2.677721413442369576e-21
2.603286340891195141e+04 1.013132150098187493e-19 2.630959092663039306e-21
2.604343979383529950e+04 9.996614233336287514e-20 2.603783367638060170e-21
2.605401610600755521e+04 1.017581506681466337e-19 2.762149395879738897e-21
2.606459234538911915e+04 1.018298595288949078e-19 2.781070099455389092e-21
2.607516851193174080e+04 1.078455756012674649e-19 2.730743334473579314e-21
2.608549639852452310e+04 1.045388122042460977e-19 2.573508691593083457e-21
2.609607239528563514e+04 1.111471110194489007e-19 2.599159635022768871e-21
2.610664831909475106e+04 1.058560320134590847e-19 2.725434758984045470e-21
2.611722416991246791e+04 1.086532552028168556e-19 2.753348550332619589e-21
2.612779994769838231e+04 1.059007708870950314e-19 2.722766609440335155e-21
2.613837565241209450e+04 1.037025898658014219e-19 2.736300746465231204e-21
2.614895128401328475e+04 1.014245926020364229e-19 2.600248869671421485e-21
2.615952684246225181e+04 9.846762744045415042e-20 2.738394901315473630e-21
2.617010232771869778e+04 9.153599975765982934e-20 3.004645754648090567e-21
2.618067773974239390e+04 1.033561259632411099e-19 2.723553014351275387e-21
2.619125307849430465e+04 1.056144867526710983e-19 2.637931850132698205e-21
2.620182834393245503e+04 1.055536701440375553e-19 2.733705212558462844e-21
2.621240353601740571e+04 1.021823303548957431e-19 2.701809669690590368e-21
2.622297865470946635e+04 1.005417058257385161e-19 2.672485547248866568e-21
2.623355369996737500e+04 1.044739112316365687e-19 2.563737220963630819e-21
2.624412867175139763e+04 1.035593945718106151e-19 2.706387796123897662e-21
2.625470357002122546e+04 1.078450619655428090e-19 2.630905843429224302e-21
2.626527839473681888e+04 1.027913447693173885e-19 2.634289632312638927e-21
2.627585314585725791e+04 1.063606494154546106e-19 2.463683587270175683e-21
2.628642782334260482e+04 1.083502017304043907e-19 2.451394983909858644e-21
2.629700242715175045e+04 9.361608980211908729e-20 2.409237398372109838e-21
2.630757695724528821e+04 1.105298746507469179e-19 2.789751469639633410e-21
2.631815141358230539e+04 1.031410944623411410e-19 2.723827312008835029e-21
2.632872579612229674e+04 1.041934860264401089e-19 2.675352370492884826e-21
2.633930010482451326e+04 1.024986254599217179e-19 2.669540469732091606e-21
2.634987433964898810e+04 1.025455143467411052e-19 2.628754093382212196e-21
2.636044850055524512e+04 1.039370616823598080e-19 2.572481640612758331e-21
2.637102258750172405e+04 9.779489854820922564e-20 2.621746628373744082e-21
2.638159660044938573e+04 9.944809436909177661e-20 2.571478544705423296e-21
2.639217053935556396e+04 8.639949985760483562e-20 2.436887846396171899e-21
2.640274440418269660e+04 9.834117357501298481e-20 2.598126093190885654e-21
2.641331819488696419e+04 1.040200187969111771e-19 2.614321133681128455e-21
2.642389191142922573e+04 1.010599112557700167e-19 2.584503760377939884e-21
2.643446555376946344e+04 9.369866958467805892e-20 2.501091219588453900e-21
2.644503912186538582e+04 1.033926876008961686e-19 2.384125449065809129e-21
2.645561261567752445e+04 9.812239397177460702e-20 2.448652888603359562e-21
2.646618603516463554e+04 9.754264250479493671e-20 2.559379394849128188e-21
2.647675938028568271e+04 1.073898110656331645e-19 2.649078275137374317e-21
2.648733265100088829e+04 1.082459680877058066e-19 2.726101402393635065e-21
2.649790584726849920e+04 1.018727514721350993e-19 2.596788180577858457e-21
2.650847896904769368e+04 9.959961201012051480e-20 2.521862647880563543e-21
2.651905201629682051e+04 1.025440030240944183e-19 2.476471933897590210e-21
2.652962498897740443e+04 1.005617524645188866e-19 2.430194876078330315e-21
2.654019788704663733e+04 1.054145738357925299e-19 2.560440200764960450e-21
2.655077071046370838e+04 1.019550468114360482e-19 2.531430187866084452e-21
2.656134345918847612e+04 9.690951549045191382e-20 2.560582246972420522e-21
2.657191613317993688e+04 9.249955592198265003e-20 2.527463937006020504e-21
2.658248873239635577e+04 9.658191973147771550e-20 2.570307969807084131e-21
2.659306125679651450e+04 9.985007349720248737e-20 2.563570769512773549e-21
2.660363370634048260e+04 1.001593241517431602e-19 2.584648808705557412e-21
2.661420608098559023e+04 9.877715375270405747e-20 2.582059048162912314e-21
2.662477838069328573e+04 1.032076733226886476e-19 2.580380009918463816e-21
2.663535060542071369e+04 9.027562082745596723e-20 2.351473560148540264e-21
2.664592275512639753e+04 9.543171639431197732e-20 2.526657794125284122e-21
2.665649482976948275e+04 1.007343544458324399e-19 2.499439908786174747e-21
2.666706682930980605e+04 9.536549440663702972e-20 2.640536066750516963e-21
2.667763875370511596e+04 9.819693722245359819e-20 2.607238362757917030e-21
2.668821060291484537e+04 1.000757560623997711e-19 2.728555877632682331e-21
2.669878237689617163e+04 1.057258606718010072e-19 2.699321508096282762e-21
2.670935407560989552e+04 1.059262923121988834e-19 2.492592511153857825e-21
2.671992569901432216e+04 1.037741262804190225e-19 2.578664517430783791e-21
2.673049724706726556e+04 1.022273296420307446e-19 2.631808575035867474e-21
2.674106871972738008e+04 1.024826567366165231e-19 2.684435391025283478e-21
2.675164011695418958e+04 1.077269029663985943e-19 2.731900874601570245e-21
2.676221143870539527e+04 1.026856971488057520e-19 2.557129726128415456e-21
2.677278268494096119e+04 1.079634476206791238e-19 2.691180253092454167e-21
2.678335385561761723e+04 1.003757367326543698e-19 2.570615478462848360e-21
2.679392495069620054e+04 1.039389950609180850e-19 2.606068572200200622e-21
2.680449597013206221e+04 9.287980732462807704e-20 2.589405456239701042e-21
2.681506691388644686e+04 9.885892776967117249e-20 2.703365481683530915e-21
2.682563778191636811e+04 9.895329468512587288e-20 2.509297165564119288e-21
2.683620857418174637e+04 1.057565874202681143e-19 2.684319254043708062e-21
2.684677929063867850e+04 1.037339447405511830e-19 2.627889764634665336e-21
2.685734993124746325e+04 1.045479045256232135e-19 2.669322464902600044e-21
2.686792049596587458e+04 1.021253789342183280e-19 2.585996966039249297e-21
2.687849098475375649e+04 1.033049901761559705e-19 2.565235595093683205e-21
2.688906139756666380e+04 1.060454937769162894e-19 2.654493945529006533e-21
2.689963173436437137e+04 1.005756327449097018e-19 2.647473345089941585e-21
2.691020199510499151e+04 1.018348858038235748e-19 2.577410992674621407e-21
2.692077217974742234e+04 9.844501516212133118e-20 2.636306877324523538e-21
2.693134228824841557e+04 1.042173632645707085e-19 2.559421474630707698e-21
2.694191232056805893e+04 1.040853815015150083e-19 2.544433129816302168e-21
2.695248227666272214e+04 1.014659387283600615e-19 2.680778298963100428e-21
2.696305215649238016e+04 1.024843014819549516e-19 2.692543639770399779e-21
2.697362196001383199e+04 1.028665326470847747e-19 2.767717656681104568e-21
2.698419168718543369e+04 1.024873472502250559e-19 2.781567445960451698e-21
2.699451101363247290e+04 1.040775707154889818e-19 2.726029554852492881e-21
2.700508056383115036e+04 1.019002146679430958e-19 2.734764320089136835e-21
2.701565003756132865e+04 1.008547638740601811e-19 2.726371634695571265e-21
2.702621943477257082e+04 1.019629628416303134e-19 2.869539012258985172e-21
2.703678875542340757e+04 1.005449347597212085e-19 2.957537348350055620e-21
2.704735799947038686e+04 9.763705476114306330e-20 2.814370237438340763e-21
2.705792716687294524e+04 1.074090459804828944e-19 2.892125017216763229e-21
2.706849625758791444e+04 1.044391800371672535e-19 2.810938694201197291e-21
2.707906527157435266e+04 9.603396640258433274e-20 2.753331540568877253e-21
2.708963420878937177e+04 1.051532738353798923e-19 2.810446293219355566e-21
2.710020306919124414e+04 1.049722079777228765e-19 2.778593322945363859e-21
2.711077185273732903e+04 1.056666278097010638e-19 2.794998261520187137e-21
2.712134055938596066e+04 1.044169964347372341e-19 2.806275519331037939e-21
2.713190918909389438e+04 1.050217305319473660e-19 2.895428784691626953e-21
2.714247774039639626e+04 1.074745047453953716e-19 2.918724427629477416e-21
2.715304609455573882e+04 9.750619227430932492e-20 2.816697580126888134e-21
2.716361404178299563e+04 9.907037395058381008e-20 2.750371025922639874e-21
2.717418190796070121e+04 1.051214014855676940e-19 2.945130090720022523e-21
2.718474969699708527e+04 1.029456194143444453e-19 2.879714515684387438e-21
2.719531740884191095e+04 1.028479598199513123e-19 2.942797560111069572e-21
2.720588504283936345e+04 9.946461894616523315e-20 3.185396627524653606e-21
2.721620178005375783e+04 9.889872013302504719e-20 3.046473037475267707e-21
2.722676923593076208e+04 9.410194462444683765e-20 2.846919337806253338e-21
2.723733661445302641e+04 1.009292575697945571e-19 2.829363486648370424e-21
2.724790391557823023e+04 1.078664843394980560e-19 2.833805842114596611e-21
2.725847113926319435e+04 1.035078195586265285e-19 2.952741075215259562e-21
2.726903828546571094e+04 9.986455007039562202e-20 2.896586841709475138e-21
2.727960535414326660e+04 1.083837422758004132e-19 3.057396734514108148e-21
2.729017234525338426e+04 1.096063425565280680e-19 2.866588818266481015e-21
2.730073925875326313e+04 1.033069164241783529e-19 2.772753767183270208e-21
2.731130609460096093e+04 1.048606746815538203e-19 2.916681511165576140e-21
2.732187285275276736e+04 1.041524203948556470e-19 2.995401822897426309e-21
2.733243953316568150e+04 1.023743557185423793e-19 2.850000094857690074e-21
2.734300613579924538e+04 9.529315118548175707e-20 2.866281912366696227e-21
2.735357266060879920e+04 1.055487414412563990e-19 3.071136248265184116e-21
2.736413910755280813e+04 9.817763496742342381e-20 2.940157892547291634e-21
2.737470547658629584e+04 1.058250548616967841e-19 2.893081762534573463e-21
2.738527176767010678e+04 1.005226302428600174e-19 2.896356031674638840e-21
2.739583798075770028e+04 9.836479866404543804e-20 2.897621635910532252e-21
2.740640411580790169e+04 9.769584723210532952e-20 2.780778432694802948e-21
2.741697017277865234e+04 9.906104507566012055e-20 2.895765246989194200e-21
2.742753615162598726e+04 9.291668753568606648e-20 2.812442344507685352e-21
2.743810205230706561e+04 9.336379174608650181e-20 2.802400500937474511e-21
2.744866787477941398e+04 9.505374367347365402e-20 2.989419820944795427e-21
2.745923361899991505e+04 9.764604084896897512e-20 2.859677188491112831e-21
2.746979928492546969e+04 9.992014647436547483e-20 3.013790242147219598e-21
2.748036487251259314e+04 1.002432836264064748e-19 2.766941452117101803e-21
2.749093038171925582e+04 9.067668150922551807e-20 2.733510576443776043e-21
2.750149581250047049e+04 1.066320787283361820e-19 2.901971393773288374e-21
2.751206116481631761e+04 1.079185016560685716e-19 3.031965912801289089e-21
2.752262643862110781e+04 8.503378004557730693e-20 2.684611439792027829e-21
2.753319163387282970e+04 8.837902793263855246e-20 2.656289506267611527e-21
2.754375675052738734e+04 9.612204380274055399e-20 2.862047007000665732e-21
2.755432178854276935e+04 9.880812980180322680e-20 2.930934367808894284e-21
2.756488674787521086e+04 1.008477630462130720e-19 3.117749174420605462e-21
2.757545162848141626e+04 1.063565578360489538e-19 3.273474563458649060e-21
2.758601643031835920e+04 1.016703396565591297e-19 2.934661868070734034e-21
2.759658115334193644e+04 9.697881142042998243e-20 2.969207209348059684e-21
2.760714579750980192e+04 9.892522488875965989e-20 3.012596153409537888e-21
2.761771036277836538e+04 9.319695469670730713e-20 2.881078013632703873e-21
2.762827484910425846e+04 9.438019467994132873e-20 2.961692099984428450e-21
2.763883925644392002e+04 1.006334241229891371e-19 2.966602770585783439e-21
2.764940358475412359e+04 9.851825916533965162e-20 2.832206057829330107e-21
2.765996783399100241e+04 9.502791294186732710e-20 2.812643835149959138e-21
2.767053200411217040e+04 9.868444318234095434e-20 2.876818980069786763e-21
2.768109609507244750e+04 1.003861215620130990e-19 2.797486574325844592e-21
2.769166010683065178e+04 9.663233115229695222e-20 2.811624508732561937e-21
2.770222403934151953e+04 1.005547108247001037e-19 2.806961264430082252e-21
2.771278789256136224e+04 9.790726943472047333e-20 2.848728622236835064e-21
2.772335166644689161e+04 9.344329334104126496e-20 2.867638594575628050e-21
2.773391536095485208e+04 9.156945716630598018e-20 2.807125621080924152e-21
2.774447897604186437e+04 9.169858817413991241e-20 2.923956372450899013e-21
2.775504251166338145e+04 9.581593388219392161e-20 2.824630250558057108e-21
2.776560596777708997e+04 1.019115425737796898e-19 2.825449571347553723e-21
2.777616934433755887e+04 9.411807275515145524e-20 3.022177156407130651e-21
2.778673264130217649e+04 9.605187063245925852e-20 2.934671156493900452e-21
2.779729585862671956e+04 9.947398964029387493e-20 2.887775299594423852e-21
2.780785899626760511e+04 1.000107225944212862e-19 2.996773851845937563e-21
2.781842205418061712e+04 9.098425243751692732e-20 3.033701677437119356e-21
2.782898503232254006e+04 8.839909284786736144e-20 2.930763147137455141e-21
2.783954793064991827e+04 9.665614694334588104e-20 2.924412590386112910e-21
2.785011074911695687e+04 8.787660892829783561e-20 2.970991226357888534e-21
2.786067348768142256e+04 1.043497190760476401e-19 3.061685996404142514e-21
2.787123614629837539e+04 1.087678817796635130e-19 2.988456450283196598e-21
2.788179872492520735e+04 1.078933854525586404e-19 3.015725263915129452e-21
2.789236122351681115e+04 9.377444969606381632e-20 3.023789589967152365e-21
2.790292364202959652e+04 9.115864699064613594e-20 2.878608807727055324e-21
2.791348598041933292e+04 1.020643107556917611e-19 3.052319503812420812e-21
2.792404823864147329e+04 1.042751229060696279e-19 2.935681716799550120e-21
2.793461041665307130e+04 1.033723808007388601e-19 3.006139702906008033e-21
2.794517251440859764e+04 9.686171882803322647e-20 3.001554140442406957e-21
2.795573453186552433e+04 1.026350034495997180e-19 2.946531037601229591e-21
2.796629646897784551e+04 1.001054235073562200e-19 3.099796230854219810e-21
2.797685832570357161e+04 1.026525889544288762e-19 3.047047476206302043e-21
2.798742010199571814e+04 1.006869121358474281e-19 3.005618198611078055e-21
2.799798179781166255e+04 1.039668191295828203e-19 3.033700419593910890e-21
2.800854341310825112e+04 1.039740804663340166e-19 2.971898674485939154e-21
2.801885223754611798e+04 1.018601277012092910e-19 3.006206908951867569e-21
2.802941366736141572e+04 1.028611045597777846e-19 2.996608954907424716e-21
2.803997501652900974e+04 1.040541723244953147e-19 2.841308855849294747e-21
2.805053628499659317e+04 1.051424370351681017e-19 3.094185572102761897e-21
2.806109747271968808e+04 1.032845417940136024e-19 3.080117699536882856e-21
2.807165857965578107e+04 1.041522489647078601e-19 3.085192801052204892e-21
2.808221960575798221e+04 1.023424285412861075e-19 3.046046703851067772e-21
2.809278055098235200e+04 1.016738516002957612e-19 2.921823203696890682e-21
2.810334141528569307e+04 1.004263284321798570e-19 2.964433647826600639e-21
2.811390219862186132e+04 1.049286252700652400e-19 3.078770456499777677e-21
2.812446290094659344e+04 1.034136750726146096e-19 2.939677479421270754e-21
2.813502352221626643e+04 1.013804315721492776e-19 2.959259663981080701e-21
2.814558406238568932e+04 1.018233612051165109e-19 2.836600342208798323e-21
2.815614452140991489e+04 1.051071675780495157e-19 2.982286489785752667e-21
2.816670489924383946e+04 9.957900284274085279e-20 3.012592731854526316e-21
2.817726519584432026e+04 9.741035012231046940e-20 2.827323990392881036e-21
2.818782541116593711e+04 1.076382646540644561e-19 3.025605780757420398e-21
2.819838554516337172e+04 9.595559383966527676e-20 2.910663286376023991e-21
2.820894559778424446e+04 9.883259401842359195e-20 2.935265859549900795e-21
2.821925239674465047e+04 9.982293968253084691e-20 2.757824312279490790e-21
2.822981226217137009e+04 9.701855997029921140e-20 2.895316527512580790e-21
2.824037204609264882e+04 1.022233312082748458e-19 2.852133001883980434e-21
2.825093174846555485e+04 9.922048325462957751e-20 3.052168260049982762e-21
2.826149136924410413e+04 9.426765585440189034e-20 2.864260290535251730e-21
2.827205090838116303e+04 8.858484281057255251e-20 2.784640291136778334e-21
2.828261036583442910e+04 9.455088853368293586e-20 2.579055054085532746e-21
2.829316974155863863e+04 8.787354915824712860e-20 2.756644284180016947e-21
2.830372903550934279e+04 9.007763379735580986e-20 2.853394929096522699e-21
2.831428824763861849e+04 9.916334860081297165e-20 3.072813912181978296e-21
2.832484737790382860e+04 9.902943347105067388e-20 2.824988614868439553e-21
2.833540642626025874e+04 9.302751104681856325e-20 2.994918158307722972e-21
2.834596539266189211e+04 9.931201155335308881e-20 3.091344421611258417e-21
2.835652427706185699e+04 1.029873448272967245e-19 3.019506047067044187e-21
2.836708307941741077e+04 1.077520081309143195e-19 3.151706394862003056e-21
2.837764179968366079e+04 9.976250058791617744e-20 2.818416808828911560e-21
2.838820043781389904e+04 9.738716025279395361e-20 2.850718928393874193e-21
2.839875899376270900e+04 9.937907562745193770e-20 2.945078578217253525e-21
2.840931746748463047e+04 9.397924482929377289e-20 2.783822961689061228e-21
2.841987585893627329e+04 9.376132630268881955e-20 2.811579519753289658e-21
2.843043416807192625e+04 9.612748147833144454e-20 2.760136413397348073e-21
2.844099239484364807e+04 9.958563595034044527e-20 2.952393722113369877e-21
2.845155053920824503e+04 9.661723680772498117e-20 2.777321691788789116e-21
2.846210860111926741e+04 8.913790423815909180e-20 2.743781285080465837e-21
2.847266658053422361e+04 9.463134557116220441e-20 2.780639800948454808e-21
2.848322447740354255e+04 9.451492552722840804e-20 2.816461646791768065e-21
2.849378229168303733e+04 9.207542218037993973e-20 2.818146441896987075e-21
2.850434002332745513e+04 9.741587364533433747e-20 2.809408111746337377e-21
2.851489767229176141e+04 9.663231121941394643e-20 2.923439789832133505e-21
2.852545523853214399e+04 9.267903941271543177e-20 2.818285227832896109e-21
2.853601272199811865e+04 1.003893098888840219e-19 2.857481158803916992e-21
2.854657012264713558e+04 9.561493491927274666e-20 2.857588460340647926e-21
2.855712744043284329e+04 9.839050680436588417e-20 2.925802479360672954e-21
2.856768467531038186e+04 1.005642183500940159e-19 2.967826773995453396e-21
2.857824182723553531e+04 9.944308801608610550e-20 2.978955432075713690e-21
2.858879889615754655e+04 9.696052370138612519e-20 2.923145135502695671e-21
2.859935588203480438e+04 9.587669229099357208e-20 2.805997303770171254e-21
2.860991278481910558e+04 1.002323930730477428e-19 2.958273329744263554e-21
2.862046960446608500e+04 1.024744859101617382e-19 2.917444180164305263e-21
2.863102634093269080e+04 9.878104825326376856e-20 2.927399401392506591e-21
2.864158299416753289e+04 9.963234512335418489e-20 2.888270763458127387e-21
2.865213956412676271e+04 9.415252958743293475e-20 2.860424642635612181e-21
2.866269605076469816e+04 9.320066891132950266e-20 2.834161881488012034e-21
2.867325245403545341e+04 8.989901185597693241e-20 2.755565566151141624e-21
2.868380877389376838e+04 9.880358263076360477e-20 2.980641514433604495e-21
2.869436501029472129e+04 9.679835789501635979e-20 2.759094407423739224e-21
2.870492116318857734e+04 1.042768031995487140e-19 2.982903094483482131e-21
2.871547723253022923e+04 1.007468006709524990e-19 2.748474862084952141e-21
2.872603321827524996e+04 8.969483391777228190e-20 2.716582596698581570e-21
2.873658912037627306e+04 8.865971334729246634e-20 2.906173350074596802e-21
2.874714493878905341e+04 9.206801910943551442e-20 2.857438580563842324e-21
2.875770067346669748e+04 9.402355757854094341e-20 2.797731657314771657e-21
2.876825632435985972e+04 1.002492768267498183e-19 2.961371503987950540e-21
2.877881189142543735e+04 9.384127862778018219e-20 2.839664490941491017e-21
2.878936737461595840e+04 9.349840351655428608e-20 2.880483382024526102e-21
2.879992277388551520e+04 9.594323352053929703e-20 2.944677075597026320e-21
2.881047808918858209e+04 8.701006869111748431e-20 2.833417520669302946e-21
2.882103332047866570e+04 9.952604789476222342e-20 2.852893748967444756e-21
2.883158846770914533e+04 9.650489625327887795e-20 2.918562154647007144e-21
2.884214353083207970e+04 9.477076563185178610e-20 2.810337941759400833e-21
2.885269850980136835e+04 1.049038690136469418e-19 2.920586386455297601e-21
2.886325340457249695e+04 9.955025572989691970e-20 2.936311884239556431e-21
2.887380821509735688e+04 9.064384928047112634e-20 2.773058163119274456e-21
2.888436294132988041e+04 9.749555614908694911e-20 2.757674185940465961e-21
2.889491758322468013e+04 1.058622367799103675e-19 2.952404016874440132e-21
2.890547214073427313e+04 9.593969649461942410e-20 3.116475525586167324e-21
2.891602661381074722e+04 9.660072299639304481e-20 2.778564707345763476e-21
2.892658100240849672e+04 9.417190362798039178e-20 2.764424285884209803e-21
2.893713530648082815e+04 9.603476406576453826e-20 2.738516603450492592e-21
2.894768952598110627e+04 9.970351421205716113e-20 2.862033227852781712e-21
2.895798873252263365e+04 9.429188789262202720e-20 3.007329787701349620e-21
2.896854275827325182e+04 9.711692869671497186e-20 2.881262444576711893e-21
2.897909669931605458e+04 1.018352505270939975e-19 2.910811563200934766e-21
2.898965055559886969e+04 1.048318998740465873e-19 2.862048246439019216e-21
2.900020432707497093e+04 9.938959613389275960e-20 2.901901775866074228e-21
2.901075801369546389e+04 9.811058158478028084e-20 2.946626192715353418e-21
2.902131161541418987e+04 9.419509765275150160e-20 2.837044420857647752e-21
2.903186513218446271e+04 9.234476307505193771e-20 2.962878214519417611e-21
2.904241856395907962e+04 9.712358609073836400e-20 2.789756506662359557e-21
2.905297191069219843e+04 9.653126928592502485e-20 2.909741780216978119e-21
2.906352517233557228e+04 9.626938527888905576e-20 2.793777452057876446e-21
2.907407834884300973e+04 1.017891866090925325e-19 2.974201237167333539e-21
2.908463144016718798e+04 9.829179500002712622e-20 2.767388029176708477e-21
2.909518444626144992e+04 9.712913573771561111e-20 2.855017983320276871e-21
2.910573736707854187e+04 9.563935579398969818e-20 2.860281435181487583e-21
2.911629020257031152e+04 9.303400876622885286e-20 2.924637401589537829e-21
2.912684295268431379e+04 9.750260638659576275e-20 3.004606466101066200e-21
2.913739561692230200e+04 1.012954433379077415e-19 3.017461804856778790e-21
2.914769282774111707e+04 1.001755715676287632e-19 2.902414306843000580e-21
2.915824529697044636e+04 9.808549970555926365e-20 2.997760969452867513e-21
2.916879768063749361e+04 9.297817198258911255e-20 2.801541505648286548e-21
2.917934997869450308e+04 9.993940917143297709e-20 2.725563010363417625e-21
2.918990219109460304e+04 9.768952804044553608e-20 2.889289152079837201e-21
2.920045431778935745e+04 9.722499959840737674e-20 2.887881735943205354e-21
2.921100635873261126e+04 9.195647841208355266e-20 3.013987453787364678e-21
2.922155831387660510e+04 9.795014412270187638e-20 2.856754113814382047e-21
2.923211018317294293e+04 9.668224489424680478e-20 2.871274948485986949e-21
2.924266196657555702e+04 9.476768866011094879e-20 2.816851943120299086e-21
2.925321366403653155e+04 9.909785954907303699e-20 2.844280113702037920e-21
2.926376527550793253e+04 9.519805243729545854e-20 2.828374626327461122e-21
2.927431680094192416e+04 9.940925409501654872e-20 3.009170929173836332e-21
2.928486824029125273e+04 1.009862610832760205e-19 2.921188860849564032e-21
2.929541959350814432e+04 1.026525834995526270e-19 2.933688502697462242e-21
2.930597086054567990e+04 9.417573640720757288e-20 2.814543707507890299e-21
2.931652204135518332e+04 9.571328430476297627e-20 2.723111291920509636e-21
2.932707313589000842e+04 9.470084395200366541e-20 2.746279245439725958e-21
2.933762414410103156e+04 9.553545843702731091e-20 2.829508635400750237e-21
2.934817506594104634e+04 9.735507157825087713e-20 2.789815200289200775e-21
2.935872590136338840e+04 9.513596220784943156e-20 2.638441510802279167e-21
2.936927665031828656e+04 9.208323642753486102e-20 2.613120023720161804e-21
2.937982731275889455e+04 9.679695874827313025e-20 2.885041375701570467e-21
2.939037788863758396e+04 9.144643021307056161e-20 2.799033708439658626e-21
2.940092837790558769e+04 9.406954702747003111e-20 2.870903168366408453e-21
2.941147878051611769e+04 8.276728315034961455e-20 2.821858754101881350e-21
2.942202909642032319e+04 9.016640272214588085e-20 2.884419192303663896e-21
2.943257932557079039e+04 9.498352607887548646e-20 2.831683183367910802e-21
2.944312946791874128e+04 9.942710988033644842e-20 2.899424646971054482e-21
2.945367952341639830e+04 9.791584725706649391e-20 2.700235330712777704e-21
2.946422949201562733e+04 8.847068436496169008e-20 2.636795879878812333e-21
2.947477937366874903e+04 9.667309702416281690e-20 2.644256382172271878e-21
2.948532916832698538e+04 8.775454481793639386e-20 2.724865334427634025e-21
2.949587887594220592e+04 9.315710265873051180e-20 2.810795353198221357e-21
2.950642855988315569e+04 9.266525884283165091e-20 2.740650200849976573e-21
2.951697820051165036e+04 9.305666398673045353e-20 2.787204999083248360e-21
2.952752775395027493e+04 8.882433211815377980e-20 2.610565516427193281e-21
2.953807722015061881e+04 9.049834681014068404e-20 2.681000014170593461e-21
2.954862659906380941e+04 8.057305944046217498e-20 2.800147908612450237e-21
2.955917589064214553e+04 8.376179377007638071e-20 2.585431186520354263e-21
2.956972509483693284e+04 8.787028023841869076e-20 2.686416840092976887e-21
2.958027421159925143e+04 9.037848961031271158e-20 2.762513033213766064e-21
2.959082324088178211e+04 9.043397403485094845e-20 2.715958485770028545e-21
2.960137218263525938e+04 9.034278005458331167e-20 2.791637992919114699e-21
2.961192103681129447e+04 7.938272214746364363e-20 2.720457760703913343e-21
2.962246980336104389e+04 9.272926882906163665e-20 2.625537584449334348e-21
2.963301848223663183e+04 8.589185692200788635e-20 2.708575053540512399e-21
2.964356707338922934e+04 8.543133226477677312e-20 2.592087494410441891e-21
2.965411557676973462e+04 8.558986422985724507e-20 2.674394356415668118e-21
2.966466399233007905e+04 8.913405055840930351e-20 2.515721814953889092e-21
2.967521232002158285e+04 9.230534738182954060e-20 2.790941647837694014e-21
2.968576055979521698e+04 9.044346513400191862e-20 2.648004351191377333e-21
2.969630871160185779e+04 8.334114726861707622e-20 2.791394173811090554e-21
2.970685677539384051e+04 9.406854894541153776e-20 2.850056138052821178e-21
2.971740475112149215e+04 8.381265254750790489e-20 2.667776924910778039e-21
2.972795263873553631e+04 8.514289283171408976e-20 2.781553613377411162e-21
2.973850043818872655e+04 8.758085895813384644e-20 2.869058930311109724e-21
2.974904814943057136e+04 8.319591254091619676e-20 2.756610321848477772e-21
2.975959577241320221e+04 9.080507526125932300e-20 2.786842886044615908e-21
2.977014330708722628e+04 8.576296409521731159e-20 2.558860294294963249e-21
2.978069075340327981e+04 8.657152527402593840e-20 2.646887740284630252e-21
2.979123811131294497e+04 9.619686256717504934e-20 2.883828053544137916e-21
2.980178538076726181e+04 8.800706165167030535e-20 2.781622556696306116e-21
2.981207559467804458e+04 9.474059611635331101e-20 2.862470894193343151e-21
2.982262266204531261e+04 8.908439865611739352e-20 2.701019739067185561e-21
2.983316964121573255e+04 8.720734573942854860e-20 2.724100980191306384e-21
2.984371653173739833e+04 9.202742556323430800e-20 2.904303114671250876e-21
2.985426333355590759e+04 8.619423315702357762e-20 2.725944043671135403e-21
2.986481004662197665e+04 9.326630605011723363e-20 2.903799177280609362e-21
2.987535667088644914e+04 8.877441437818605757e-20 2.684465292026207349e-21
2.988590320629972484e+04 8.958918090168895508e-20 2.942366942425181154e-21
2.989644965281334225e+04 8.734003261199938695e-20 2.663687617614663847e-21
2.990699601037706816e+04 8.476072000543400944e-20 2.797316094025574744e-21
2.991754227894189899e+04 9.157277850578778445e-20 2.720525232767596098e-21
2.992808845845832548e+04 8.977952705234633292e-20 2.744794346092969814e-21
2.993863454887659100e+04 9.092455048639318877e-20 2.750791801674510964e-21
2.994918055014771744e+04 8.843513266466141548e-20 2.807630646882772462e-21
2.995972646222232288e+04 8.246156024550767640e-20 2.633391858120757102e-21
2.997027228505028324e+04 8.085452100387990630e-20 2.639969220821510951e-21
2.998081801857778919e+04 8.594197612755764055e-20 2.652329224178487673e-21
2.999136366236404865e+04 8.985437409733999134e-20 2.789186752638956829e-21
3.000165180674387739e+04 8.870742954901235172e-20 2.742221206909113848e-21
3.001219724744179985e+04 8.589781452648352469e-20 2.757503526093218653e-21
3.002274259864371197e+04 9.334284455001098866e-20 2.717830979577813755e-21
3.003328786029897674e+04 8.749979192338700664e-20 2.847875335377820150e-21
3.004383303235894346e+04 8.479755844856126009e-20 2.807866818260007205e-21
3.005437811477333889e+04 8.657643388359298498e-20 2.846483592179189580e-21
3.006492310749276294e+04 9.107247241346685210e-20 2.859229471286566910e-21
3.007546801046681139e+04 9.110623783914928740e-20 2.977532260300234022e-21
3.008601282364581130e+04 8.609212298348233791e-20 2.888680164211444845e-21
3.009655754698058081e+04 8.392837498831886872e-20 2.677436918962964863e-21
3.010710218041964617e+04 9.239606941588184841e-20 2.724042826429188355e-21
3.011764672391388376e+04 8.813603351955012377e-20 2.787757073680025241e-21
3.012819117741342779e+04 7.803817714027743756e-20 2.711666406796239268e-21
3.013873554086885633e+04 9.040335810211727091e-20 2.740073838888264651e-21
3.014927981422910307e+04 8.649056836136359289e-20 2.679275251458919828e-21
3.015982399744456779e+04 8.712371299134039587e-20 2.662487675794155736e-21
3.017036809046499184e+04 8.373697663114539345e-20 2.800480326753432950e-21
3.018091209324022566e+04 8.497511283690975011e-20 2.725113397636942441e-21
3.019145600572000694e+04 8.860430648742362775e-20 2.749235705951694732e-21
3.020199982785450266e+04 9.121797978457752823e-20 2.876561213993938221e-21
3.021254355959320674e+04 9.750570275470042159e-20 2.764302646756259429e-21
3.022308720088616610e+04 1.019389020417472337e-19 2.810090630097619002e-21
3.023363075168201249e+04 9.603681558241649512e-20 2.711830011092691875e-21
3.024417421193182599e+04 9.299491614540559403e-20 2.654016709327291258e-21
3.025471758158500597e+04 9.616473802863524155e-20 2.706153037645012153e-21
3.026526086059025693e+04 9.226141997058299619e-20 2.721974783709638004e-21
3.027580404889829515e+04 8.124752883470684725e-20 2.602911061931474586e-21
3.028634714645793429e+04 7.393641861910193927e-20 2.644245976099516969e-21
3.029689015321821353e+04 7.811051803723524688e-20 2.637571764028599591e-21
3.030743306912982007e+04 9.100320191156129113e-20 2.658806418684022404e-21
3.031797589414164759e+04 8.935074348346290975e-20 2.783213594270775551e-21
3.032851862820328824e+04 8.502050667036478628e-20 2.706105618227454461e-21
3.033906127126394131e+04 7.964303914453974046e-20 2.690084519114117786e-21
3.034960382327299521e+04 7.144880419299871539e-20 2.520453383590317124e-21
3.036014628418007123e+04 9.047513248402889409e-20 2.647083706101744782e-21
3.037068865393376473e+04 8.555578132885453501e-20 2.611756570113689045e-21
3.038123093248406440e+04 8.636736098032238590e-20 2.580064734160086838e-21
3.039177311978005309e+04 8.881642306873709484e-20 2.581825670822267063e-21
3.040231521577053718e+04 9.476846780412479454e-20 2.604249736956208964e-21
3.041285722040616383e+04 9.117059230235808791e-20 2.588832321987334399e-21
3.042339913363396772e+04 9.128114355192738288e-20 2.907606874997525697e-21
3.043394095540354465e+04 8.860202892759144839e-20 2.784566724078275886e-21
3.044448268566534534e+04 8.811771298623008643e-20 2.667221409731858739e-21
3.045502432436731760e+04 9.082480225395506439e-20 2.589473547026953123e-21
3.046556587145869344e+04 8.948498711625012775e-20 2.612030662660704925e-21
3.047610732688873759e+04 8.748601068826619887e-20 2.700307369099320229e-21
3.048664869060609635e+04 9.179697339671064218e-20 2.733586677780684966e-21
3.049718996255901220e+04 8.942626810844068531e-20 2.819308679842745011e-21
3.050773114269793950e+04 8.998106006013885503e-20 2.796446351215348027e-21
3.051827223097089518e+04 9.460825603730796998e-20 2.733285939594377848e-21
3.052881322732647823e+04 9.611504010707346214e-20 2.682812985103935464e-21
3.053935413171411346e+04 1.002050704328527189e-19 2.775505114106882003e-21
3.054989494408215614e+04 1.011946833147809641e-19 2.956630977170333684e-21
3.056043566437907066e+04 9.371381628674923152e-20 2.727433578447835123e-21
3.057097629255404900e+04 9.594130000416538531e-20 2.788342659974645348e-21
3.058151682855615582e+04 9.303152930066164907e-20 2.848657410070104326e-21
3.059205727233309153e+04 9.473219712720276464e-20 2.749202090027784618e-21
3.060259762383378984e+04 9.098194172691590188e-20 2.686697438883730428e-21
3.061313788300715532e+04 9.201910638088543628e-20 2.803916448566513206e-21
3.062341913138071686e+04 9.929176639168673280e-20 2.813649602503440176e-21
3.063395918096868991e+04 9.662046401221260477e-20 2.897144830383298568e-21
3.064449913807781923e+04 8.779343801730531636e-20 2.835780458921051693e-21
3.065503900265226184e+04 9.313462469395944581e-20 2.769983111030937765e-21
3.066557877463903787e+04 9.151886647632415313e-20 2.719405105641067067e-21
3.067611845398691003e+04 9.355546291160844845e-20 2.921719547781664011e-21
3.068665804064527038e+04 9.492167707944922494e-20 2.744527554978048938e-21
3.069719753456127728e+04 9.289562666631588368e-20 2.793614159706697949e-21
3.070773693568287126e+04 9.170630230284123054e-20 2.871989214661374611e-21
3.071827624395953535e+04 8.732203641709372481e-20 3.044143453162971101e-21
3.072881545933977031e+04 8.713022523880652333e-20 2.818884457307931846e-21
3.073935458177027613e+04 9.277559350104935763e-20 2.757300791683343490e-21
3.074989361119988098e+04 9.564864136821936192e-20 2.800524142412418983e-21
3.076043254757728937e+04 9.528070297929919227e-20 2.754407057721631254e-21
3.077097139084993614e+04 9.392433520073551148e-20 2.695615519030694649e-21
3.078151014096130893e+04 9.531147453391175888e-20 2.706047189963355465e-21
3.079204879751975386e+04 9.334995288868740102e-20 2.812740193039885965e-21
3.080232802172888114e+04 9.836680422501972207e-20 2.774040527588387918e-21
3.081286646725946412e+04 9.608132125790995987e-20 2.847445841123632866e-21
3.082340481942350016e+04 8.609987291475599345e-20 2.743493845248912797e-21
3.083394307816912624e+04 9.492554706784658667e-20 2.925322721827259410e-21
3.084448124344411553e+04 1.025129694046868274e-19 2.825927498174888087e-21
3.085501931519560458e+04 9.670099232584516263e-20 2.768351626282583573e-21
3.086555729337253069e+04 9.016454300508793228e-20 2.595104066237848554e-21
3.087609517792235783e+04 9.763052152705837494e-20 2.788352575453344108e-21
3.088663296879240806e+04 9.676624064638336612e-20 2.789048735899524052e-21
3.089717066593034906e+04 9.631201423598845229e-20 2.633653835225003519e-21
3.090770826928464885e+04 1.014719283975402946e-19 2.771255217636268481e-21
3.091824577880256766e+04 1.021556576401968443e-19 2.832203719230227953e-21
3.092878319443099826e+04 1.003785913610705034e-19 2.769689634373017883e-21
3.093932051611864154e+04 1.011505784314498142e-19 2.850876906589784820e-21
3.094985774381249939e+04 9.902583791653523818e-20 2.702196055598057822e-21
3.096039487745997758e+04 9.227063805028934528e-20 2.748493636542087889e-21
3.097093191700924581e+04 9.355792447707653046e-20 2.862148679409850656e-21
3.098146886240666208e+04 1.004427629397028830e-19 2.654350517781788177e-21
3.099200571360070171e+04 1.015306411728545968e-19 2.698353761070981132e-21
3.100254247053821018e+04 9.853835709835432365e-20 2.666666818744682989e-21
3.101307913316655322e+04 1.023167277420117174e-19 2.743531125189067262e-21
3.102361570143366771e+04 1.031886545598854402e-19 2.719937054788010414e-21
3.103415217528542416e+04 1.016218365145288890e-19 2.767361906478179248e-21
3.104468855467069443e+04 1.031887141341132560e-19 2.624499057062243134e-21
3.105522483953596020e+04 1.064108104142236109e-19 2.833991018033349852e-21
3.106576102982896919e+04 9.996811881629697752e-20 2.868535422576218021e-21
3.107629712549579563e+04 1.020697728489446260e-19 2.685255879721295320e-21
3.108683312648400533e+04 1.058162364345113905e-19 2.789281485562244111e-21
3.109736903274135693e+04 1.000044643355471644e-19 2.775320573132911506e-21
3.110790484421424480e+04 1.087219862201399056e-19 2.842538121401613054e-21
3.111844056085013654e+04 1.007216954867033104e-19 2.779249179357093442e-21
3.112897618259545925e+04 1.062412533355155659e-19 2.730084774935143934e-21
3.113951170939827352e+04 1.044495282394837880e-19 2.704560817734511968e-21
3.115004714120436984e+04 1.032417650784318516e-19 2.691776094210617884e-21
3.116058247796012438e+04 1.055225300194185056e-19 2.642912548944605240e-21
3.117111771961435807e+04 9.474527478671939492e-20 2.639674080516561732e-21
3.118165286611335250e+04 9.506818407201555916e-20 2.777125371986979716e-21
3.119218791740289817e+04 9.753027581008735708e-20 2.833970699328641822e-21
3.120272287343009884e+04 9.645975102429396721e-20 2.764811397715742624e-21
3.121325773414183641e+04 9.823544990151123930e-20 2.736106143527778963e-21
3.122379249948562210e+04 1.053686159885773191e-19 2.892344925458262755e-21
3.123432716940702448e+04 1.018130069768806357e-19 2.703287331769952952e-21
3.124486174385245613e+04 9.949722108440411222e-20 2.718374247637075161e-21
3.125539622277041781e+04 1.017604059728893342e-19 2.798825906923758493e-21
3.126593060610593966e+04 9.146330276531659858e-20 2.716623359037560900e-21
3.127646489380506318e+04 1.043280624879725617e-19 2.952789623596237946e-21
3.128699908581555064e+04 1.023027553421526120e-19 2.799719588668597937e-21
3.129753318208382916e+04 1.059860232956093044e-19 2.828198272324926308e-21
3.130806718255556916e+04 1.017884353300698707e-19 2.890065091422991761e-21
3.131860108717712137e+04 1.099005120126336187e-19 2.869259849604998652e-21
3.132913489589601159e+04 1.121256915638725326e-19 2.791033350946382694e-21
3.133966860865774288e+04 1.052611920036830609e-19 2.756495900597840338e-21
3.135020222540826580e+04 1.111660059808247097e-19 2.825848225146854414e-21
3.136073574609457137e+04 1.051370224299572883e-19 2.766805845936824536e-21
3.137126917066277747e+04 1.164583130474364389e-19 3.061884735553646363e-21
3.138154174150955077e+04 1.243201941091803279e-19 3.090971578159200857e-21
3.139207494875345947e+04 1.321423661258016638e-19 3.064086389506349102e-21
3.140260805972055823e+04 1.389585944278873133e-19 3.158446123097288516e-21
3.141314107435172264e+04 1.413039293306879344e-19 3.167679662688832364e-21
3.142367399259379454e+04 1.493069787702547857e-19 3.311322050477293222e-21
3.143420681439187319e+04 1.446854184440931268e-19 3.188480464129123742e-21
3.144473953969303329e+04 1.425374651576943360e-19 3.332047304197151431e-21
3.145527216844186478e+04 1.356029351904889061e-19 3.200155759978270280e-21
3.146580470058634455e+04 1.479917728615103840e-19 3.283546382567119966e-21
3.147633713606987658e+04 1.656400592484460939e-19 3.511028198712254203e-21
3.148686947484074699e+04 1.820285064833468542e-19 3.590875019278275282e-21
3.149740171684338202e+04 1.656419737030728379e-19 3.420720061661635051e-21
3.150793386202434704e+04 1.074176052182671827e-19 3.744224313109619622e-21
