9.794291166179054926e+03 7.243323733292227741e-20 4.687040860248595074e-20
9.800665728296386078e+03 3.743543624313589775e-21 2.673908245436020158e-20
9.807040271334904901e+03 8.287363898310110849e-20 2.551249607702558271e-20
9.813414795286376830e+03 1.136874367806691510e-19 2.396302950610909890e-20
9.819789300127265960e+03 2.911183721097141193e-21 2.283239522442687838e-20
9.826163785844259110e+03 1.678762718298616405e-20 2.191659874655177554e-20
9.832538252420177741e+03 8.959204237743907572e-20 2.381003455766887150e-20
9.838912699833941588e+03 4.952957138863969626e-20 2.386279557148963672e-20
9.845287128072195628e+03 4.442580864973498066e-20 2.387871220898931170e-20
9.851661537115287501e+03 4.264765789752752866e-20 2.264162644521182238e-20
9.858035926951288275e+03 5.576330242183290971e-20 2.283528503226212770e-20
9.864410297555266879e+03 9.604497440205100637e-20 2.587439740793376743e-20
9.870784648915288926e+03 1.347183804739557060e-19 2.588299086460697785e-20
9.877158981012917138e+03 9.804018006336084916e-20 2.283168349117738618e-20
9.883533293831022092e+03 9.843928313543160077e-20 2.201199881582722514e-20
9.889907587325273198e+03 7.189279855141392901e-20 2.342791714953178364e-20
9.896391934997025601e+03 8.681497492767500445e-20 2.132382334313377788e-20
9.902766198031267777e+03 9.332873430125227768e-20 2.198392317843265839e-20
9.909140441713774635e+03 8.723201884821731262e-20 2.272807151841246009e-20
9.915514666032742753e+03 1.923510775250615347e-20 2.218279250219417630e-20
9.921888870967215553e+03 1.188310634071039198e-20 2.085581823781840919e-20
9.928263056501511528e+03 1.092523648432351402e-21 2.121267562235487389e-20
9.934637222619960085e+03 2.047936519527476036e-20 2.078365261192693821e-20
9.941011369301486411e+03 8.304201033641327120e-20 2.125788018430575442e-20
9.947385496534468984e+03 2.777672414171565829e-20 1.978312929671353769e-20
9.953759604297745682e+03 1.408012338700708200e-21 2.063614932910894555e-20
9.960133692577170223e+03 3.027249644688004109e-20 2.113047259990248750e-20
9.966507761351678710e+03 3.968495990621129000e-20 2.129626049290307876e-20
9.972881810608379965e+03 6.859884439360936434e-20 2.056334600117065946e-20
9.979255840330313731e+03 -4.525325068376210752e-20 1.899557848217026526e-20
9.985629850497749430e+03 -2.069549662136745488e-21 1.964371757705638924e-20
9.992003841096444376e+03 -2.427328163976951445e-20 2.366628241685105592e-20
9.998377812106791680e+03 2.375481950933738580e-20 2.588792845209601987e-20
1.000475176351463051e+04 3.924810485654658478e-20 2.215994876807570734e-20
1.001112569530029759e+04 4.133919029626688337e-20 2.049104480819992486e-20
1.001749960744688178e+04 4.037188475989579112e-20 1.979330744637988369e-20
1.002387349994426768e+04 6.244599674864128178e-20 1.980863140518233728e-20
1.003024737276458836e+04 8.443543941834900894e-20 2.260763151824394969e-20
1.003662122589789942e+04 6.207070430488116747e-20 2.142127263530762989e-20
1.004299505932871034e+04 2.868130227737211522e-20 1.980144974125887244e-20
1.004936887303326876e+04 9.918441466031103459e-20 2.057930538828465507e-20
1.005574266700160842e+04 4.744106497499937704e-20 2.131967922292421277e-20
1.006211644121407880e+04 9.955556200368593587e-21 1.851102555258268558e-20
1.006849019565380695e+04 6.473528518804414070e-20 1.982849792064301598e-20
1.007486393030405634e+04 1.020339899834466289e-19 2.208937036665701777e-20
1.008123764514524373e+04 1.765471164651557056e-20 2.009723832013203020e-20
1.008761134016608230e+04 5.694072760098893275e-20 2.306071770453118438e-20
1.009398501534700881e+04 1.269732200372352707e-19 2.116150236141281459e-20
1.010035867066979336e+04 5.505971805494202621e-20 2.098061288721558104e-20
1.010673230612038969e+04 9.401145834742398885e-20 2.020845071163359170e-20
1.011310592168071889e+04 -5.038173388223178927e-21 2.013914348478223152e-20
1.011947951733263108e+04 4.929679842913233890e-20 2.048876362068670109e-20
1.012585309306214549e+04 7.224188872608561848e-20 2.050653717833680555e-20
1.013222664885250924e+04 1.224030817837541724e-19 1.969936154437340333e-20
1.013860018468278940e+04 4.173802464788097542e-20 2.145778363644914432e-20
1.014497370053895247e+04 -3.960035574262904402e-20 1.835926266868485516e-20
1.015134719640437652e+04 2.366744538832789061e-20 2.011846941080977611e-20
1.015772067226653962e+04 6.157147260740661562e-20 1.938714567501180084e-20
1.016409412810037247e+04 -3.088931362283029213e-20 1.961820296415871763e-20
1.017046756389474467e+04 2.675645347198633969e-20 2.056553971386194093e-20
1.017684097963297791e+04 5.889712110440581774e-20 2.054435205768338935e-20
1.018321437529266041e+04 6.537666377631005799e-20 2.115040195072685765e-20
1.018958775086425521e+04 1.914693376228497187e-20 1.983293015461359608e-20
1.019596110632688942e+04 1.074509642971933830e-19 2.020612039676277460e-20
1.020233444166952722e+04 2.072172740470751163e-20 1.852771519046701861e-20
1.020870775686709385e+04 2.427668978707640659e-20 1.919717129965789167e-20
1.021508105190717288e+04 6.475299382073638265e-20 1.877826037142090238e-20
1.022145432677726421e+04 3.875414393228810780e-20 1.984160983666328627e-20
1.022782758145375010e+04 5.401940080945660406e-20 2.063494860965614353e-20
1.023420081592146380e+04 3.499268950912630347e-20 1.899875136398340639e-20
1.024057403016805074e+04 -1.458622289610752753e-20 1.927570391211930654e-20
1.024694722416984223e+04 5.140074835335007576e-20 1.789622349716341485e-20
1.025332039791872558e+04 9.754697867607641538e-21 1.778383397082314869e-20
1.025969355139244544e+04 1.166297975034596233e-20 1.830962549959841940e-20
1.026606668457718661e+04 6.258152598036885080e-21 1.793743291567405800e-20
1.027243979745365687e+04 8.290164842042777188e-20 2.032951472345259265e-20
1.027881289000529250e+04 2.188320091349796485e-20 1.957975534187270201e-20
1.028518596221981534e+04 4.146848932553061712e-20 1.932886087314534050e-20
1.029155901407784768e+04 5.403657373729321399e-20 1.960079964126051170e-20
1.029793204556001183e+04 5.430000185877113929e-20 2.042907387885854123e-20
1.030430505665538658e+04 7.897913673828035645e-20 2.094567305640751627e-20
1.031067804734323545e+04 -2.146732087181792699e-20 1.939232235724719172e-20
1.031705101760852449e+04 -1.748862907477640767e-20 1.809994407307669035e-20
1.032342396743332574e+04 2.007374534273130672e-20 1.869346456044385594e-20
1.032979689680543015e+04 9.565741033915976188e-21 1.827761489093811175e-20
1.033616980570550368e+04 1.835783335299157705e-20 1.817631786991809753e-20
1.034254269411421410e+04 4.279053368294040399e-20 1.873043686558407973e-20
1.034891556202213178e+04 7.134322597669070121e-20 2.010556554781265382e-20
1.035528840940574810e+04 3.125717712841227477e-20 1.993077532187539135e-20
1.036166123625149885e+04 8.677311177501513819e-20 2.149546105664817526e-20
1.036803404254580346e+04 8.327987900597559494e-20 1.984384820564975880e-20
1.037440682826362718e+04 9.871447350218236930e-20 1.767101258500619356e-20
1.038077959340001871e+04 1.966152834272928349e-20 1.712032373615006367e-20
1.038715233792992149e+04 7.003607119921625187e-20 1.961636743934972708e-20
1.039352506183972946e+04 2.282630298350445175e-20 1.777851085737811641e-20
1.039989776511458331e+04 1.668512625999805816e-20 1.869253896825601951e-20
1.040627044773664784e+04 5.450102359118174418e-20 1.885337554695752723e-20
1.041264310968810059e+04 5.121588058256158108e-20 1.992837155296734542e-20
1.041901575095399676e+04 7.493689642121877258e-20 1.982518670555967358e-20
1.042538837151941334e+04 9.655985879290562124e-22 1.817422167407174789e-20
1.043176097136506723e+04 1.835499104469190192e-20 1.801388259949628402e-20
1.043813355047744881e+04 4.366625466037505146e-20 1.741595760923734865e-20
1.044450610883885201e+04 5.256556572256562885e-20 1.689743780359335334e-20
1.045087864643148532e+04 4.840856465605253914e-20 1.727197215745717641e-20
1.045725116324191549e+04 3.741734952315216054e-20 1.848071904108927700e-20
1.046362365925237646e+04 5.011831846642734026e-20 1.841987929530741817e-20
1.046999613444364513e+04 4.226088919849658543e-20 2.018872732304826567e-20
1.047636858880663567e+04 7.353585710292060056e-20 2.218563276312568838e-20
1.048274102231920006e+04 3.048893031160179458e-20 1.687165751422236651e-20
1.048911343496658446e+04 3.794257372490966805e-20 1.762334000066418154e-20
1.049548582673103192e+04 6.394173915567143769e-20 1.905613398189450107e-20
1.050185819759920378e+04 6.464978419742131763e-20 1.674152488871415274e-20
1.050823054755336307e+04 3.076847057949553572e-20 1.593046950726269170e-20
1.051460287657577464e+04 5.680522085942624198e-20 1.740430539020031732e-20
1.052097518465309622e+04 4.701657747052044450e-20 1.792033921800929968e-20
1.052734747176901328e+04 4.184678538476547955e-20 1.789460417206087293e-20
1.053371973790298944e+04 5.681153059963325845e-20 1.750033225834987581e-20
1.054009198304318124e+04 3.729781880144016527e-20 1.911638615327205855e-20
1.054646420717337605e+04 5.698479101334695333e-20 2.083967194472656491e-20
1.055283641027295016e+04 6.914219961967295011e-20 2.097010411547147743e-20
1.055920859233009651e+04 8.774496611333640120e-20 1.807104624225727127e-20
1.056558075332714361e+04 5.586421516077632927e-20 1.735576599834789048e-20
1.057195289324780242e+04 5.397393090754947341e-20 1.753787543905269253e-20
1.057832501207597306e+04 3.648511714313444958e-20 1.667818250371543658e-20
1.058469710979549563e+04 3.669225464574799519e-20 1.752590146382838239e-20
1.059106918638871502e+04 5.734088201321587689e-20 1.671663202252603639e-20
1.059744124184241628e+04 5.251982406998100912e-20 1.829074476322680227e-20
1.060381327614044858e+04 8.409839411678411691e-20 1.739622136965703142e-20
1.061018528926371619e+04 6.135891625008308728e-20 1.712911935993895338e-20
1.061655728119600099e+04 1.387802662150839565e-20 1.645226742492155392e-20
1.062292925192710027e+04 5.556659926002713345e-20 1.712479609707187947e-20
1.062930120143354361e+04 9.175564949660404518e-21 1.532398929652448793e-20
1.063567312970215244e+04 1.245892813773362300e-20 1.458869627424295162e-20
1.064204503671535531e+04 2.369565959552999082e-20 1.423923464347434445e-20
1.064841692246148159e+04 1.461802065740128469e-20 1.601978206723654415e-20
1.065478878691998398e+04 8.469624007549945169e-20 1.765250723574011912e-20
1.066116063007775119e+04 4.115116988589804232e-20 1.719516355740174671e-20
1.066753245191411952e+04 8.772536126971330865e-20 1.693605773455812557e-20
1.067390425241757112e+04 3.996660680219225140e-20 1.587561937094954908e-20
1.068027603157205522e+04 -6.791746501728965328e-22 1.588291619605270123e-20
1.068664778935852155e+04 -1.652860890739735926e-20 1.691275797371500275e-20
1.069301952576180520e+04 3.527415816621172002e-20 1.691547127196949392e-20
1.069939122874493842e+04 2.740317743534971144e-20 1.718071759671228866e-20
1.070576288165485676e+04 1.878254439028373216e-20 1.675865994786456615e-20
1.071213451313445876e+04 4.897501079320007600e-20 1.574555539692153989e-20
1.071850612316765000e+04 5.838455021915106129e-20 1.705101690924050255e-20
1.072487771173999317e+04 9.768394754767728093e-20 1.716388068029987106e-20
1.073124927883247256e+04 8.849217759877932542e-20 1.839937409094145299e-20
1.073762082443209874e+04 4.207075961948437972e-20 1.752271783471959499e-20
1.074399234852135851e+04 7.619635306200317653e-20 1.747825164414560111e-20
1.075036385108276772e+04 7.607154828533265301e-20 1.743847775880579314e-20
1.075673533210183086e+04 7.558981585502626862e-20 1.834149921694141729e-20
1.076310679156405604e+04 5.479949332737713808e-20 1.602844873009095793e-20
1.076947822945191183e+04 3.664755531112881965e-21 1.693872685380228726e-20
1.077584964574649166e+04 -5.035548939152925160e-21 1.565889587920248104e-20
1.078222104043787294e+04 6.095323052128246656e-20 1.637485800830749283e-20
1.078859241350708908e+04 9.253450384362681373e-20 1.629915190970171897e-20
1.079496376493668322e+04 3.312429650246331887e-20 1.660507013198087878e-20
1.080133509471374418e+04 4.776116722017049433e-20 1.607727668385951677e-20
1.080770640282082240e+04 5.267216590122893170e-20 1.622776869890040404e-20
1.081407768924199809e+04 7.274513709852766922e-20 1.613188244164871160e-20
1.082044895396125685e+04 3.757148402501717233e-20 1.611493127828795891e-20
1.082682019696126008e+04 5.223161802083497493e-20 1.633453180417783987e-20
1.083319141822914935e+04 2.287242088326590338e-20 1.879813148654146440e-20
1.083956261774749873e+04 2.633989126608614443e-20 1.730264003738678645e-20
1.084593379550043028e+04 4.329143653010525129e-20 1.687369077544227638e-20
1.085230495147205329e+04 3.458679337500377344e-20 1.610774096834516823e-20
1.085867608564648981e+04 1.691325206298735831e-20 1.609140357848710666e-20
1.086504719800787279e+04 4.935509162506574290e-20 1.774951390399476863e-20
1.087141828854026244e+04 4.925685370333878176e-21 1.658677395115417340e-20
1.087778935722784263e+04 3.264036437286969111e-20 1.653994761228637272e-20
1.088416040405326930e+04 9.626569211860601705e-20 1.648390878474464145e-20
1.089053142900373859e+04 2.959433766267730663e-20 1.549707558923640589e-20
1.089690243206342893e+04 6.656647219760823603e-20 1.701078822016071540e-20
1.090327341321344829e+04 2.446904072742607978e-20 1.559391080544141255e-20
1.090964437243795692e+04 6.250127974189767306e-20 1.562821454420401245e-20
1.091601530972574619e+04 6.255696297286129819e-20 1.599598370266915909e-20
1.092238622505639250e+04 1.356144980857741473e-20 1.484437244194627156e-20
1.092875711841400698e+04 1.335079267099336929e-20 1.449133403278474126e-20
1.093512798978594401e+04 4.702041756570896169e-20 1.472979280933274643e-20
1.094149883915488317e+04 9.670809390627079146e-20 1.577724166369771394e-20
1.094786966650657632e+04 5.403096627192191280e-20 1.732407664551579750e-20
1.095424047182215691e+04 3.004225361506903733e-20 1.579397415680718866e-20
1.096061125508431542e+04 7.435142668004617299e-20 1.593974720727373140e-20
1.096698201628653078e+04 8.116653237596702016e-20 1.462885204931207142e-20
1.097335275540379189e+04 4.218706522504210038e-20 1.587926671862417666e-20
1.097972347242339856e+04 4.773154208492607845e-20 1.591469060683883861e-20
1.098609416732801765e+04 3.553999038373759908e-20 1.495419603369761270e-20
1.099246484010815584e+04 1.474435568980054259e-20 1.511124687004733637e-20
1.099883549074033908e+04 2.412512568473687459e-20 1.554749751723829020e-20
1.100520611921039199e+04 9.263348752418594169e-20 1.604721961726576080e-20
1.101157672550722782e+04 5.262729320881397342e-20 1.430122487434307881e-20
1.101794730961049027e+04 3.252345745411235189e-20 1.556823838486890323e-20
1.102431787150601303e+04 2.813992929145698503e-20 1.395804262332345986e-20
1.103068841117808006e+04 5.794322113211786666e-20 1.496907443247699570e-20
1.103705892861411849e+04 4.832518238656604075e-20 1.555422568675734923e-20
1.104342942379055239e+04 7.840200372843859552e-20 1.503261520501796361e-20
1.104979989670114446e+04 7.821875106203341492e-20 1.510592554822480944e-20
1.105617034732240245e+04 5.200246506073173680e-20 1.404721540270497362e-20
1.106254077564178260e+04 3.354366515747221287e-20 1.533795045804336014e-20
1.106891118164360341e+04 5.448397368916449298e-20 1.525125076290579570e-20
1.107528156531377499e+04 6.721464958538023768e-20 1.607488724055474460e-20
1.108165192663351263e+04 7.161470903795929918e-21 1.507009003631966623e-20
1.108802226559184783e+04 5.307857631139166531e-20 1.526574314189321291e-20
1.109439258216688540e+04 1.132734566102256114e-20 1.524979287594248985e-20
1.110076287634605251e+04 4.634479336683431503e-20 1.506970058001187134e-20
1.110713314811531563e+04 5.801376721311565310e-20 1.509640257625303024e-20
1.111350339745592828e+04 7.765988515442437658e-20 1.494598810755639908e-20
1.111987362435543037e+04 9.096171027327301347e-20 1.613027922073426373e-20
1.112624382879661425e+04 9.154634359947807284e-21 1.558814890214519331e-20
1.113261401076231232e+04 5.233634314926218924e-20 1.515530875957369947e-20
1.113898417024005175e+04 9.344023450333897367e-20 1.521898004345504098e-20
1.114535430721267585e+04 3.814893693431603497e-20 1.345133084258678656e-20
1.115172442166300243e+04 3.517231873006570008e-20 1.394335630650167454e-20
1.115809451358019032e+04 2.053768952946278076e-20 1.561100646118839021e-20
1.116446458294225522e+04 5.445966580924463893e-21 1.561217495988197575e-20
1.117083462973842506e+04 5.201749403420570845e-20 1.444631653072866920e-20
1.117720465395157044e+04 4.021622980210113531e-20 1.589079486599978424e-20
1.118357465556612260e+04 1.290920279802453289e-20 1.532906471997535215e-20
1.118994463456493759e+04 1.803507296281528961e-20 1.562889200244410034e-20
1.119631459093563353e+04 4.315875640447585897e-20 1.565383473222065312e-20
1.120268452466107556e+04 5.345429190968982398e-20 1.573524745162156061e-20
1.120905443572572767e+04 4.900257522461484186e-20 1.510043094870972836e-20
1.121542432411403752e+04 1.648669348837829479e-20 1.499167799357558519e-20
1.122179418981049639e+04 4.997551682828379761e-20 1.501547729656428845e-20
1.122816403279950282e+04 4.240005665632001568e-20 1.615227658046332505e-20
1.123453385306399468e+04 3.581217448308325150e-20 1.502853648961487541e-20
1.124090365059325450e+04 2.940738013158901649e-20 1.431775164162973672e-20
1.124727342536699325e+04 4.760776120224060776e-20 1.524780875551083235e-20
1.125364317737290366e+04 2.282617644491037957e-20 1.530110315706558773e-20
1.126001290659068582e+04 4.244438030613100064e-20 1.476545706639571519e-20
1.126638261300805243e+04 3.890551373765570197e-20 1.459370927108218929e-20
1.127275229661271078e+04 6.994814368229942655e-20 1.548798850379100839e-20
1.127912195738598530e+04 3.011431797870052069e-20 1.329835305036988301e-20
1.128549159531079022e+04 4.296585165108843276e-20 1.331065211958679359e-20
1.129186121037324483e+04 -7.611444484844382478e-21 1.342333402781285693e-20
1.129823080255784771e+04 1.873348966185302064e-20 1.459339066868702839e-20
1.130460037184758767e+04 2.567845981541904653e-20 1.513583711428426332e-20
1.131096991823182361e+04 -1.830656163880515787e-21 1.376551725975446297e-20
1.131733944169029928e+04 5.808014595786177490e-21 1.555036068914951725e-20
1.132370894221077288e+04 7.818568663139413756e-20 1.739161169165157700e-20
1.133007841977459793e+04 3.956848315314344512e-21 1.613493092210972325e-20
1.133644787436795559e+04 2.985440871065056430e-20 1.481307212667472939e-20
1.134281730597540081e+04 3.255606130801270607e-20 1.509989776162523764e-20
1.134918671458313474e+04 3.490197564417047154e-20 1.372836548069441768e-20
1.135555610017251638e+04 3.537761787693836390e-20 1.481400693174550753e-20
1.136192546273133303e+04 2.236084358002716828e-20 1.383070117178395052e-20
1.136829480224253712e+04 4.900319002266907441e-20 1.483672991997156303e-20
1.137466411868754039e+04 3.652384637603398448e-20 1.445314168467660334e-20
1.138103341205741708e+04 4.386109293939975132e-20 1.439314338031707593e-20
1.138740268233192182e+04 4.026212118572124867e-20 1.445133985507967124e-20
1.139377192949890559e+04 1.875532116039669682e-20 1.459054884808019607e-20
1.140014115353975831e+04 4.868732792350976591e-20 1.417637665894126232e-20
1.140651035444394438e+04 2.940663822030180375e-20 1.378688921895473907e-20
1.141287953218637813e+04 3.752645028396643536e-20 1.448228781951870824e-20
1.141924868676466758e+04 4.341829975349074359e-20 1.431664705913870891e-20
1.142561781815534232e+04 1.509399134010446914e-20 1.321495710749204948e-20
1.143198692634303188e+04 -4.888526287037838172e-21 1.282818673853778456e-20
1.143835601131558724e+04 6.534104512278247685e-20 1.318708656456209263e-20
1.144472507305444924e+04 2.020697936083391108e-20 1.467110650768423488e-20
1.145109411154917325e+04 2.140079194326869915e-20 1.408751296214396648e-20
1.145746312677627793e+04 3.020465020423600288e-20 1.449669176395470706e-20
1.146383211873022083e+04 2.923880593001529517e-20 1.403531371147961677e-20
1.147020108738913768e+04 1.784630220904807089e-20 1.465771592501484300e-20
1.147657003273608279e+04 3.713687038439525566e-20 1.416852591199041901e-20
1.148293895476553371e+04 5.358766786420023068e-20 1.342766989899920123e-20
1.148930785344909782e+04 2.074641222668155416e-20 1.315550835124307977e-20
1.149567672878293524e+04 3.868559453760426013e-20 1.354312858626720498e-20
1.150204558074517263e+04 2.701004729233919058e-20 1.414540303183601594e-20
1.150841440932052683e+04 4.692091699543593458e-20 1.336591842003946996e-20
1.151478321449693067e+04 6.059938391014468942e-20 1.356353947891552387e-20
1.152115199625748210e+04 1.565305468639049911e-20 1.343578925311141355e-20
1.152752075458692161e+04 2.848594487539456443e-20 1.257401599911624285e-20
1.153388948946995697e+04 4.692152260068810854e-20 1.302112286191685271e-20
1.154025820088968794e+04 6.102275792321669594e-20 1.420041170285031760e-20
1.154662688883576993e+04 5.067609188408346990e-20 1.475811301896279941e-20
1.155299555328799943e+04 7.556547681264619303e-20 1.337515334398801903e-20
1.155936419423111693e+04 6.514332037955509794e-20 1.354156950257832566e-20
1.156573281165481058e+04 -7.792195407974837409e-21 1.409949417289023259e-20
1.157210140553887868e+04 2.747901366252004496e-20 1.316527009074611352e-20
1.157846997586807447e+04 3.669347688729381265e-20 1.375394664303510472e-20
1.158483852263211884e+04 4.263349998430027434e-20 1.328629173792087694e-20
1.159120704580915481e+04 4.390069990352762907e-20 1.333454610991086078e-20
1.159757554539051307e+04 1.695151682354265897e-20 1.275829228730533611e-20
1.160394402135604469e+04 6.780128435402297685e-20 1.343675113480626381e-20
1.161031247369384255e+04 7.369703630269122824e-20 1.329728831526906814e-20
1.161668090238537479e+04 2.185053751250441748e-20 1.374279846626622045e-20
1.162304930741708995e+04 1.757589945682286772e-20 1.288337799216387714e-20
1.162941768877543109e+04 2.158066622406058528e-20 1.236558533883194342e-20
1.163578604644020925e+04 4.962843293265464458e-20 1.344977004741466644e-20
1.164215438040120353e+04 3.342341917907541720e-21 1.316177326288532559e-20
1.164852269064489155e+04 5.897097087905845146e-20 1.384766761164468695e-20
1.165489097714774289e+04 2.717720139451848307e-20 1.395961065541661874e-20
1.166125923990124102e+04 4.509679933882354199e-20 1.448657298682318147e-20
1.166762747889019920e+04 3.110729762729703893e-20 1.413089070674658457e-20
1.167399569409776268e+04 3.650748471604679359e-20 1.426060807554731223e-20
1.168036388550542688e+04 5.565045402121061655e-20 1.417878850054262651e-20
1.168673205310463163e+04 3.388312508704616419e-20 1.408674846023717063e-20
1.169310019687693239e+04 4.126822143579846432e-20 1.345805838816932557e-20
1.169946831680716605e+04 4.308281527589911950e-20 1.319547202549966799e-20
1.170583641287849605e+04 3.552858619074399555e-20 1.276887299215577604e-20
1.171220448507911897e+04 4.982345914896945281e-20 1.420430858366683191e-20
1.171857253339052113e+04 4.180388171011697485e-20 1.377611021429624978e-20
1.172494055779924383e+04 2.456503662446019792e-20 1.350091466693270915e-20
1.173130855829014581e+04 3.788611284675920226e-20 1.304100221858758727e-20
1.173767653485143273e+04 5.904094316822492334e-20 1.368765916619285998e-20
1.174404448746295202e+04 6.685865080966935228e-20 1.366388181943561178e-20
1.175041241611123587e+04 2.583470623416031273e-20 1.326473985480518347e-20
1.175678032077779608e+04 3.411749071095853349e-20 1.318947576349281984e-20
1.176314820145593148e+04 6.429158778274967663e-20 1.301587156545687996e-20
1.176951605812378511e+04 1.128616704497404356e-19 1.666428450166270730e-20
1.177588389076623025e+04 2.925661573469482060e-19 1.975918380394424284e-20
1.178225169936979364e+04 5.044738805356201633e-19 2.155107894935209821e-20
1.178861948392282284e+04 5.161686837305859655e-19 1.871110210726724196e-20
1.179498724440342448e+04 1.608605136968729683e-19 1.372967096400546945e-20
1.180135498080159414e+04 5.566227582096866398e-20 1.359909280850638735e-20
1.180772269309884541e+04 6.802539730299279011e-20 1.363891653235527433e-20
1.181409038128346401e+04 3.780997768233235891e-20 1.366211359305036769e-20
1.182045804533868613e+04 7.206633834892856220e-20 1.354494454701589702e-20
1.182682568524941598e+04 5.895276324618268695e-20 1.314068370214333831e-20
1.183319330100227671e+04 9.332390529145290339e-20 1.408725352783022231e-20
1.183956089257710482e+04 2.801288548275637660e-20 1.259244365264758895e-20
1.184592845996391043e+04 2.529881655854821905e-20 1.359540323573961155e-20
1.185229600314593517e+04 3.391838446112408402e-20 1.360325833586453061e-20
1.185866352210981131e+04 3.504903497788906569e-20 1.257665589984424843e-20
1.186503101683708337e+04 4.414790214517785179e-20 1.290741686942365792e-20
1.187139848731438542e+04 -5.409520646048148708e-21 1.302118427143933406e-20
1.187776593352496457e+04 5.643372231071545825e-20 1.293749045833284032e-20
1.188413335545884729e+04 4.331743964945540441e-20 1.275952314669579296e-20
1.189050075309761451e+04 5.441431339149497051e-20 1.256587051063069040e-20
1.189686812642280529e+04 3.826759319621127200e-20 1.342294070287116905e-20
1.190323547542622146e+04 5.059894637507199646e-20 1.363286252732713609e-20
1.190960280008598966e+04 4.961733515513772644e-20 1.307892121457927851e-20
1.191597010039220731e+04 2.325618124203285246e-20 1.227851011601821591e-20
1.192233737632813063e+04 4.949104508601713369e-20 1.320296726214185207e-20
1.192870462787874931e+04 5.257688806326718240e-20 1.180167808546359990e-20
1.193507185503075016e+04 1.405558150001707042e-20 1.226070125995526220e-20
1.194143905776568317e+04 2.160913639717304768e-20 1.235118068574711762e-20
1.194780623607196867e+04 4.806227948109723189e-20 1.264215075303273101e-20
1.195417338993116573e+04 9.683991023259211549e-20 1.344106654382631290e-20
1.196054051933170376e+04 7.297290563149766348e-20 1.222089745927587359e-20
1.196690762425341381e+04 5.860721682640521971e-20 1.276286341194411868e-20
1.197327470468818137e+04 5.953805940439928827e-20 1.314449864889956547e-20
1.197964176061757644e+04 5.551254275185023924e-20 1.344196304316118308e-20
1.198600879202486976e+04 9.623068255860825576e-20 1.297387430908864519e-20
1.199237579889853077e+04 4.959302405984496304e-20 1.295091483534204633e-20
1.199874278122180658e+04 2.365027136376220741e-20 1.324071959037817363e-20
1.200510973897628901e+04 4.595915179808310029e-20 1.238146776716055955e-20
1.201147667215391266e+04 4.372216011551477332e-20 1.254970192898477116e-20
1.201784358073451767e+04 4.937536455503813898e-20 1.170988607820670716e-20
1.202421046470832880e+04 3.592896388187019034e-20 1.188246720618849656e-20
1.203057732405171737e+04 5.085803575307024170e-20 1.207495537060955586e-20
1.203694415875836785e+04 5.439375599628237858e-20 1.285655476871873744e-20
1.204331096880986661e+04 4.457973010392891569e-20 1.196137847951621585e-20
1.204967775419120153e+04 7.698824256669665040e-20 1.333817105450136252e-20
1.205615726685580921e+04 3.076426525569524428e-20 1.279694579021460357e-20
1.206252400764903541e+04 6.284160434595017935e-20 1.133823981202424013e-20
1.206889072671691247e+04 6.358193834382979826e-20 1.238665127848036995e-20
1.207525742108278428e+04 4.201638282210152383e-20 1.184834754160365841e-20
1.208162409070308422e+04 6.310998297966032578e-20 1.252886335516060229e-20
1.208799073556287294e+04 6.627081676481231800e-20 1.314115941621389744e-20
1.209435735564718561e+04 4.592230901750922176e-20 1.204642133712421448e-20
1.210072395093941122e+04 3.548733780937941295e-20 1.284776349042096311e-20
1.210709052142801374e+04 6.897643940478595311e-20 1.227196319682716530e-20
1.211345706709636761e+04 2.758189159574586261e-20 1.286430220935570575e-20
1.211982358792955165e+04 4.494292869030206507e-20 1.198499050218682666e-20
1.212619008391264288e+04 8.575416973344636110e-20 1.351869135527824673e-20
1.213255655503070739e+04 3.048028821642466985e-20 1.277283725430221871e-20
1.213892300126884220e+04 5.749225784345094105e-20 1.235369354949476808e-20
1.214528942261213524e+04 3.828536973565292205e-20 1.219732199882543427e-20
1.215165581904568353e+04 2.739921014907690163e-20 1.224642098627088860e-20
1.215802219055457135e+04 6.687328316852905477e-20 1.229256098250890192e-20
1.216438853712390664e+04 4.427196764470669900e-20 1.297010435110419354e-20
1.217075485873878461e+04 7.315983729419049623e-20 1.190036062159768163e-20
1.217712115538431317e+04 7.526287091772302462e-20 1.244642127788012949e-20
1.218348742704729011e+04 5.141127432614246342e-20 1.176580123302051418e-20
1.218985367370770655e+04 4.895212768886738499e-20 1.196461349272914686e-20
1.219621989535750436e+04 6.443184657677966894e-20 1.259231743825858871e-20
1.220258609197668193e+04 5.813694810868732766e-20 1.234652167513965816e-20
1.220895226355203522e+04 8.182913613979376065e-20 1.267090682470623567e-20
1.221531841006870491e+04 3.796694108652034619e-20 1.302288197007298904e-20
1.222168453151180074e+04 6.325040852987371394e-20 1.315062464213142605e-20
1.222805062786647613e+04 1.186919388943159877e-19 1.345697585640520613e-20
1.223441669911955432e+04 1.215996453920457402e-19 1.421665372735443992e-20
1.224078274525272900e+04 7.274007656202841809e-20 1.279531804752270491e-20
1.224714876625283250e+04 5.198522484363156966e-20 1.351355235858957233e-20
1.225351476210501096e+04 4.011329382351131039e-20 1.232401005068847417e-20
1.225988073279443051e+04 5.341732254526051089e-21 1.176167099465872876e-20
1.226624667830796170e+04 5.808266053172673798e-20 1.336241468820104305e-20
1.227261259863070336e+04 6.288976779541470838e-20 1.331304047765149666e-20
1.227897849374263023e+04 5.682318330377718344e-20 1.196491190294373745e-20
1.228534436363230634e+04 3.428800407075467392e-20 1.163835419906028014e-20
1.229171020828495421e+04 7.562836083162380517e-20 1.249075748878907428e-20
1.229807602768740799e+04 1.973764576503667194e-20 1.226988540368840350e-20
1.230444182182140867e+04 2.853237410670072193e-21 1.154856426942854796e-20
1.231080759067727922e+04 5.136620922747935883e-20 1.293136455011300804e-20
1.231717333423325726e+04 4.389596425894790524e-20 1.317715714152532741e-20
1.232353905247968032e+04 4.655129790116235656e-20 1.304095142149131476e-20
1.232990474539825300e+04 5.522925575536773472e-20 1.227935471410253406e-20
1.233627041297589130e+04 5.938505732824351318e-20 1.243107729884428300e-20
1.234263605519950579e+04 3.136432121726012130e-20 1.321273959510752026e-20
1.234900167205080470e+04 7.552984671366245219e-20 1.318860828755860353e-20
1.235536726352015648e+04 3.748461249568755032e-20 1.353379615139823066e-20
1.236173282958579512e+04 4.470248315850890231e-20 1.337898679475332815e-20
1.236809837023809450e+04 4.744936630355184118e-20 1.284285168433522035e-20
1.237446388546052549e+04 5.239563019745128238e-20 1.182125612066224533e-20
1.238082937523823966e+04 3.616837359968663424e-20 1.186006174474462771e-20
1.238719483955469150e+04 7.254529509288830648e-20 1.242923683099855170e-20
1.239356027839856142e+04 5.488120645053226548e-20 1.285009151192367356e-20
1.239992569175329481e+04 7.208217822767434729e-20 1.321164564166133713e-20
1.240629107960232068e+04 7.106278753906522266e-20 1.289323505901177258e-20
1.241265644193263324e+04 6.330183639495748645e-20 1.243930973498355814e-20
1.241902177873640721e+04 4.567214321752804329e-20 1.273984982240585871e-20
1.242538708998482798e+04 6.639539125927275667e-20 1.242841112927880881e-20
1.243175237567179647e+04 5.184489007659329869e-20 1.302577293549951005e-20
1.243811763578083446e+04 3.792707548126302925e-20 1.250893030978389230e-20
1.244448287029711173e+04 3.469899458715893234e-20 1.154604578771000937e-20
1.245084807920408275e+04 5.215487213483042916e-20 1.142687876741161134e-20
1.245721326249046797e+04 8.787777082781842464e-20 1.320594739458312889e-20
1.246357842013804111e+04 5.876883551386279686e-20 1.263632175886844339e-20
1.246994355214074494e+04 6.858279309620975978e-20 1.280236828018143112e-20
1.247630865847149471e+04 8.460045502256288546e-20 1.380219861173688508e-20
1.248267373912070434e+04 2.742806116845220329e-20 1.233300157945244548e-20
1.248903879407186650e+04 5.259802765044930702e-20 1.279503852037625131e-20
1.249540382331201727e+04 7.664046217590406131e-20 1.444359054779397459e-20
1.250176882682990799e+04 4.151272559474523161e-20 1.398696335922998556e-20
1.250813380460725602e+04 3.517885550469566052e-20 1.219716449822479851e-20
1.251449875662924387e+04 3.159562440367061099e-20 1.363153910117265367e-20
1.252086368288106860e+04 2.791160623194670620e-20 1.267313054804601424e-20
1.252722858334443481e+04 6.260953968737161491e-20 1.295469585478873216e-20
1.253359345800987467e+04 1.057155600221605015e-20 1.249948713157462813e-20
1.253995830686089903e+04 3.503933649324597366e-20 1.233222873562280933e-20
1.254632312988276135e+04 7.267153775859993718e-20 1.219554169067282678e-20
1.255268792706420572e+04 6.647563429025026176e-20 1.277284945586717177e-20
1.255905269838336426e+04 2.680465601381962169e-20 1.226596873783705439e-20
1.256541744382724937e+04 4.303792428229254237e-20 1.485968926652332960e-20
1.355291533156311561e+04 4.359191737630219872e-21 2.199065357635259476e-20
1.355927602922356164e+04 1.662242357811556014e-20 1.392963929495822349e-20
1.356563669869760452e+04 5.858602215710374147e-20 1.274321496746942220e-20
1.357199733997052499e+04 9.209051494462077823e-20 1.353117146593369841e-20
1.357835795302760380e+04 6.563291498314244521e-20 1.426347986289748303e-20
1.358471853785615349e+04 4.418870011044757441e-20 1.362979949492367864e-20
1.359107909443942299e+04 2.990638905739919548e-20 1.411230461944205148e-20
1.359743962276065577e+04 5.427143843963270614e-20 1.419455648128088914e-20
1.360380012280513438e+04 3.903424823474400490e-20 1.335944371985288692e-20
1.361016059456422227e+04 1.657599263999144125e-20 1.270207424487004301e-20
1.361652103801709927e+04 2.587977667030671326e-20 1.306387848717259405e-20
1.362288145315515067e+04 4.043380480456275133e-20 1.318776822691974780e-20
1.362924183995749081e+04 4.048516278063299225e-20 1.249688703114896328e-20
1.363560219840739410e+04 6.574016690707385493e-20 1.420492843811877901e-20
1.364196252849420671e+04 4.066250815341790324e-20 1.345774788447933349e-20
1.364832283020931027e+04 2.499689881382985569e-20 1.277986724556638408e-20
1.365468310352980916e+04 1.689125004837380191e-20 1.267104258310537580e-20
1.366104334844098048e+04 3.908563497658852777e-20 1.305759508533593919e-20
1.366740356493215404e+04 2.130334647356504796e-20 1.415147722259289077e-20
1.367376375298451967e+04 4.022612380121635109e-20 1.385421857900957009e-20
1.368012391258537355e+04 3.008464472721138319e-20 1.301345690229259963e-20
1.368648404372202458e+04 3.302430427350621319e-20 1.375995231104439914e-20
1.369284414637767804e+04 1.185743494542526326e-20 1.306589551990733780e-20
1.369920422053964649e+04 5.292270250290175296e-20 1.293734900039382440e-20
1.370556426618703517e+04 3.125676875265187751e-20 1.306914140746917346e-20
1.371192428331124574e+04 2.916373855602761563e-20 1.304329141951048024e-20
1.371828427189341892e+04 1.073705801417034339e-19 1.456758477203666741e-20
1.372464423192292088e+04 1.201694648862200225e-19 1.434670392883517952e-20
1.373100416338088507e+04 3.082447219863484029e-20 1.416941415396449420e-20
1.373736406625872587e+04 1.265997991722148826e-20 1.251394069209439974e-20
1.374372394053552125e+04 1.413364387838491964e-20 1.294540675228037216e-20
1.375008378619857285e+04 2.480154787610704768e-20 1.308075651697778046e-20
1.375644360323105502e+04 5.132289293845232825e-20 1.342288969128584959e-20
1.376280339162229211e+04 3.401432963619217542e-20 1.343409022260639293e-20
1.376916315135755940e+04 4.628033134414569814e-20 1.401226423200894094e-20
1.377552288241797942e+04 2.894587707833377195e-20 1.280633094091472364e-20
1.378188258478878015e+04 5.404638129147009536e-20 1.308040477300977299e-20
1.378824225846138324e+04 4.166000552793625476e-20 1.415314994442265562e-20
1.379460190341482485e+04 2.611278287190432085e-20 1.272185076615032427e-20
1.380096151963228476e+04 6.325021940454209199e-20 1.346622390287596908e-20
1.380732110711342648e+04 6.238205097493788039e-20 1.284104180047829678e-20
1.381368066582696338e+04 5.383628046504574027e-20 1.327734389440299294e-20
1.382004019576431529e+04 8.540148017200255750e-20 1.304674339794279161e-20
1.382639969690863109e+04 4.314296610094570955e-20 1.266008987308459487e-20
1.383275916924927151e+04 5.133883019106305934e-20 1.275417230017356030e-20
1.383911861277353273e+04 9.604407848707658184e-21 1.233517404763462275e-20
1.384547802745834088e+04 3.619052056546609670e-20 1.206490941007509182e-20
1.385183741329304394e+04 4.643551650436958035e-20 1.341267741826849546e-20
1.385819677026287536e+04 3.156567112536209538e-20 1.222666872533763152e-20
1.386455609835302675e+04 5.002705298008630343e-20 1.232839614625060630e-20
1.387091539755286249e+04 3.122591029073101591e-20 1.257181546612542455e-20
1.387727466783924137e+04 8.118782531430087976e-20 1.272477010888226437e-20
1.388363390920156235e+04 5.634636658293611886e-20 1.326022249213729274e-20
1.388999312162502974e+04 3.304518917120358310e-20 1.317717431323265857e-20
1.389635230509900612e+04 6.801251360175681112e-20 1.278247640449246284e-20
1.390271145960036301e+04 4.445201676501701009e-20 1.292060379457812201e-20
1.390907058512055119e+04 4.781152241952344462e-20 1.290387917242473697e-20
1.391542968163850310e+04 4.410704232782841620e-20 1.316596803571472681e-20
1.392178874914982771e+04 1.279609699467620253e-20 1.330159594611342068e-20
1.392814778763139293e+04 4.102661486368541823e-20 1.302997775663565199e-20
1.393450679706628398e+04 7.661733566718285458e-20 1.302228646859829239e-20
1.394086577744803071e+04 4.690986260592533506e-20 1.299304496891170033e-20
1.394722472875557105e+04 5.555911126706020037e-20 1.307133736266146714e-20
1.395358365098033210e+04 5.718300231809160611e-20 1.277812103215068381e-20
1.395994254409914720e+04 1.042799036433193001e-20 1.206377464703558684e-20
1.396630140810136982e+04 2.586382817775613184e-20 1.156044381338981516e-20
1.397266024297634976e+04 2.771808116502484446e-20 1.335049492098616733e-20
1.397901904870085855e+04 7.297526260148056395e-20 1.428956407330469318e-20
1.398537782526845695e+04 3.920127828187927267e-20 1.390743632953864207e-20
1.399173657265805195e+04 3.584304828261948130e-20 1.312167401968173096e-20
1.399809529085689792e+04 2.976888200715987779e-20 1.308934337425431867e-20
1.400445397984805641e+04 5.425636905610202012e-20 1.356038606146028525e-20
1.401081263962088633e+04 6.153509179250377864e-20 1.352382124687593120e-20
1.401717127016055019e+04 5.234147179172898174e-20 1.272754009119024894e-20
1.402352987144379404e+04 5.920656975439358213e-20 1.450828499625927967e-20
1.402988844346837504e+04 2.516479960246653799e-20 1.386017112962562580e-20
1.403624698621314928e+04 4.682950922015900432e-20 1.368414723093943837e-20
1.404260549965904829e+04 3.226300207762939387e-20 1.314259878900103936e-20
1.404896398379753191e+04 6.686754303368379184e-20 1.295999966952948546e-20
1.405532243861373900e+04 8.034171011376975737e-20 1.191916637523628828e-20
1.406168086408860654e+04 5.508673326812940971e-20 1.297300975943361524e-20
1.406803926020937251e+04 3.793684656010348245e-20 1.280639914244898373e-20
1.407439762696110847e+04 1.366783038693785183e-20 1.208938564126770390e-20
1.408075596432690145e+04 5.322973904009457228e-20 1.261385691568547613e-20
1.408711427230242771e+04 6.203843537583792714e-20 1.304085095853715080e-20
1.409347255085593133e+04 4.079625444769488197e-20 1.304545000655510210e-20
1.409983079998520043e+04 3.539734883246978487e-20 1.376884249056618235e-20
1.410618901966903104e+04 5.709561795808929768e-20 1.299041753647354161e-20
1.411254720989464113e+04 3.756040479034727078e-20 1.239728717105945735e-20
1.411890537064715500e+04 6.128788098371210230e-20 1.333431787744973145e-20
1.412526350191379788e+04 3.714849417504293631e-20 1.308672570740420741e-20
1.413162160367544675e+04 3.730210874697400182e-20 1.394899026623310332e-20
1.413797967591933593e+04 1.186233254770660687e-20 1.328838898075917861e-20
1.414433771863267611e+04 1.877646150854666985e-20 1.402637207583569282e-20
1.415069573179845975e+04 4.394210427210841950e-20 1.370140717680745509e-20
1.415705371539964835e+04 6.762112660241399775e-20 1.468786085590139927e-20
1.416341166942342534e+04 4.191799416446332446e-20 1.408313731656594998e-20
1.416976959385917144e+04 6.999287671364343788e-20 1.407946254730964071e-20
1.417612748868349627e+04 7.116820416790363109e-20 1.292698876450061927e-20
1.418248535388785422e+04 5.728813059155222274e-20 1.475831446441839101e-20
1.418884318945520499e+04 5.370561745867948590e-20 1.348104136834241040e-20
1.419520099536850648e+04 4.439082004785854720e-20 1.425342967868350742e-20
1.420155877161709031e+04 3.215943893310270065e-20 1.332005299588859846e-20
1.420791651818602986e+04 5.496407320589765528e-20 1.291550320872665831e-20
1.421427423505402476e+04 3.248644979932753064e-20 1.268722504927898218e-20
1.422063192221251666e+04 3.665422796924199498e-20 1.536454156593459608e-20
1.422698957964019610e+04 1.472594981993909648e-20 1.558165453346290982e-20
1.423334720733490576e+04 6.140068417303721653e-20 1.281904229146350941e-20
1.423970480526463507e+04 4.037693540556488091e-20 1.255886071741058303e-20
1.424606237343147041e+04 5.365494207193257339e-20 1.387388917715475904e-20
1.425241991180558944e+04 6.506398358358568767e-20 1.362647147464343485e-20
1.425877742038270844e+04 3.865536448753825625e-20 1.393398001820591953e-20
1.426513489913934245e+04 3.791837418937307457e-20 1.331848882584524765e-20
1.427149234806693494e+04 5.271822375786226304e-20 1.382531608046895368e-20
1.427784976714839468e+04 3.617608357555209765e-20 1.309343677360063700e-20
1.428420715637090871e+04 3.011707098962811187e-20 1.306394004444175440e-20
1.429056451571309117e+04 7.243203900781286124e-20 1.359485003991273477e-20
1.429692184516852467e+04 5.625168158739495871e-20 1.461705879260962040e-20
1.430327914471582881e+04 5.482851220589122070e-20 1.371320249356503938e-20
1.430963641434216697e+04 5.233365399260738583e-20 1.417951842091683821e-20
1.431599365403469710e+04 3.242421947048382732e-20 1.364403489197684589e-20
1.432235086377194966e+04 4.213428649792129132e-20 1.313953733387656238e-20
1.432870804354543907e+04 5.430184883247067101e-20 1.413556876383344883e-20
1.433506519333803408e+04 5.464244249154585068e-20 1.315387157618258966e-20
1.434142231313905359e+04 3.798874814612315819e-20 1.358202056282856161e-20
1.434777940292273706e+04 6.304557876692717453e-20 1.381918093399449470e-20
1.435413646268700359e+04 4.193052446963506045e-20 1.256730903648979772e-20
1.436049349240394440e+04 3.922637483023358966e-20 1.335385805410217143e-20
1.436685049206930489e+04 4.243753387644229540e-20 1.380348143961253262e-20
1.437320746166379104e+04 2.624991128070313925e-20 1.386386780948148034e-20
1.437956440116806698e+04 6.707082274951570112e-20 1.392301962496503160e-20
1.438592131057790539e+04 6.049365758965030521e-20 1.272190994690625437e-20
1.439227818986745842e+04 6.971880497873951815e-20 1.365933002424789214e-20
1.439863503902602861e+04 7.986064238678959976e-20 1.428283294183673111e-20
1.440499185804078479e+04 1.741306219246543862e-20 1.364767227262350986e-20
1.441134864689454662e+04 1.046410215786744946e-19 1.517369324678248544e-20
1.441770540557011191e+04 9.252591119686416749e-20 1.427851413673325742e-20
1.442406213405460949e+04 2.880535763980630393e-20 1.295243297906557540e-20
1.443041883233516637e+04 7.079173147458694495e-20 1.404098939998969894e-20
1.443677550039457492e+04 1.661598743838403412e-20 1.389227658506573930e-20
1.444313213821562385e+04 3.694786695556422791e-20 1.420049039110685725e-20
1.444948874578976393e+04 5.856983063487565071e-20 1.406849446581014221e-20
1.445584532309326823e+04 7.567501381300051273e-20 1.366249395194764585e-20
1.446220187011754388e+04 7.842669287167938402e-20 1.500639534592909179e-20
1.446855838684537230e+04 5.935462020245802638e-20 1.484596819361606954e-20
1.447491487326171955e+04 3.605536786996500285e-20 1.562095712357694874e-20
1.448127132934935980e+04 -2.397241264767993154e-20 1.441729351978971935e-20
1.448762775509971289e+04 5.623973042810491130e-20 1.518881303569726543e-20
1.449398415049120558e+04 5.812431005483444579e-20 1.390777044545140371e-20
1.450034051551091943e+04 2.381207969283076278e-21 1.256901861677602102e-20
1.450669685014377683e+04 4.070777626437036053e-20 1.527633134879066781e-20
1.451305315437469471e+04 6.669773535494594276e-20 1.444177646942305666e-20
1.451940942818639815e+04 6.710958111207795361e-20 1.495741151489070036e-20
1.452576567157031423e+04 5.583316775526523002e-20 1.401773666943598791e-20
1.453212188450475151e+04 6.356154023010374693e-20 1.524939057673238614e-20
1.453847806697904343e+04 3.939982465870363213e-20 1.466374263369698864e-20
1.454483421897588778e+04 4.615345114630687838e-20 1.472678392093036044e-20
1.455119034047583409e+04 7.640821961145999457e-20 1.363733363226984425e-20
1.455754643146810668e+04 5.246293795922645103e-20 1.514655633859759289e-20
1.456390249193977979e+04 3.805462401540872269e-20 1.479677510696073201e-20
1.457025852187574128e+04 9.151244656240080779e-20 1.584048097807858993e-20
1.457661452125866708e+04 6.305731260399753651e-20 1.479811043774022848e-20
1.458297049007344322e+04 1.836435287010607683e-20 1.451823282283038329e-20
1.458932642830273289e+04 6.986096396922100372e-20 1.474656164096407983e-20
1.459568233593131299e+04 4.104668228273561117e-20 1.508080882988421996e-20
1.460203821295069611e+04 5.510496519375383615e-20 1.521435749115205876e-20
1.460839405934136084e+04 7.730694478345465779e-20 1.573524782938538562e-20
1.461474987508376398e+04 4.928299842711461420e-20 1.508629758146362962e-20
1.462110566017152269e+04 7.267102339928015753e-20 1.588134474506788614e-20
1.462746141458510647e+04 8.116279875284083147e-20 1.525980927176676375e-20
1.463381713830933040e+04 7.215773120838027145e-20 1.423135751708567468e-20
1.464017283132904413e+04 1.682602513352767732e-20 1.350375071868844270e-20
1.464652849362467168e+04 3.238445809438017803e-20 1.492480901470186723e-20
1.465288412518980476e+04 3.244774262588967800e-20 1.553740635408173383e-20
1.465923972600483285e+04 5.820140758800142436e-20 1.465175788697062363e-20
1.466559529605243188e+04 6.088874451526571252e-20 1.442607725459380426e-20
1.467195083532401441e+04 4.766050364172055388e-20 1.526343153661796471e-20
1.467830634379558433e+04 5.219885688640394358e-20 1.450611935383362180e-20
1.468466182145854145e+04 3.744054542148450734e-20 1.416725157579520537e-20
1.469101726829328982e+04 1.333123130223106454e-20 1.377806958290293795e-20
1.469737268429123469e+04 3.824964885243012617e-20 1.528784102879588758e-20
1.470372806943054638e+04 5.226136842247282219e-20 1.449271765082100597e-20
1.471008342369822094e+04 2.222410150724706183e-20 1.454541847329416964e-20
1.471643874707675423e+04 8.953147228486148028e-20 1.587329172403463664e-20
1.472279403955318230e+04 1.377328200469581318e-20 1.505891961029859213e-20
1.472914930111451758e+04 5.928751318674554536e-20 1.548140947942525087e-20
1.473550453174551330e+04 3.918699307383512873e-20 1.573295176020490032e-20
1.474185973142651892e+04 3.260738705119480449e-20 1.599132450170530419e-20
1.474821490014450683e+04 3.134144612058891331e-20 1.556519345823766568e-20
1.475457003788422844e+04 4.935128196577317756e-20 1.520605063414430230e-20
1.476092514463265070e+04 3.244574064981710166e-20 1.577594100944088940e-20
1.476728022036787115e+04 2.000843196502518453e-20 1.491155002761628090e-20
1.477363526508342329e+04 2.185992148116548256e-20 1.410245839208437719e-20
1.477999027875522188e+04 6.562887948198308205e-20 1.475108866857918710e-20
1.478634526137688772e+04 -8.451737537991044985e-21 1.594696027559337836e-20
1.479270021292427737e+04 2.321279322304554844e-20 1.529653881640334236e-20
1.479905513339099343e+04 5.721697062209807849e-20 1.585189324566711174e-20
1.480541002275953906e+04 3.380157411204069017e-20 1.467376526979913384e-20
1.481176488100572897e+04 1.775635414958325775e-20 1.514168958351393096e-20
1.481811970812316576e+04 2.287430029954600122e-20 1.462996947575846741e-20
1.482447450409656085e+04 4.508901241916419798e-20 1.598236054563347315e-20
1.483082926890606541e+04 4.544209251486166923e-20 1.648323499201900214e-20
1.483718400254090920e+04 5.904819111027644097e-20 1.637709546907027174e-20
1.484353870498355354e+04 1.182326505919851138e-20 1.511318159906606231e-20
1.484989337621646700e+04 2.592539582865063063e-20 1.526148139196128277e-20
1.485624801622655650e+04 -3.085502850556289583e-20 1.355450447060139016e-20
1.486260262499848432e+04 4.882856800686795791e-20 1.555918768955550219e-20
1.486895720251693638e+04 4.945293747095430112e-20 1.459133200120821102e-20
1.487531174876879959e+04 4.983170595288986448e-20 1.508434912285991911e-20
1.488166626373648978e+04 1.705605899966184248e-20 1.475968081493186144e-20
1.488802074740236094e+04 5.913982706063913363e-20 1.523712951833437663e-20
1.489437519975561918e+04 5.124568439000464544e-20 1.660056719841522997e-20
1.490072962078090677e+04 5.569784522375851195e-20 1.556432585247697073e-20
1.490708401045615756e+04 6.241546753312726973e-20 1.445310783540044404e-20
1.491343836877047579e+04 4.114663543686806019e-20 1.395624352157582638e-20
1.491979269571297482e+04 2.888041174218922045e-20 1.395044981763807533e-20
1.492614699125931838e+04 3.208451850659895871e-20 1.426330608624018986e-20
1.493250125539861801e+04 3.084147091783024321e-20 1.528636952079242803e-20
1.493885548811986882e+04 8.338629152842723885e-20 1.540839629239879587e-20
1.494520968940104467e+04 3.241290513122324382e-20 1.569220177451151692e-20
1.495156385922449772e+04 4.300640944636061971e-20 1.423670669959368327e-20
1.495791799758832349e+04 5.756291732851160760e-20 1.410682942125331454e-20
1.496427210446363642e+04 5.127128763685788043e-20 1.423503469408346558e-20
1.497062617983725613e+04 9.889781167185203455e-21 1.375797662393490123e-20
1.497698022369827777e+04 5.465019782241020305e-20 1.425813880833170124e-20
1.498333423603128176e+04 5.798766874769726044e-20 1.391714792953158776e-20
1.498968821681627014e+04 6.301374699982787360e-20 1.398896193600965027e-20
1.499604216604009707e+04 5.093721210184226198e-20 1.387713683517661620e-20
1.500239608368511472e+04 6.745676153301180294e-20 1.447457685003153344e-20
1.500874996974263195e+04 2.873672888021618095e-20 1.406044602544924337e-20
1.501510382419045163e+04 2.922577523871826753e-20 1.533652411057621969e-20
1.502145764701762710e+04 1.218353987867127991e-21 1.526354944349881960e-20
1.502781143820193211e+04 7.092888501401441843e-21 1.523425496774778616e-20
1.503416519773694199e+04 2.459806833009139393e-20 1.438093248951872837e-20
1.504051892560032320e+04 5.666762884725913604e-20 1.392337258254075205e-20
1.504687262178344463e+04 7.208276454574954235e-20 1.519766081893800528e-20
1.505322628625954712e+04 4.923380997437992198e-20 1.484260517731492377e-20
1.505957991901992318e+04 2.799384345414547783e-20 1.435570059043244778e-20
1.506593352005814631e+04 6.152035217449161464e-20 1.558576365963634908e-20
1.507228708934062161e+04 5.871086541433021039e-20 1.499074013002935145e-20
1.507864062686314719e+04 6.731348411513744702e-20 1.417680785767678816e-20
1.508499413261024347e+04 4.592698836358234980e-20 1.370685370279428772e-20
1.509134760656402068e+04 2.819276588483902534e-20 1.258799270107648818e-20
1.509770104870678188e+04 3.184624565816932880e-20 1.324317112157377695e-20
1.510405445902757128e+04 2.924830047715727858e-20 1.417285205673193744e-20
1.511040783750857554e+04 4.539353375692725974e-20 1.412106213606563574e-20
1.511676118413198856e+04 1.567243130022506327e-20 1.333485673861743732e-20
1.512311449888455536e+04 4.978155327494628388e-20 1.390790157224161931e-20
1.512946778175073086e+04 1.627780557704673082e-20 1.413816726609557761e-20
1.513582103272175664e+04 4.186345786992087194e-20 1.384892194881844430e-20
1.514217425176837423e+04 2.960259140802520949e-20 1.420350696279153068e-20
1.514852743888420991e+04 4.779075989721765827e-20 1.484945012317650660e-20
1.515488059404914566e+04 5.573059096644758715e-20 1.551124550317597937e-20
1.516123371725216566e+04 5.503036664725027833e-20 1.533746652617020083e-20
1.516758680847312098e+04 1.894805165757518784e-20 1.496980449339109115e-20
1.517393986770101583e+04 5.465149835637380438e-20 1.450462763158596245e-20
1.518029289492023963e+04 3.621075559025987800e-20 1.378860791787351332e-20
1.518664589010826057e+04 2.174639471368313275e-20 1.335932967342916976e-20
1.519299885325870127e+04 2.897348080176766291e-20 1.446242856637265021e-20
1.519935178434911177e+04 7.587603113057644772e-20 1.395788006679874538e-20
1.520570468336615886e+04 2.444693075176284111e-20 1.371480713005864595e-20
1.521205755029194916e+04 5.240355580811177939e-20 1.426153208117268181e-20
1.521841038511771512e+04 3.371358487074010814e-20 1.348963763642834448e-20
1.522476318781867667e+04 -2.025029951377006131e-21 1.377378916872687612e-20
1.523111595838829453e+04 2.037870848414100716e-20 1.396348461062720793e-20
1.523746869680406780e+04 4.610888553120326650e-20 1.428248973845907534e-20
1.524382140305727808e+04 4.331838642722589280e-20 1.311668935444863116e-20
1.525017407712079876e+04 1.182518334855480823e-20 1.379245411178410205e-20
1.525652671898586414e+04 5.762965366359707018e-20 1.467485044345854674e-20
1.526287932864139839e+04 2.721247026747160569e-20 1.470369567224246423e-20
1.526923190606943172e+04 4.765125953678827990e-20 1.360821233981055457e-20
1.527558445124505306e+04 1.850663772452419218e-20 1.382094772341248106e-20
1.528193696416174862e+04 2.698711667865982897e-20 1.451936259858948414e-20
1.528828944480390055e+04 5.129430415048626062e-20 1.349871049328112885e-20
1.529464189315120893e+04 4.471609935734855467e-20 1.374319003396771522e-20
1.530099430919259248e+04 4.641330680965591518e-20 1.407776957130959855e-20
1.530734669291002865e+04 2.341368542268561735e-20 1.430151126397208088e-20
1.531369904428320297e+04 2.642885210211791129e-20 1.423926478022502005e-20
1.532005136330325149e+04 1.771726540201107724e-20 1.450871493253475703e-20
1.532640364995674281e+04 4.386133408362246739e-20 1.487622076979734556e-20
1.533275590421878587e+04 3.782996222481797352e-20 1.493549854290125610e-20
1.533910812607826483e+04 6.028845670548520864e-20 1.435160717869278379e-20
1.534546031552404929e+04 4.225988169904630098e-20 1.373979130939636259e-20
1.535181247253115180e+04 7.093204592409883397e-20 1.494366843021086495e-20
1.535816459709306218e+04 3.459195008814781794e-20 1.536749770545450115e-20
1.536451668918471114e+04 1.760710725789443491e-19 1.696717630342128778e-20
1.537086874879495008e+04 2.118879285674570355e-19 1.640791704954457378e-20
1.537722077591268317e+04 8.060027952122906744e-20 1.493675400929018854e-20
1.538357277051290475e+04 5.178634905912034498e-20 1.578588150085471759e-20
1.538992473258905738e+04 3.870186997294676144e-20 1.501217821388539370e-20
1.539627666208275696e+04 4.504515784389865533e-20 1.476800684018252641e-20
1.540262844980895898e+04 4.663086157732704733e-20 1.560304311552374414e-20
1.540898017957218508e+04 2.743216694665389795e-20 1.529311986996490807e-20
1.541533187674281544e+04 4.132445564806592779e-20 1.578697633560241988e-20
1.542168354130780426e+04 4.600980536781650123e-20 1.568605185364717278e-20
1.542803517325132452e+04 2.735744251846684671e-20 1.520339080752625078e-20
1.543438677255754737e+04 6.282705153189844005e-20 1.505188577678927680e-20
1.544073833920830839e+04 2.202516057209821394e-20 1.412505699655178159e-20
1.544708987319474363e+04 9.698485230382136963e-21 1.513998578947892294e-20
1.545344137449389564e+04 6.241916190888863204e-21 1.543491239782729694e-20
1.545979284309470313e+04 5.523966190187527653e-20 1.573836570556352068e-20
1.546614427897429232e+04 6.689869573510725814e-20 1.529279164943024021e-20
1.547249568212846862e+04 3.540710125040340293e-20 1.566179135314836893e-20
1.547884705252735148e+04 4.103166229161258447e-20 1.372183476087457975e-20
1.548519839016673723e+04 6.876802329959680315e-20 1.493952239883520339e-20
1.549154969502365930e+04 2.473726049772641418e-20 1.522817586461065699e-20
1.549790096708455894e+04 -9.695709745668256123e-22 1.444237078634645062e-20
1.550425220633359459e+04 6.540704059421911862e-20 1.500564251350381543e-20
1.551060341275954124e+04 8.502115696694485611e-20 1.482564232168216862e-20
1.551695458633478847e+04 3.788310114757815689e-20 1.485573537984311675e-20
1.552330572705511258e+04 6.246618911957131375e-20 1.394248964086205736e-20
1.552965683489755975e+04 4.121242909452203513e-20 1.480890801343894133e-20
1.553600790985075037e+04 5.486262134740014837e-20 1.472766139195607056e-20
1.554235895189418807e+04 2.640987938365660623e-20 1.474447361543930514e-20
1.554870996101895253e+04 4.208106802965368312e-20 1.365997938941633964e-20
1.555506093719971250e+04 7.826133001258571885e-20 1.483653483728730247e-20
1.556141188042519025e+04 4.511007638418159634e-20 1.503495696126329903e-20
1.556776279067942232e+04 1.286011592026440046e-20 1.564176587089419651e-20
1.557411366795105459e+04 3.064496006866102487e-20 1.509543421388184506e-20
1.558046451221472671e+04 4.605717070010075710e-20 1.577107109834897809e-20
1.558681532346155291e+04 4.016727933233154097e-20 1.445766431706160221e-20
1.559316610167554427e+04 2.295840268411906290e-21 1.471036536786707139e-20
1.559951684683363419e+04 6.038741666701134303e-20 1.535812636870921368e-20
1.560586755892452129e+04 7.356747907645459870e-20 1.600931394556967285e-20
1.561221823793448675e+04 -1.665234910391312881e-20 1.494785114413958335e-20
1.561856888384512786e+04 9.264994979815961804e-21 1.462237580639653405e-20
1.562491949663812738e+04 8.546650566734774729e-20 1.738946278967998010e-20
1.563127007630453772e+04 3.028516813187757968e-20 1.421731866670562630e-20
1.563762062282122497e+04 9.729330227724734515e-21 1.437065579808279328e-20
1.564397113617686591e+04 3.951856411113404195e-20 1.508732855292118967e-20
1.565032161634828662e+04 5.139456404255021043e-20 1.394875900282834297e-20
1.565667206332878413e+04 6.342819585650064366e-20 1.433820595510852941e-20
1.566302247709296716e+04 7.893743683893608098e-20 1.514588669037255804e-20
1.566925570840747423e+04 1.047447423575187860e-19 1.559438712641340210e-20
1.567560605103634589e+04 3.058410380709465231e-19 1.813965520238622773e-20
1.568195635742914601e+04 1.609487598647475640e-19 1.764906020773412051e-20
1.568830663051992087e+04 6.304792980590596660e-20 1.591377537109683062e-20
1.569465687031609559e+04 3.960280655793023417e-20 1.505642378534219931e-20
1.570100707680617779e+04 5.355319533287876542e-20 1.620978893494013972e-20
1.570735724996946919e+04 1.783582630794799415e-20 1.498345479001528892e-20
1.571370738979214912e+04 3.962641160992834532e-20 1.475981297795249077e-20
1.572005749626266697e+04 5.939068335563696725e-20 1.642201913176631562e-20
1.572640756935327954e+04 8.127727064061080068e-20 1.575546846086082525e-20
1.573275760905934840e+04 1.039105866374359736e-20 1.511350367643452399e-20
1.573910761535789970e+04 5.289481782604982368e-20 1.560327871908614659e-20
1.574545758823506367e+04 4.596536591956431574e-20 1.627066177994041670e-20
1.575180752767697595e+04 5.518836089605393809e-20 1.529991481517486246e-20
1.575815743366282732e+04 4.976524658410311320e-20 1.622571464604270167e-20
1.576450730618096350e+04 3.732328273327539340e-20 1.653828951664801948e-20
1.577085714521058253e+04 6.373884303077814907e-20 1.698873234480014568e-20
1.577720695073788374e+04 7.551574908282588337e-20 1.558555617617255313e-20
1.578355672275130382e+04 4.491665684392042848e-20 1.614817084967814297e-20
1.578990646122766702e+04 8.151903096872945010e-20 1.528975675513244606e-20
1.579625616615529725e+04 4.938803138630088079e-20 1.494650896329688262e-20
1.580260583751096601e+04 3.240195369841645882e-20 1.516522144731120034e-20
1.580895547528534917e+04 5.437535092350232058e-20 1.606256649134906958e-20
1.581530507945306454e+04 4.827705141020744756e-20 1.634418011968854869e-20
1.582165465001407392e+04 3.071831571105329723e-19 1.848031515540902469e-20
1.582800418693597385e+04 8.700099078460955870e-19 2.413412537007607782e-20
1.583435369022094892e+04 3.693270332115313155e-19 1.885136679918418584e-20
1.584070315983175351e+04 6.321861291151276066e-20 1.638695665880347458e-20
1.584705259576368917e+04 9.780264150894663806e-20 1.570522338756895718e-20
1.585340199799591574e+04 5.518260743945620519e-20 1.479508680249448217e-20
1.585975136651447792e+04 2.509758650374878539e-20 1.548892607063635315e-20
1.586610070130778149e+04 2.480079163866989198e-20 1.548269474891218428e-20
1.587245000235476800e+04 5.760934270781931318e-20 1.652443165867677599e-20
1.587879926963901744e+04 5.550013001124283649e-20 1.555021239292327383e-20
1.588514850314195974e+04 3.251946470760684511e-20 1.492621132728989793e-20
1.589149770285189697e+04 3.517571545377348647e-20 1.514386750805390163e-20
1.589784686874551335e+04 7.044707491780275114e-20 1.447207602753875930e-20
1.590419600081579119e+04 2.956059679537337036e-20 1.551953183049960750e-20
1.591054509903931103e+04 2.675300768002298629e-20 1.477443448643028306e-20
1.591689416340433127e+04 1.632089574095744039e-20 1.491692192615540512e-20
1.592324319388751792e+04 5.920902931961005912e-20 1.521178914209854363e-20
1.592959219047719125e+04 3.145572351008079944e-20 1.513691801226192560e-20
1.593594115316170974e+04 5.783725920357287781e-20 1.510859342156912457e-20
1.594229008191991488e+04 4.957189243364073654e-20 1.551780327881810968e-20
1.594863897673295833e+04 4.355655759990814109e-20 1.657879837783191288e-20
1.595498783758920581e+04 3.271509208123493738e-20 1.545244541136391453e-20
1.596133666446987263e+04 3.035579463687327993e-20 1.496780126964062264e-20
1.596768545735383486e+04 2.283836996990632363e-20 1.631764619595218237e-20
1.597403421623407849e+04 9.283194286415713245e-20 1.619855230178246673e-20
1.598038294108937407e+04 2.189932043238887982e-20 1.549296863128059457e-20
1.598673163190090600e+04 6.123745708921201883e-20 1.577540560952521748e-20
1.599308028865698361e+04 4.870876927986406564e-20 1.664941348454250625e-20
1.599942891133878220e+04 -6.871257781642866091e-21 1.488630369830707330e-20
1.600577749992507052e+04 2.594496783318984410e-20 1.639928883103660625e-20
1.601212605440875450e+04 2.904431620483121046e-20 1.568581286400203789e-20
1.601847457476395903e+04 5.860721884276018702e-20 1.613028575501027021e-20
1.602482306098835761e+04 2.738132605350203940e-20 1.629471368850958077e-20
1.603117151305125481e+04 2.070601385153049313e-20 1.576736746498603725e-20
1.603751993093611782e+04 2.322308670102153140e-20 1.509050615636487718e-20
1.604386831464063471e+04 5.699951337708514122e-20 1.571595835752067412e-20
1.605021666413395542e+04 3.437867943266450751e-20 1.501496201697929329e-20
1.605656497939957444e+04 5.350869345528166157e-20 1.529874346593511027e-20
1.606291326043523441e+04 4.036372069991286253e-20 1.494308878454122268e-20
1.606926150721017439e+04 4.555682163033548777e-20 1.543491450159272534e-20
1.607560971971247454e+04 8.569904785143924767e-20 1.584505363542722398e-20
1.608195789792553114e+04 3.850956225283346167e-20 1.620260457121466998e-20
1.608830604183274227e+04 3.739114000604847380e-20 1.731400285636620551e-20
1.609465415141760241e+04 5.648197552855995700e-20 1.675165745047085182e-20
1.610100222666349873e+04 6.447700236383521655e-20 1.486844443275153407e-20
1.610735026755382569e+04 2.652043496458703583e-20 1.596381504141453790e-20
1.611369827407197045e+04 -1.407982754928038050e-20 1.487738189840817098e-20
1.612004624620592404e+04 8.683688122539704227e-21 1.548744193369729698e-20
1.612639418392489642e+04 2.789011096735420864e-20 1.637224578915877287e-20
1.613274208723128140e+04 3.615276841747787461e-20 1.498133924783106680e-20
1.613908995609419617e+04 4.441409383531617747e-21 1.546779272110952792e-20
1.614543779050401827e+04 1.198756961626927541e-20 1.473130224776817692e-20
1.615178559043926180e+04 2.520036954084594189e-20 1.453922279902210549e-20
1.615813335591705072e+04 2.574244231165275783e-20 1.489147903795554180e-20
1.616436334172102033e+04 2.039027031024746299e-21 1.527932645129924618e-20
1.617071103045692143e+04 1.430594637930578013e-20 1.627041556134572126e-20
1.617705868465119602e+04 3.878065835586662896e-21 1.524116538268990292e-20
1.618340630429441444e+04 3.780620587355090495e-20 1.556483355833430749e-20
1.618975388935520095e+04 1.668502341936126637e-20 1.619996103387756398e-20
1.619610143983161652e+04 9.408302953442782459e-20 1.572026463967375496e-20
1.620244895569705113e+04 6.002730475308488044e-21 1.549458912501329544e-20
1.620879643694461993e+04 4.008731689971203071e-21 1.505573627008722881e-20
1.621514388355249866e+04 4.029254563997442543e-20 1.446250499259787729e-20
1.622149129549910504e+04 2.513267690186246715e-20 1.574224190553291232e-20
1.622783867277757781e+04 3.737617614740889510e-20 1.503345479520577409e-20
1.623418601536617280e+04 3.569876206634430011e-20 1.351346550477350157e-20
1.624053332324563235e+04 1.530223482634193316e-20 1.493620663257374318e-20
1.624688059640394385e+04 3.194821894116023327e-20 1.570702532183924588e-20
1.625322783482198247e+04 5.128978032044450682e-20 1.630262569104503876e-20
1.625957503848292436e+04 3.672597583013229166e-20 1.560691320791449182e-20
1.626592220736499985e+04 6.808271179287035618e-20 1.509687570573463481e-20
1.627226934146127860e+04 2.291080525039838429e-20 1.493869860029968926e-20
1.627861644074980541e+04 4.715868128929991315e-20 1.599967328508357099e-20
1.628496350521636487e+04 7.442156392308438944e-20 1.698177684259570970e-20
1.629131053484660879e+04 6.304855674410548888e-20 1.516307559707682299e-20
1.629765752961618273e+04 3.105569051141350327e-20 1.458292061149979477e-20
1.630400448950074133e+04 5.560065717688652325e-20 1.509141301293918534e-20
1.631035141449816729e+04 5.010104443742409064e-20 1.487079045894352272e-20
1.631669830458674915e+04 1.356998791425674501e-20 1.552660172249298425e-20
1.632304515974459173e+04 1.568132233094199705e-20 1.506561202428019129e-20
1.632939197996476469e+04 2.726928749975344252e-20 1.442614354671940155e-20
1.633573876522783939e+04 2.745964727827222145e-21 1.428283992175438363e-20
1.634208551551173332e+04 3.379985846248911918e-20 1.482684334417648442e-20
1.634843223080217467e+04 2.527217326134758549e-20 1.585853376117693423e-20
1.635477891108220865e+04 4.717153355874601374e-20 1.594137744707847491e-20
1.636112555633486772e+04 8.742626323997239787e-20 1.640298052090397948e-20
1.636747216655568991e+04 5.258638152149437572e-20 1.520038279320993858e-20
1.637381874170503761e+04 1.700864869816482436e-20 1.668928117901454693e-20
1.638016528177357395e+04 -2.679229604197367327e-20 1.530920209002794308e-20
1.638651178674181574e+04 3.386396941186430616e-20 1.559292331972637018e-20
1.639285825660276532e+04 3.611431161871265251e-20 1.546720925791210856e-20
1.639920469133936422e+04 4.013216596098561852e-20 1.567537990281371820e-20
1.640555109092197745e+04 3.686186393249161284e-20 1.758636535803669007e-20
1.641189745534373651e+04 4.015757154014777779e-20 1.624655916173870671e-20
1.641824378458509091e+04 2.869628624191225331e-20 1.496936374009987413e-20
1.642459007863652369e+04 4.399709912734965722e-20 1.702862182338967397e-20
1.643093633747336207e+04 3.277929769187151745e-20 1.502501997314612933e-20
1.643728256107600828e+04 3.979556531495199897e-20 1.665084218279955627e-20
1.644362874941992777e+04 5.092738344946524570e-20 1.606640963925443961e-20
1.644997490250816918e+04 4.575740126160791057e-20 1.576215821917405811e-20
1.645632102030852911e+04 7.820467196221789449e-20 1.488832730974823290e-20
1.646266710280375628e+04 4.255341604102091478e-21 1.682272773737290567e-20
1.646901314998943417e+04 5.864023181253267334e-21 1.623797921573401738e-20
1.647535916184346206e+04 3.036891272013724204e-20 1.598895578420705984e-20
1.648170513835374004e+04 4.075359874670168790e-20 1.554127229626549408e-20
1.648805107948039586e+04 3.805224524544649295e-20 1.610822147950158789e-20
1.649439698522883191e+04 3.769192147292545441e-20 1.524518547876760294e-20
1.650074285556438554e+04 5.864370622619802417e-20 1.633784028708569129e-20
1.650708869049010536e+04 7.819309102995167183e-20 1.592028201637563159e-20
1.651343448997363885e+04 4.271616917359181619e-20 1.664003651554343558e-20
1.651978025400531624e+04 3.578524097839488277e-20 1.538749956316044589e-20
1.652612598257043283e+04 4.690404304869312364e-20 1.623893212745919666e-20
1.653247167564429765e+04 -4.224095982734683537e-21 1.508400703105342846e-20
1.653881733320968488e+04 2.244719552546768918e-20 1.517885681131770502e-20
1.654516295525443638e+04 1.892313360236317628e-20 1.491060846679554529e-20
1.655150854175356289e+04 8.067198942489536944e-21 1.623428306912769584e-20
1.655785409269499360e+04 5.310774968996154215e-20 1.423705539229818376e-20
1.656419960806406380e+04 3.920469186787771729e-20 1.541549468751461673e-20
1.657054508785621147e+04 1.694940607371562178e-20 1.591919334103356773e-20
1.657689053201854040e+04 7.858200865990528139e-21 1.572590470478951038e-20
1.658323594056161528e+04 -6.209598959358014584e-21 1.660202211091236709e-20
1.658958131345555375e+04 2.266606651394401652e-20 1.680450830466845433e-20
1.659592665068817223e+04 8.188096536914997686e-20 1.639160090359642498e-20
1.660227195224469324e+04 2.283852300559217817e-20 1.570631610207803003e-20
1.660861721811534153e+04 3.180371053252891712e-20 1.521168601264082931e-20
1.661496244826496331e+04 5.663927131666627358e-20 1.540440199513183467e-20
1.662130764268138591e+04 5.936020986461470145e-20 1.583848784261728063e-20
1.662765280134725981e+04 4.349969745102371321e-20 1.664833062659449407e-20
1.663399792424776388e+04 1.583421031618195266e-20 1.630216994837330073e-20
1.664034301137303191e+04 2.183949902237475111e-20 1.593524734522856586e-20
1.664668806270330970e+04 6.336768389125606633e-20 1.583269153916145823e-20
1.665303307820329792e+04 3.958698563044259884e-20 1.740028661991024560e-20
1.665937805787605976e+04 4.937126954144557185e-20 1.639478700655798590e-20
1.666572300168871880e+04 4.424066084856402913e-20 1.718780342016319651e-20
1.667206790963155436e+04 -2.707881727971430702e-20 1.742790350085559694e-20
1.667841278170005899e+04 4.884265599313736996e-20 1.695622253886036141e-20
1.668475761785883515e+04 5.502308526819626831e-20 1.609503953698179220e-20
1.669110241809553190e+04 9.778462294858538344e-21 1.507840544934710333e-20
1.669744718237969573e+04 7.156485100478778624e-20 1.466391827466337239e-20
1.670379191071715104e+04 2.631582145793197654e-20 1.497330870293079279e-20
1.671013660308787439e+04 4.937373015671355274e-20 1.595389167952301605e-20
1.671648125946148502e+04 3.697532244300520808e-20 1.505847017964690078e-20
1.672282587982036785e+04 8.073540771417732364e-21 1.639465122853258746e-20
1.672917046414965080e+04 4.270581933639905661e-20 1.624535174405005031e-20
1.673551501243960229e+04 4.301166500219458094e-20 1.624513555454242088e-20
1.674185952467528114e+04 3.709612778093228505e-20 1.760660682579463942e-20
1.674820400082618653e+04 -1.382826644350981652e-20 1.605199770149853352e-20
1.675454844087469610e+04 1.435252498150556280e-20 1.483845582157893424e-20
1.676089284481111463e+04 2.764328901354535169e-20 1.631978908306094359e-20
1.676723721261272294e+04 1.674204957167830606e-20 1.586640262789047919e-20
1.677358154428002672e+04 3.637881789165097474e-20 1.608727030265052625e-20
1.677992583976164315e+04 3.399147375688752380e-20 1.648247818247905112e-20
1.678627009906600870e+04 3.703720161589185350e-20 1.689087174934137515e-20
1.679261432215998502e+04 7.555280254062509272e-20 1.487888065472903797e-20
1.679895850904667896e+04 3.323832101916096211e-20 1.582055809653067142e-20
1.680530265969538596e+04 1.857569496291710150e-20 1.550489713124592154e-20
1.681164677407295676e+04 3.305644952052668442e-20 1.608583246219392992e-20
1.681799085218514665e+04 5.456882167919692189e-20 1.550556599053682069e-20
1.682433489400910912e+04 1.959890285367769587e-20 1.631364127253797722e-20
1.683067889952970654e+04 5.440586357022519233e-20 1.701009466472613278e-20
1.683702286871620527e+04 5.063879023547263896e-20 1.701360025318103468e-20
1.684336680155622889e+04 3.790711346173194686e-20 1.605291030719791896e-20
1.684971069803728096e+04 1.370716663274330100e-20 1.567239304725272050e-20
1.685605455815465757e+04 5.425735421318242508e-20 1.490912823410926776e-20
1.686239838185401459e+04 2.683038104683564691e-20 1.481942856251260589e-20
1.686874216914122371e+04 7.334217256756151649e-20 1.561370125636732925e-20
1.687508592000376666e+04 3.477018907853195395e-20 1.637423846947453158e-20
1.688142963441606844e+04 2.092035608591615349e-20 1.698771891071279896e-20
1.688777331236020473e+04 2.865069167070061396e-20 1.521309184063912733e-20
1.689411695381069148e+04 1.800975993695462121e-20 1.616016998964540321e-20
1.690046055876021637e+04 7.696492850988963858e-20 1.785685060280242030e-20
1.690680412719882588e+04 -5.355278475271963348e-21 1.576738686815047991e-20
1.691314765908770278e+04 2.592149022414906848e-20 1.666475685400585911e-20
1.691949115441688627e+04 2.143047401815748906e-20 1.556474245581911220e-20
1.692583461318171248e+04 3.925310952753620817e-21 1.554980594829912418e-20
1.693217803535388521e+04 3.274805326257174804e-20 1.574385941590272242e-20
1.693852142090762936e+04 1.957725470317907804e-20 1.650094052757139370e-20
1.694486476983548710e+04 3.039671277689177593e-20 1.596430938241613860e-20
1.695120808211711483e+04 2.475163593365519214e-20 1.564070439278165132e-20
1.695755135774512746e+04 2.741887548274917082e-20 1.603073650931040800e-20
1.696389459667009578e+04 -1.382645723244878412e-20 1.440850762258660198e-20
1.697023779890811420e+04 4.101411942272256962e-20 1.751955673534531736e-20
1.697658096443094109e+04 -5.215662283206718714e-21 1.681009122746813692e-20
1.698292409321276864e+04 2.472084525555387822e-20 1.630723266132080091e-20
1.698926718524090029e+04 8.336489079227742715e-20 1.662987295892512462e-20
1.699561024049721527e+04 -1.947646915492261974e-20 1.629091030238983638e-20
1.700195325897448129e+04 1.928456172009711653e-20 1.745648595015647943e-20
1.700829624062840230e+04 2.089428011255152047e-20 1.667163694807489781e-20
1.701463918545943307e+04 6.957567278557020014e-20 1.689497469663318834e-20
1.702098209345729265e+04 1.758122089713712707e-20 1.683131736871943314e-20
1.702732496458836249e+04 6.409432980478301104e-20 1.766359682447134021e-20
1.703366779883200070e+04 1.616735354295995818e-20 1.629434188267725765e-20
1.704001059618865474e+04 9.792571415659577091e-21 1.593779804031463642e-20
1.704635335663483056e+04 2.858304052242618453e-20 1.572827417823995194e-20
1.705269608013153265e+04 6.684819094032897032e-20 1.640177892049198330e-20
1.705903876668713201e+04 3.970188108706073058e-20 1.504144728211651702e-20
1.706538141627300502e+04 1.725607984956005536e-21 1.508959291329757993e-20
1.707172402885767224e+04 8.283182191058308865e-20 1.576123982742378269e-20
1.707806660445228772e+04 2.243974155836099033e-20 1.619362537592178714e-20
1.708440914302027886e+04 5.484886459392937445e-20 1.708904569276332521e-20
1.709075164453822799e+04 5.035756337228103986e-20 1.837363866941946808e-20
1.709709410900638613e+04 4.856719420790171243e-20 1.862676481947963835e-20
1.710343653639352124e+04 5.115462648637267205e-20 1.758686092774631767e-20
1.710977892667620836e+04 7.421192659141693811e-21 1.590412335136416769e-20
1.711612127985222833e+04 5.043644232772296211e-21 1.584971660026822551e-20
1.712246359589794156e+04 5.213807397510026574e-20 1.701266785149610317e-20
1.712880587478201051e+04 2.732145465363316289e-20 1.678168379386068679e-20
1.713514811650489719e+04 2.259264861613791356e-20 1.589722981316163145e-20
1.714149032104043727e+04 1.323846974363218626e-20 1.607712283266298728e-20
1.714783248836491475e+04 4.614419163040161786e-20 1.517649170548155568e-20
1.715417461847091181e+04 5.678659850816280277e-20 1.636558350531095889e-20
1.716051671133756463e+04 5.048793512270664622e-20 1.703727079794979169e-20
1.716685876693330647e+04 -2.987931398914654681e-20 1.580497472265786914e-20
1.717320078525836652e+04 6.537828099947369939e-20 1.686461833088904916e-20
1.717954276628931257e+04 4.864434307145881847e-20 1.560255259354092735e-20
1.718588470999720084e+04 5.767303213746489415e-20 1.601623763220680953e-20
1.719222661637712008e+04 1.904105944450877609e-20 1.662718476012796192e-20
1.719856848540521969e+04 1.724765602029152344e-20 1.680826767021368062e-20
1.720491031705802743e+04 2.315590605250099460e-20 1.557307427145879727e-20
1.721125211133331322e+04 6.944663269827499809e-20 1.591530415003181238e-20
1.721759386819665087e+04 3.401029371657148450e-20 1.666676638045149697e-20
1.722393558762985776e+04 1.527268427851339054e-20 1.648246377362985690e-20
1.723015819784830819e+04 1.282509619779241440e-20 1.688244493025318580e-20
1.723649983465235346e+04 1.336955830006272737e-20 1.623077182146402022e-20
1.724284143394375496e+04 2.858629232021770457e-20 1.647121048415683530e-20
1.724918299574396951e+04 3.915613570912843704e-20 1.709571712887319701e-20
1.725552452001911661e+04 5.203245730622921642e-20 1.555424427630026764e-20
1.726186600676631497e+04 2.541376684375928075e-20 1.518179695888573471e-20
1.726820745595136395e+04 4.637353257365465448e-20 1.658695741974623536e-20
1.727454886756113774e+04 -5.275672296543593392e-21 1.678753641705258863e-20
1.728089024159035762e+04 5.215509121749933129e-20 1.658540015400802641e-20
1.728723157800231274e+04 4.772746333430424361e-20 1.703370418711079525e-20
1.729357287679135334e+04 6.716186330359499496e-20 1.644014232440446256e-20
1.729991413793128595e+04 6.689858718867333293e-20 1.669324081241349293e-20
1.730625536140373151e+04 5.188778516653926914e-20 1.648783965028928310e-20
1.731259654720316394e+04 5.518063439852408028e-22 1.679567387441831977e-20
1.731893769528740813e+04 1.866259496735818371e-20 1.547255480035976081e-20
1.732527880565638043e+04 6.174673782911735122e-20 1.677376445217132373e-20
1.733161987829162535e+04 3.247701257325684096e-20 1.711833602881868459e-20
1.733796091316142702e+04 2.234546259272258836e-20 1.851123416613449108e-20
1.734430191026278044e+04 5.667720754546266998e-20 1.655287841926675866e-20
1.735064286956161959e+04 2.836929718522907903e-20 1.554152194339188345e-20
1.735698379105502318e+04 4.792126425438404872e-20 1.625593452074148571e-20
1.736332467471121345e+04 3.617335843462058049e-20 1.691903632932941638e-20
1.736966552051414328e+04 2.731129874104737322e-20 1.690906873241950607e-20
1.737600632845589280e+04 4.565396515688203970e-20 1.911794277828109034e-20
1.738234709850468789e+04 7.033179582317515144e-20 1.653228598311910089e-20
1.738868783064956369e+04 4.178636949330743468e-20 1.630764813019432090e-20
1.739502852486673510e+04 1.607984226022190014e-20 1.552948914435638671e-20
1.740136918114547734e+04 5.016179088147039374e-20 1.611350452172781580e-20
1.740770979945655199e+04 3.871184144674010208e-20 1.590068584861962322e-20
1.741405037978901237e+04 2.145622631014990878e-20 1.681482574413433745e-20
1.742039092211897878e+04 1.238707047644046179e-20 1.712673021169580588e-20
1.742673142642784296e+04 5.252747451425178830e-20 1.623613645839364283e-20
1.743307189270739764e+04 3.529364928425193337e-20 1.854903165007643902e-20
1.743941232092562495e+04 2.318617333718223751e-20 1.790701424872073077e-20
1.744575271107444132e+04 2.684041936144760840e-20 1.747075238916563229e-20
1.745209306312977787e+04 -2.877120529948961786e-21 1.659361286390707252e-20
1.745843337706482271e+04 2.448801859579519126e-20 1.705062133424746345e-20
1.746477365287665816e+04 5.147166447367540551e-20 1.755208339096424097e-20
1.747111389053610401e+04 3.974254367285683194e-20 1.642799648103529207e-20
1.747745409002952874e+04 4.318739663653558761e-20 1.632093819757074598e-20
1.748379425133005134e+04 3.901838439113443646e-20 1.699976906001257928e-20
1.749013437442955183e+04 2.567384917602829774e-20 1.584515026134984619e-20
1.749647445930393587e+04 3.334800417991916743e-20 1.620367902852016529e-20
1.750281450592895271e+04 6.093991988098648012e-20 1.604827209472504414e-20
1.750915451429626046e+04 3.648894602757683800e-20 1.609071783851482015e-20
1.751549448437920000e+04 3.723685919559108756e-20 1.631531931754562760e-20
1.752183441616412529e+04 2.439386939853372913e-20 1.515873788537603740e-20
1.752817430962408616e+04 1.137513375874850195e-20 1.661027141193051860e-20
1.753451416475081714e+04 2.479320948706036870e-20 1.713364625817693306e-20
1.754085398152017660e+04 4.559669934610610946e-20 1.506364405966941937e-20
1.754719375991047491e+04 2.649043176655642407e-20 1.694852691326604523e-20
1.755353349990269271e+04 2.356995360982878583e-20 1.596886291908003489e-20
1.755987320152456596e+04 4.076109806954637841e-20 1.737054108100297315e-20
1.756609338093409679e+04 7.577790299758713186e-20 1.625629244799556454e-20
1.757243299784454211e+04 9.827801253756541593e-20 1.646326357112257713e-20
1.757877257628283769e+04 5.986546850811671291e-20 1.618256955905683606e-20
1.758511211623306735e+04 2.431063909075998471e-20 1.698896831256135040e-20
1.759145161766792808e+04 2.376682809958037287e-20 1.733839844367660933e-20
1.759779108057089616e+04 3.168749486510945649e-20 1.884715512523364570e-20
1.760413050493142873e+04 1.800703613915021366e-20 1.560776540164406724e-20
1.761046989073323857e+04 6.649798043220681313e-20 1.660394357163603460e-20
1.761680923792950853e+04 5.704282923270829990e-20 1.846080423810961168e-20
1.762314854653425937e+04 4.281930238698962843e-20 1.630259519448640732e-20
1.762948781651196259e+04 9.657561733201119498e-22 1.555390188134808847e-20
1.763582704784901580e+04 4.879541931823431153e-20 1.771247493561354708e-20
1.764216624052057523e+04 2.461556022145298261e-20 1.640206339835662586e-20
1.764850539450762517e+04 2.241896094423595833e-20 1.726487640637614502e-20
1.765484450979661415e+04 2.716291640901065716e-20 1.682638592406174428e-20
1.766118358636832272e+04 3.408982040053112699e-20 1.638272261042015217e-20
1.766752262419788531e+04 2.111905277738758749e-20 1.639253408003917026e-20
1.767386162326631529e+04 6.189624619984239640e-20 1.746198085343287557e-20
1.768020058356549634e+04 3.149347096346297066e-20 1.820887652509253673e-20
1.768653950506492401e+04 3.649153884080256069e-20 1.623848558518016686e-20
1.769287838773992189e+04 7.493810613708378524e-20 1.757984281672358122e-20
1.769921723158801251e+04 4.748644022322416052e-20 1.678646827174510615e-20
1.770555603657873507e+04 4.050938225349681329e-20 1.713894163323200898e-20
1.771189480269827254e+04 3.100415052460690171e-20 1.708205393453847677e-20
1.771823352991918000e+04 4.286301252198192915e-20 1.567083255153884928e-20
1.772457221823609507e+04 1.877485631752062916e-20 1.629192387138449514e-20
1.773091086761836414e+04 7.242937244457877364e-20 1.589808645229189564e-20
1.773724947804681506e+04 5.540446378937595348e-20 1.544796183130558994e-20
1.774358804955666346e+04 5.681207188653850689e-20 1.640011998053622510e-20
1.774992666693844876e+04 4.323789082688470248e-20 1.582425249847283651e-20
1.775626537927210302e+04 5.298492314866139183e-20 1.666800594995629592e-20
1.776260405256495505e+04 4.639829911139078481e-20 1.617205777008765389e-20
1.776894268681159156e+04 4.169676280179181528e-20 1.861831937514253271e-20
1.777528128198401828e+04 1.865609535488518704e-20 1.556981323900924796e-20
1.778161983806859280e+04 6.352331126772328376e-20 1.700103096549512632e-20
1.778795835504034039e+04 -1.375183460036634967e-21 1.498992325738709957e-20
1.779429683288531669e+04 2.797258690785469992e-20 1.538616057573901936e-20
1.780063527158683064e+04 5.609276962717706135e-20 1.595616984862668425e-20
1.780697367111155108e+04 7.941212988824335945e-20 1.655025419667408884e-20
1.781331203145122709e+04 6.951405595897609882e-20 1.808715590319289373e-20
1.781965035258052012e+04 -1.902726875509614115e-21 1.530656222673701087e-20
1.782598863448857810e+04 1.103973033072003906e-20 1.608173934575389945e-20
1.783232687714466738e+04 7.317723581529691306e-21 1.559028340912282628e-20
1.783866508053755388e+04 3.515420934958348593e-20 1.512827052816046982e-20
1.784500324464770893e+04 7.768306654820451326e-20 1.532076759470130354e-20
1.785134136945009595e+04 4.502326980789638340e-20 1.586990268616689305e-20
1.785767945493355728e+04 4.982104952015149021e-21 1.461230125053677402e-20
1.786401750105858810e+04 2.736725458377338455e-20 1.588105126748803299e-20
1.787035550783402141e+04 2.834953551630593786e-20 1.671833032873612413e-20
1.787669347521486270e+04 -8.355452929788703683e-21 1.404412742417851458e-20
1.788303140320388047e+04 4.516979332415915920e-20 1.419155445659798314e-20
1.788936929176464037e+04 6.458273654924689798e-20 1.522302041564793378e-20
1.789570714088038949e+04 4.295736532769902284e-20 1.574291345989312642e-20
1.790204495054265863e+04 3.609996072736847211e-20 1.557106705498322454e-20
1.790838272071759638e+04 2.758109012438388538e-20 1.542676858334208081e-20
1.791472045139699912e+04 5.598960760307671693e-20 1.722094951401284576e-20
1.792105814254983852e+04 5.902088210298141125e-20 1.754449132781137842e-20
1.792739579415898697e+04 5.296876895126737718e-20 1.615686662270527859e-20
1.793373340621630632e+04 7.370203531187803385e-20 1.523670830192563451e-20
1.794007097868790152e+04 3.639704766634695770e-20 1.566958945124295439e-20
1.794640851155950077e+04 4.908585322103004208e-20 1.697201525591013439e-20
1.795274600481712332e+04 8.455155781951865428e-22 1.686010475606778667e-20
1.795908345842688868e+04 5.370980667749928349e-20 1.766246462395764029e-20
1.796542087238593740e+04 6.901526729252147389e-20 1.597022292323282172e-20
1.797175824666019980e+04 3.491615620621453641e-20 1.759719615261849900e-20
1.797809558123571696e+04 2.829873205041044598e-20 1.780200413964007460e-20
1.798443287609831896e+04 4.481892925996312846e-20 1.708133243454790090e-20
1.799077013121372147e+04 1.297355599638963816e-20 1.689127426913454280e-20
1.799710734658507135e+04 4.470262179832968579e-21 1.638488789112821042e-20
1.800344452216120771e+04 1.084492750863247675e-20 1.491144561675679547e-20
1.800978165795049790e+04 1.682145125283882086e-20 1.695060237976648629e-20
1.801611875392181173e+04 5.596048592718505176e-20 1.573062575802961640e-20
1.802245581004959240e+04 7.611900030001920358e-20 1.628083288337776534e-20
1.802879282632519607e+04 4.124810044005999079e-20 1.653014830751707137e-20
1.803512980272297136e+04 6.850362551801939815e-20 1.635415474028262274e-20
1.804146673921456386e+04 2.684162378243320360e-20 1.576216906533062848e-20
1.804780363579990080e+04 5.550302570854158554e-20 1.482523298808136170e-20
1.805414049244174748e+04 -8.008177306536853762e-21 1.571749709947805835e-20
1.806047730912318366e+04 2.698949796005989676e-20 1.609046066948035504e-20
1.806681408583847588e+04 2.021590302693050399e-20 1.718006944659140947e-20
1.807315082254448862e+04 4.877631073728207890e-21 1.695545452040826346e-20
1.807948751923288000e+04 6.181245757472116204e-20 1.756338286550269204e-20
1.808582417588933458e+04 5.506542787174030262e-20 1.630900668769578674e-20
1.809216079248786991e+04 4.155607005839871210e-20 1.619927040527269630e-20
1.809849736900283460e+04 2.799928226729128355e-20 1.672868919357091205e-20
1.810483390543137284e+04 5.343891786494614202e-20 1.688979186025737163e-20
1.811117040173034184e+04 4.873667284742913039e-20 1.603339996718475514e-20
1.811750685789109411e+04 1.463339192061886901e-20 1.679448804363486774e-20
1.812384327390511316e+04 3.813997524158476668e-20 1.642106241772752571e-20
1.813017964972922346e+04 3.023396972088149653e-20 1.611943449621022163e-20
1.813651598536612801e+04 4.981547674643275745e-20 1.629547943616730366e-20
1.814285228077288048e+04 4.735057855398164353e-20 1.541531223923740542e-20
1.814918853594649045e+04 6.708181461758467021e-20 1.520281715355143382e-20
1.815552475085506376e+04 7.934665786395832024e-20 1.822944392571972584e-20
1.816186092549589739e+04 2.777975396421415136e-20 1.595908046426113108e-20
1.816819705983148742e+04 2.021204213015089207e-20 1.658724568108662170e-20
1.817453315384713278e+04 4.714976571889001817e-20 1.601201360446764015e-20
1.818086920752278456e+04 3.151764347815025169e-20 1.623516331405641710e-20
1.818720522083244578e+04 9.119236251657274129e-20 1.714393641912505174e-20
1.819354119376717426e+04 2.797086877123592114e-20 1.644102795730191959e-20
1.819987712630680107e+04 1.184841971218190398e-20 1.683016446021602244e-20
1.820621301841954482e+04 6.417436452240616754e-21 1.774358685575146424e-20
1.821254887008495643e+04 5.873822293187833474e-20 1.765903204486311579e-20
1.821888468130003821e+04 3.600250454006763732e-20 1.749472323989184567e-20
1.822522045202724621e+04 3.602654560577949045e-21 1.629540516276451869e-20
1.823155618225187573e+04 2.877457248008616184e-21 1.540398312611585730e-20
1.823789187195061459e+04 7.170622125237593777e-20 1.623820948162399757e-20
1.824422752110901638e+04 1.760588392173785224e-20 1.660953129306896613e-20
1.825056312970949875e+04 4.458056510203015310e-20 1.644371877308948201e-20
1.825689869771993835e+04 3.552478696798857507e-20 1.668841707899173199e-20
1.826323422512591424e+04 5.257192286983100388e-20 1.856895580316212934e-20
1.826956971191271441e+04 6.676176180052059877e-20 1.699189009668685450e-20
1.827590515804808456e+04 1.470629893740674679e-20 1.555675953477269978e-20
1.828224056351470063e+04 2.450687227397215250e-20 1.685393182395010074e-20
1.828857592830367139e+04 5.361756218953592861e-20 1.579679758095640984e-20
1.829491125237971210e+04 2.861077637227674812e-20 1.601128512433291338e-20
1.830124653572838724e+04 4.463204800269040759e-20 1.767786385900426063e-20
1.830758177833496666e+04 5.584328992462412541e-20 1.881918423153633593e-20
1.831391698016705050e+04 6.635718312677535330e-20 1.746971831690195240e-20
1.832025214121010504e+04 3.867869472018776626e-20 1.577622914798736189e-20
1.832658726144067623e+04 5.975503285075529140e-20 1.600216769195857373e-20
1.833292234084958181e+04 4.961638498191068860e-20 1.642985741530495536e-20
1.833925737940768158e+04 -1.918428246722874971e-20 1.649131182395300333e-20
1.834559237708857836e+04 3.314084590886332634e-20 1.770299244149580542e-20
1.835180684158992517e+04 8.402826455133012255e-20 1.702367536665375077e-20
1.835814175267243991e+04 6.175090885699123684e-20 1.764230512783797235e-20
1.836447661977574171e+04 2.984760131024829338e-20 1.635688872988847215e-20
1.837081144588891766e+04 5.669600594341841935e-20 1.822470344891126445e-20
1.837714623102665428e+04 2.456086352311575590e-20 1.724555905005576937e-20
1.838348097517397764e+04 1.615817465969461186e-20 1.677553215541367118e-20
1.838981567830420317e+04 -2.614038970535863052e-20 1.654257727559735643e-20
1.839615034038546582e+04 1.564912113248919981e-20 1.614652287697534831e-20
1.840248496141978103e+04 2.310056535075333828e-20 1.591049072453416036e-20
1.840881954137775756e+04 9.633374166164879568e-21 1.827820572456641210e-20
1.841515408023011332e+04 2.229994769963586050e-20 1.703968661920778121e-20
1.842148857796176162e+04 5.454406005322169692e-20 1.673286609208980120e-20
1.842782303455174042e+04 2.433317979740279916e-20 1.612832745778612628e-20
1.843415744997659931e+04 5.988498069674554522e-20 1.701107631547459560e-20
1.844049182422699232e+04 1.143890726448742612e-20 1.559498558584174589e-20
1.844682615727603115e+04 6.015646490770680152e-20 1.730638834756098639e-20
1.845316044908307231e+04 3.044890419104243722e-20 1.579259049850680360e-20
1.845949469965577009e+04 3.076200558353481077e-20 1.857709264179344125e-20
1.846582890896180834e+04 1.728550905262653122e-20 1.724982492872617433e-20
1.847216307698026867e+04 8.114376631648061086e-20 1.624454529583765993e-20
1.847849720368744602e+04 4.443616146470308996e-20 1.632822233643828357e-20
1.848483128906511047e+04 2.587293942308541220e-20 1.713507805686386349e-20
1.849116533309815350e+04 5.909132597111850048e-20 1.705553804178590857e-20
1.849749933575712566e+04 6.945695873586489322e-20 1.708751264661994130e-20
1.850383329702360061e+04 1.589812570037563254e-20 1.680311136827581424e-20
1.851016721687388417e+04 1.782245412867751169e-20 1.709482296784533951e-20
1.851650109528997200e+04 2.524781998995368235e-20 1.762237428455172335e-20
1.852283493225634447e+04 5.256124658535633329e-20 1.834669961057202400e-20
1.852916872774353760e+04 2.913907150746158130e-21 1.545730136266021000e-20
1.853550248173616637e+04 7.168161884011753723e-21 1.683378620858392168e-20
1.854183619420156901e+04 -6.101665236870429519e-22 1.667423037761505159e-20
1.854816986513316442e+04 5.674507094869329855e-20 1.817944578397142805e-20
1.855450349450990325e+04 1.748684777138331609e-20 1.519486719501208786e-20
1.856083708229325566e+04 1.352939848828310028e-20 1.739749743241953320e-20
1.856717062848227215e+04 4.973297211603877315e-22 1.730339468261513019e-20
1.857350413304450922e+04 6.767563423607424133e-20 1.703292248440399480e-20
1.857983759596421805e+04 2.395205811714810701e-20 1.810673817187741205e-20
1.858617101721177823e+04 3.991197239392695408e-20 1.654481597614400480e-20
1.859250439677185204e+04 1.811670567082948487e-20 1.636492882381441237e-20
1.859883773463170655e+04 3.176478328206940706e-20 1.735402710099182396e-20
1.860517103075869818e+04 1.291768028551535111e-20 1.791362000231330617e-20
1.861150428512586222e+04 -3.354589804506401639e-21 1.727091416039558009e-20
1.861783749776193872e+04 2.240546633469068776e-20 1.720035022289828021e-20
1.862417067163862157e+04 5.524121532048290426e-20 1.736370829351248335e-20
1.863038296117692516e+04 3.862605817775841971e-20 1.622718303472107843e-20
1.863671604042780018e+04 5.488779182773876273e-20 1.636890771937223645e-20
1.864304907781739894e+04 -4.611774435462576940e-21 1.614935810894899222e-20
1.864938207333022365e+04 7.594617657198398121e-20 1.744230970323975930e-20
1.865571502694189621e+04 7.404487027633757745e-20 1.591581189052018921e-20
1.866204793863421946e+04 5.768055171007127292e-20 1.647776697224661985e-20
1.866838080837377856e+04 3.331933643465258190e-20 1.714063728179878255e-20
1.867471363615703740e+04 7.695003490960553850e-21 1.725007461994339551e-20
1.868104642195083579e+04 4.559103452400060032e-20 1.779613135909104444e-20
1.868737916573060647e+04 3.457178811398913303e-20 1.596632965143017652e-20
1.869371186748989567e+04 1.635199144571266900e-20 1.633990956709100730e-20
1.870004452719543042e+04 5.894451301309683003e-20 1.639119468912504744e-20
1.870637714482554657e+04 1.321903393346438693e-20 1.604548174623627506e-20
1.871270972036486273e+04 4.766132951935501324e-20 1.627779788680468324e-20
1.871904225378600677e+04 -2.663312845766512970e-20 1.647150446076872666e-20
1.872537474507918887e+04 1.018139239106660216e-20 1.731758990645620340e-20
1.873170719420812384e+04 -1.512507314129601221e-20 1.695284931343329666e-20
1.873803960115730297e+04 5.574326547193302088e-20 1.617334035507998493e-20
1.874437196590190797e+04 1.580152962266364890e-20 1.699977107939979089e-20
1.875070428843262562e+04 4.356561078609552200e-20 1.734668445076262484e-20
1.875703656870988561e+04 6.469078869514240491e-20 1.826426551401522964e-20
1.876336880672980624e+04 7.091556150268904481e-20 1.816804658939236068e-20
1.876970100245608774e+04 8.164025767731790954e-20 1.654698479105499203e-20
1.877603315587001634e+04 7.810878537475201953e-20 1.776212095596196447e-20
1.878236526696178771e+04 5.101156592711921344e-20 1.680652647533029622e-20
1.878869733569497475e+04 2.355259753540088835e-20 1.686655943738434562e-20
1.879502936205378137e+04 5.257043961663885623e-20 1.924390706869344855e-20
1.880136134601345111e+04 7.091209937800119807e-20 2.451542653211154237e-20
