1.699741978312267383e+04 1.282694697666503911e-19 8.944596381225914764e-21
1.700811100399303177e+04 1.265340163046490652e-19 6.804139792785460161e-21
1.701880218813473039e+04 1.318234535233051143e-19 7.028821549612012496e-21
1.702949333552211101e+04 1.196278738358776313e-19 6.834120373802007113e-21
1.704018444613069732e+04 1.449186598442637853e-19 6.756851896349551903e-21
1.705087551993255693e+04 2.604312486805437912e-19 8.081403003140115558e-21
1.706156655690547996e+04 2.604427562603828146e-19 7.870803874166775359e-21
1.707225755702151946e+04 3.412674358222946672e-19 8.274957249217943764e-21
1.708294852025518048e+04 1.171822107104019930e-18 1.339550278818722836e-20
1.709363944658201581e+04 2.231574121263055200e-18 1.888464578731881867e-20
1.710433033597474787e+04 1.466997931237249181e-18 1.557254123467207686e-20
1.711502118841068659e+04 5.570369452635279683e-19 9.963942013173289927e-21
1.712571200386198325e+04 2.208318454742041114e-19 7.696161520018937506e-21
1.713640278230367767e+04 3.972105649635855846e-19 8.656907066285207327e-21
1.714709352370967463e+04 5.933808150894475583e-19 1.055342852450282349e-20
1.715778422805442096e+04 4.108664175324026780e-19 9.073322596612842986e-21
1.716847489531579777e+04 2.042363059063449605e-19 7.043401226542495878e-21
1.717916552546382081e+04 1.557076134302727191e-19 6.321977899683784646e-21
1.718985611847241671e+04 1.500809761472266100e-19 5.158216030074664777e-21
1.720054667432073256e+04 1.365691130772494326e-19 5.151626088610678044e-21
1.721123719298042488e+04 1.225845492717349408e-19 6.046128353703736796e-21
1.722192767442835975e+04 1.358212315863705770e-19 6.166273670424709885e-21
1.723261811863505864e+04 1.373460986257963271e-19 6.464193705626176460e-21
1.724330852557796970e+04 1.063664131166373411e-19 6.029946843193219091e-21
1.725399889523053571e+04 1.078436674221702723e-19 5.970138013081679724e-21
1.726468922757011023e+04 1.253355488137753661e-19 6.371314651085618310e-21
1.727537952256736753e+04 1.414218309015368941e-19 6.349452097087867356e-21
1.728606978019694361e+04 1.339101502670113275e-19 6.420419804847720337e-21
1.729676000043749082e+04 1.198347763542337655e-19 6.083528390992865000e-21
1.730745018326192439e+04 1.238116627394496523e-19 5.823771150543390853e-21
1.731814032864259207e+04 1.302485039436564755e-19 6.597413456094584781e-21
1.732883043655701476e+04 1.370999181079410369e-19 6.654413177241788736e-21
1.733952050697873347e+04 1.288151177618979545e-19 6.646223407467502784e-21
1.735021053988183485e+04 1.286709981452028951e-19 5.910587859890519211e-21
1.736090053523983443e+04 1.353918805070014463e-19 5.949637336421874877e-21
1.737159049303024221e+04 1.189512172761999084e-19 6.115776933961792318e-21
1.738228041322786521e+04 1.382311221432807380e-19 6.510508955591848019e-21
1.739297029580686285e+04 1.463122282699139884e-19 6.405553655058688605e-21
1.740366014073964470e+04 1.613443890346937359e-19 6.434697711805959691e-21
1.741434994800268760e+04 1.363056583455306155e-19 6.431956223959797406e-21
1.742503971757207182e+04 1.236615675931136018e-19 6.132963032126031146e-21
1.743590313353414240e+04 1.251746032870620085e-19 6.095530304101118868e-21
1.744659283962154586e+04 1.162189582167959011e-19 5.762354909429910229e-21
1.745728250792279505e+04 1.336265527131272899e-19 5.928089650738824785e-21
1.746797213842595738e+04 1.322018035400522256e-19 6.051629153874136709e-21
1.747866173110800446e+04 1.972805709084368573e-19 6.677884945844072528e-21
1.748935128593878835e+04 3.305137647915955034e-19 8.141065538729498724e-21
1.750004080289928970e+04 3.090272995758876952e-19 8.328185115480458498e-21
1.751073028196155065e+04 2.293347551978267855e-19 6.842676713272674064e-21
1.752141972309816629e+04 2.421495336868520854e-19 7.236053060945634910e-21
1.753210912628791266e+04 2.982304393105683291e-19 8.374017834671156231e-21
1.754279849150399241e+04 2.399435436815381548e-19 7.283193250843787722e-21
1.755348781872124891e+04 1.498335579808874534e-19 6.107695308404559299e-21
1.756417710791286663e+04 1.302970609649333068e-19 5.799132441442140178e-21
1.757486635905769435e+04 1.314257957303897672e-19 6.001387619174389717e-21
1.758555557212670101e+04 1.378200769122981720e-19 5.970999447821852230e-21
1.759624474709760761e+04 1.263409961826761696e-19 5.993755099095154466e-21
1.760693388394425710e+04 1.371839666011495215e-19 5.762576555918419543e-21
1.761762298264099809e+04 1.304441932383610821e-19 5.904693580757302876e-21
1.762831204316334697e+04 1.229571098671054432e-19 5.433054384726956774e-21
1.763900106548625990e+04 1.375397791609438110e-19 5.740688634236449684e-21
1.764969004958581354e+04 1.310796603095343911e-19 5.749128152742846841e-21
1.766037899543418462e+04 1.139986451827130152e-19 5.590166466753524558e-21
1.767106790300744615e+04 1.234229645617528873e-19 5.478838220770264409e-21
1.768175677228451605e+04 1.151155942542688975e-19 5.264762894081353619e-21
1.769244560323314727e+04 1.204048757118004559e-19 5.463051075147896277e-21
1.770313439583387662e+04 1.189238350449347512e-19 5.464365711721883812e-21
1.771382315006012141e+04 1.275128881982754614e-19 5.431251173565797299e-21
1.772451186588635028e+04 1.192407030428423797e-19 5.334017869058618276e-21
1.773520054328873448e+04 1.361192797334259761e-19 5.581381384489360050e-21
1.774588918452676808e+04 1.233243530263514844e-19 5.522854774350320258e-21
1.775657806670144419e+04 1.141657474409311073e-19 5.333138474488816314e-21
1.776726721867195010e+04 1.111993318085722257e-19 5.483118282568145450e-21
1.777795633460699173e+04 1.240732271178434537e-19 5.748088945267074177e-21
1.778864541198483857e+04 1.292991161577722017e-19 5.625472031297325114e-21
1.779933445078337172e+04 1.292875231412644291e-19 6.145089883046824040e-21
1.781002345097715806e+04 1.148554855061552584e-19 5.551435975364031349e-21
1.782071241253902917e+04 1.290867496161309552e-19 5.676966451825970549e-21
1.783140133544691344e+04 1.291670639796264246e-19 5.576301367610130378e-21
1.784209021967430090e+04 1.278885936914177051e-19 5.461647984542455265e-21
1.785277906519686803e+04 1.377328757627255598e-19 5.326469958221992746e-21
1.786346787199032042e+04 1.217160211237360187e-19 5.481743726993505232e-21
1.787415664002813719e+04 1.425000575902762467e-19 5.779296728745971276e-21
1.788484536928716261e+04 1.317216914148970881e-19 5.563983482088702208e-21
1.789553405974369525e+04 1.150897415103582520e-19 5.153461098335337561e-21
1.790622271136841300e+04 1.149670888761572518e-19 5.196467223943815141e-21
1.791691132414096865e+04 1.225342772958242343e-19 5.147891760738400672e-21
1.792759989803488861e+04 1.356561050240195776e-19 5.364561132334534390e-21
1.793828843302371388e+04 1.202799982263254215e-19 5.420936070162534632e-21
1.794897692908599856e+04 1.120135407540155110e-19 5.424247209142036064e-21
1.795966538619586936e+04 1.318956468655529853e-19 5.211367576448320944e-21
1.797035380432576130e+04 1.177438472117112651e-19 5.357132177213635138e-21
1.798104218345483241e+04 1.312858720826217711e-19 5.412103634051835443e-21
1.799173052355555046e+04 1.354456653114251294e-19 5.374719355188558503e-21
1.800241882460485067e+04 1.314493901009674049e-19 5.238757679183167477e-21
1.801310708657799478e+04 1.163487410680871752e-19 5.074569246837278694e-21
1.802379530944801809e+04 1.140429435232202459e-19 5.198875478003021683e-21
1.803448349319356566e+04 1.165715023767523174e-19 5.038367143405886253e-21
1.804517163778769464e+04 1.228438512287724178e-19 5.138945992485765183e-21
1.805585974320622336e+04 1.275490989510956363e-19 5.319305316050252782e-21
1.806654780942393700e+04 1.141404648225924684e-19 5.261490983203637847e-21
1.807723583641727600e+04 1.204952847844094544e-19 5.179232531392040217e-21
1.808792382416042165e+04 1.042895397630398996e-19 5.112779221182892281e-21
1.809861177263100035e+04 1.172135689353017284e-19 5.087819038892705595e-21
1.810929968180039214e+04 1.203137814169650642e-19 5.041948506605595970e-21
1.811998755164676550e+04 1.204842392148677009e-19 5.516728339483847810e-21
1.813067538214550586e+04 1.097443203858468035e-19 5.218139160989964514e-21
1.814136317327084544e+04 1.330958960297032554e-19 5.065257459749193756e-21
1.815205092499929378e+04 1.277314754606189839e-19 4.965422824310752505e-21
1.816273863730565427e+04 1.283987619420538955e-19 5.132411551427412351e-21
1.817342631016475934e+04 1.191334634864643379e-19 5.339731191181384373e-21
1.818411394355200537e+04 1.208028034843384186e-19 5.293110992484252609e-21
1.819480153744503696e+04 1.148453490805057913e-19 5.425117167638811597e-21
1.820548909181593262e+04 1.035968024024570333e-19 5.191422991380458167e-21
1.821617660664405048e+04 1.246996861384602218e-19 5.324796099643728179e-21
1.822686408190082147e+04 1.026756478271656732e-19 4.851278066972776812e-21
1.823755151756229316e+04 1.135200411106191650e-19 4.720704043175728830e-21
1.824823891360732159e+04 1.024034694985138974e-19 4.926267596914512299e-21
1.825892627000740686e+04 1.191706462867376700e-19 5.075651703189932750e-21
1.826961358674025905e+04 1.156345237696518684e-19 4.958577449028737055e-21
1.828030086378023043e+04 1.160376094211834460e-19 5.058866038276664304e-21
1.829098810110451450e+04 1.218283429388042823e-19 4.985718669199294346e-21
1.830167529868745987e+04 1.195427038292817135e-19 4.937029199424615953e-21
1.831236245650397541e+04 1.124060596920519926e-19 4.766210131486290292e-21
1.832304957452956296e+04 1.182639514839185638e-19 5.114666281682388318e-21
1.833373665274031009e+04 1.142231461543615349e-19 5.289412848201345547e-21
1.834442369111285734e+04 1.181329297255298602e-19 5.151708431210336704e-21
1.835511068962103309e+04 1.049306009116145359e-19 5.134871875976918135e-21
1.836579764824039739e+04 9.697676263443722588e-20 4.730095358936683449e-21
1.837648456694814013e+04 1.122041430802335781e-19 4.832124228257314874e-21
1.838717144571758035e+04 1.357992474226528393e-19 4.869722897867537165e-21
1.839785828452653732e+04 1.451996135898753220e-19 5.245177745935192804e-21
1.840854508334717320e+04 1.425513858949904305e-19 5.307417180308955960e-21
1.841923184215961010e+04 1.317258519640055459e-19 5.010924475144336575e-21
1.842991856093602473e+04 1.194993837535427328e-19 5.037620277226687422e-21
1.844060523965369430e+04 1.280094798278415129e-19 4.907511009722905898e-21
1.845129187828707654e+04 1.227483133209970563e-19 4.858291832013873305e-21
1.846197847681234634e+04 1.165721103085701865e-19 4.989328437016555549e-21
1.847266503520626429e+04 1.104072944789016199e-19 4.899761744399947154e-21
1.848335155344213490e+04 1.075828621744365171e-19 4.777511045213304996e-21
1.849403803149674059e+04 1.271897500228228298e-19 4.971020610498367527e-21
1.850472446934623076e+04 1.119828452392665287e-19 4.564699787520522152e-21
1.851541086696457569e+04 1.194903117475183764e-19 4.829208546788472927e-21
1.852609722432971103e+04 1.188015858194606002e-19 4.717817866484635596e-21
1.853678354141498130e+04 1.147056311116198192e-19 4.679598768667571320e-21
1.854746981819947177e+04 1.174704392153081155e-19 4.701098204640988169e-21
1.855815605465371482e+04 1.162390871912527838e-19 4.628014157900930478e-21
1.856884225075738141e+04 1.157586809782687475e-19 4.913820944358727522e-21
1.857952840648617712e+04 1.472438945736881339e-19 5.078399940005497912e-21
1.859021452181347195e+04 1.681964780144028268e-19 5.456920448078473192e-21
1.860090059671495328e+04 1.275963032922332427e-19 4.717609718102102003e-21
1.861158663116863681e+04 1.249345260360214152e-19 4.686706194070062387e-21
1.862227262515022085e+04 1.124819752940178304e-19 4.578290981486475342e-21
1.863295857863197307e+04 1.206181304995624763e-19 4.626508127515098969e-21
1.864364449159304422e+04 1.230183062543193358e-19 4.715605067110625918e-21
1.865433036400804485e+04 1.155250435602608442e-19 4.649456393050121455e-21
1.866501619585268418e+04 1.082177733139668759e-19 3.995603338344908631e-21
1.867570198710211116e+04 1.158310800360828412e-19 4.216096244462341568e-21
1.868638773773380672e+04 1.128473783727002631e-19 4.506011521309793835e-21
1.869707344772123179e+04 1.163420527912826784e-19 4.713320813432161937e-21
1.870775911704072860e+04 1.127399248599330948e-19 4.658523463989667919e-21
1.871844474566976714e+04 1.154122657379848825e-19 4.689880924620938352e-21
1.872913033358299799e+04 1.116317415996468552e-19 4.501382614334305633e-21
1.873981588075733453e+04 1.122490985141666000e-19 4.522623909998721255e-21
1.875050138716510992e+04 1.260763783051013047e-19 4.844770655532598538e-21
1.876118685278500561e+04 1.294519678337416115e-19 4.938693062252703626e-21
1.877187227759281086e+04 1.210159435816871018e-19 4.729442122797366157e-21
1.878255766156262325e+04 1.120804148955254943e-19 4.666804288707979129e-21
1.879324300467370267e+04 1.203930244951993959e-19 4.736821850080758601e-21
1.880392830689725452e+04 1.267088774811465559e-19 4.511878803142534408e-21
1.881461356821254594e+04 1.105832265377652133e-19 4.416597098409565045e-21
1.882529878859311793e+04 1.134986550602812786e-19 4.298330201408622452e-21
1.883598396801710987e+04 1.114805887833786440e-19 4.564278849388633349e-21
1.884666910645863391e+04 1.099228517570563994e-19 4.333791568181509154e-21
1.885735420389354113e+04 1.087117288792380501e-19 4.236217555940006063e-21
1.886803926029940340e+04 1.193793535059660390e-19 4.287662189118309903e-21
1.887872427565035468e+04 1.212934009542219703e-19 4.483968903728418415e-21
1.888940924992342116e+04 1.145479015683549141e-19 4.377276883063210608e-21
1.890009418309273315e+04 1.185118220003657971e-19 4.453771200510919340e-21
1.891077907513533864e+04 1.220712971506401874e-19 4.714715256170338302e-21
1.892146392602768901e+04 1.210576597715806138e-19 4.616671954725912843e-21
1.893214873574453304e+04 1.188857404372629567e-19 4.646219873229411086e-21
1.894283350426466131e+04 1.201196349616205246e-19 4.584628568099994212e-21
1.895351823155934471e+04 1.271466360129089601e-19 4.692853014138438440e-21
1.896420291760736291e+04 1.297117455245733370e-19 4.350057465032352744e-21
1.897488756238350834e+04 1.110718682818074769e-19 4.298777864391055065e-21
1.898557216586367576e+04 1.175499463756979428e-19 4.471722106736249066e-21
1.899625672802613190e+04 1.181550591433174582e-19 4.386980907978481187e-21
1.900694124884390840e+04 1.072296789709457262e-19 4.349971820299495777e-21
1.901762572829524652e+04 1.253556823130344491e-19 4.382244646229748282e-21
1.902831016635436390e+04 1.176585537511179951e-19 4.301721118701017739e-21
1.903899456299719168e+04 1.056951119485665820e-19 4.540972483344266022e-21
1.904967891820026853e+04 1.268155803288547786e-19 4.538954158728739259e-21
1.906036323193899079e+04 1.334417485028763673e-19 4.702218471910109810e-21
1.907104750419278571e+04 1.436951651551767325e-19 4.858318378819482198e-21
1.908173173493068316e+04 1.431837221966187973e-19 4.661218808146993903e-21
1.909241592413558465e+04 1.300014124410618691e-19 4.564143222050893187e-21
1.910310007177943044e+04 1.345461655427799345e-19 4.476629186317484755e-21
1.911378417783935947e+04 1.306449736893910532e-19 4.511532628927933036e-21
1.912446824229137201e+04 1.211027810718861612e-19 4.391218837213270274e-21
1.913515226511148285e+04 1.167787902174639784e-19 4.600112704976508203e-21
1.914583624627567406e+04 1.183099650382938365e-19 4.355496145529861445e-21
1.915652018575994953e+04 1.099065551391277825e-19 4.429474640532497246e-21
1.916720408354034225e+04 1.145476032653899017e-19 4.301796238988901110e-21
1.917788793959400573e+04 1.274492511849988141e-19 4.460489222818446739e-21
1.918857175389235272e+04 1.222454919519781112e-19 4.630110020668245218e-21
1.919925552641952163e+04 1.162325983260420065e-19 4.387255920892789494e-21
1.920993925714344005e+04 1.222889479650750387e-19 4.271299534939088608e-21
1.922062294604476847e+04 1.246062186725954242e-19 4.508447836172025350e-21
1.923130659309957264e+04 1.157286193642168556e-19 4.362666284288381231e-21
1.924199019828156088e+04 1.199130219144603419e-19 4.525586763959626140e-21
1.925267376156678074e+04 1.256513320867099094e-19 4.173129268164933284e-21
1.926335728293480133e+04 1.277825541610376247e-19 4.359334713404683437e-21
1.927404076235702814e+04 1.295950140523240969e-19 4.465604008010894724e-21
1.928472419981301209e+04 1.239865825227599208e-19 4.459435966530710125e-21
1.929540759527767295e+04 1.192680371056077980e-19 4.514648952114136279e-21
1.930609094872708738e+04 1.220004319206294451e-19 4.719493931406602899e-21
1.931677426013618242e+04 1.268777580048724883e-19 4.521811186225157427e-21
1.932745752948452355e+04 1.227770625069924372e-19 4.684439395176906549e-21
1.933814075674355627e+04 1.257152102996297486e-19 4.629450690455715741e-21
1.934882394189169645e+04 1.236982789959665944e-19 4.516244382157706586e-21
1.935950708490740362e+04 1.235724882821990162e-19 4.389920261203565688e-21
1.937019018576209783e+04 1.256510528580279549e-19 4.565596197854374166e-21
1.938087324443421312e+04 1.278046805323854330e-19 4.347363574879222526e-21
1.939155626090222722e+04 1.123595825940634933e-19 4.541348969846852427e-21
1.940223923513758564e+04 1.228275868863085549e-19 4.456472253510097936e-21
1.941292216711874789e+04 1.157940680472949970e-19 4.202488891617114762e-21
1.942360505682418443e+04 1.184478288064714940e-19 4.179419069006873898e-21
1.943428790422535894e+04 1.236673817477533018e-19 4.156074391179767653e-21
1.944497070930071641e+04 1.338975300631375036e-19 4.366319529734754417e-21
1.945565347202759949e+04 1.233763489204567779e-19 4.316042029415097523e-21
1.946633619238098981e+04 1.166155219232871377e-19 4.164302552925539179e-21
1.947701887033586900e+04 1.113581172940290459e-19 4.283364331148204072e-21
1.948770150587070748e+04 1.136550295459668371e-19 4.409916943127803438e-21
1.949838409895817676e+04 1.127204444096616292e-19 4.171035917178814536e-21
1.950906664957913017e+04 1.124246104467107035e-19 4.379098388951361324e-21
1.951974915770623556e+04 1.180756067857723791e-19 4.356480405176114561e-21
1.953043162331798521e+04 1.037552860023468262e-19 4.409261587247975914e-21
1.954111404638822569e+04 1.168997745010367281e-19 4.223653957152543998e-21
1.955179642689429966e+04 1.106829231782666094e-19 4.070701871387247970e-21
1.956247876481358253e+04 1.159842877066421427e-19 4.047691917609331095e-21
1.957316106011992451e+04 1.062108136128106319e-19 4.069600237409058013e-21
1.958384331279183243e+04 1.270628570725110395e-19 4.247942080961545527e-21
1.959452552280318923e+04 1.109990595381913757e-19 4.130547331714430853e-21
1.960520769013134486e+04 1.166708661306894257e-19 4.364815987724970876e-21
1.961588981475252876e+04 1.105097504000991544e-19 4.284406077148850348e-21
1.962657189664413090e+04 1.185421308508787583e-19 4.305208795888998170e-21
1.963725393578117291e+04 1.177873297346545092e-19 4.130911714995982932e-21
1.964793593213750501e+04 1.150931613707350835e-19 4.165469629454487053e-21
1.965861788569290366e+04 1.141383154345775275e-19 4.053140113403464685e-21
1.966929979642360195e+04 1.258644654245534388e-19 4.054544834488487735e-21
1.967998166430345736e+04 1.108151092851636590e-19 4.186544116570455673e-21
1.969066348930987442e+04 1.058413748743746439e-19 4.198021062419748866e-21
1.970134527141910439e+04 1.098175895562321187e-19 4.231350589772858913e-21
1.971202701060738764e+04 1.105859692228435600e-19 3.920723770395101165e-21
1.972270870685096452e+04 1.061284935202569314e-19 4.086368055679381663e-21
1.973339036012607903e+04 1.076057215386450487e-19 4.151314476350708649e-21
1.974407197040898245e+04 1.154768006654764521e-19 3.823052896191537930e-21
1.975475353767592969e+04 1.101082658309508644e-19 4.048246095274254574e-21
1.976543506190318294e+04 1.123283744015277288e-19 4.016917869990144470e-21
1.977611654306699347e+04 1.084227970153460586e-19 3.988288348437256747e-21
1.978679798114364166e+04 1.201998445784007988e-19 4.148164577819652963e-21
1.979747937610821828e+04 1.164566826850744603e-19 4.242676441661569065e-21
1.980816072794051070e+04 1.175261102076071657e-19 4.170026793653640871e-21
1.981884203661211723e+04 1.151225074095624450e-19 4.109941473265740014e-21
1.982952330210400396e+04 1.136987821726386113e-19 3.971618810969256899e-21
1.984020452438893699e+04 1.100673155094666698e-19 4.072209590794165492e-21
1.985088570344434993e+04 1.172530543567040359e-19 4.122950840180633152e-21
1.986156683924654499e+04 1.132077126775203899e-19 4.202156576645992626e-21
1.987224793177062020e+04 1.182228970742322257e-19 3.822295139700160975e-21
1.988292898099406011e+04 1.111449250358211844e-19 3.937719960139564394e-21
1.989360998689554981e+04 1.097130379716809734e-19 3.960066204129497121e-21
1.990429094944664757e+04 1.185623666184511653e-19 4.053657427472798556e-21
1.991497186862719536e+04 1.236447091824637241e-19 3.898947697203345514e-21
1.992565274441232395e+04 1.206264473203172965e-19 4.035840283132144611e-21
1.993633357677716049e+04 1.120461402961487566e-19 3.901495518491503965e-21
1.994701436570039004e+04 1.062264489138539925e-19 4.098492814831988198e-21
1.995769511115596106e+04 9.869443890833082878e-20 3.891039942166966614e-21
1.996837581312256225e+04 1.092082463926583746e-19 3.857206649642675691e-21
1.997905647157532803e+04 1.060190928014651657e-19 3.933866759686470897e-21
1.998973708648940374e+04 1.067136749397367956e-19 3.954843993616193116e-21
2.000041765784464951e+04 1.024322916834931003e-19 3.666157856639229529e-21
2.001109818561151405e+04 1.055453531168613711e-19 3.571584350447194540e-21
2.002177866977219310e+04 9.845890756049058433e-20 3.601605692417077421e-21
2.003245911029954368e+04 8.401777261401673433e-20 4.603459001433771307e-21
2.168988713388252290e+04 1.220404067089374021e-19 4.909587388870078627e-21
2.170056112979161844e+04 1.139061344207706031e-19 3.800697775292789397e-21
2.171123507835666533e+04 9.467540304043628676e-20 3.542491675112658197e-21
2.172190897954623142e+04 1.052837524442570528e-19 3.495229453989673850e-21
2.173258283334320004e+04 1.008869069757653617e-19 3.693164161203444130e-21
2.174325663972005714e+04 9.941042150167630063e-20 3.709305542022838003e-21
2.175393039865443643e+04 1.011886951880053918e-19 3.603756098793474205e-21
2.176460411012145778e+04 1.120443187325997748e-19 3.785105889712025894e-21
2.177527777410269846e+04 1.077592508856667629e-19 3.476476344836144935e-21
2.178595139056797780e+04 1.007735974008889301e-19 3.411775369145846464e-21
2.179662495949623917e+04 9.496373763227206103e-20 3.468737182874416609e-21
2.180729848086519269e+04 9.356910230937777863e-20 3.433350439355180556e-21
2.181797195464722245e+04 9.581548106737932798e-20 3.392977426027742639e-21
2.182864538082396393e+04 1.046599834776232543e-19 3.616798459826144032e-21
2.183931875936781944e+04 9.762151244919596005e-20 3.428674967371212788e-21
2.184999209025641903e+04 9.447745670554497808e-20 3.336238536692636327e-21
2.186066537346483165e+04 1.035185510879855266e-19 3.618768836159935001e-21
2.187133860897336854e+04 1.041016197834963431e-19 3.753598145127200872e-21
2.188201179675569438e+04 1.016787843670464887e-19 3.756501868172565126e-21
2.189268493678549203e+04 1.010550345629336488e-19 3.504228138149079317e-21
2.190335802904305820e+04 9.636728744313365628e-20 3.582045172205315979e-21
2.191403107350342907e+04 1.010423000523678670e-19 3.459323599305350169e-21
2.192470407014294688e+04 1.084829020711409499e-19 3.612464309600322872e-21
2.193537701893792109e+04 9.662944566286860841e-20 3.414473521695632460e-21
2.194604991986465393e+04 9.502556002099115104e-20 3.398035852495848707e-21
2.195672277289947669e+04 9.854702288929550683e-20 3.329798278428222525e-21
2.196739557801738920e+04 9.707465746531346603e-20 3.368211440078783006e-21
2.197806833519735665e+04 9.477232723589152517e-20 3.422629467598759687e-21
2.198874104441307281e+04 1.052137513182288284e-19 3.248986598167848435e-21
2.199941370564481258e+04 1.095935474283808693e-19 3.558907250383751667e-21
2.201008631886488729e+04 1.013096150002576459e-19 3.575707607688191477e-21
2.202075888404959187e+04 1.026093825579270341e-19 3.528928803540087769e-21
2.203143140117790244e+04 9.761552318429586672e-20 3.538243999721332323e-21
2.204210387022478608e+04 9.887773405049183986e-20 3.569879828410013030e-21
2.205277629116651951e+04 1.036321748506261133e-19 3.469060232879096531e-21
2.206344866397808073e+04 9.980440351253743456e-20 3.307832926145901277e-21
2.207412098863973733e+04 9.753983820655005145e-20 3.433651693658908593e-21
2.208479326512114494e+04 9.944204396639217733e-20 3.288855767363075591e-21
2.209546549340650745e+04 1.018692751257497409e-19 3.154539127992849840e-21
2.210613767346547684e+04 1.027772862502384210e-19 3.397460149533126257e-21
2.211680980527566862e+04 9.302329983117396456e-20 3.443627738658113296e-21
2.212748188882005707e+04 9.259013057579210016e-20 3.465053760410308920e-21
2.213815392406417595e+04 9.212293148250629857e-20 3.135984311544917948e-21
2.214882591099231286e+04 1.000165375873341278e-19 3.254935352013078145e-21
2.215949784957808151e+04 9.715620663184012406e-20 3.435439532168295162e-21
2.217016973979640170e+04 1.012377681761737412e-19 3.206580458985448994e-21
2.218084158162619133e+04 9.536170416744568544e-20 3.218516308121788364e-21
2.219151337504103140e+04 9.965843818373899806e-20 3.345596268305772017e-21
2.220218512001850831e+04 1.008218743494473802e-19 3.269158896506192898e-21
2.221285681653621214e+04 8.891218030478337193e-20 3.258246360910211053e-21
2.222352846456770203e+04 8.730266249094090925e-20 3.280127565125958176e-21
2.223420006409052803e+04 8.471449342781766001e-20 3.336541603444485485e-21
2.224487161508095960e+04 8.020215905801496779e-20 3.166617337617456130e-21
2.225554311751657588e+04 7.875836646246667415e-20 3.052743010431144324e-21
2.226621457137088510e+04 8.112072165140995090e-20 3.145611772267887640e-21
2.227688597662142274e+04 9.859608023690377031e-20 3.368821089121679877e-21
2.228755733324581888e+04 9.982195554069720194e-20 3.497954300724841525e-21
2.229822864121754901e+04 9.682545332141983722e-20 3.521789826417203366e-21
2.230889990051418863e+04 9.392034922304296721e-20 3.238142636359755157e-21
2.231957111111328049e+04 9.606087005958416210e-20 3.181856660082855991e-21
2.233024227298832193e+04 9.795868400743733812e-20 3.462599151460963598e-21
2.234091338611553147e+04 9.846963606146764886e-20 3.392896107387474178e-21
2.235158445047382338e+04 1.027516908999739618e-19 3.444308919489837601e-21
2.236225546603939438e+04 1.002812567684886548e-19 3.440830890138085918e-21
2.237292643278570904e+04 9.991154824961346973e-20 3.632595234021776934e-21
2.238359735069029557e+04 1.017301732531527943e-19 3.300601529135158991e-21
2.239426821973068945e+04 1.041706685846247865e-19 3.529368510636367266e-21
2.240493903987899466e+04 1.001495218016444580e-19 3.498225336937238074e-21
2.241560981111409274e+04 1.000848938288270841e-19 3.413860028259333400e-21
2.242628053341491977e+04 1.027074773516913829e-19 3.585837218731278263e-21
2.243695120675484577e+04 1.026700608782221620e-19 3.374603105701710306e-21
2.244762182956795368e+04 1.078872914100580318e-19 3.492621248668688432e-21
2.245829222346786992e+04 9.765321282313139005e-20 3.429263277760566441e-21
2.246896246729216728e+04 1.048036332371528759e-19 3.576401201583199374e-21
2.247963266122822824e+04 1.032328765473890073e-19 3.448893781015382938e-21
2.249030280608806788e+04 1.024296607515925855e-19 3.466410490369196884e-21
2.250097290184646408e+04 1.088316866547090935e-19 3.239109485028179121e-21
2.251164294848228747e+04 9.843495493519469654e-20 3.195902363663222054e-21
2.252231294596896259e+04 9.934575333751182189e-20 3.387424277393405272e-21
2.253298289428667704e+04 9.828827999385576055e-20 3.288883450139195026e-21
2.254365279340610869e+04 8.520400171331784403e-20 3.231483209789290163e-21
2.255432264330744874e+04 8.392284002457460638e-20 3.292480605723435513e-21
2.256499244396407812e+04 8.729066465831305919e-20 3.160445170100680448e-21
2.257566219535488199e+04 8.781799675918421536e-20 3.292341003761807836e-21
2.258633189745451818e+04 9.560094638566975692e-20 3.339722329058030359e-21
2.259700155023638945e+04 9.560916541795378638e-20 3.117405279905599350e-21
2.260767115368481245e+04 9.479948408369141232e-20 3.281699587090760456e-21
2.261834070776626686e+04 1.006966100962204910e-19 3.376344247408666568e-21
2.262901021246090386e+04 1.035795611814497108e-19 3.449816436912915245e-21
2.263967966774488377e+04 9.804680259533839592e-20 3.354265869462869293e-21
2.265034907359564386e+04 1.015164139292453672e-19 3.284716911654746677e-21
2.266101842998785287e+04 9.988632484064037046e-20 3.261768892042749087e-21
2.267168773689484806e+04 1.077124328458708649e-19 3.592936422042093066e-21
2.268235699429819579e+04 9.926474171758972666e-20 3.296575744439108335e-21
2.269302620217258664e+04 1.002433222472816074e-19 3.311708773412021929e-21
2.270369536048989175e+04 1.079617642536022043e-19 3.454719932928770048e-21
2.271436446922754476e+04 1.083779012884483952e-19 3.254544875133161838e-21
2.272503352836571139e+04 1.076323034432673626e-19 3.370988438087249033e-21
2.273570253787629554e+04 1.043300535579115703e-19 3.388755038981284306e-21
2.274637149773671990e+04 1.030491151189858786e-19 3.308853526124557997e-21
2.275704040790860745e+04 8.833867476226831349e-20 3.170668153137184143e-21
2.276752975417447669e+04 1.018444442246144351e-19 3.278546402496600960e-21
2.277819855346010445e+04 9.278171322159638428e-20 3.283138137424040458e-21
2.278886730299571354e+04 9.092097363824426269e-20 3.658477688487448530e-21
2.279953600276722864e+04 9.470343810859224659e-20 3.661323596499283024e-21
2.281020465274213348e+04 1.010906624322652838e-19 3.190592976497246756e-21
2.282087325290067020e+04 9.682189692202496552e-20 3.228933368901977532e-21
2.283154180321313470e+04 8.676223916506135075e-20 3.103093039898818124e-21
2.284221030366547711e+04 9.234289225335527945e-20 3.307000461782053308e-21
2.285287875422511934e+04 1.040951740163903948e-19 3.230756722619761907e-21
2.286354715487078647e+04 1.039276823751420256e-19 3.232991255571976835e-21
2.287421550557568844e+04 9.663185214214407320e-20 3.187853513122794391e-21
2.288488380632291228e+04 9.288196253705791782e-20 3.200761539342124646e-21
2.289555205708271387e+04 8.426422786221336997e-20 3.155907715796712091e-21
2.290622025783387289e+04 9.768346338842732775e-20 3.265067988747748131e-21
2.291688840854664159e+04 9.450076803253210987e-20 3.279715945265205911e-21
2.292755650920409244e+04 8.776910401903049680e-20 3.211514834994384112e-21
2.293822455978070502e+04 9.405106043705598436e-20 3.271274713876536322e-21
2.294889256025100985e+04 9.781958882292653794e-20 3.273891025992271527e-21
2.295956051058661978e+04 9.892292163586958204e-20 3.266900230936829730e-21
2.297022841077059275e+04 9.700387427911829930e-20 3.188143617561831798e-21
2.298089626077739376e+04 9.746463354585678741e-20 3.113805804442767472e-21
2.299156406057998174e+04 9.103741280702422887e-20 3.222823191815773803e-21
2.300223181015435330e+04 1.026507510209983413e-19 3.303948427107089658e-21
2.301289950947783291e+04 9.676765258157854365e-20 3.476829812542871618e-21
2.302356715852916022e+04 9.611877425735574611e-20 3.561346553764230313e-21
2.303423475728135236e+04 9.400093373913480286e-20 3.319947360537156471e-21
2.304490230570598214e+04 1.016503958270048915e-19 3.380757861755828421e-21
2.305556980378463413e+04 9.937396372548809470e-20 3.169701091788522932e-21
2.306623725149319944e+04 9.672466699090781757e-20 3.185614293299696698e-21
2.307690464880606305e+04 1.087502849801540503e-19 3.377908072988777096e-21
2.308757199570053854e+04 8.698319272532109388e-20 3.157166001953585691e-21
2.309823929214670716e+04 9.723238318919971218e-20 3.143800126581924254e-21
2.310890653812604069e+04 9.296464656496214503e-20 3.312140371132439134e-21
2.311957373361591817e+04 9.145921244818598665e-20 3.023944319074879705e-21
2.313024087858785424e+04 8.753468716324862735e-20 2.996364024017882889e-21
2.314090797301621933e+04 9.123222548842351315e-20 3.078134414326291284e-21
2.315157501688258344e+04 9.792002286505556466e-20 3.403387623020882157e-21
2.316224201015698418e+04 9.717728264067056485e-20 3.406759362221270025e-21
2.317290895282099882e+04 9.440142599858598247e-20 3.229275731266425231e-21
2.318357584485040934e+04 9.503225812149569131e-20 3.278580310961992847e-21
2.319424268621236479e+04 9.747365029656473395e-20 3.277409320881629793e-21
2.320490947688983215e+04 9.970085131212987074e-20 3.511468628100911715e-21
2.321557621685569393e+04 9.183365377657541999e-20 3.087819113732446829e-21
2.322624290609141462e+04 9.182871882561274900e-20 3.093224367004119633e-21
2.323690954456706459e+04 9.325944138130204229e-20 3.058134504825187786e-21
2.324757613225695604e+04 9.628587032885162492e-20 3.187042660141793905e-21
2.325824266914116743e+04 9.974660675867593737e-20 3.039979930410493648e-21
2.326890915519400369e+04 9.622028596995909814e-20 3.091078506144174248e-21
2.327957559039263651e+04 8.682747459611819640e-20 3.011643772744682901e-21
2.329024197471134539e+04 9.313666422376713929e-20 3.119693017513214076e-21
2.330090830812297281e+04 1.028190527519923905e-19 3.350136022033935991e-21
2.331157459060754263e+04 9.250088553176694318e-20 3.173327996487943730e-21
2.332224082213643851e+04 1.037795788274628517e-19 3.455495677118773438e-21
2.333290700269397348e+04 9.351960434649072684e-20 3.435936001100205758e-21
2.334357313225007601e+04 9.488781714826408405e-20 3.200256911217584650e-21
2.335423921077612977e+04 1.039903281049412963e-19 3.197933672194183361e-21
2.336490523825216951e+04 9.683553200113821999e-20 3.274070076511811225e-21
2.337557121465384625e+04 9.368454494072540026e-20 3.238583788490208693e-21
2.338623713995974322e+04 9.637061247376412696e-20 3.233851417652463520e-21
2.339690301414407804e+04 9.750470090441592044e-20 3.287328647041744758e-21
2.340756883717667006e+04 8.428872690468237719e-20 3.263706322208871025e-21
2.341823460903753585e+04 1.003790737198844083e-19 3.222643740683525308e-21
2.342890032970230823e+04 9.997959566208589550e-20 3.208252768332844192e-21
2.343956599914652179e+04 9.422969579402220164e-20 3.142056006583567981e-21
2.345023161734877431e+04 9.513502568666278524e-20 3.105679566404377311e-21
2.346089718428327978e+04 9.328755518099925453e-20 3.105450920532878018e-21
2.347156269991978115e+04 9.991069795854156329e-20 3.227100037650685695e-21
2.348222816423974291e+04 1.070275928478782239e-19 3.234932888286041048e-21
2.349289357721436318e+04 9.053908840264169157e-20 3.033195409356383423e-21
2.350355893882362216e+04 8.201517477613454831e-20 3.165380792531053991e-21
2.351422424904454601e+04 9.448421645245841423e-20 3.148163651121949459e-21
2.352488950785125053e+04 1.030141181334936476e-19 3.141477083236512614e-21
2.353555471521345316e+04 9.374076125184970134e-20 3.295520409340857075e-21
2.354621987110952250e+04 9.532272674860359883e-20 3.043608821780412566e-21
2.355688497551806358e+04 9.849248169452219802e-20 3.184544897485617328e-21
2.356755002841314126e+04 9.410849119869368346e-20 3.227739343484100826e-21
2.357821502977174532e+04 9.137672622145982802e-20 3.124407251303070964e-21
2.358887997957088737e+04 9.763123516042045280e-20 3.144633828921238221e-21
2.359954487777876420e+04 1.108363926953907919e-19 3.275800464092738070e-21
2.361020972437527234e+04 1.926837698800213989e-19 3.937264621515147597e-21
2.362087451933446573e+04 2.533626785029848518e-19 4.354062236246994210e-21
2.363153926263623362e+04 2.023307601718050294e-19 3.807644013376061024e-21
2.364220395425009701e+04 1.278156625486560638e-19 3.412017944924923851e-21
2.365286859415894287e+04 1.062554841391281169e-19 3.145121369512292596e-21
2.366353318233388200e+04 9.729614312314667198e-20 3.106894171155267046e-21
2.367419771874744401e+04 8.951761915215775140e-20 3.062022954474910890e-21
2.368486220337801205e+04 8.614086912372839734e-20 3.203821514628191862e-21
2.369552663619958548e+04 1.026309937075249457e-19 3.235627639669194228e-21
2.370619101719053288e+04 9.410168828637929733e-20 2.979522546601389824e-21
2.371685534632483541e+04 9.139652440768256409e-20 3.007228133913957255e-21
2.372751962357937373e+04 9.016808852406892325e-20 3.028409012250478667e-21
2.373818384892948961e+04 9.113725980929140916e-20 2.888850858152321045e-21
2.374884802234622475e+04 8.454185892956646087e-20 3.247572176565996528e-21
2.375951214380796955e+04 8.981010201764402154e-20 3.229769324000834252e-21
2.377017621328864334e+04 9.073549741708616048e-20 3.119263267765322494e-21
2.378084023076659287e+04 9.839922934675859803e-20 3.186562628473435374e-21
2.379150419621423134e+04 1.012888434368656726e-19 3.128488314400586232e-21
2.380216810960988369e+04 9.652050829082055933e-20 3.111644283861026047e-21
2.381283197093042327e+04 9.488235955226376189e-20 3.046832812527023299e-21
2.382349578014672443e+04 8.722445736676794180e-20 2.967102282309431665e-21
2.383415953723553685e+04 8.742636048907982708e-20 3.025980378331899690e-21
2.384482324216784400e+04 9.243006150851929476e-20 2.979521570801650717e-21
2.385548689492490303e+04 8.629105791962774524e-20 3.066409821955489854e-21
2.386615049548204479e+04 8.469136488407905628e-20 3.157927460946206306e-21
2.387681404381310495e+04 9.191449886913227921e-20 2.973265867050662311e-21
2.388747753989042758e+04 7.849023894050105497e-20 2.922493812075108092e-21
2.389814098369671774e+04 8.957667682012019956e-20 3.070996653525987452e-21
2.390880437520430496e+04 1.013023652555719078e-19 3.155880281826690668e-21
2.391946771438545329e+04 9.078076380820817841e-20 3.027039591493353687e-21
2.393013100121390016e+04 9.595219824708427733e-20 3.186672894237088622e-21
2.394079423566647529e+04 8.565588007380888493e-20 2.973480018571025007e-21
2.395145741772290421e+04 9.395541121006773439e-20 2.923800101873942920e-21
2.396212054735546917e+04 9.524899132157769731e-20 3.142501531913773127e-21
2.397278362453790032e+04 9.507092939350584658e-20 3.071524654711966132e-21
2.398344664924692552e+04 8.651399507390570121e-20 3.074025654898578155e-21
2.399410962145777739e+04 9.205351357118061905e-20 2.987337622332961233e-21
2.400477254115011237e+04 9.680348066688866531e-20 3.066052693736742336e-21
2.401543540829306585e+04 8.532585729980371369e-20 2.810901004294102070e-21
2.402609822286193958e+04 1.024288168639077962e-19 3.051743679932861289e-21
2.403676098483042369e+04 1.080585575765080053e-19 3.197879890590577965e-21
2.404742369417820009e+04 9.311018035851015725e-20 2.901792770833697190e-21
2.405808635088041774e+04 9.458136070027505304e-20 3.108009503018123695e-21
2.406874895491074494e+04 8.252303276824386301e-20 2.977692585822541922e-21
2.407941150624135480e+04 9.118882939061942972e-20 3.095263323994728373e-21
2.409007400485186372e+04 8.648583644720245167e-20 3.140219835277087364e-21
2.410073645071429200e+04 8.113829806687193490e-20 2.993499857180947687e-21
2.411139884380834701e+04 8.008639104851535155e-20 2.931958476853564729e-21
2.412206118410914860e+04 9.016551054066425045e-20 3.084148392958238870e-21
2.413272347158733828e+04 8.781953782153216447e-20 3.057542362889188147e-21
2.414338570621652980e+04 8.821106992326546888e-20 3.094201159898818483e-21
2.415404788797327274e+04 8.757247351490256832e-20 3.009795552863972141e-21
2.416471001683565191e+04 8.481994653370374555e-20 3.098641063185668118e-21
2.417537209277874354e+04 8.337878889777759844e-20 2.807339554727181790e-21
2.418603411577447696e+04 8.188343355223830452e-20 2.949590449080424790e-21
2.419669608579950727e+04 8.181591051374726514e-20 2.887391674734470924e-21
2.420735800282738273e+04 8.545706733115756819e-20 2.995012177331431319e-21
2.421801986683615542e+04 9.006603872469394432e-20 2.935246834447550639e-21
2.422868167779934083e+04 8.873886672852199668e-20 2.970388993016296298e-21
2.423934343569046177e+04 8.808867979058186253e-20 2.963870684991924470e-21
2.425000514048599871e+04 9.148771492986396241e-20 2.854195841712465121e-21
2.426066679216697958e+04 9.376063575211851052e-20 2.954132455707081722e-21
2.427132839069769398e+04 8.656748630128964288e-20 2.975533898718239614e-21
2.428198993606231306e+04 8.372066850626056999e-20 2.970440938336219557e-21
2.429265142822526832e+04 8.043360443428903494e-20 3.001358615232732502e-21
2.430331286716902468e+04 8.572183100862350269e-20 3.003375768623469059e-21
2.431397425286554062e+04 8.956915498089097389e-20 3.023718131101546010e-21
2.432463558529274087e+04 7.967420232113882159e-20 3.407564907741814613e-21
2.433529686442406455e+04 8.723683870912293011e-20 3.237408289476001329e-21
2.434595809023436959e+04 8.056797319554481923e-20 2.942604565076054518e-21
2.435661926269851028e+04 8.318695665519958696e-20 2.946988831281007732e-21
2.436728038178998031e+04 8.605829748485623515e-20 2.840734669374264320e-21
2.437794144748518011e+04 8.783167686065534806e-20 2.824254252648080518e-21
2.438860245976050646e+04 8.944225291872487532e-20 2.767803896420047028e-21
2.439926341858779415e+04 9.037069204147864894e-20 2.748667013312992352e-21
2.440992432394493517e+04 8.547685596410463428e-20 2.969405422895288216e-21
2.442058517580374973e+04 8.668684181408151721e-20 2.945914369102585784e-21
2.443124597414195523e+04 7.940865681941713605e-20 2.783273567196738057e-21
2.444190671893147737e+04 7.423053297198645024e-20 2.756896625386174686e-21
2.445256741015019725e+04 7.964705075339140870e-20 2.760207243738805337e-21
2.446322804776988414e+04 8.600016036685275279e-20 2.803161144273039347e-21
2.447388863176988525e+04 8.969577618234793313e-20 2.844932906123823028e-21
2.448454916212045282e+04 7.720746246788315439e-20 2.930923034364166012e-21
2.449520963879786723e+04 7.881115211482446376e-20 2.715108706640343577e-21
2.450587006178136653e+04 8.701821331376084292e-20 2.881761050927177853e-21
2.451653043103510572e+04 8.091570890372763155e-20 2.816488527276738141e-21
2.452719074653997450e+04 8.683769630806298042e-20 2.705316795092085317e-21
2.453785100827070710e+04 8.452241140047337152e-20 2.798365088599226218e-21
2.454851121620355116e+04 8.180108543256703649e-20 2.793992660432618493e-21
2.455917137031020684e+04 8.566925983829817708e-20 2.845811326894109327e-21
2.456983147056687449e+04 8.658338063303417125e-20 2.857978172668550039e-21
2.458049151694821194e+04 8.358389438439596706e-20 2.641870351407400599e-21
2.459115150943036861e+04 7.679808726892129164e-20 2.750040883340214528e-21
2.460181144798509195e+04 7.860725413383078687e-20 2.841927087118480618e-21
2.461247133258855320e+04 7.823816764161995576e-20 2.844446605011328557e-21
2.462313116321695634e+04 8.336649834940390958e-20 2.686306920038970861e-21
2.463379093984189240e+04 8.535069316761279179e-20 2.830154172649335878e-21
2.464445066243951078e+04 8.030183811652630491e-20 2.809604780105912990e-21
2.465511033098592816e+04 8.373317977440819256e-20 2.801563505603491172e-21
2.466576994545260823e+04 8.288899307346921899e-20 2.829439641988148853e-21
2.467642950581583500e+04 8.584689842906733452e-20 2.901136542067269565e-21
2.468708901205017537e+04 8.312510715436199037e-20 2.778500158404868777e-21
2.469774846413022533e+04 8.125523237948961070e-20 2.783563585176377705e-21
2.470840786203209063e+04 8.445607310121996615e-20 2.686601002358874280e-21
2.471906720572725317e+04 8.007608064986359639e-20 2.765107668220544513e-21
2.472972649519174956e+04 8.338561388229686518e-20 2.794606103044521953e-21
2.474038573040004849e+04 8.084119941354987441e-20 2.571390302081997932e-21
2.475104491132681142e+04 8.421857077517454107e-20 2.655083225140058108e-21
2.476170403794654339e+04 8.758772764017160676e-20 2.786003358806872512e-21
2.477236311023376038e+04 8.072047168790926082e-20 2.682199958657917958e-21
2.478302212816295651e+04 8.417107194614452699e-20 2.808769670188818211e-21
2.479368109170860043e+04 9.226505789183330249e-20 2.849811182926236419e-21
2.480434006184911414e+04 1.457133008851746590e-19 3.146516971036500691e-21
2.481499913814320462e+04 3.851784562982505072e-19 4.880049665817611340e-21
2.482565816002601787e+04 4.759919586621767745e-19 5.197982847222421580e-21
2.483631712741665251e+04 3.183646213686934297e-19 4.441445637249012966e-21
2.484697604029412832e+04 1.778460042292377572e-19 3.571905647234421632e-21
2.485763489863134600e+04 1.298693598734482071e-19 3.292675679893542714e-21
2.486829370240117350e+04 1.103665031748489196e-19 3.115532280159240673e-21
2.487895245158090984e+04 9.420923829342355785e-20 3.046527554657947650e-21
2.488961114614200051e+04 9.082956157366539018e-20 2.888856358449950334e-21
2.490026978606191915e+04 8.093279744365179628e-20 2.808609301286769452e-21
2.491092837131348278e+04 7.523258756468870479e-20 2.733927013494567794e-21
2.492158690186950480e+04 8.646968318628380163e-20 2.956374431520634112e-21
2.493224537770895040e+04 7.865535890088283035e-20 2.772032378580361442e-21
2.494290379879530883e+04 8.408832609980342922e-20 2.773552025898723259e-21
2.495356216511821549e+04 8.551259822265863451e-20 2.882007825368523638e-21
2.496422047663822013e+04 8.232155337440654647e-20 2.716907591034335766e-21
2.497487873334044343e+04 8.261099490868842769e-20 2.654003843534144612e-21
2.498553693519451554e+04 8.741055850197447066e-20 2.790250722341066416e-21
2.499619508217316979e+04 7.609947384741438812e-20 2.846723193962146260e-21
2.500685317425375979e+04 8.135657033970468593e-20 2.849122130704572857e-21
2.501751121140885880e+04 8.250458255946686374e-20 2.834652610068318770e-21
2.502816919361119653e+04 8.177986063705841924e-20 2.779247211335015367e-21
2.503882712083662045e+04 8.682087319110798485e-20 2.812897540478225537e-21
2.504948499306092344e+04 9.095505796439857504e-20 2.898099524035008518e-21
2.506014281025514356e+04 9.554551725451770290e-20 2.896641686245801995e-21
2.507080057239662710e+04 8.145195179801896224e-20 2.754050202329362828e-21
2.508145827945635756e+04 8.110955919312628346e-20 2.822958081246280021e-21
2.509211593141153207e+04 8.365480663537107524e-20 2.843466123823570467e-21
2.510277352823489127e+04 8.554032758843453572e-20 2.645747370050576533e-21
2.511343106989902299e+04 8.027018509912977991e-20 2.593029074851429322e-21
2.512408855638115710e+04 7.799685332099852425e-20 2.706914142640690187e-21
2.513474598765229894e+04 7.719319651579666495e-20 2.709481924992808047e-21
2.514540336368968929e+04 8.261840814102988258e-20 2.911247018279842959e-21
2.515606068446408608e+04 8.328046066006852987e-20 2.864624163903290740e-21
2.516671794994821175e+04 8.382809487640890511e-20 2.895061730349015930e-21
2.517737516012080596e+04 7.313574571275220269e-20 2.669155817383993806e-21
2.518803231495280852e+04 7.893292065532535047e-20 2.615448185272707640e-21
2.519868941442452706e+04 7.862059591874174929e-20 2.648703425617472523e-21
2.520934645850530796e+04 7.547845278837351928e-20 2.551749666866058357e-21
2.522000344716903419e+04 8.345013048642604009e-20 2.759256317085943875e-21
2.523066038038663464e+04 7.963453925529143411e-20 2.748741124760685965e-21
2.524131725813689991e+04 8.012989903771402464e-20 2.704583621251849940e-21
2.525197408039378934e+04 8.723326628465212294e-20 2.970243578791300336e-21
2.526263084712815544e+04 8.293136466273712473e-20 2.832729620923958239e-21
2.527328755831551825e+04 8.256287081801366077e-20 2.882477214703031725e-21
2.528394421393128505e+04 8.349024080888352397e-20 2.697346053584623959e-21
2.529460081394628287e+04 8.349122517938302383e-20 2.675949014233126457e-21
2.530525735833292492e+04 8.327516364384530905e-20 2.823674015382733077e-21
2.531591384706670215e+04 8.419275948479048299e-20 2.823679939926896285e-21
2.532657028012782393e+04 8.492953806059733605e-20 3.256003571172683671e-21
2.533722665748544750e+04 7.867721647535499277e-20 2.881513915251029595e-21
2.534788297911333939e+04 8.124856122724422957e-20 2.706166207199029606e-21
2.535853924498695415e+04 8.175898999023607459e-20 2.798949844496225675e-21
2.536919545507389557e+04 7.829804656046157713e-20 2.825442463405165013e-21
2.537985160935750173e+04 7.582182662765399608e-20 2.609726880120729362e-21
2.539050770780526000e+04 8.609468092554739066e-20 2.653050724981790558e-21
2.540116375039257400e+04 8.164767321286769416e-20 2.729142384311369641e-21
2.541181973709471276e+04 7.843161984136477704e-20 2.835743918908136664e-21
2.542247566787914184e+04 7.279389069390550697e-20 2.597213993617186426e-21
2.543313154272763859e+04 8.282886393249688212e-20 2.780126313841049690e-21
2.544378736160444532e+04 7.824767438553873548e-20 2.755889729695651202e-21
2.545444312449443532e+04 8.577658924417992083e-20 2.692843506560333458e-21
2.546509883136974167e+04 8.380280459400953896e-20 2.619814535199343275e-21
2.547575448219920145e+04 8.278867885498615297e-20 2.722598939103448823e-21
2.548641007695655935e+04 8.174565917125746857e-20 2.776114426178109664e-21
2.549706561562036586e+04 7.991376941550332449e-20 2.711384232356551803e-21
2.550772109815794829e+04 7.652555196960121170e-20 2.756541950358944606e-21
2.551837652454774434e+04 8.232846510308803491e-20 2.629152977364297158e-21
2.552903189475863473e+04 7.343632968763920382e-20 2.602678508647792079e-21
2.553968720876568477e+04 8.689257004575603039e-20 2.668603616840222480e-21
2.555034246654743038e+04 8.707607908884409207e-20 2.719909096423890152e-21
2.556099766807593551e+04 7.820958450439417333e-20 2.633101247639851308e-21
2.557165281332321319e+04 8.827155765532155021e-20 2.605263539238394385e-21
2.558230790226285171e+04 7.891542492643054991e-20 2.603996296179570363e-21
2.559296293486845389e+04 8.729945353850344178e-20 2.751337315805143849e-21
2.560361791111173079e+04 8.931383372411222970e-20 2.736183109721567703e-21
2.561427283096646715e+04 8.283023868288406226e-20 2.781273669431958623e-21
2.562492769440620032e+04 8.245755890154478516e-20 2.686994718570787546e-21
2.563558250140925156e+04 8.885154643871075170e-20 2.834554446965171481e-21
2.564623725194592407e+04 8.204843660364133676e-20 2.798463426116443355e-21
2.565689194599289112e+04 8.336053515956222753e-20 2.848553658673465584e-21
2.566754658351550461e+04 8.602580294901626247e-20 2.783843186049978804e-21
2.567820116449541456e+04 8.758727825117257407e-20 2.814834275562936363e-21
2.568885568890125069e+04 7.795406732768275709e-20 3.008638917194593511e-21
2.569951015670809284e+04 8.485732971575933064e-20 2.723361778759721437e-21
2.571016456788450887e+04 8.552266662198952368e-20 2.792912224551788697e-21
2.572081892241345849e+04 9.114607136741419731e-20 2.901032520359349283e-21
2.573147322026519032e+04 8.245837885735620064e-20 2.750156445097490257e-21
2.574212746140990930e+04 9.030103595667571201e-20 2.828899894434159935e-21
2.575259886937374540e+04 8.529951049335194619e-20 2.845110377254799095e-21
2.576325298401830514e+04 8.319683513191044064e-20 2.652303042672366934e-21
2.577390704337283751e+04 8.578329111712827954e-20 2.957008513916262410e-21
2.578456104592804695e+04 8.161048536137571993e-20 2.795365054640377250e-21
2.579521499164584020e+04 8.849522829730788707e-20 2.899609077253219309e-21
2.580586888049952540e+04 8.705984928738985098e-20 2.778728789837121333e-21
2.581652271245917655e+04 7.766715803199733155e-20 2.743647866346383443e-21
2.582717648749486762e+04 7.957965435316063302e-20 2.807182768211032666e-21
2.583783020559090073e+04 8.202313130937487236e-20 2.758321547249890817e-21
2.584848386671112166e+04 8.548006725806397900e-20 2.771611308660654029e-21
2.585913747083038834e+04 7.739298843171578472e-20 2.786127599482700275e-21
2.586979101792982328e+04 7.776728882967855684e-20 2.965243235840333409e-21
2.588044450797310492e+04 7.962659033258245614e-20 2.807823524914829037e-21
2.589109794093335586e+04 8.109706961997786001e-20 2.749573379464653248e-21
2.590175131679005790e+04 8.680571189656840388e-20 2.757456422136839050e-21
2.591240463551018183e+04 7.625992568407967503e-20 2.555167059204204330e-21
2.592305789707006988e+04 8.332344221854340016e-20 2.806639105497795671e-21
2.593371110144919658e+04 8.245198051305893820e-20 2.866254988057116164e-21
2.594436424860946499e+04 8.531798294506368785e-20 2.868290139041701075e-21
2.595501733852870530e+04 8.219332661124380343e-20 2.950913663814598282e-21
2.596567037118013832e+04 9.058882918385296728e-20 2.811543443283566206e-21
2.597632334653684302e+04 8.608252672142716524e-20 2.770171324508400500e-21
2.598697626457035221e+04 8.353723931802772397e-20 2.856751027952566010e-21
2.599762912526153377e+04 8.649833558591438741e-20 2.707257870820391746e-21
2.600828192857072281e+04 8.281699771100398465e-20 2.795977398921973096e-21
2.601893467447726289e+04 8.516961344628102158e-20 3.074408453081343284e-21
2.602958736295589551e+04 8.730854793466772183e-20 2.951603625949450804e-21
2.604023999397802618e+04 8.807585148351876094e-20 2.899538834344064086e-21
2.605089256751816720e+04 8.975399033657098708e-20 3.089725913972649280e-21
2.606154508354603968e+04 8.803042897688679435e-20 3.084733958912358637e-21
2.607219754203616685e+04 8.645577911031035625e-20 3.018984852359994020e-21
2.608284994295998695e+04 8.263956687499182879e-20 2.959004019562758138e-21
2.609350228629205230e+04 8.181376391626460597e-20 2.895521735642234596e-21
2.610415457200849414e+04 8.285018911592117309e-20 3.055353082588133699e-21
2.611480680008044874e+04 8.388699100470012688e-20 2.877161782899039113e-21
2.612545897047278049e+04 8.747177866169842480e-20 2.738438734697687412e-21
2.613611108316645186e+04 8.514887636087313026e-20 3.006325657114437522e-21
2.614676313813438537e+04 8.734772267879210444e-20 2.937132697538271397e-21
2.615741513534780825e+04 1.031425616219572010e-19 2.894721311765562307e-21
2.616806707478098906e+04 1.246201332508499863e-19 3.121047960875160785e-21
2.617871895640194998e+04 1.239644962020999710e-19 3.289391390710246804e-21
2.618937078018671309e+04 1.121303020202400553e-19 3.080346723700771486e-21
2.620002254610816090e+04 9.030604411670609793e-20 2.782563852107513704e-21
2.621067425414226454e+04 8.109540419420381680e-20 2.714009361809396719e-21
2.622132590425679518e+04 8.523404915107977839e-20 2.818976232068193696e-21
2.623197749642288909e+04 7.860080476789703238e-20 2.873528992039329177e-21
2.624262903061975885e+04 7.860278399383248860e-20 2.751602217265848545e-21
2.625328050681696550e+04 8.304800248722665267e-20 2.704185562829803196e-21
2.626393192498714052e+04 8.739939541946651466e-20 2.685607433776346696e-21
2.627458328510128194e+04 8.776452577397315999e-20 2.686173395993822237e-21
2.628523458713362925e+04 7.726787844113599770e-20 2.700015817844610042e-21
2.629588583105849830e+04 8.214818837797697077e-20 2.701459471473723799e-21
2.630653701684534099e+04 8.346303986951048771e-20 2.709898403488760955e-21
2.631718814446997203e+04 8.480210312397310832e-20 2.842253865614910049e-21
2.632783921390008618e+04 8.020403947499502999e-20 2.892269219548943506e-21
2.633849022511471048e+04 8.201170924396371869e-20 2.781858044896334330e-21
2.634914117808319861e+04 8.149514429596637534e-20 2.756547270511725713e-21
2.635979207277654496e+04 8.069321880845858932e-20 2.718589842968301070e-21
2.637044290916890168e+04 8.443876133834352167e-20 2.863553417943045933e-21
2.638109368723430816e+04 8.261938104220461924e-20 2.730946887058118604e-21
2.639174440694042642e+04 8.521889025472744754e-20 2.561583722840876727e-21
2.640239506826623619e+04 8.327112691443955537e-20 2.682140240226272132e-21
2.641304567117941406e+04 8.331352294737896294e-20 2.736332466031517199e-21
2.642369621565403941e+04 8.545167235128888931e-20 2.741559551332383269e-21
2.643434670166245996e+04 7.908833931312891067e-20 2.680493293053914552e-21
2.644499712917710713e+04 8.492176284431869823e-20 2.979741413440775574e-21
2.645564749817039774e+04 8.012074976625118685e-20 2.706775321440721376e-21
2.646629780861484323e+04 8.219139535072008559e-20 2.858103602691326566e-21
2.647694806048439204e+04 8.278266923170798921e-20 2.729922622750855019e-21
2.648759825374644788e+04 8.700641904915968659e-20 2.516084010421732220e-21
2.649824838837821153e+04 8.308843981969916661e-20 2.758672405458334664e-21
2.650889846435048821e+04 8.276180479913996526e-20 2.712236488660539781e-21
2.651954848163560746e+04 8.651984056679142378e-20 2.673620314645850862e-21
2.653019844020424716e+04 8.555507350758927764e-20 2.883095241653149415e-21
2.654084834003184005e+04 7.949506486634679536e-20 2.771774756573201347e-21
2.655149818108904947e+04 8.778006578423767929e-20 2.751344736212657291e-21
2.656214796334817584e+04 8.243202048169523746e-20 2.779391157228932170e-21
2.657279768677984612e+04 8.096711713327315573e-20 2.742667853873690771e-21
2.658344735135958035e+04 8.089284598076715138e-20 2.722803921315674655e-21
2.659409695704296973e+04 8.703856781693771546e-20 2.739413946546673515e-21
2.660456280453986255e+04 8.167293286288836146e-20 2.740015503519932139e-21
2.661521228085273469e+04 8.559542711116853254e-20 2.686140822247152139e-21
2.662586169820185751e+04 8.471465091369891426e-20 2.740072850374403096e-21
2.663651105655761785e+04 7.997256589460334352e-20 2.649621401522158435e-21
2.664716035589201056e+04 8.159883903195741528e-20 2.633470044758652229e-21
2.665780959617565532e+04 7.471355716817393020e-20 2.489263111093442154e-21
2.666845877738231502e+04 8.152447744906712382e-20 2.689267253749805312e-21
2.667910789948575621e+04 8.369306891210176006e-20 2.871596034155508583e-21
2.668975696245620929e+04 7.442541654218298134e-20 2.739154986090087407e-21
2.670040596626234765e+04 7.715584464248035105e-20 2.707107539655006531e-21
2.671105491088310009e+04 7.621970663765024181e-20 2.757076464378748599e-21
2.672170379628537921e+04 8.088643622140747969e-20 2.727740531502177818e-21
2.673235262244286787e+04 7.883433892832823465e-20 2.755676997169928237e-21
2.674300138932902701e+04 7.868589456410662520e-20 2.691643995875560764e-21
2.675365009691261002e+04 8.025912881180530346e-20 2.676376937391070190e-21
2.676429874516899145e+04 8.506535399615936423e-20 2.635729095561357701e-21
2.677494733406666637e+04 8.146818860934844336e-20 2.714293990847931669e-21
2.678559586357927037e+04 8.205949591435222152e-20 2.833529287122912940e-21
2.679624433367845268e+04 7.862409889027162777e-20 2.659756066798355947e-21
2.680689274433633545e+04 7.894942761111633457e-20 2.587780332708735300e-21
2.681754109552649243e+04 8.127887564044909269e-20 2.747365642822990347e-21
2.682818938721736413e+04 7.809069651411852846e-20 2.582580709201044858e-21
2.683883761938230964e+04 8.283995734001121649e-20 2.587361748474472729e-21
2.684948579199317828e+04 8.237807586848015240e-20 2.692298511575269421e-21
2.686013390502018228e+04 7.888773586845301128e-20 2.774545733461192272e-21
2.687078195843849608e+04 8.300531784324125410e-20 2.641660178370536798e-21
2.688142995221991077e+04 8.185188870444216105e-20 2.889896189324969499e-21
2.689207788633248492e+04 8.949306072113925657e-20 2.750023312575638351e-21
2.690272576075159668e+04 7.389446343029660215e-20 2.654493715018249182e-21
2.691337357544383121e+04 8.464843985546646265e-20 2.772748760484238813e-21
2.692402133038602915e+04 8.901018851846077932e-20 2.828574620861252913e-21
2.693466902554806074e+04 8.044405463853891268e-20 2.672995800928914883e-21
2.694531666090149884e+04 7.673497012419399122e-20 2.766227192663446626e-21
2.695596423641643923e+04 7.590415214858392007e-20 2.647934723672881645e-21
2.696661175206795087e+04 7.540208082466244921e-20 2.596890392261328359e-21
2.697725920782593312e+04 7.304448830043945449e-20 2.651279779862513667e-21
2.698790660366172960e+04 7.874842804563411626e-20 2.570903546601094193e-21
2.699855393954539250e+04 8.197537723008741268e-20 2.564873553431722250e-21
2.700920121545193979e+04 7.950914960366138123e-20 2.704745224835945124e-21
2.701984843135122719e+04 8.232726468341992991e-20 2.787057854633741032e-21
2.703049558721295034e+04 7.039635465605739054e-20 2.770307913876108850e-21
2.704114268301194170e+04 7.135584281867154201e-20 2.670790187355535939e-21
2.705178971871818067e+04 6.384322282586982155e-20 2.678324134285927279e-21
2.706243669430140289e+04 8.146890024714221208e-20 2.762555594641493210e-21
2.707308360973478921e+04 7.643437537145299557e-20 2.812231914139749240e-21
2.708373046499127304e+04 8.098371271039611714e-20 2.780470008328344346e-21
2.709437726004072465e+04 7.816737503157216501e-20 2.906059054949260319e-21
2.710502399485286878e+04 8.473931726048896286e-20 2.973657618364614669e-21
2.711567066940082077e+04 7.484695081028681484e-20 2.789468214931213604e-21
2.712631728365755407e+04 6.901234474277824339e-20 2.603078741942975462e-21
2.713696383758918091e+04 7.918214341435139484e-20 2.659535843015903831e-21
2.714761033111815777e+04 8.291586556546846503e-20 2.786484227082483168e-21
2.715825642354904630e+04 8.334302289567344422e-20 2.931343548461886646e-21
2.716890226453627110e+04 7.477740690039255635e-20 2.763677551092028514e-21
2.717954804509775568e+04 7.390556547555907033e-20 2.705138216580595773e-21
2.719019376520158039e+04 8.120407305961776265e-20 2.893711902969263821e-21
2.720083942481897975e+04 7.485237427008247092e-20 2.797980616314668126e-21
2.721148502392468436e+04 8.034586923576026242e-20 2.871335601564635727e-21
2.722213056249143847e+04 8.293683398837228564e-20 2.790209494253353639e-21
2.723277604048184367e+04 7.408927394309057181e-20 2.798437039487971248e-21
2.724342145787412301e+04 7.551230524339277779e-20 2.717011450608515122e-21
2.725406681463771747e+04 7.961860443619025463e-20 2.813279792843954536e-21
2.726471211074540770e+04 7.434615200799518912e-20 2.778638605467241121e-21
2.727535734616473928e+04 7.642753205780908411e-20 2.806759638328058467e-21
2.728600252086526962e+04 7.763365438557028315e-20 2.977897080500423341e-21
2.729664763482677154e+04 7.680556496632188741e-20 2.883949387919438041e-21
2.730729268801339276e+04 7.032952901868410945e-20 2.715879270203491879e-21
2.731793768039764473e+04 7.335867383940779286e-20 2.695956540209122227e-21
2.732858261195080559e+04 7.482884507995125377e-20 2.894660758235285155e-21
2.733922748264217807e+04 7.343239289095414909e-20 2.669458257198530747e-21
2.734987229244624541e+04 7.429226617516135977e-20 2.772437400874659488e-21
2.736051704133206295e+04 7.332828609789518638e-20 2.867102832460394033e-21
2.737116172927067237e+04 7.464500522969445777e-20 2.840163149333557982e-21
2.738180635623312992e+04 8.427691363538664619e-20 3.006213969986178660e-21
2.739245092219034996e+04 7.445928479820911798e-20 2.790615060004759713e-21
2.740309542711139875e+04 7.795542057091196986e-20 2.851315916115204810e-21
2.741373987097058489e+04 7.309284099869804270e-20 2.961224058258580939e-21
2.742438425373547943e+04 7.014580899367754973e-20 2.866907173743833580e-21
2.743502857538040553e+04 7.494942698224137018e-20 2.852841428975553573e-21
2.744567283587443308e+04 7.473613356223439342e-20 2.882141599358922102e-21
2.745631703518642098e+04 7.669157724050711684e-20 2.898081247579951495e-21
2.746696117329266053e+04 7.008876685966321555e-20 2.963064045712280532e-21
2.747760525015520398e+04 7.358364091603403242e-20 2.918707939712319864e-21
2.748824926575351856e+04 8.005745311733887331e-20 2.782203643396545525e-21
2.749889322005285430e+04 6.748030135119078075e-20 2.775300650262292262e-21
2.750953711302771262e+04 8.038061829462980640e-20 2.949338830204593033e-21
2.752018094464528986e+04 7.733095467604198496e-20 2.941199847862884165e-21
2.753082471487803923e+04 7.014655260502181752e-20 2.959289471325566854e-21
2.754146842369988008e+04 8.003445419755546942e-20 2.965845653294612690e-21
2.755211207107290466e+04 7.705172846533127320e-20 3.023657810812104879e-21
2.756275565697655838e+04 7.568582529741888740e-20 2.876435773147428635e-21
2.757339918137444329e+04 7.125949873193207336e-20 2.758024720615540541e-21
2.758404264424397479e+04 7.737022115993458392e-20 2.991346209727734766e-21
2.759468604555056663e+04 7.992630500784982830e-20 3.158182644119733811e-21
2.760532938526662474e+04 7.141662490547602823e-20 2.943350431560576278e-21
2.761597266336444227e+04 7.227595662787389188e-20 3.048734904648460313e-21
2.762661587980913464e+04 6.783821384085138319e-20 2.972495926908303842e-21
2.763725903457821914e+04 7.455689337022197682e-20 3.017832739670695230e-21
2.764790212763531235e+04 7.063867856877330059e-20 3.121327825714974311e-21
2.765854515895789154e+04 7.605106820216554152e-20 3.129001719108128914e-21
2.766918812850927861e+04 7.827661456021865591e-20 3.161274415391696616e-21
2.767983103626508819e+04 8.290802338521509732e-20 3.189675613826400776e-21
2.769047388219417189e+04 6.941348973097189254e-20 2.911731895238210746e-21
2.770111666626689839e+04 7.487189901633127884e-20 2.925728572989630875e-21
2.771175938845354176e+04 7.601695423388086407e-20 3.087577747074102376e-21
2.772240204872435788e+04 7.948697770764427626e-20 3.114209156526512069e-21
2.773304464704813290e+04 7.226520070588261791e-20 2.858705178612480569e-21
2.774368718340041960e+04 7.674698876994188368e-20 2.940875579876041564e-21
2.775432965774618060e+04 7.178599940988348324e-20 2.978396976436200050e-21
2.776497207005379096e+04 7.568510769280316702e-20 2.945158071330568599e-21
2.777561442030253238e+04 7.533424434892961146e-20 2.870149950259154936e-21
2.778625670845732020e+04 6.996793093306014851e-20 2.803978536559132009e-21
2.779689893448305884e+04 7.430179088846286972e-20 2.875188505904537396e-21
2.780754109836033604e+04 8.197286696060174656e-20 2.985551627065393051e-21
2.781818320004900670e+04 7.498333426540002322e-20 2.978934140465881708e-21
2.782882523952977863e+04 7.630168957708902356e-20 3.065763900482751081e-21
2.783946721676391462e+04 7.572494778493624377e-20 2.905822480756435476e-21
2.785010913172666915e+04 7.661411548604982599e-20 3.012291884617823811e-21
2.786075098438485293e+04 6.984911420894983599e-20 2.932646941839063031e-21
2.787139277471206151e+04 7.508397279454888245e-20 2.999514959530868591e-21
2.788203450267476001e+04 7.741077577917327370e-20 2.926118811563140001e-21
2.789267616824460129e+04 7.445221091983632941e-20 2.953380360762354675e-21
2.790331777139183396e+04 7.690836932977151760e-20 2.992606002440485424e-21
2.791395931208998445e+04 6.883634482842915170e-20 2.901210315832762740e-21
2.792460079030190536e+04 7.727631821523710779e-20 3.079008068536136417e-21
2.793524220600094486e+04 7.420506998003784800e-20 3.069768919883532207e-21
2.794588355915728243e+04 6.969934014799753716e-20 2.967121064406345940e-21
2.795652484974083563e+04 7.609348815754168744e-20 3.299925439058319445e-21
2.796716607772489806e+04 7.946926606729976347e-20 3.037275972060341220e-21
2.797780724306873162e+04 7.569404583452206778e-20 2.902042084384778628e-21
2.798844834575472123e+04 6.982397605390654813e-20 2.899610680131240805e-21
2.799908938574565400e+04 7.673253872537711966e-20 2.941804647670176655e-21
2.800973036301474713e+04 6.767504196296269051e-20 3.003675939553348091e-21
2.802037127752473680e+04 7.562636206875430727e-20 2.927707790474277653e-21
2.803101212925790242e+04 8.050269345905533843e-20 3.186388626642113033e-21
2.804165291817167963e+04 7.325741484976034098e-20 3.153157833640124219e-21
2.805229364424444066e+04 7.320581238878552800e-20 3.048999807176981068e-21
2.806293430743891804e+04 7.764963788389214500e-20 3.035480349145393069e-21
2.807357490773200334e+04 7.696855400946432237e-20 2.991129212040885961e-21
2.808421544508454826e+04 6.566550651646239337e-20 2.889885279906272342e-21
2.809485591947835928e+04 6.870560686203122484e-20 3.137181682371016645e-21
2.810549633086908216e+04 7.074426258855176262e-20 2.956859472292062331e-21
2.811613667923704998e+04 7.687341044697792416e-20 3.020655300278192838e-21
2.812677696454832039e+04 7.419566500852705020e-20 3.029528807953662044e-21
2.813741718677574318e+04 7.815533026466286600e-20 2.981176485671072370e-21
2.814805734587850748e+04 7.531464314608525615e-20 3.100247281139273778e-21
2.815869744183681178e+04 7.060534265089933337e-20 2.915925375483024933e-21
2.816933747461663006e+04 7.525358778044420021e-20 2.999447777000270996e-21
2.817997744418540606e+04 9.212874142886430593e-20 3.256525536195538009e-21
2.819061735051823052e+04 1.346310639809715330e-19 3.629355347717857371e-21
2.820125719357750131e+04 2.561883369182327189e-19 4.600513395209849618e-21
2.821189697333790173e+04 2.791255282273894317e-19 4.814523505203632188e-21
2.822253668976328481e+04 2.149014965952062514e-19 4.261740484632452574e-21
2.823299083147364945e+04 1.249464224976768848e-19 3.581233961766764188e-21
2.824363040798811562e+04 9.645790073183457940e-20 3.232685013229984839e-21
2.825426992256852100e+04 7.986519246976776978e-20 3.025744029331479348e-21
2.826490937370733809e+04 8.111739224988631033e-20 3.062100939672660797e-21
2.827554876135916857e+04 8.146392588135360744e-20 3.178850022547259592e-21
2.828618808549662572e+04 7.699259151585284270e-20 3.288622617768121042e-21
2.829682734608376995e+04 7.249289641304207931e-20 3.018344609444924763e-21
2.830746654309686710e+04 7.595963220863684486e-20 3.051113404466853829e-21
2.831810567650006851e+04 6.919881513541731839e-20 2.918919901384673242e-21
2.832874474626586380e+04 6.437704964706371527e-20 2.957424346532605332e-21
2.833938375235995045e+04 6.802184034733779573e-20 3.092483428188358063e-21
2.835002269475342837e+04 7.114810635847134561e-20 3.000944659483667738e-21
2.836066157341712824e+04 7.066079928652029410e-20 2.982273011894236455e-21
2.837130038831487400e+04 7.356729443935180350e-20 2.792424893729761069e-21
2.838193913942272411e+04 7.631875544647295925e-20 3.076782438860274024e-21
2.839257782670471352e+04 7.244978362336970103e-20 3.092219963788169364e-21
2.840321645012982844e+04 6.842816146621291249e-20 2.816678568117694349e-21
2.841385500967050757e+04 7.625447015746657066e-20 3.004737897649430360e-21
2.842449350529586809e+04 7.345131298439048792e-20 2.864047091009250808e-21
2.843513193697153110e+04 7.090003299911076482e-20 3.153586209810192966e-21
2.844577030466806536e+04 7.236612192971932271e-20 2.886038646850355387e-21
2.845640860835440253e+04 7.207767029943722221e-20 2.940155506395502733e-21
2.846704684799964161e+04 7.988151884114636926e-20 2.937338178236132575e-21
2.847768502357444231e+04 1.240636001172665635e-19 3.532585572817485319e-21
2.848832313504234116e+04 1.626437305358133405e-19 3.813279607513238019e-21
2.849896118237742485e+04 1.349002090812557440e-19 3.787833283772155680e-21
2.850959916554528900e+04 9.890239101495200109e-20 3.305777112820354097e-21
2.852023708451988568e+04 7.716731176844967377e-20 2.959769616995767041e-21
2.853087493926471507e+04 7.302594976339314678e-20 2.986113737826328604e-21
2.854151272974864696e+04 7.754015537768421832e-20 2.929701625702937208e-21
2.855215045594402181e+04 6.925436690287545452e-20 3.002416044416744691e-21
2.856278811781773766e+04 6.504377411142068315e-20 2.816616402521165361e-21
2.857342571533672890e+04 6.531261615873062836e-20 2.708734084677984548e-21
2.858406324847160431e+04 6.771847371337499937e-20 2.964818252417173243e-21
2.859470071719455154e+04 6.684660720585163191e-20 2.899921807747950225e-21
2.860533812146711352e+04 7.094102865525888098e-20 2.912459754862188717e-21
2.861597546126314410e+04 6.182018316994184957e-20 2.834856304346107523e-21
2.862661273654625256e+04 6.560187494378575066e-20 2.972513607405687680e-21
2.863724994729189348e+04 6.346171076611857238e-20 2.937466061738734492e-21
2.864788709346509131e+04 6.798400482170679193e-20 2.931964761248107643e-21
2.865852417503276592e+04 7.083734099625066553e-20 2.862415455195630810e-21
2.866916119196696309e+04 6.536937340379090437e-20 2.911483528345777780e-21
2.867979814423089192e+04 6.361269195358134506e-20 2.736091349023674806e-21
2.869043503179994877e+04 6.398426187832979040e-20 2.710246853459233474e-21
2.870107185463932910e+04 7.065631816370052178e-20 2.935199260490967925e-21
2.871170861271565445e+04 6.678063699075728391e-20 2.999708564767971302e-21
2.872234530599898062e+04 6.498162713661811600e-20 2.955034743232581274e-21
2.873298193445779907e+04 6.918687389673787038e-20 2.888301859711741193e-21
2.874361849806059763e+04 6.899649341852535775e-20 3.119811380823915033e-21
2.875425499677564949e+04 6.506795614734579556e-20 2.746525861167606733e-21
2.876489143057290858e+04 6.455991391729388517e-20 2.992652633359062638e-21
2.877552779941570407e+04 6.810213775004424211e-20 2.789829458100110264e-21
2.878616410327925405e+04 6.557930766249890222e-20 2.636365427705593448e-21
2.879680034212646933e+04 7.228490525698547185e-20 2.843768320579390977e-21
2.880743651592738752e+04 6.160992727255211786e-20 2.736832345951278923e-21
2.881807262464867017e+04 7.307538149891290933e-20 2.897472746640578504e-21
2.882870866825034318e+04 6.148910389513454864e-20 2.792231300627970021e-21
2.883934464524366558e+04 7.144272004656910873e-20 2.848209567140629702e-21
2.884979436945449197e+04 6.695143604385476032e-20 2.726788669538715810e-21
2.886043020583128600e+04 6.797258851663334427e-20 2.946409506103391548e-21
2.887106597697145844e+04 6.148386222338971172e-20 2.971632802683991955e-21
2.888170168284159445e+04 6.055967050419758377e-20 3.036822191504020391e-21
2.889233732341157520e+04 6.067609251662525501e-20 3.059527684947753569e-21
2.890297289864382037e+04 6.877186996147722548e-20 2.914667210772941133e-21
2.891360840851010653e+04 6.733490856346820281e-20 2.855337816808102605e-21
2.892424385298210836e+04 6.691089686954186590e-20 2.927277731918419115e-21
2.893487923202059028e+04 6.973382228934281211e-20 2.778777133792133020e-21
2.894551454560046841e+04 6.440858185767801990e-20 2.696449064852885023e-21
2.895614979368279819e+04 6.682581963117188895e-20 2.599714285725433801e-21
2.896678497623729345e+04 6.355931849784246685e-20 2.744060572929800354e-21
2.897742009323876482e+04 6.946361779337771456e-20 2.829651701680314794e-21
2.898805514464629596e+04 7.181153047440197938e-20 2.773905724144309695e-21
2.899869013043320956e+04 7.000547193898382639e-20 2.787741362010475904e-21
2.900932505056363152e+04 6.910578832652004883e-20 2.820428082040867436e-21
2.901995990500882544e+04 5.809505142233289783e-20 2.561797215100302791e-21
2.903059469373322645e+04 7.058889031409267869e-20 2.885903548899378242e-21
2.904122941670641012e+04 6.354605567592097866e-20 2.994731124359663374e-21
2.905186407389579472e+04 6.719851236134869775e-20 3.071579575070903797e-21
2.906249866527116683e+04 6.104621969700459490e-20 2.659926154110989997e-21
2.907313319079665962e+04 6.565206331622075520e-20 2.871333333399371708e-21
2.908376765044339481e+04 6.179783658895980531e-20 2.794110228414408719e-21
2.909440204417538553e+04 6.590095824750361794e-20 2.759872491966851988e-21
2.910503637196225100e+04 6.504291931070105713e-20 2.729275689212849215e-21
2.911567063377158047e+04 6.891946788836014525e-20 2.904428906151583235e-21
2.912630482957241475e+04 6.688990807984899341e-20 2.735968859488570367e-21
2.913693895932907617e+04 6.787405067741235789e-20 2.641290154699975253e-21
2.914757302301089658e+04 6.260681733857211104e-20 2.943326270318422304e-21
2.915820702058693860e+04 7.023709345900554139e-20 2.727702374961140214e-21
2.916884095201942182e+04 7.267065617043816812e-20 2.840266539037587912e-21
2.917947481728313869e+04 6.604040307449238110e-20 2.788092314416341786e-21
2.919010861633820969e+04 6.485863821278247557e-20 2.771834836416187834e-21
2.920074234915731722e+04 6.658194677863274248e-20 2.728558678262991281e-21
2.921137601570811239e+04 6.722594141704128306e-20 2.937881204719424307e-21
2.922200961595256376e+04 7.077816592859836518e-20 2.749180139168069787e-21
2.923264314986128738e+04 6.677153232328935144e-20 2.981078725703051409e-21
2.924327661740373514e+04 7.577286510847272626e-20 2.832246599751450606e-21
2.925391001854543356e+04 6.833686677766682800e-20 2.774081209519537787e-21
2.926454335325345528e+04 6.502529086698927151e-20 2.689375713569607608e-21
2.927517662149510215e+04 7.150567457282822352e-20 2.658067617544950997e-21
2.928580982323597709e+04 6.107485563009623521e-20 2.307887116163524881e-21
2.929644295844681255e+04 5.587651438887724971e-20 2.477313518115879208e-21
2.930707602708917329e+04 6.169045240732216801e-20 2.458635278901247595e-21
2.931770902913774626e+04 6.309860278776560158e-20 2.854469440394112846e-21
2.932834196455786878e+04 7.000242625519767246e-20 2.733138254607934586e-21
2.933897483331267722e+04 6.362442857695901605e-20 2.779640656698544728e-21
2.934960763536961895e+04 6.852811776352705589e-20 2.843606991161385550e-21
2.936024037069938277e+04 6.020412723063993617e-20 2.637380983972181012e-21
2.937087303926519598e+04 6.064745170912603033e-20 2.661509250537573987e-21
2.938150564103415672e+04 6.627420182427063540e-20 2.669693511566835595e-21
2.939213817598064270e+04 7.038962907410852030e-20 2.714138237322633516e-21
2.940277064406246063e+04 6.664749377689389114e-20 2.630064034925671643e-21
2.941340304525007377e+04 6.583632440342675747e-20 2.732888510307656009e-21
2.942403537951245380e+04 6.534586095913329339e-20 2.686684330195520238e-21
2.943466764681289351e+04 6.556456713201465378e-20 2.772762309589525950e-21
2.944529984712152873e+04 6.896955331403456851e-20 2.702417240278988642e-21
2.945593198040197967e+04 6.493443746908525300e-20 2.493575569369985662e-21
2.946656404662288332e+04 6.661572595947668354e-20 2.655856806150325879e-21
2.947719604575257472e+04 6.684269965709740867e-20 2.747933380525630949e-21
2.948782797775443396e+04 6.639850568408920018e-20 2.723794834034101276e-21
2.949845984258473982e+04 6.755942726977176942e-20 2.622697130353756876e-21
2.950909158741290958e+04 6.014034628241737536e-20 2.689532967663009071e-21
2.951972324536476663e+04 5.431031568669670334e-20 2.546229168383221427e-21
2.953035483606080015e+04 5.774755687808110751e-20 2.634914419030834021e-21
2.954098635946211289e+04 6.223331172366804523e-20 2.605836895263288341e-21
2.955161781554063782e+04 6.232869865831610256e-20 2.534821596767052588e-21
2.956224920426326935e+04 5.860195047785105285e-20 2.749076531436273425e-21
2.957288052559296921e+04 5.699205489384365809e-20 2.640732524150717745e-21
2.958351177949595149e+04 6.084033881452638255e-20 2.424379347133143753e-21
2.959414296594275947e+04 6.531937910528467205e-20 2.707964026946687992e-21
2.960477408489812296e+04 6.977196212514505117e-20 2.610577190071926318e-21
2.961540513632821603e+04 6.363667607963992877e-20 2.645889601950676079e-21
2.962603612019795764e+04 6.366381267449363862e-20 2.729031620387893097e-21
2.963666703647748727e+04 6.120772854556242048e-20 2.646197594255753698e-21
2.964729788513120729e+04 6.541208573377708286e-20 2.699365670108388019e-21
2.965792866612377475e+04 7.469092601607428725e-20 2.502893683996520491e-21
2.966855937942716992e+04 6.752745444176922948e-20 2.443593747301259993e-21
2.967919002500033093e+04 6.381245746824527665e-20 2.444993999515758695e-21
2.968982060281316080e+04 6.960439972286192019e-20 2.497384971803245759e-21
2.970045111283582446e+04 6.670324921677380179e-20 2.993057411644980987e-21
2.971108155502543013e+04 6.191989185477083639e-20 2.752544425087617636e-21
2.972171192935712679e+04 6.582760646976493661e-20 2.539654925852751497e-21
2.973234223579198078e+04 5.719790781218969908e-20 2.795482340466630812e-21
2.974297247429800700e+04 6.140711591329494682e-20 2.916531168155892167e-21
2.975360264484286745e+04 6.307696945936763050e-20 2.568032283873744472e-21
2.976423274739309272e+04 5.910672077312367821e-20 2.517361478336224793e-21
2.977486278190935627e+04 6.748442297974498892e-20 2.718496729532069302e-21
2.978549274835924371e+04 6.827629198309096904e-20 2.650961735387171525e-21
2.979612264671280354e+04 6.502964527226818693e-20 2.658520851216958296e-21
2.980675247693611891e+04 6.326937189825362483e-20 2.800867309943310960e-21
2.981738223899313743e+04 6.223137564357300003e-20 2.632287678775291758e-21
2.982801193284823967e+04 6.263190796290930458e-20 2.621351518757398413e-21
2.983864155846751237e+04 7.114377744935010026e-20 2.790798129632134140e-21
2.984927111582032740e+04 6.828128516865308381e-20 2.950071307810449933e-21
2.985990060487088704e+04 6.869445292320725273e-20 2.706177370297770043e-21
2.987053002558891603e+04 6.613322345858629255e-20 2.614940918884300858e-21
2.988115937793098055e+04 6.650594471755189624e-20 2.644745049872166686e-21
2.989178866187025415e+04 6.134638667416289510e-20 2.831123026306591668e-21
2.990241787736912374e+04 6.532328951173186899e-20 2.805946201555931560e-21
2.991304702439871471e+04 6.411313559793691090e-20 2.669040062396626765e-21
2.992367610292108657e+04 6.448365078109147029e-20 2.612775616747951841e-21
2.993430511289861170e+04 6.201957597462208309e-20 2.538544904401353141e-21
2.994493405430055645e+04 6.438433557574439217e-20 2.558197087466843489e-21
2.995556292709429545e+04 6.051787373714285359e-20 2.619724259237008356e-21
2.996619173124579902e+04 5.810301323356324183e-20 2.640485005862655569e-21
2.997682046671337230e+04 6.464431558035952035e-20 2.551742147953659436e-21
2.998744913347516558e+04 6.614665162766011349e-20 2.658864349204824465e-21
2.999807773148254273e+04 6.789437810003529526e-20 2.736182549173257057e-21
3.000870626071380320e+04 6.804628923519260327e-20 2.753575587740419441e-21
3.001933472112325762e+04 6.105704364353587459e-20 2.390044638151165351e-21
3.002996311268778300e+04 6.560962037650670422e-20 2.444991035656196232e-21
3.004059143536187912e+04 6.844232707796194971e-20 2.431381143406628558e-21
3.005121968912348893e+04 6.448961253260853830e-20 2.627507171474926628e-21
3.006184787392566068e+04 6.380563884362683265e-20 2.739380269098221141e-21
3.007247598973748973e+04 7.076667372226141124e-20 2.684517571406449762e-21
3.008310403652910827e+04 6.809120887976708115e-20 2.694783165141517667e-21
3.009354439596616794e+04 6.377471955307364583e-20 2.914612611670412342e-21
3.010417229273611156e+04 6.661885177372471892e-20 2.874839196306111190e-21
3.011480012039011126e+04 7.352013395077277159e-20 2.700280972572651168e-21
3.012542787888287057e+04 7.388715796467215762e-20 2.543443579954922829e-21
3.013605556817425168e+04 7.060175426630721423e-20 2.585256125091537387e-21
3.014668318823826849e+04 6.978292753510127547e-20 2.726588526831363408e-21
3.015731073902973367e+04 6.349945117757108392e-20 2.594687436948098317e-21
3.016793822052083124e+04 6.632228994558026134e-20 2.583439609636802183e-21
3.017856563267666206e+04 6.991357948504580640e-20 2.754050089448574148e-21
3.018919297545726658e+04 6.439393374970122810e-20 2.750912856374903415e-21
3.019982024883477061e+04 6.761297630820571281e-20 2.858819847310148192e-21
3.021044745276885806e+04 6.607629700631471402e-20 2.597873905752894210e-21
3.022107458722658339e+04 6.308097709409764560e-20 2.745716867737768905e-21
3.023170165217466638e+04 6.614339571903890785e-20 2.608272277295821767e-21
3.024232864757269999e+04 5.919226270940768551e-20 2.617779348237464663e-21
3.025295557338946310e+04 6.677600497843887629e-20 2.780508008473615265e-21
3.026358242959517520e+04 6.781944263557990665e-20 2.598478221004013460e-21
3.027420921614225153e+04 6.793522874119644812e-20 2.606551582380060231e-21
3.028483593300999564e+04 6.986890791049997496e-20 2.676150502246114289e-21
3.029546258015080093e+04 6.818761313674400915e-20 2.635862397784702665e-21
3.030608915753472684e+04 7.188958044521128161e-20 2.773168017293700548e-21
3.031671566512868230e+04 6.388697315686862335e-20 2.726748822458213098e-21
3.032734210289736438e+04 6.877427564589664198e-20 3.044497328605017247e-21
3.033796847080009320e+04 6.658118146376772168e-20 2.708834309049740149e-21
3.034859476880719376e+04 6.276304235634218930e-20 2.367944088265553419e-21
3.035922099688154776e+04 6.469116271892904238e-20 2.446694859073149726e-21
3.036984715498596779e+04 6.577128129124119247e-20 2.610091774878761891e-21
3.038047324308893803e+04 6.838794336067526003e-20 2.754976042958481005e-21
3.039109926115146300e+04 6.739310267788968437e-20 2.612910523384031688e-21
3.040172520914159759e+04 6.719859466254571956e-20 2.754807653787684667e-21
3.041235108702067373e+04 6.261146940397762525e-20 2.686789637290116032e-21
3.042297689475667721e+04 6.953107735648167245e-20 2.691830367381501108e-21
3.043360263231053250e+04 6.559873111618942295e-20 2.635621372973207241e-21
3.044422829965055644e+04 6.569642810404905352e-20 2.697254698565455262e-21
3.045485389673756436e+04 5.702173388873098476e-20 2.776957481521761054e-21
3.046547942353950930e+04 5.983899543104150065e-20 2.624135959528826379e-21
3.047610488001751219e+04 6.985211294678478976e-20 2.662663096994479845e-21
3.048673026613758338e+04 6.467531533095140869e-20 2.448942745354570242e-21
3.049735558186417256e+04 6.287942965109120621e-20 2.539291692860062464e-21
3.050798082716362114e+04 6.318542135609648504e-20 2.689506844850551682e-21
3.051860600199646797e+04 6.491763065713120289e-20 2.817353298399232237e-21
3.052923110632887619e+04 6.641549119713805813e-20 2.648683273978921845e-21
3.053985614012712540e+04 6.244938849113459706e-20 2.625758434727750393e-21
3.055048110335167075e+04 6.252472156809893369e-20 2.656024628052440778e-21
3.056110599597039618e+04 6.428969894575320529e-20 2.605302786715823337e-21
3.057173081794228710e+04 6.463551905535946460e-20 2.672781720734441575e-21
3.058235556922221076e+04 6.323808292182514328e-20 2.456360340541805455e-21
3.059279207277808746e+04 6.220124593775407412e-20 2.502253392128451669e-21
3.060341667068639072e+04 5.996439189274610259e-20 2.568003810691864827e-21
3.061404119780455949e+04 6.694286847723667448e-20 2.485189305563557189e-21
3.062466565410249314e+04 6.338815018981482914e-20 2.570418383889886633e-21
3.063529003953676147e+04 6.431913965344187801e-20 2.556847576525921915e-21
3.064591435408046891e+04 6.519950127996523015e-20 2.477205911366321893e-21
3.065653859768684924e+04 6.386771823756825870e-20 2.413581276309558351e-21
3.066716277032517974e+04 5.415209786596178847e-20 2.419585847841676072e-21
3.067778687196125975e+04 6.134952862154299511e-20 2.423572031723250264e-21
3.068841090255736708e+04 6.005755508705026313e-20 2.479392723518824396e-21
3.069903486207532478e+04 6.232700222768218980e-20 2.526036155108846941e-21
3.070965875048091402e+04 6.616357555377008392e-20 2.616919132110524527e-21
3.072028256774000329e+04 6.555201938413463184e-20 2.576242151663454577e-21
3.073090631381422281e+04 5.949182785704435002e-20 2.532627046897911092e-21
3.074152998866575581e+04 5.819550346725675876e-20 2.526539347398251015e-21
3.075215359226029977e+04 6.028031111343133198e-20 2.393341861490331073e-21
3.076277712456305744e+04 6.552072993425444299e-20 2.493275733934279123e-21
3.077340058553622657e+04 6.122442206414222514e-20 2.546095061050066940e-21
3.078402397514165932e+04 5.188171931621130730e-20 2.729105536859050087e-21
3.079464729334448566e+04 5.630929918142517701e-20 2.854816720881924806e-21
3.080527054010871871e+04 5.623219310641724715e-20 2.607197910612083502e-21
3.081589371539972126e+04 5.760471455805543517e-20 2.586973989459294794e-21
3.082651681917712267e+04 6.119547059023526493e-20 2.593856221519166529e-21
3.083713985140665682e+04 6.314815045232815335e-20 2.613469925231624370e-21
3.084776281205168561e+04 6.133301938258588328e-20 2.526826671903034691e-21
3.085838570107740816e+04 7.013137351342319550e-20 2.592133199973167513e-21
3.086900851844574572e+04 6.449134285279535158e-20 2.537005144679884576e-21
3.087963126411802659e+04 6.590755319224629734e-20 2.556682277557157528e-21
3.089025393805955900e+04 6.372097521844658644e-20 2.488426166338561282e-21
3.090087654023391951e+04 5.960918548383597363e-20 2.400425641263945703e-21
3.091149907060409896e+04 6.328314774200042698e-20 2.519589090487182020e-21
3.092212152913369937e+04 6.503439139965367484e-20 2.556587426015113343e-21
3.093274391578610084e+04 6.107428564517644527e-20 2.460010973506925228e-21
3.094336623052414143e+04 6.584760126263474053e-20 2.591542985970441643e-21
3.095398847330962599e+04 6.939850240475635928e-20 2.974454071753109056e-21
3.096461064411126063e+04 6.129089217639063483e-20 2.782670298632820259e-21
3.097523274288454922e+04 6.283754942648004795e-20 2.486927219055931673e-21
3.098585476959857624e+04 5.800201974030034934e-20 2.490811044084950885e-21
3.099647672421441166e+04 5.946092011510180387e-20 2.484343690802990275e-21
3.100709860669511909e+04 6.498742707083212835e-20 2.543767534271547964e-21
3.101772041700399495e+04 6.960109258820211175e-20 2.361113560403664225e-21
3.102834215510384456e+04 6.339032643245040787e-20 2.475317862617823302e-21
3.103896382095408990e+04 6.991656502569249178e-20 2.632672497891393394e-21
3.104958541452711506e+04 5.840672455634222089e-20 2.303657071141841621e-21
3.106020693577631027e+04 6.065577106950130591e-20 2.484211701124427344e-21
3.107082838467042529e+04 6.403858358886014529e-20 2.579089537474486222e-21
3.108144976117058104e+04 5.958929341971571833e-20 2.430819197547422952e-21
3.109207106523926996e+04 6.106190365300098167e-20 2.572124543668188480e-21
3.110269229683791855e+04 6.321236161289655505e-20 2.462588755090772819e-21
3.111331345593105652e+04 5.967577808909110626e-20 2.496872198663311239e-21
3.112393454248315902e+04 6.302806061048554638e-20 2.522518285257047538e-21
3.113455555645361528e+04 6.614459986515006679e-20 2.497226716462632215e-21
3.114517649780860302e+04 5.941943264844308681e-20 2.635909668731007024e-21
3.115579736650535051e+04 6.020773457589763257e-20 2.445058452695990886e-21
3.116641816251415366e+04 5.513423461906818484e-20 2.284121495836519214e-21
3.117703888579356862e+04 5.766705044970727445e-20 2.300565403102513800e-21
3.118765953630654622e+04 5.395281703223451709e-20 2.501358504426335458e-21
3.119828011401199910e+04 5.369912475416079137e-20 2.275176299759174504e-21
3.120890061887585762e+04 5.677786923004582462e-20 2.365236224470583426e-21
3.121952105086291340e+04 5.755103833039563127e-20 2.411557804567970674e-21
3.123014140993366891e+04 5.904754933785077350e-20 2.419925246038355341e-21
3.124076169605236282e+04 5.865391700984309884e-20 2.571156877148898865e-21
3.125138190917800603e+04 5.935903505661884828e-20 2.490647321369221075e-21
3.126200204927459708e+04 5.706287476766255426e-20 2.510603974916482698e-21
3.127262211630283855e+04 6.220633220313015034e-20 2.463678633123531629e-21
3.128324211022896634e+04 6.251586889169765206e-20 2.436720108912498648e-21
3.129386203101489082e+04 6.405155663532507868e-20 2.460068463267611750e-21
3.130448187861962288e+04 5.711160268937671639e-20 2.243641694591133345e-21
3.131510165300723020e+04 5.905330244931159275e-20 2.394062982479743036e-21
3.132572135413974684e+04 5.900512648686753219e-20 2.403800623214894173e-21
3.133634098197788262e+04 5.926849195043189555e-20 2.473445261560182197e-21
3.134696053648730594e+04 6.376366875682549876e-20 2.341854526073551972e-21
3.135758001763024367e+04 6.251666087314879985e-20 2.372721463012655148e-21
3.136819942536347662e+04 6.050300241183013080e-20 2.476013671422244284e-21
3.137881875965244399e+04 5.654087574612182401e-20 2.524602937320144301e-21
3.138943802046141718e+04 6.050288894064677453e-20 2.542869422922107074e-21
3.140005720774872680e+04 6.498478054786949191e-20 2.557535869548654819e-21
3.141067632147796030e+04 5.979918043000198028e-20 2.481893179884968228e-21
3.142129536161338183e+04 5.921866552761532641e-20 2.643642783774015997e-21
3.143191432811485720e+04 5.992949328792237291e-20 2.703271138037280485e-21
3.144253322094248870e+04 6.123803845867866452e-20 2.620193948303959457e-21
3.145315204006026761e+04 6.589574426073285973e-20 2.309758521945999470e-21
3.146377078543155221e+04 5.977789501570111405e-20 2.539502611635839487e-21
3.147438945701669945e+04 5.687960519339000458e-20 2.307596308581489084e-21
3.148500805477374524e+04 6.200923269876433876e-20 2.177351900917210544e-21
3.149562657867167945e+04 6.205822934563269617e-20 2.463128312271210847e-21
3.150624502866707917e+04 5.905098181455129755e-20 2.995225581085128589e-21
