2.878230338743087486e+04 1.018203336587286396e-19 9.074709835289996438e-21
2.880026858747120059e+04 1.085700779382622065e-19 3.971675186163092438e-21
2.881823381103128486e+04 9.068126803851245199e-20 3.621976145363159788e-21
2.883619905800919514e+04 9.943626806751569722e-20 3.590041748158178272e-21
2.885416432830581834e+04 9.987922350879888901e-20 3.686994924185215615e-21
2.887212962182013507e+04 1.045218424426681044e-19 3.726905740628467976e-21
2.889009493845071120e+04 9.793022430890674440e-20 3.616049059915099588e-21
2.890806027809845909e+04 1.078667526245054339e-19 3.745625734522496953e-21
2.892602564066249033e+04 1.015311672837500471e-19 3.632213256701473671e-21
2.894399102604360451e+04 1.045187592072377913e-19 3.645609941915513817e-21
2.896195643413748257e+04 1.047064067659105896e-19 3.711884319376642439e-21
2.897992186484942067e+04 9.251109401137569472e-20 3.400990147056698012e-21
2.899788731807468866e+04 8.197708654800406574e-20 3.470210856103790093e-21
2.901585279371686192e+04 8.868366336812850602e-20 3.476765973814229816e-21
2.903381829167506294e+04 9.093162084498002124e-20 3.390017380929073457e-21
2.905178381184872705e+04 9.207857511418843149e-20 3.341654242087354656e-21
2.906974935413703861e+04 9.300167936268337296e-20 3.460404104849331654e-21
2.908771491844265620e+04 1.041047609172382084e-19 3.490054153458766942e-21
2.910568050466392378e+04 1.024064472523651069e-19 3.503644908073511872e-21
2.912364611270248861e+04 1.032986143511368807e-19 3.641653874075268833e-21
2.914161174245768052e+04 9.637624734384138042e-20 3.563072017716995358e-21
2.915957739383017542e+04 9.487322800459739747e-20 3.437439176751618467e-21
2.917754306672323946e+04 9.104989003982536802e-20 3.195478313597203353e-21
2.919550876103458359e+04 1.004065493076097255e-19 3.353204906980262061e-21
2.921347447666549488e+04 9.563995011115450745e-20 3.377840359458126283e-21
2.923144021351832635e+04 9.464712160308740708e-20 3.458489286275909998e-21
2.924940597149095265e+04 9.212754154727638753e-20 3.466890359743687709e-21
2.926737175048684730e+04 9.721297134345262999e-20 3.406392613247050495e-21
2.928533755040719188e+04 8.974772967267895559e-20 3.308442219645917619e-21
2.930330337115078510e+04 9.309127992121643568e-20 3.182916489194424336e-21
2.932126921262009637e+04 9.113110990266469171e-20 3.223823568129811477e-21
2.933923507471867197e+04 9.645532803604136700e-20 3.144403594216352785e-21
2.935720095734374991e+04 9.642766854215097416e-20 3.130774485274274495e-21
2.937516686039918568e+04 9.730046032930800276e-20 3.149604349176487630e-21
2.939313278378532414e+04 1.007430066077654760e-19 3.268106152075728067e-21
2.941109872740425635e+04 9.412531676106546103e-20 3.249462890642174218e-21
2.942906469115879372e+04 9.771725077774114952e-20 3.183077951781609964e-21
2.944703067494923380e+04 9.717224843140232523e-20 3.035660149926950766e-21
2.946499667867470271e+04 9.517592475725487706e-20 3.242406621537110777e-21
2.948296270230634400e+04 9.533912574562297185e-20 3.111295933499013415e-21
2.950092921493804533e+04 9.220741629272660583e-20 3.149172689532757598e-21
2.951889657836242259e+04 9.523924570708137419e-20 3.127715695675817680e-21
2.953686396133779272e+04 9.033073325064161146e-20 3.051452645219891252e-21
2.955483136376407492e+04 9.392606720612175112e-20 3.125121795394634536e-21
2.957279878554384413e+04 1.076538794920377954e-19 3.168130141822141554e-21
2.959076622657903135e+04 1.004060024240159153e-19 3.139963037898664759e-21
2.960873368677285180e+04 9.031087728335466402e-20 3.059749680597983801e-21
2.962670116602601775e+04 9.873462923169514972e-20 3.053853102571867459e-21
2.964466866424266846e+04 9.644574941522947417e-20 3.093135425809021128e-21
2.966263618132549527e+04 1.003745506351983130e-19 3.166742815430581417e-21
2.968099246265241891e+04 1.001032035040132048e-19 3.252170544672966144e-21
2.969896004184741832e+04 9.193434303535076756e-20 3.296218691906491654e-21
2.971692765019474973e+04 9.338298860946946124e-20 3.162270146386606887e-21
2.973489527712620111e+04 9.282941656442229045e-20 3.033012016076393821e-21
2.975286292242973650e+04 9.611081200695860615e-20 3.157999963919464923e-21
2.977083058600555887e+04 9.751013690279635871e-20 3.066618901078394116e-21
2.978879826775957918e+04 9.590341956944193589e-20 3.036183571094816824e-21
2.980676596759233144e+04 8.935602436812504700e-20 2.830192452505809976e-21
2.982473368540751471e+04 8.806412180367557859e-20 2.966215156950856757e-21
2.984270142110765664e+04 9.670552911652609543e-20 3.046769309308128067e-21
2.986066917459779506e+04 8.776459917746142040e-20 2.945323529380137537e-21
2.987863694578044669e+04 8.801681428871827920e-20 2.902685377009654896e-21
2.989660473455695319e+04 9.290217600687552734e-20 3.004106889306636081e-21
2.991457254083380758e+04 9.294820847644795189e-20 3.020627741089854822e-21
2.993254036451215143e+04 1.011601103538125946e-19 3.050400531560640358e-21
2.995050820549675336e+04 9.817109678004271335e-20 2.972343556404918603e-21
2.996847606369147616e+04 9.564524811875536716e-20 3.121133049063505564e-21
2.998644393888215927e+04 9.723979335461812533e-20 3.036564145023993874e-21
3.000480120161976811e+04 9.183362429351314605e-20 2.966906730846842278e-21
3.002276914610808308e+04 9.173268052936832931e-20 2.939356983716593742e-21
3.004073710741175819e+04 9.149736230030039053e-20 2.979065109634636464e-21
3.005870508543848700e+04 8.496970728071121015e-20 2.842296524204211365e-21
3.007667308008877080e+04 9.331387277197594992e-20 2.856083449237270064e-21
3.009464109126898620e+04 9.914645542254169376e-20 2.934460176241695187e-21
3.011260911888114424e+04 9.304617373895208498e-20 2.908585620882685350e-21
3.013057716283074114e+04 9.454906940948018075e-20 2.946467412731234237e-21
3.014854522302360056e+04 9.541305672385503534e-20 2.865414608537427841e-21
3.016651329936231923e+04 9.223901122496210440e-20 2.815080962654288491e-21
3.018448139174984681e+04 9.816605394919566532e-20 2.849692586821949274e-21
3.020244950009378954e+04 9.296248405008035562e-20 2.918578148387953329e-21
3.022041762429700975e+04 8.911363488481527918e-20 2.927365501968259668e-21
3.023838576426342843e+04 8.709568581980627164e-20 2.921950646119240107e-21
3.025635391990050994e+04 9.713993276164322501e-20 2.872488335224152280e-21
3.027432209110981057e+04 9.342394078246006997e-20 2.848871766510147366e-21
3.029229027779730313e+04 8.911456083068101097e-20 2.890796598525471821e-21
3.031025847986895315e+04 9.518038449942602467e-20 2.885607512230531498e-21
3.032822669722788851e+04 9.253460399797984734e-20 2.912205225288303075e-21
3.034619492978032213e+04 9.536137757965734469e-20 2.902597143528159689e-21
3.036416317743122636e+04 9.352550578067027394e-20 2.849113562637116322e-21
3.038213144008499512e+04 9.465929339130467087e-20 2.879153719267524564e-21
3.040009971764859074e+04 9.426471484610149598e-20 2.835537600494915870e-21
3.041806801002522843e+04 9.931180002266528835e-20 2.963091820943640069e-21
3.043603631712247443e+04 9.403294868213419926e-20 2.811811754140148713e-21
3.045400463884379860e+04 8.951596018098930724e-20 2.799960674004408795e-21
3.047197297509486816e+04 9.358742126748508298e-20 2.839838512163689176e-21
3.048994132578076460e+04 9.499051597475335165e-20 2.841359332453894006e-21
3.050790969080902869e+04 9.374397355126122451e-20 2.888962011509679617e-21
3.052587807008478558e+04 9.273649145392936135e-20 2.772599992784472055e-21
3.054384646351420452e+04 8.234185798307070463e-20 2.748801213191851106e-21
3.056181487100134837e+04 8.547101936293313190e-20 2.807356846793660895e-21
3.057978329245285204e+04 9.171738935006220154e-20 2.807751714165291194e-21
3.059775172777428088e+04 9.227532870194240968e-20 2.818088238858460328e-21
3.061572017687289190e+04 8.812497776132400684e-20 3.533335639611029086e-21
3.063368863965510900e+04 9.033621395954034489e-20 3.010671373648171810e-21
3.065165711602450392e+04 9.486674311264463815e-20 2.781495017709175174e-21
3.066962560589025088e+04 9.508604168888601281e-20 2.863278992252682257e-21
3.068759410915685658e+04 9.379103727863623133e-20 2.866044609276304472e-21
3.070556262572828564e+04 9.770308097481071553e-20 2.895707688801574685e-21
3.072353115551692463e+04 1.034778683490262200e-19 2.892884729245152076e-21
3.074149969842406790e+04 9.668797928853176038e-20 2.841406012217456584e-21
3.075946825435948631e+04 9.020281030949153791e-20 2.868432004838725345e-21
3.077743682322882159e+04 9.344981850404622131e-20 2.811473361238624027e-21
3.079540540493809385e+04 9.742087305972597002e-20 2.750409003051973651e-21
3.081337399939460374e+04 9.443792890737632907e-20 2.793601686010599479e-21
3.083134260650311990e+04 9.285805999842045366e-20 2.628687555512890332e-21
3.084931122617397341e+04 9.116683918750882225e-20 2.766280685207086600e-21
3.086727985831288242e+04 9.056988718424760076e-20 2.696546809706828065e-21
3.088524850282597981e+04 9.370081637531931001e-20 2.763847127666725842e-21
3.090321715962060262e+04 9.179096812211389825e-20 2.813327471243083932e-21
3.092118582860422248e+04 9.148893790246326586e-20 2.730033640073155593e-21
3.093915450968352889e+04 8.804470383387465928e-20 2.814500061926541223e-21
3.095712320276617174e+04 8.941725544728017626e-20 2.759184372248804382e-21
3.097509190775894604e+04 9.452805640687512310e-20 2.738023345188992213e-21
3.099306062457147345e+04 9.566893335100729929e-20 2.726506185596558262e-21
3.101102935310871908e+04 8.771208505742389528e-20 2.739275990393487985e-21
3.102899809327957701e+04 9.774836817217324577e-20 2.777783787744795364e-21
3.104696684499016192e+04 9.003784098480281364e-20 2.530219297708509902e-21
3.106493560814850935e+04 9.436956616667094918e-20 2.687792833165624639e-21
3.108290438266411002e+04 9.126174780116255794e-20 2.702202717516755803e-21
3.110087316844268207e+04 9.103125817798694236e-20 2.738521070641839622e-21
3.111884196539401091e+04 9.150910670803929436e-20 2.705941660873004288e-21
3.113681077342437129e+04 9.208334487887813781e-20 2.674190272876062250e-21
3.115477959244185331e+04 9.180414979512661981e-20 2.751190697087692057e-21
3.117274842235610777e+04 8.854945811834834007e-20 2.784888893925315275e-21
3.119071726307115750e+04 9.137641095413086950e-20 2.790483521832459367e-21
3.120907775927318653e+04 8.529798434899651520e-20 2.591657095454776145e-21
3.122704665593959362e+04 8.744179791006946469e-20 2.664937410024786099e-21
3.124501556324046032e+04 9.505141568863553395e-20 2.342112175011110850e-21
3.126298448097237633e+04 9.331560061162778015e-20 1.989803554643404953e-21
3.128095340904094337e+04 8.939291635617100363e-20 1.913271495810955918e-21
3.129892234735714374e+04 9.000358062008741920e-20 2.425551130660833258e-21
3.131689129582731766e+04 8.929309186272223439e-20 2.556092309994475457e-21
3.133486025436180716e+04 8.973847250492789728e-20 2.611385185863938125e-21
3.135282922286929170e+04 9.211686170259653995e-20 2.737063309335291696e-21
3.137079820125614788e+04 9.231862855770824108e-20 2.616318066415298394e-21
3.138876718943465312e+04 8.973427905117077829e-20 2.636557686455823195e-21
3.140673618731110037e+04 9.234690773689579891e-20 2.700208883858023308e-21
3.142470519479483846e+04 8.997975229227546941e-20 2.681235550337979195e-21
3.144267421179692246e+04 8.731980562188143393e-20 2.605699915137279949e-21
3.146064323822397637e+04 9.598077165500678823e-20 2.616842988939520794e-21
3.147861227398636038e+04 9.351250555921092684e-20 2.619213093636037637e-21
3.149658131899301952e+04 9.407188916758630937e-20 2.693615928407707139e-21
3.151455037303521021e+04 9.799237844370597592e-20 2.684610266013363486e-21
3.153251942564691126e+04 9.230013645677995958e-20 2.712665033863007570e-21
3.155088081185206102e+04 9.502898879435495361e-20 2.657640826783144550e-21
3.156884992752330072e+04 8.885269922067896413e-20 2.691467209258502087e-21
3.158681905197706146e+04 9.159120878166948809e-20 2.573047980271936191e-21
3.160478818512567887e+04 9.345951090145783637e-20 2.495979822207381977e-21
3.162275732687759228e+04 9.086084730376470195e-20 2.518868134321536705e-21
3.164072647714257255e+04 9.272861643340002412e-20 2.523065943414026946e-21
3.165869563583039053e+04 8.960503756151654008e-20 2.802747693976685578e-21
3.167666480285053694e+04 9.313334791077971912e-20 2.692978501524872660e-21
3.169463397811436153e+04 9.662235042921218603e-20 2.671178674447990737e-21
3.171260316152945234e+04 9.089633588332849338e-20 2.617480947683362369e-21
3.173057235300843604e+04 9.199976134964863045e-20 2.552089912414463268e-21
3.174854155245987931e+04 9.519367076893906136e-20 2.540892153123120852e-21
3.176651075979354209e+04 9.194201747865015971e-20 2.567207465332282677e-21
3.178447997492182549e+04 8.916741486465088837e-20 2.561407581202716869e-21
3.180244919775208109e+04 9.096072271921975351e-20 2.515787062663302018e-21
3.182041842819742669e+04 9.633377394141484940e-20 2.663327836027023119e-21
3.183838766630716782e+04 9.360470435950229725e-20 2.556453943271134025e-21
3.185635780839350628e+04 8.651126227638354326e-20 2.485228156633587507e-21
3.187432840471793315e+04 8.893752621102419377e-20 2.540539717483313350e-21
3.189229900829975304e+04 8.868285744297773501e-20 2.682626373392048878e-21
3.191026961905074131e+04 9.280556199435670274e-20 2.669850588869771280e-21
3.192824023687956287e+04 8.391197052584733924e-20 2.477377166105071267e-21
3.194621086169892806e+04 8.608047512779690795e-20 2.430126159906824265e-21
3.196418149341850949e+04 9.080367867173195317e-20 2.523424325906622733e-21
3.198215213194960234e+04 8.909790292133364958e-20 2.535624977377424787e-21
3.200012277720375641e+04 8.965113731312658315e-20 2.464067193710116712e-21
3.201809342909066254e+04 9.048659029324506440e-20 2.478852234695172467e-21
3.203606408752294374e+04 8.708999242379323690e-20 2.474214905319361294e-21
3.205403475241041087e+04 8.344905806327403279e-20 2.531222676692012978e-21
3.207200542366539594e+04 9.370522695323913637e-20 2.483197759446726942e-21
3.208997610119827732e+04 9.509590734157981745e-20 2.475169333052027167e-21
3.210794678492077946e+04 9.021946153699372890e-20 2.466241053169656761e-21
3.212591747474539079e+04 8.973808334969490465e-20 2.504206177966083104e-21
3.214388817058079076e+04 9.342985281745204405e-20 2.600110249631814438e-21
3.216185887234173060e+04 8.402739732072365966e-20 2.412855325880543206e-21
3.217982957993701348e+04 7.712915620455723928e-20 2.519391257473347386e-21
3.219780029328043020e+04 8.223785061017227049e-20 2.506748584390372960e-21
3.221577101228290849e+04 8.528905167674870522e-20 2.508849035671494843e-21
3.223374173685603819e+04 8.670261544012854538e-20 2.509607311009815804e-21
3.225171246691255146e+04 8.960786433636912751e-20 2.499311875030728222e-21
3.226968320236276122e+04 8.973035199813630651e-20 2.464334893783111998e-21
3.228765394312050557e+04 8.641521851567164693e-20 2.478168921541503403e-21
3.230562468909512972e+04 8.203105131247467426e-20 2.368059706368717692e-21
3.232359544020255271e+04 8.351239348811559507e-20 2.415154417472326831e-21
3.234156619635145398e+04 8.291762282801237699e-20 2.460343199309898352e-21
3.235953695745613004e+04 8.638670638384335183e-20 2.513867668851993193e-21
3.237750772342834534e+04 8.946548612438362605e-20 2.492283275186466636e-21
3.239547849417954421e+04 9.112731848812405524e-20 2.630370495631462717e-21
3.241344926962355021e+04 9.060367476711931991e-20 2.459360822231000449e-21
3.243142004967149842e+04 8.941692067906044941e-20 2.433515626652349026e-21
3.244939083423756892e+04 8.835517205765545963e-20 2.469970695550818801e-21
3.246736162323258395e+04 8.626703752747776346e-20 2.415153703581983708e-21
3.248533241657034523e+04 8.897408541455473941e-20 2.474887043031633092e-21
3.250330321416322840e+04 8.643222994337338704e-20 2.439758998859200175e-21
3.252127401592377646e+04 9.412612673360278804e-20 2.479853451314078864e-21
3.253924482176548554e+04 8.902033979123381485e-20 2.382663154985773430e-21
3.255721563160020742e+04 8.851048322820377312e-20 2.469617550914942161e-21
3.257518644534253326e+04 8.762650495687487937e-20 2.462458914826995057e-21
3.259315726290324164e+04 8.854934476952479003e-20 2.565441511393396990e-21
3.261112808419790963e+04 9.078844317554398625e-20 2.418048736346562326e-21
3.262909890913759227e+04 8.618335192154605132e-20 2.365788702519818954e-21
3.264706973763703354e+04 8.026275886833340924e-20 2.209631144960318069e-21
3.266504056960870366e+04 8.221616427489877811e-20 2.055374477212703414e-21
3.268301140496559674e+04 8.819537310845235676e-20 2.185544733951029784e-21
3.270098224362251858e+04 8.618812536299463385e-20 2.430015894914374304e-21
3.271895308549097899e+04 9.006586749324694971e-20 2.457018405837118826e-21
3.273692393048632221e+04 9.259760540751840374e-20 2.524298663599531630e-21
3.275489477852061827e+04 9.275773214585457155e-20 2.464592726569862117e-21
3.277286562950910593e+04 9.176978630000672389e-20 2.344352923548549080e-21
3.279083648336389888e+04 9.053621072817706576e-20 2.438644001465548139e-21
3.280880733999990480e+04 9.274707723804301226e-20 2.555274885783659471e-21
3.282677819933040882e+04 9.342225150417263060e-20 2.511006323378908958e-21
3.284514379519528302e+04 9.011693779166478743e-20 2.413267654126949390e-21
3.286311469361956551e+04 9.198651176632031649e-20 2.425888138017805888e-21
3.288108559458512900e+04 8.970413028687622568e-20 2.462140073579360007e-21
3.289905649789531890e+04 8.213824399925550207e-20 2.498023019427942895e-21
3.291702740346227074e+04 9.038756835667244195e-20 2.459072471817724155e-21
3.293499831120206363e+04 8.920435149578378281e-20 2.526308763612167340e-21
3.295296922102707322e+04 8.770429051149561310e-20 2.430273279151079667e-21
3.297094013285334950e+04 8.944350222356469055e-20 2.476887612417600035e-21
3.298891104659411940e+04 9.020392661534364554e-20 2.473407146277045174e-21
3.300688196216442884e+04 9.213827244058180663e-20 2.544895648880925812e-21
3.302485287947870529e+04 8.704139267905468790e-20 2.502721968681750343e-21
3.304282379845090327e+04 8.553072006364267719e-20 2.467661542869444896e-21
3.306079471899681812e+04 8.662911574483267786e-20 2.406937560875982004e-21
3.307876564102928387e+04 8.802760420344400601e-20 2.470565451571155001e-21
3.309673656446531822e+04 8.981486156515060874e-20 2.559610683853467475e-21
3.311470748921760242e+04 8.814203220006538597e-20 2.454824043443946682e-21
3.313267841520284128e+04 8.389270993027806065e-20 2.424059549545130655e-21
3.315064934233433451e+04 8.396467982427314288e-20 2.456662154607883413e-21
3.316862027040998510e+04 8.635411984339739447e-20 2.510510093285337237e-21
3.318659118925464281e+04 8.666561055120943540e-20 2.400758903169817929e-21
3.320495754374124954e+04 8.715237456570329144e-20 2.430983872110499126e-21
3.322292850854907738e+04 8.516649355402447672e-20 2.394349399339757850e-21
3.324089947407222644e+04 8.771330928735534439e-20 2.354326760913349975e-21
3.325887044022696500e+04 8.641079450500594956e-20 2.310447280146203779e-21
3.327684140692716028e+04 8.640199197535317713e-20 2.330269820019614265e-21
3.329481237409005553e+04 8.138493587796814347e-20 2.330409676161589912e-21
3.331278334162908868e+04 8.313103265717193455e-20 2.362024824869130689e-21
3.333075430946182314e+04 8.570837065369066007e-20 2.374774337422424231e-21
3.334872527750193694e+04 8.635033555620195239e-20 2.364530646943554528e-21
3.336669624566689163e+04 7.979261806322965651e-20 2.327504752012905864e-21
3.338466721387074358e+04 8.607970470356692829e-20 2.398965950745137629e-21
3.340263818203067058e+04 8.563036337890762569e-20 2.416360448763557925e-21
3.342060915006139112e+04 7.923689009529056996e-20 2.324691941466189475e-21
3.343858011787946452e+04 7.847242425862584741e-20 2.348163294376710640e-21
3.345655108540064975e+04 8.621704582765029126e-20 2.306753257835005388e-21
3.347452205254064756e+04 8.283825844636640538e-20 2.263340054193805154e-21
3.349249301921632286e+04 8.554971897969951773e-20 2.291051733213282292e-21
3.351046398534253967e+04 8.087131031623755176e-20 2.297286670984447801e-21
3.352843495083719608e+04 8.477211024764919813e-20 2.349634275810782755e-21
3.354640591561439942e+04 8.764501794073572024e-20 2.340446646437058210e-21
3.356437687959264440e+04 8.760032741245905564e-20 2.363593971792735658e-21
3.358234784268630756e+04 8.167237449637066430e-20 2.327840143348016697e-21
3.360031880481364351e+04 7.232793569443599871e-20 2.120810768555102892e-21
3.361828976588940714e+04 6.268256071569952688e-20 1.999782977537860688e-21
3.363626072583186760e+04 6.592594096223000668e-20 2.027199613332996982e-21
3.365423168455591804e+04 7.892381549299773548e-20 2.211842842253169250e-21
3.367220264197966753e+04 8.125793192080320535e-20 2.357653080891341875e-21
3.369017359801870771e+04 8.514845898700432877e-20 2.319754618102207349e-21
3.370814455259071838e+04 8.669409435318818218e-20 2.331081580442102836e-21
3.372611550561191689e+04 8.431278074239846273e-20 2.316132947263840908e-21
3.374408645699933550e+04 7.953051663062598912e-20 2.285670358946505678e-21
3.376205740667025384e+04 8.829411733572176067e-20 2.311701694286394522e-21
3.378002835454089654e+04 8.334844093405381349e-20 2.335527274748623219e-21
3.379799930052972923e+04 8.345468778289791203e-20 2.337849725824567170e-21
3.381597024455192877e+04 8.915375656616702640e-20 2.325335125452721563e-21
3.383394118652695033e+04 9.019709914425182204e-20 2.314645642522432275e-21
3.385191212636957061e+04 8.978644316255405047e-20 2.339271578393657822e-21
3.386988306399964495e+04 8.925177905331983768e-20 2.281585099532839842e-21
3.388785399933204462e+04 8.752752330137286466e-20 2.285586486261532874e-21
3.390582493228638486e+04 8.697900390442743212e-20 2.253881086970801769e-21
3.392379586277825001e+04 8.234426964319336632e-20 2.136810924043902783e-21
3.394176679072706611e+04 7.596708311230690762e-20 1.945160598795069066e-21
3.395973771604855574e+04 8.996147985176376496e-20 2.042936212745667412e-21
3.397770863866206491e+04 8.440316764372939798e-20 2.217518875272841915e-21
3.399567955848400743e+04 8.258765625018394358e-20 2.258519897755009954e-21
3.401365047543311084e+04 8.825592627177127923e-20 2.381117524845879476e-21
3.403162138942644378e+04 8.399583153971862785e-20 2.264305044304098884e-21
3.404959230038244277e+04 8.800479302821730975e-20 2.265872243309258552e-21
3.406756320821848203e+04 8.125532618103320396e-20 2.252879627684419948e-21
3.408553411285323818e+04 8.346010280323941007e-20 2.299272195404349919e-21
3.410350501420426008e+04 8.356021773669679200e-20 2.455573776211974204e-21
3.412147591218978050e+04 8.155088045307860333e-20 2.172937462326528035e-21
3.413944680672851973e+04 8.277126291935476270e-20 2.186019617682821226e-21
3.415741769773766282e+04 8.363311279244763294e-20 2.200830575697540998e-21
3.417538858513681771e+04 8.558324989180428201e-20 2.214714901010851882e-21
3.419335946885404701e+04 8.538040924123628434e-20 2.325629680472055021e-21
3.421133041962095012e+04 8.191889506690766844e-20 2.307260072876170462e-21
3.422930137115244725e+04 8.189714139934332768e-20 2.232767552997666369e-21
3.424727231874767313e+04 8.048537976027365560e-20 2.244440597856942856e-21
3.426524326232344902e+04 8.890936004842557055e-20 2.243538041081519563e-21
3.428321420180050336e+04 8.690550199370446155e-20 2.222479726242821034e-21
3.430118513709567196e+04 8.347869271841680180e-20 2.285515915917037077e-21
3.431915606812926853e+04 8.931971738843313788e-20 2.260928540198805624e-21
3.433712699481860182e+04 8.668960227531335673e-20 2.263322661029490368e-21
3.435509791708397097e+04 7.818027045255276675e-20 2.144143151647941335e-21
3.437306883484314312e+04 8.006471411802759618e-20 2.155743850341344138e-21
3.439103974801601726e+04 7.995150228687861844e-20 2.158138356753542456e-21
3.440901065652017132e+04 7.567817441244449239e-20 2.165925744667456770e-21
3.442698156027708319e+04 8.317584335420919292e-20 2.222359808863749526e-21
3.444495245920340676e+04 7.502462912578109050e-20 2.189610466248475296e-21
3.446292335322021972e+04 7.979815979857026540e-20 2.172326310069577716e-21
3.448089424224514369e+04 8.363061034119121941e-20 2.174430696079948145e-21
3.449886512619930727e+04 8.000123408268895624e-20 2.262765276689588995e-21
3.451683600500074681e+04 8.280249986744137114e-20 2.186523591346673696e-21
3.453480687856981240e+04 8.269015591387488953e-20 2.175068503557785214e-21
3.455277774682471500e+04 8.149395050019438742e-20 2.223431522728223765e-21
3.457074860968708526e+04 8.344515681233986943e-20 2.165964019650390346e-21
3.458871946707405732e+04 8.636520119646492904e-20 2.237225690256715173e-21
3.460708829859617981e+04 8.133397605397087592e-20 2.200153097535701474e-21
3.462505916816781973e+04 8.387580054654102647e-20 2.221988581251325054e-21
3.464303004193460947e+04 8.103412808322523678e-20 2.121877316350504500e-21
3.466100091001215333e+04 8.394230932104859032e-20 2.188773205039453874e-21
3.467897177220822050e+04 8.421680358435738039e-20 2.383577486649341670e-21
3.469694262844177138e+04 8.846466689761882630e-20 2.392467761419501309e-21
3.471491347863468400e+04 8.401845647558025431e-20 2.168050072479480155e-21
3.473288432270474732e+04 8.063408843354762483e-20 2.213750429267066520e-21
3.475085516057410860e+04 8.476307845410580168e-20 2.224258715405533592e-21
3.476882599216115341e+04 8.512261470246890232e-20 2.223282051346973119e-21
3.478679681738767249e+04 8.411181881995817754e-20 2.249986857313967497e-21
3.480476763617269171e+04 8.470681003954734211e-20 2.246517198276837370e-21
3.482273844843830011e+04 8.279964972240749764e-20 2.245264646850609056e-21
3.484070925410265045e+04 8.230105615916098326e-20 2.225206224936698549e-21
3.485868005308799184e+04 8.578619958464026352e-20 2.227154023592989369e-21
3.487665084531355387e+04 8.557163684010432535e-20 2.146152376908995536e-21
3.489462163070145471e+04 8.660062587697371070e-20 2.168443421142323172e-21
3.491259240917052375e+04 8.264265463987507771e-20 2.129335128723707447e-21
3.493056318064352672e+04 8.073007123379828430e-20 2.078825524650894709e-21
3.494853394503887830e+04 8.134104937532567633e-20 2.156870004687747716e-21
3.496650470216539543e+04 8.272033410611345479e-20 2.157452576923527500e-21
3.498447544218850089e+04 7.797863892025961172e-20 2.169409625770366768e-21
3.500284489785378537e+04 8.282271293492913379e-20 2.215455013090975935e-21
3.502081566641169775e+04 8.230292745550253465e-20 2.230758932868043006e-21
3.503878642749259598e+04 8.105086547816921744e-20 2.185846337060128285e-21
3.505675718101542589e+04 8.178046447490744531e-20 2.084192105058902280e-21
3.507472792690262577e+04 8.111804038347109483e-20 2.149672302585682893e-21
3.509269866507378174e+04 8.021761923786047056e-20 2.139068605318260016e-21
3.511066939545206696e+04 8.239985329698473528e-20 2.180237274423935569e-21
3.512864011795710394e+04 7.851045998325148860e-20 2.181415450148126686e-21
3.514661083251200034e+04 8.213026299605517782e-20 2.162689237913433646e-21
3.516458153903634957e+04 8.305984412107889884e-20 2.166754808020059612e-21
3.518255223745413969e+04 8.063992011298880800e-20 2.120671229856354320e-21
3.520052292768373445e+04 8.000330480505144053e-20 2.192678733340492244e-21
3.521849360964926746e+04 8.053292277383399424e-20 2.219562457191166965e-21
3.523646428327042668e+04 8.140212624944892093e-20 2.165522465834152510e-21
3.525443494847152760e+04 8.340197022688458630e-20 2.181235311419830412e-21
3.527240560517103586e+04 8.309452038312823527e-20 2.180485045566640866e-21
3.529037625329341245e+04 8.477910769396627753e-20 2.149556078011172805e-21
3.530834689275878918e+04 8.356168600360955405e-20 2.117558643520858217e-21
3.532631752349053568e+04 8.139474103883731683e-20 2.186043701386467263e-21
3.534428814541015163e+04 8.096247720675645455e-20 2.229358914167487348e-21
3.536225875843910035e+04 7.902743862882224432e-20 2.191680502637237327e-21
3.538022936249974737e+04 7.987645070976887601e-20 2.172788149816348920e-21
3.539819995751412353e+04 8.108930806432567423e-20 2.072706120154338584e-21
3.541617054340368486e+04 7.560215070527503890e-20 2.008731143426255133e-21
3.543414112009225209e+04 7.913209155083420379e-20 2.111149031589823772e-21
3.545211168750144134e+04 7.383490677682343705e-20 2.175347224357948415e-21
3.547008224555336346e+04 7.565989795798734524e-20 2.190544135195632588e-21
3.548805279417021666e+04 7.824371375547142544e-20 2.107465051957113068e-21
3.550602333327587985e+04 7.409985632174187739e-20 2.061587938397530443e-21
3.552399386279131431e+04 7.897922650942295229e-20 2.072066807534217163e-21
3.554196438263927848e+04 7.917449578453779822e-20 2.122019967305805837e-21
3.555993489274280728e+04 7.779698787254305260e-20 2.157437253668623459e-21
3.557790539302513207e+04 7.839268116816951950e-20 2.107125634360732933e-21
3.559587588340786169e+04 8.145853608736058410e-20 2.166670731889897678e-21
3.561384636381394375e+04 8.041969762078078324e-20 2.156151145061717754e-21
3.563181683416698797e+04 7.580179581432837884e-20 2.091546063448489735e-21
3.564978729439173185e+04 7.851838127487731420e-20 2.081299154565871717e-21
3.566775774440674286e+04 7.593244280814395304e-20 2.119527147887726739e-21
3.568572818413646019e+04 7.766465490725980354e-20 2.117502153406720830e-21
3.570369861350661085e+04 7.799366995743906106e-20 2.040180061966335795e-21
3.572166903243631532e+04 7.846069931323619445e-20 2.089237575567035258e-21
3.573963944085162802e+04 7.538892524497109462e-20 2.023768788434216475e-21
3.575760983867396862e+04 7.457111344628966334e-20 2.043506766665775876e-21
3.577558022582855483e+04 7.610879336892990432e-20 2.036793439197838667e-21
3.579355060223666806e+04 7.433045269548290535e-20 2.000100595587675909e-21
3.581152096782381705e+04 7.244094688004310272e-20 2.008888062459400257e-21
3.582949132251206902e+04 6.959152370587032996e-20 1.963428549382373839e-21
3.584746166622532473e+04 7.195355517972340060e-20 1.982644527372363114e-21
3.586543199888626259e+04 7.408013294374340031e-20 2.056653504513981079e-21
3.588340232042020943e+04 7.801236404417857388e-20 2.114481641517353309e-21
3.590137263074902876e+04 8.106896510037640796e-20 2.135062063791289166e-21
3.591934292979745805e+04 8.055833966465291645e-20 2.210551185082619921e-21
3.593731321748984192e+04 8.241275747504807445e-20 2.171226643413549791e-21
3.595528349374912068e+04 7.981260759532848196e-20 2.080181988775474247e-21
3.597325375849992270e+04 8.349149443125923387e-20 2.184432079497142315e-21
3.599122401166374038e+04 8.187953721356857487e-20 2.223699203297776390e-21
3.600919425316818524e+04 7.727092572146543745e-20 2.171039826034212347e-21
3.602716448293426947e+04 8.274269517944874851e-20 2.236906405794206250e-21
3.604513470088796021e+04 7.927948269949724286e-20 2.233275183223803047e-21
3.606310490695085900e+04 8.150066249380420276e-20 2.203166963439870058e-21
3.608107510104982794e+04 8.120077413028078113e-20 2.215481084306440018e-21
3.609904528310717433e+04 8.326075843134353269e-20 2.229949380887045518e-21
3.611701545305021864e+04 8.012270302882570466e-20 2.231461793954535029e-21
3.613498561079921637e+04 8.327362797142602734e-20 2.160043639284221110e-21
3.615295575628153165e+04 8.341844653393353277e-20 2.162438134706860416e-21
3.617092588942057046e+04 8.398045143192256243e-20 2.243731974980435285e-21
3.618889601014189248e+04 8.167348751149186506e-20 2.204962007026403188e-21
3.620686611836797238e+04 8.051275806148927387e-20 2.151441108165677194e-21
3.622483621402608696e+04 8.289424450824191354e-20 2.158387330394218055e-21
3.624280629703911109e+04 8.313822850703736254e-20 2.184375711276268923e-21
3.626077636733074905e+04 8.192510740760607800e-20 2.170658937755038288e-21
3.627874642482759373e+04 8.285998803205399550e-20 2.180636666666470689e-21
3.629671646945430984e+04 7.473308463680429153e-20 2.093511698350079467e-21
3.631468650113519107e+04 7.363574225295047077e-20 2.084759314866898980e-21
3.633265651979450922e+04 7.241472764444718368e-20 2.115001297164861406e-21
3.635062652535963571e+04 6.824292764220552764e-20 2.030459170398031579e-21
3.636859651775249949e+04 7.314212807621008215e-20 2.112718806668055824e-21
3.638656649690069753e+04 7.553349807565729341e-20 2.053337427708008332e-21
3.640453646272872720e+04 7.927905904231004416e-20 2.119837953286954765e-21
3.642250641516200267e+04 8.132478263445280450e-20 2.143825951945758547e-21
3.644047635412398085e+04 8.193324416163962612e-20 2.135131708492787373e-21
3.645844627954176394e+04 8.178161203294640706e-20 2.187307068614335769e-21
3.647641619134194480e+04 8.125292734772992771e-20 2.147628889916763298e-21
3.649438608944726730e+04 8.550103154316855867e-20 2.167203615037429664e-21
3.651235597378409147e+04 8.238480937013085362e-20 2.191662418987347148e-21
3.653032584432933800e+04 8.557091279382602553e-20 2.253218302311394434e-21
3.654829580422145227e+04 8.664818173141566041e-20 2.179958730828298414e-21
3.656666765401362500e+04 8.648495549449331126e-20 2.258947792101894846e-21
3.658463801268381212e+04 8.679414766730360341e-20 2.266376774409758723e-21
3.660260835731236875e+04 8.711330508311967361e-20 2.241729355435582401e-21
3.662057868772060465e+04 8.481685785272251205e-20 2.184801189048687895e-21
3.663854900383130735e+04 8.348428501863868399e-20 2.143617531396418621e-21
3.665651930557283049e+04 8.638938207903190811e-20 2.119872617391250351e-21
3.667448959286906029e+04 7.870060872100414873e-20 2.081958346149410845e-21
3.669245986564704071e+04 7.817372098061334433e-20 2.121422706743608454e-21
3.671043012383371388e+04 7.956253474715417470e-20 2.126184263134955808e-21
3.672840036735222384e+04 7.474433573877454219e-20 2.155655004580350920e-21
3.674637059613195743e+04 8.473718318854011790e-20 2.147351367621395400e-21
3.676434081009717193e+04 8.203100932001719292e-20 2.190344938967290551e-21
3.678231100917544245e+04 7.997289574954552528e-20 2.156034328181393692e-21
3.680028119329031324e+04 8.366992808553716427e-20 2.234861201078506453e-21
3.681825136237093830e+04 8.416209031985642419e-20 2.197244259873413292e-21
3.683622151634200418e+04 8.855563264914193317e-20 2.276744896203475080e-21
3.685419165513166809e+04 8.443908155441177613e-20 2.450797601764706709e-21
3.687216177866518410e+04 8.686967064627383253e-20 2.465253520987028174e-21
3.689013188687044021e+04 8.887471749249432227e-20 2.426895395068266135e-21
3.690810197967132990e+04 8.822452208468937959e-20 2.232219691170460439e-21
3.692607205699682527e+04 8.726721415499071130e-20 2.220509914513976605e-21
3.694404211877260241e+04 8.678273611123490439e-20 2.316124159443028721e-21
3.696201216481479059e+04 9.055647012686980701e-20 2.244902110745459209e-21
3.698038445559092361e+04 8.834292706793034575e-20 2.162335947547411302e-21
3.699835450284454419e+04 8.842570379974992139e-20 2.228069203819012340e-21
3.701632453425100539e+04 8.624737906376723218e-20 2.280625580064890811e-21
3.703429454973657266e+04 8.838547468271304803e-20 2.214823480707621114e-21
3.705226454922604171e+04 8.979528728699946896e-20 2.263996711638459018e-21
3.707023453264966520e+04 8.340349414694268276e-20 2.164515435008424930e-21
3.708820449993155489e+04 8.330030876482872860e-20 2.174526582819373714e-21
3.710617445100257464e+04 8.205243703001237178e-20 2.138117449163573835e-21
3.712414438578697445e+04 8.214294258273963942e-20 2.115573860924712541e-21
3.714211430421201658e+04 8.302419155766642292e-20 2.159104463399053400e-21
3.716008420620693505e+04 8.034440453053892352e-20 2.054300280555659003e-21
3.717805409169710038e+04 8.071246780118241407e-20 2.124050976674224104e-21
3.719602396061058244e+04 7.996148024722194700e-20 2.192246583961063699e-21
3.721399381287558208e+04 7.998837563696555632e-20 2.149567049546895981e-21
3.723196364841860486e+04 7.910518459901625904e-20 2.127061171647974826e-21
3.724993346716784436e+04 8.432526414693218200e-20 2.160150280407658174e-21
3.726790326905206894e+04 8.195118767293702386e-20 2.111324816594193563e-21
3.728587305399636534e+04 8.372704176699638344e-20 2.149999866274595712e-21
3.730384282193041145e+04 8.655155477607311666e-20 2.027273874288139378e-21
3.732181257277933037e+04 8.356553568955756203e-20 1.942881265569819462e-21
3.733978230647359305e+04 8.488450954444885363e-20 1.978323159879697877e-21
3.735775202293953771e+04 9.362431419807501549e-20 2.231756282829952411e-21
3.737572172210679128e+04 8.861794185776710098e-20 2.203085218985981365e-21
3.739369140390113171e+04 8.500125031741702477e-20 2.155029587326079128e-21
3.741166106825208408e+04 8.262007094240596016e-20 2.144616936652640712e-21
3.742963071508640860e+04 8.798538998739393148e-20 2.142022024869958380e-21
3.744760034433493274e+04 8.716138338799893142e-20 2.132720752459990604e-21
3.746556995592305611e+04 8.398465627702085691e-20 2.150594914266043513e-21
3.748353954977898684e+04 8.486573272010715011e-20 2.141795014536388918e-21
3.750150912583174068e+04 8.335237262829903585e-20 2.134657073840533865e-21
3.751947868401130108e+04 8.449735749500809670e-20 2.150477956187257189e-21
3.753744822424203448e+04 8.782933147828459001e-20 2.198891298300438532e-21
3.755541774645668193e+04 8.391735170052077833e-20 2.128959526495403352e-21
3.757338725058152340e+04 8.500205624674075633e-20 2.139172240741489012e-21
3.759135673654443235e+04 8.514217929620681516e-20 2.112629556130908925e-21
3.760932620427591610e+04 8.318171134870660501e-20 2.116660894970336346e-21
3.762729565370274213e+04 8.141274866903881099e-20 2.085314147135191300e-21
3.764526508475581795e+04 8.319927598683925075e-20 2.129498998596679748e-21
3.766323449736052135e+04 8.763858863991959837e-20 2.179248639328536450e-21
3.768120389144726505e+04 8.744745996470262773e-20 2.197390240717131842e-21
3.769917326694539224e+04 9.108770770568581381e-20 2.301478829785234275e-21
3.771714262378169951e+04 8.414415775670451702e-20 2.086056474718772125e-21
3.773511196188851318e+04 8.599526680644270819e-20 2.077842712129949741e-21
3.775308128119146568e+04 8.566635534262170721e-20 1.979709314406124312e-21
3.777105058162111527e+04 8.117867263022148079e-20 1.944949534858647585e-21
3.778901986310825305e+04 7.574808550248037572e-20 1.966145234206396922e-21
3.780698912557771109e+04 7.635142333606830475e-20 2.075277775073879281e-21
3.782495836896302353e+04 7.924044745090448311e-20 2.125516290116548836e-21
3.784292759318893513e+04 7.647764707306914710e-20 2.114479057435657850e-21
3.786089679818906006e+04 7.718951061796334789e-20 2.092038678052846483e-21
3.787886598388913990e+04 7.754593680618804250e-20 2.105387582444514244e-21
3.789683515022158099e+04 7.951360836304264769e-20 2.057516511452910779e-21
3.791480429711347824e+04 8.158634090508764075e-20 2.086809500327762883e-21
3.793277342449530988e+04 8.471289245203910867e-20 2.071104809327616487e-21
3.795074253229708847e+04 8.397739401405073362e-20 2.122586973430718929e-21
3.796871162044635275e+04 9.014705991228742198e-20 2.182678467192498474e-21
3.798668068887527625e+04 8.424934449811166987e-20 2.101188734087288472e-21
3.800464973750880017e+04 9.155984791431122247e-20 2.121833479712395556e-21
3.802261876628200844e+04 9.076582219501373761e-20 2.183090958990866164e-21
3.804058777512123197e+04 9.209086943294899746e-20 2.178173044101455224e-21
3.805855676395819319e+04 9.729558470129902975e-20 2.269132245116729266e-21
3.807652573272230075e+04 9.274146403229715968e-20 2.292465389292478773e-21
3.809449468134162453e+04 8.887878137999970256e-20 2.215948895077806075e-21
3.811246360974752315e+04 8.867551101952552531e-20 2.197237523784411335e-21
3.813043251787054032e+04 8.567853140358386203e-20 2.137055042445342551e-21
3.814840140563974273e+04 8.687142940139976525e-20 2.161160755986070786e-21
3.816637027298627072e+04 8.183739388534822015e-20 2.057457442935820800e-21
3.818433911983908183e+04 7.964543501567998337e-20 2.041620877584785496e-21
3.820230794613097532e+04 8.329332759481980145e-20 2.098096335709935438e-21
3.822027675178734353e+04 8.362929183060402922e-20 2.098015455927073946e-21
3.823824553674161871e+04 8.446223192145904022e-20 2.058999625914128081e-21
3.825621430092152150e+04 8.315837989313809153e-20 2.072516958714865573e-21
3.827418304426237592e+04 8.596946902460433297e-20 2.133157064842332530e-21
3.829215176669038192e+04 8.664187017181458388e-20 2.170701168214369573e-21
3.831012046813630150e+04 8.809952019213080161e-20 2.182730112059693709e-21
3.832808914853217721e+04 8.402390317067569187e-20 2.112946859964312948e-21
3.834605780780546047e+04 7.929375723244985021e-20 2.067217923853818877e-21
3.836402644589086412e+04 7.971028158246948053e-20 2.006802742354416914e-21
3.838199506271734572e+04 8.387420621290898121e-20 2.101669925133694928e-21
3.839996365821488871e+04 8.321996926325947053e-20 2.116602602768240689e-21
3.841793223231551383e+04 7.955896931215325942e-20 2.069489724016061042e-21
3.843590078494663612e+04 8.354506262790200280e-20 2.129444364280660759e-21
3.845386931604370329e+04 8.231077928301296937e-20 2.079127036828536467e-21
3.847183782553714263e+04 8.088411243517182188e-20 2.112747605373204519e-21
3.848980631335260114e+04 8.400198700991503797e-20 2.164838151883647825e-21
3.850777477943028498e+04 8.124126453669513779e-20 2.270582282485168337e-21
3.852574322368964931e+04 8.399503693499274085e-20 2.175180559980853963e-21
3.854371164606991078e+04 7.994196769504707930e-20 2.102368306254962487e-21
3.856168004649975774e+04 7.987507943519546946e-20 2.103099183866352866e-21
3.857964842491187301e+04 8.058444230375428418e-20 2.051523953207500182e-21
3.859761678123343154e+04 7.898813332277155386e-20 2.074893814174367739e-21
3.861558511539900064e+04 7.892457588969924729e-20 2.105603399909073514e-21
3.863355342733977886e+04 7.669901392581206848e-20 2.156148748794943280e-21
3.865152171698454185e+04 7.718774269098205953e-20 2.066736333159614463e-21
3.866948998426811158e+04 7.474119182517501836e-20 2.057053096613636905e-21
3.868745822912098811e+04 7.606042931247872923e-20 2.100764404029363807e-21
3.870542645147314761e+04 7.430244968872520011e-20 2.072587589582686003e-21
3.872339465125935385e+04 7.111511121692030599e-20 2.026726753876361144e-21
3.874136282840555941e+04 6.985420103731108132e-20 2.078745014318811456e-21
3.875973636290887953e+04 7.411560842051958326e-20 2.099452605156623884e-21
3.877770452645932528e+04 7.801757765189259118e-20 2.137781670458007269e-21
3.879567266726552771e+04 7.925128603761062348e-20 2.038780874729371036e-21
3.881364078515683650e+04 8.077962907839274249e-20 2.161825997261222263e-21
3.883160888006581081e+04 7.730979543855468258e-20 2.113013773564693053e-21
3.884957695192104438e+04 7.921461957385283909e-20 2.120338642299124571e-21
3.886754500065524189e+04 7.858265750393837048e-20 2.114930434817163200e-21
3.888551302956075233e+04 7.958440931860561806e-20 2.134663698930990074e-21
3.890348132901065401e+04 7.981628652558351947e-20 2.194879062088540036e-21
3.892144991453534749e+04 8.228465050714817643e-20 2.207610096893677592e-21
3.893941848015424330e+04 8.163873081827641791e-20 2.213901824197460058e-21
3.895738702231494244e+04 7.725824690058680241e-20 2.096684590134262847e-21
3.897535554094286636e+04 8.326523801961678743e-20 2.164159654736006170e-21
3.899332403597347002e+04 8.690373974326299324e-20 2.220986142880599444e-21
3.901129250733833032e+04 8.121036727604888406e-20 2.154767397176324042e-21
3.902926095496953349e+04 8.217171329119915950e-20 2.151520722104850594e-21
3.904722937880213431e+04 8.393289845256850142e-20 2.161418307334642739e-21
3.906519777876174339e+04 8.218297644404460900e-20 2.141905348457549221e-21
3.908316615478904714e+04 8.646662532944014116e-20 2.086531611146630055e-21
3.910113450681099494e+04 8.871487246074078092e-20 2.125962113311822094e-21
3.911910283476128825e+04 8.241718923906415014e-20 2.189707446721303344e-21
3.913707113857364311e+04 8.319641882260370110e-20 2.169558522588902499e-21
3.915503941817919986e+04 8.201339217244492860e-20 2.096989800653593983e-21
3.917300767351168179e+04 8.081957769928585850e-20 2.109118186860964102e-21
3.919097590439870692e+04 8.568716911287661291e-20 2.159765875130978928e-21
3.920894410190155759e+04 8.166342784417218601e-20 2.184111064143496359e-21
3.922731851676806400e+04 8.169899218362320170e-20 2.280574566479093245e-21
3.924528670618327305e+04 8.037544698076744003e-20 2.165066977869701024e-21
3.926325487098187295e+04 8.491933703983838261e-20 2.159951168640159842e-21
3.928122301109560794e+04 8.120263885966265090e-20 2.105638651046058731e-21
3.929919112645947462e+04 7.989340653561803223e-20 2.139038676142752388e-21
3.931715921701174375e+04 7.984487368687804629e-20 2.131862455898994077e-21
3.933512728267935017e+04 8.448504492621127139e-20 2.251117638486379858e-21
3.935309532339876023e+04 8.019450728890966693e-20 2.042037692117084626e-21
3.937106333910053218e+04 7.786894938307564732e-20 2.077713444115268757e-21
3.938903132972001913e+04 7.940871370581030846e-20 2.112725401976901861e-21
3.940699929518609861e+04 7.728593276007955627e-20 2.052187572576765057e-21
3.942496723543755070e+04 7.864652993685897377e-20 2.137994100102440285e-21
3.944293515040490456e+04 7.433114842053329892e-20 2.121940357953499416e-21
3.946090304002474295e+04 7.673301623930094068e-20 2.156518929681596167e-21
3.947887090422753681e+04 7.502041697618845887e-20 2.031397449232781467e-21
3.949683874294528505e+04 8.054410986097345452e-20 2.109700236521333797e-21
3.951480655611406110e+04 7.569889807523080142e-20 2.075841464586281216e-21
3.953277434366579109e+04 7.680893686738493216e-20 2.008719779275724975e-21
3.955074210553560260e+04 7.577053576581510366e-20 2.084251726378458300e-21
3.956870984165854316e+04 7.943201445170408034e-20 2.139019577342498780e-21
3.958667755196403596e+04 7.798635361726702211e-20 2.131234234040220783e-21
3.960464523638880928e+04 7.962099237982957714e-20 2.130476156062425128e-21
3.962261289486535679e+04 8.189891389395189086e-20 2.110600862736812793e-21
3.964058052732826764e+04 8.104357523550856255e-20 2.156289547445147744e-21
3.965854813371372438e+04 7.690694925427254697e-20 2.086945552960831832e-21
3.967651571395040810e+04 7.669077546422071635e-20 2.153169582363732881e-21
3.969448326797949994e+04 7.697732617301591728e-20 2.095304264428250267e-21
3.971245079572662507e+04 7.879090542420125277e-20 2.127158159221928512e-21
3.973041829712945764e+04 7.810340310049205003e-20 2.116353733005806775e-21
3.974838577212305245e+04 7.949461395057174650e-20 2.124631912821481530e-21
3.976635322063825879e+04 7.558845225592522975e-20 2.093295108327361058e-21
3.978432064261791675e+04 8.037975290833908150e-20 2.129816519204205978e-21
3.980228803798683657e+04 8.236141868325026299e-20 2.176723294666835794e-21
3.982025540668181202e+04 7.632931503252642002e-20 2.041730550585402982e-21
3.983822274863858911e+04 7.501842260920055429e-20 2.009609529983852831e-21
3.985619006379280472e+04 7.453362006731337504e-20 2.064018735330011939e-21
3.987415735207472608e+04 7.803933877526762464e-20 2.095901461710691080e-21
3.989212461342366441e+04 8.372018186264958133e-20 2.139480652428099948e-21
3.991009184777084738e+04 8.370682341713626760e-20 1.934483666310500453e-21
3.992805905504768452e+04 8.539455225504554956e-20 1.977024465081519078e-21
3.994602623519699409e+04 8.803627092160078494e-20 2.172743947403234829e-21
3.996399338814802468e+04 8.811703489875627893e-20 2.312832959209157116e-21
3.998196051383487065e+04 8.658689231532320069e-20 2.252879522685168922e-21
3.999992761219375097e+04 8.674309430599280781e-20 2.310105630729540813e-21
4.001789468315886188e+04 8.240999874972820137e-20 2.258604959039979907e-21
4.003586172666806669e+04 8.297034979183570345e-20 2.279034446612518259e-21
4.005382874265316059e+04 8.452116251943504240e-20 2.303920345379931116e-21
4.007179573104742303e+04 8.937367728737208704e-20 2.215417269541778888e-21
4.008976269178846997e+04 8.348456862224865565e-20 2.251688256120177597e-21
4.010772962481163268e+04 7.963976485353199656e-20 2.261499129180600005e-21
4.012569653004931752e+04 7.932328338921177761e-20 2.273866382117539726e-21
4.014366340744044282e+04 7.979168476183919682e-20 2.343343497424922948e-21
4.016163025691503572e+04 7.993421496905250922e-20 2.291625786351566832e-21
4.017959707841153431e+04 7.978576869656624687e-20 2.302961420803979551e-21
4.019756387186441134e+04 7.781068368863992764e-20 2.328621350987296682e-21
4.021553063721073704e+04 7.601357078064351010e-20 2.273174021398023692e-21
4.023349737438259763e+04 8.378612470027148111e-20 2.293073171630043400e-21
4.025146408332026476e+04 8.485203019804859786e-20 2.260245420628359917e-21
4.026943076395156095e+04 8.377761507291325153e-20 2.327220696109319482e-21
4.028739741621647408e+04 7.448949786144830839e-20 2.335086513994885453e-21
4.030536404005093209e+04 8.061191706104503069e-20 2.291680323836424494e-21
4.032333063538974238e+04 8.005500199852916145e-20 2.137133012229021234e-21
4.034129720216627902e+04 7.879350643474132827e-20 2.134533248757211115e-21
4.035926374031701562e+04 8.183144693923460015e-20 2.214337126434682217e-21
4.037723024978096510e+04 8.140318849599405950e-20 2.176077109617405806e-21
4.039519673048898403e+04 7.687171783275374101e-20 2.169933394380135919e-21
4.041316318238060194e+04 7.605003323903527158e-20 2.170761239644148141e-21
4.043112960539248888e+04 7.741052269383945078e-20 2.141079813807961116e-21
4.044909599945109221e+04 7.583378211522393095e-20 2.027634797896687590e-21
4.046706236450092547e+04 7.568109822802884371e-20 1.944602011061907040e-21
4.048502870048055775e+04 8.204018068060655311e-20 2.032292362276464442e-21
4.050299500731618900e+04 7.841642354646162599e-20 2.171882981833229877e-21
4.052096128495103767e+04 7.578186195603345961e-20 2.183212395602937882e-21
4.053892753331510903e+04 7.706422282941443185e-20 2.204648835244572271e-21
4.055689375235124317e+04 7.785080676456248279e-20 2.200425867298474488e-21
4.057485994199491688e+04 7.780220099497545829e-20 2.189836224330472583e-21
4.059282610217355978e+04 7.812938645448608719e-20 2.172719424610627868e-21
4.061079223283499596e+04 7.258466061642692061e-20 2.150072380289127194e-21
4.062875833390608022e+04 8.197945543652080558e-20 2.172394016483355780e-21
4.064672440532669862e+04 7.937671080794062854e-20 2.163819933240954189e-21
4.066469044703485997e+04 8.266871298701152543e-20 2.176112418198158189e-21
4.068265645896784554e+04 7.880564734324636048e-20 2.221071992308556019e-21
4.070062244105477293e+04 8.086640943565719563e-20 2.154709182311000049e-21
4.071858839323424036e+04 7.677902586975671686e-20 2.248088563111012120e-21
4.073655431545415922e+04 8.102840505129292490e-20 2.227787689241775698e-21
4.075452020763490145e+04 8.013311717979240151e-20 2.248784168747610609e-21
4.077248606972213747e+04 8.366972908913011387e-20 2.219342626868338147e-21
4.079045190164864471e+04 7.786096763644839321e-20 2.166888991797366512e-21
4.080841770335401088e+04 8.474931700120759183e-20 2.232957506704371066e-21
4.082638347477373463e+04 7.439304474221371056e-20 2.188216686524110929e-21
4.084434921584262338e+04 7.967094557547203797e-20 2.146923221664671143e-21
4.086231492650238215e+04 8.337412865171384765e-20 2.206978885233282904e-21
4.088028060668035323e+04 8.335320266091629237e-20 2.226774598539415935e-21
4.089824625632630341e+04 8.030942992261437415e-20 2.229581439595581297e-21
4.091621187536495563e+04 7.813575463684575643e-20 2.214653029110706237e-21
4.093417746374323906e+04 8.253797872714352392e-20 2.221947907130643392e-21
4.095214302138910716e+04 7.961681136444661550e-20 2.161632446824097608e-21
4.097010854824515991e+04 7.790254252452557007e-20 2.186281115221420874e-21
4.098807404424517881e+04 7.343164252429484094e-20 2.138452269871937109e-21
4.100603950933020678e+04 7.861470670679254003e-20 2.180996408726500904e-21
4.102400494343449100e+04 8.314593709513576278e-20 2.361748197478215054e-21
4.104197034649620764e+04 7.854278327932168078e-20 2.192887825847967517e-21
4.105993571845200495e+04 8.186728012931290719e-20 2.126733262166108535e-21
4.107790105923868396e+04 8.535256855332583493e-20 2.228226304866941811e-21
4.109586636879222351e+04 8.220545162088796075e-20 2.225509982461366524e-21
4.111383164705365198e+04 7.942007935221939641e-20 2.175486388234186418e-21
4.113179689395793685e+04 8.287152123345548675e-20 2.261853216789961987e-21
4.114976210944107152e+04 8.695056628557857628e-20 2.265993661281301563e-21
4.116772729344409890e+04 8.434181207950383933e-20 2.269231946905199529e-21
4.118569244590457674e+04 8.639065026559552662e-20 2.288202557277372865e-21
4.120365756675398734e+04 8.906882776756930951e-20 2.298905740949778065e-21
4.122162265593790653e+04 8.684309219925150800e-20 2.292907177843407339e-21
4.123958771337514190e+04 8.337233891379886550e-20 2.262718814381590411e-21
4.125755267157228081e+04 8.893575751468406310e-20 2.313015029264543732e-21
4.127551756894214486e+04 8.559564499378744095e-20 2.224427219682509220e-21
4.129389221409449965e+04 8.774190696578670878e-20 2.258176563090278859e-21
4.131185707029873447e+04 8.374394140750658741e-20 2.305985845947807176e-21
4.132982190286355763e+04 8.573225625426908289e-20 2.255390904320351664e-21
4.134778670341505494e+04 8.710797645057857409e-20 2.285266166885390352e-21
4.136575147179255873e+04 8.235824123063540893e-20 2.318766259350333317e-21
4.138371620793744660e+04 8.203911170889856486e-20 2.352119747566349124e-21
4.140168091178587201e+04 8.554952593221752238e-20 2.370012678937848754e-21
4.141964558327630948e+04 8.784579442473619102e-20 2.288679651712361064e-21
4.143761022234366828e+04 8.342463908348633042e-20 2.331581042167488754e-21
4.145557482893296401e+04 8.463792063886843479e-20 2.253845519963802655e-21
4.147353940297407098e+04 8.601851041323224148e-20 2.240460125523248767e-21
4.149150394441294338e+04 8.381473086195321621e-20 2.273252703482074473e-21
4.150946845317932457e+04 8.394446449224790618e-20 2.265513753299859062e-21
4.152743292921862303e+04 8.454871569088486059e-20 2.240123125567894620e-21
4.154539737246816367e+04 8.404769917407530590e-20 2.333788709264919370e-21
4.156336178285991627e+04 7.962914020818533837e-20 2.310559924935026545e-21
4.158132616033942031e+04 8.194504919992480160e-20 2.338211958618156639e-21
4.159929050484426261e+04 8.017922897155874791e-20 2.228096287919416606e-21
4.161725481630856666e+04 8.192869619039085760e-20 2.319565148499557066e-21
4.163521909467357909e+04 8.612813517577543016e-20 2.324475212532783369e-21
4.165318333987705410e+04 8.481922088797005754e-20 2.440054535775508523e-21
4.167114755185762624e+04 8.311841528368546625e-20 2.444835822885743206e-21
4.168911173055672407e+04 9.041071641305592093e-20 2.385380582966701222e-21
4.170707587590321782e+04 8.528850544378303310e-20 2.352123873409996256e-21
4.172503998784703435e+04 8.234718420955451817e-20 2.368727226186378133e-21
4.174300406632538215e+04 8.373990194902492839e-20 2.429245323138288467e-21
4.176096811127180990e+04 8.043153911832522927e-20 2.384273529374550873e-21
4.177893212262928137e+04 8.437954600503552815e-20 2.302214371169837871e-21
4.179689610032845667e+04 8.532709050495801834e-20 2.306444921395413261e-21
4.181486004422364203e+04 8.029883581063235822e-20 2.196389031659637056e-21
4.183282394604041474e+04 8.015000424028919242e-20 2.261471999472906626e-21
4.185119856815179082e+04 7.828667343210986418e-20 2.145989847485253653e-21
4.186916244172599545e+04 8.040047531896394548e-20 2.385265741277073809e-21
4.188712628133725957e+04 8.185130692736110931e-20 2.469550201415006948e-21
4.190509008692579664e+04 8.203473340283077293e-20 2.217954979158863887e-21
4.192305385843295517e+04 8.655173102656999373e-20 2.299970871029806182e-21
4.194101759578945348e+04 8.323187203556992682e-20 2.445174262401156703e-21
4.195898129894529120e+04 8.091595389602378591e-20 2.310426204076790678e-21
4.197694496783013165e+04 8.553700165527909580e-20 2.349541691369263128e-21
4.199490860239133326e+04 8.349783871907515538e-20 2.270119361555892659e-21
4.201287220256231376e+04 8.467791731331170362e-20 2.287263164785684367e-21
4.203083576828478544e+04 7.825819373772874348e-20 2.243413296297937807e-21
4.204879929949696088e+04 7.293597384962063519e-20 2.227751871041932649e-21
4.206676279613906081e+04 7.540418069678441108e-20 2.185424540155393800e-21
4.208472625815319770e+04 7.934168119822615009e-20 2.288809790795001173e-21
4.210268968547301483e+04 7.248246492974611385e-20 2.217390675476441393e-21
4.212065307804332406e+04 7.085858795218403265e-20 2.195714574442838738e-21
4.213861643579685915e+04 7.120675011619256452e-20 2.206388372808844388e-21
4.215657975868207723e+04 7.548383124746589971e-20 2.161323277808718626e-21
4.217454304663139192e+04 7.103372587288508098e-20 2.244434021522299950e-21
4.219250629958757781e+04 7.529655762712923658e-20 2.275348916055570301e-21
4.221046951749215077e+04 7.459438370687729324e-20 2.208744610461464736e-21
4.222843270027715334e+04 7.256260730873355533e-20 2.187181620498691746e-21
4.224639584789297805e+04 8.226259252515776376e-20 2.271033721232797677e-21
4.226435896026938281e+04 7.755191726022997971e-20 2.259588445370690649e-21
4.228232203735750954e+04 7.475431150299285890e-20 2.260857596296640958e-21
4.230028507908366009e+04 7.945926392548941350e-20 2.298891315751507112e-21
4.231824808540000959e+04 7.813549327896222280e-20 2.278408360927941570e-21
4.233621105624020856e+04 7.931237418319995178e-20 2.184757166855297779e-21
4.235417399154064333e+04 8.194390669374899447e-20 2.220597765995823061e-21
4.237213689125113888e+04 8.415412084324522429e-20 2.308843141341084131e-21
4.239009975530089287e+04 8.299893990701512319e-20 2.279871297465997419e-21
4.240806258364298264e+04 8.393279506651861097e-20 2.264370708094769317e-21
4.242602537620305520e+04 7.953220725727950389e-20 2.267597900174190143e-21
4.244398813293536659e+04 8.306535370472164438e-20 2.429081101687167811e-21
4.246195085376781208e+04 8.260091999944948705e-20 2.266321224997813108e-21
4.247991353864620032e+04 7.816730570491032203e-20 2.197650032239606951e-21
4.249787618751043919e+04 8.365759882182153920e-20 2.301082286798155713e-21
4.251583880030266300e+04 8.058703406494656458e-20 2.265386825800311573e-21
4.253380137695923622e+04 7.902021642360247299e-20 2.269584508106977987e-21
4.255176391742302076e+04 8.213329528311539424e-20 2.286628047564497278e-21
4.256972642163554701e+04 7.866381945172126433e-20 2.305197022734646261e-21
4.258768888953362330e+04 8.130825847799102465e-20 2.210478043039161387e-21
4.260565132106022793e+04 8.107470773550722200e-20 2.288380963020609537e-21
4.262361371615740063e+04 8.390896056551752431e-20 2.350088651902123168e-21
4.264157607476381236e+04 8.411643199724050151e-20 2.365781038964514068e-21
4.265953839681792306e+04 8.485039418943083183e-20 2.272254156124336401e-21
4.267750068226472649e+04 8.155100557185556514e-20 2.222732258789927283e-21
4.269546293103721109e+04 7.793991419478710890e-20 2.226089177835258631e-21
4.271342514308690443e+04 8.313873124668928011e-20 2.247884501259415451e-21
4.273138731834675855e+04 7.952780525561497470e-20 2.215054848372123166e-21
4.274934945676166535e+04 8.210369403993104684e-20 2.246576194933353164e-21
4.276731155827106704e+04 8.525906413838362714e-20 2.325425614552268758e-21
4.278527362281569367e+04 8.772153789052427873e-20 2.361287500329571723e-21
4.280323565033290652e+04 7.830134130809356775e-20 2.239262289910903874e-21
4.282119764076698630e+04 7.946433845539651564e-20 2.320052949591200202e-21
4.283915959405907779e+04 7.741714695323764718e-20 2.274564053262393537e-21
4.285712151015463314e+04 8.035125594841493524e-20 2.256925814621830248e-21
4.287508338898442162e+04 8.285844015306737436e-20 2.368094581330860756e-21
4.289304523049788259e+04 8.137627386069638036e-20 2.285849237812501572e-21
4.291100703463076934e+04 8.348139604273945731e-20 2.315101771145032852e-21
4.292896880132835940e+04 8.469037879439530267e-20 2.312712212203299612e-21
4.294693053053041513e+04 8.153326564833925697e-20 2.314474155649144673e-21
4.296489222217554197e+04 8.298063148076358805e-20 2.357609397584787523e-21
4.298285387620914844e+04 8.212941734774788631e-20 2.270719742334928803e-21
4.300081549256802100e+04 8.237370881988003904e-20 2.317757004055165674e-21
4.301877707119888510e+04 8.161433643205899217e-20 2.317538989048906062e-21
4.303673861204006971e+04 7.954999172215792281e-20 2.273452349177644400e-21
4.305470011502999841e+04 8.581168742323176579e-20 2.296999031684222089e-21
4.307266158011610241e+04 8.203218318208788352e-20 2.291399157129458013e-21
4.309062300723713997e+04 8.207996132850922050e-20 2.246721974350290268e-21
4.310858439633085800e+04 7.822624567761375962e-20 2.270201005838143061e-21
4.312654574734254857e+04 8.001688275610072945e-20 2.347893826885830348e-21
4.314450706021635415e+04 7.713440048725839897e-20 2.313831725447009752e-21
4.316246833488796983e+04 8.211167875015671785e-20 2.282186212815975800e-21
4.318042957130695140e+04 8.839841411684461673e-20 2.320691746955155509e-21
4.319839076940767700e+04 8.520614496333984927e-20 2.354323826776798632e-21
4.321635192913178616e+04 8.274579232470736684e-20 2.357978762018640032e-21
4.323431305042250460e+04 8.197698544165655412e-20 2.383970897238257762e-21
4.325227413322538632e+04 8.535981864455984426e-20 2.416743965800219097e-21
4.327023517747959704e+04 8.854872903744505400e-20 2.428881264085136533e-21
4.328819618312617240e+04 8.004448910833469014e-20 2.444761914608967115e-21
4.330615715010729036e+04 8.511172600111047713e-20 2.431672041030014206e-21
4.332411807836272055e+04 8.785546957523146013e-20 2.521484877584511374e-21
4.334207896783937758e+04 8.260702341230682559e-20 2.508331348797047725e-21
4.336003981847579416e+04 8.568382274631986176e-20 2.458561762080616462e-21
4.337800063021765527e+04 8.210479439190136199e-20 2.420813779513068666e-21
4.339596140299639956e+04 8.161753814689915465e-20 2.393369171836257517e-21
4.341392213676649408e+04 8.037724259546209337e-20 2.432232254152141369e-21
4.343188283146514004e+04 8.434159402701018203e-20 2.425492951547243844e-21
4.344984348703494470e+04 7.892103345463559556e-20 2.371091430931352901e-21
4.346780410341783863e+04 8.337475903269678294e-20 2.313796935121331506e-21
4.348576468055511941e+04 8.272563170343288066e-20 2.359573130263464017e-21
4.350372521839017281e+04 7.824031323234045506e-20 2.243406928703866783e-21
4.352168571686253563e+04 8.053818922981374079e-20 2.312665882651467057e-21
4.353964617591910792e+04 8.323505691527798032e-20 2.346274613094270418e-21
4.355760659549979755e+04 8.099018519976186786e-20 2.323235052687079789e-21
4.357556697554751736e+04 7.821778911210723920e-20 2.326198914839359856e-21
4.359352731604062865e+04 8.291068123992814510e-20 2.363374419961272260e-21
4.361148776647391060e+04 8.219861515515444304e-20 2.269904220403770271e-21
4.362944819282390381e+04 7.991071887441002651e-20 2.320104104050341990e-21
4.364740857940960996e+04 8.044264122097695516e-20 2.364633722383169456e-21
4.366536892617298145e+04 7.899973484203750175e-20 2.361354923597726016e-21
4.368332923305650911e+04 7.908055478924732194e-20 2.337137854601938624e-21
4.370128950000353507e+04 8.027178986929742326e-20 2.352469165689003647e-21
4.371924972695925680e+04 8.547109703728528774e-20 2.406317639300736808e-21
4.373720991385724483e+04 8.106776023859565206e-20 2.388904795846936106e-21
4.375517006064926682e+04 8.505781173844906678e-20 2.311862543300943939e-21
4.377313016727542708e+04 8.299373006894362311e-20 2.369539431930848243e-21
4.379109023367822374e+04 8.010565089040018534e-20 2.262943414173121064e-21
4.380905025979983475e+04 8.367083197238482168e-20 2.261645135155252154e-21
4.382701024558408244e+04 8.495475602892168060e-20 2.349068502062636249e-21
4.384497019097646989e+04 8.123931831402374395e-20 2.288835232845976431e-21
4.386293009591099690e+04 8.196381587107132507e-20 2.198410766949517561e-21
4.388088996033912554e+04 8.368837850023467745e-20 2.174185691754170164e-21
4.389884978420146945e+04 8.732433739376279499e-20 2.088841623996682791e-21
4.391680956744107971e+04 7.899583895698262969e-20 2.280071296683024907e-21
4.393476931000249897e+04 8.373405233182721616e-20 2.427785573627046628e-21
4.395272901182184432e+04 8.318118073309551302e-20 2.378429357609305426e-21
4.397068867285033048e+04 7.954119300639558307e-20 2.398444861802607504e-21
4.398864829302805447e+04 7.990926478302320565e-20 2.357822232932874999e-21
4.400660787230040296e+04 7.299479374281456339e-20 2.359204752494040529e-21
4.402456741060052445e+04 7.574876200769885406e-20 2.428938271843100774e-21
4.404252690789073677e+04 7.924031152586964715e-20 2.388440373929713795e-21
4.406048636409718893e+04 8.126740853602995105e-20 2.321012953917317316e-21
4.407844577916891285e+04 7.811107616250104067e-20 2.310078842281223131e-21
4.409640515305245208e+04 8.183467837005319016e-20 2.423340031893216290e-21
4.411436448568011110e+04 7.672364745272399660e-20 2.367206690076103456e-21
4.413232377701077348e+04 8.124520903551902233e-20 2.460999947437227711e-21
4.415028302697781328e+04 7.537685287670832100e-20 2.343994567759411701e-21
4.416824223553029151e+04 8.301877456168612676e-20 2.396798641051906752e-21
4.418620140260599146e+04 7.455018464258514262e-20 2.405986383459766131e-21
4.420416052815036528e+04 8.150110981705832433e-20 2.434136251458838571e-21
4.422211961210800655e+04 7.850776726389293910e-20 2.480860781559376873e-21
4.424007865442244656e+04 7.795412882513953291e-20 2.408422055973581718e-21
4.425803765503689647e+04 8.252264957322915733e-20 2.412159502718237377e-21
4.427599661389743414e+04 7.936410380948117722e-20 2.335018913991242406e-21
4.429395553094024945e+04 7.659650628966958705e-20 2.349307988587929093e-21
4.431191440612006409e+04 7.427671566165485319e-20 2.330486315587663574e-21
4.432987323937159817e+04 8.256216543844182115e-20 2.375753567788933241e-21
4.434783203064170084e+04 7.975843565041715350e-20 2.398941748537176305e-21
4.436579077987737401e+04 7.531279071718477546e-20 2.473157180351859557e-21
4.438374948701686662e+04 7.710782788258512564e-20 2.379454707024259771e-21
4.440170815200877405e+04 7.854193390586039635e-20 2.489651056905224425e-21
4.441966677478924248e+04 8.238014715874947163e-20 2.458750786157961923e-21
4.443804045385917561e+04 8.492188603976791182e-20 2.499803135551285797e-21
4.445599901475455408e+04 7.652559895929253182e-20 2.430675628218905078e-21
4.447395754092917923e+04 8.138351629225147810e-20 2.422861944160446833e-21
4.449191602475997206e+04 7.996758389522785674e-20 2.385793955156299544e-21
4.450987446610104962e+04 7.940293360662607550e-20 2.427063195649132467e-21
4.452783286489648162e+04 8.030723121335431963e-20 2.437344531490000020e-21
4.454579122109212040e+04 7.764114994036854680e-20 2.417300759698687556e-21
4.456374953462770645e+04 8.012621629208201336e-20 2.361744488011067480e-21
4.458170780545278831e+04 8.703481194119325678e-20 2.434790870923540471e-21
4.459966603350608057e+04 8.289607299210382076e-20 2.437218468513570569e-21
4.461762421873101994e+04 8.005557273347559780e-20 2.380669089063884818e-21
4.463558236108371057e+04 7.313777007898599620e-20 2.346438764230429836e-21
4.465354046049492172e+04 7.779663693561588041e-20 2.394553812881426488e-21
4.467149851691690856e+04 8.273448781926711924e-20 2.494634061971892284e-21
4.468945653029047389e+04 8.187504127026096566e-20 2.551610438510376442e-21
4.470741450055565656e+04 8.116491299227495692e-20 2.547288921069445647e-21
4.472537242766770942e+04 7.749289857052184781e-20 2.541410129956817039e-21
4.474333031156279321e+04 8.083430326717319574e-20 2.512726278544408598e-21
4.476128815219007811e+04 7.407750457906029193e-20 2.441594439183093093e-21
4.477924594948962476e+04 7.958694101428213353e-20 2.477465860118165599e-21
4.479720370341136004e+04 7.644766301133084987e-20 2.337863245835064608e-21
4.481516141389420227e+04 7.513197889701555165e-20 2.447904766476588686e-21
4.483311908088758355e+04 7.561098261793553301e-20 2.401955187858326928e-21
4.485107670433162275e+04 7.360428365011473705e-20 2.350621052918318745e-21
4.486903428417639225e+04 7.803822424004953274e-20 2.325696029411014828e-21
4.488699182036085404e+04 7.847280747693879245e-20 2.442308442705117971e-21
4.490494931283191545e+04 8.185279440730272795e-20 2.460347850479446846e-21
4.492290676153800450e+04 8.313574440607256290e-20 2.429940035867564237e-21
4.494086416641838878e+04 7.620845803681053199e-20 2.381054278009145228e-21
4.495882152742594189e+04 7.963959006945901530e-20 2.419766869674324438e-21
4.497677884449652629e+04 7.812157797855539555e-20 2.369414331825647850e-21
4.499473611757320759e+04 7.922704590283251904e-20 2.447297870852110330e-21
4.501269334661460016e+04 7.702658667758620106e-20 2.413289779462590649e-21
4.503065053154907218e+04 7.695139613929573589e-20 2.447440689056492867e-21
4.504860767233452498e+04 7.664087008061701000e-20 2.333437663045515935e-21
4.506656476891157217e+04 7.995001520185134231e-20 2.360073730875010775e-21
4.508452182122779050e+04 8.097231628484914635e-20 2.400016683247190269e-21
4.510247882912663772e+04 8.108193746120098853e-20 2.519230398034177405e-21
4.512043578513992543e+04 7.832640788930466002e-20 2.530224604635409478e-21
4.513880898686640285e+04 8.196685929656247353e-20 2.481480321754739079e-21
4.515676589185624471e+04 8.379074576554902731e-20 2.571409099869308111e-21
4.517472275230714149e+04 8.390986076796854883e-20 2.558710333477162919e-21
4.519267956815769139e+04 8.094451090118647145e-20 2.544989853113060990e-21
4.521063633936249971e+04 7.770814874604717951e-20 2.520608868559763210e-21
4.522859306585837476e+04 7.874460777118901070e-20 2.626326624389544658e-21
4.524654974759344623e+04 7.563828852167520196e-20 2.541174692900877135e-21
4.526450638450656697e+04 7.535032966322022297e-20 2.490809714630928623e-21
4.528246297656089882e+04 7.898574353426717000e-20 2.456919726543951708e-21
4.530041952367606427e+04 7.845654475058102932e-20 2.433805024226804150e-21
4.531837602582648105e+04 8.247844642984521420e-20 2.475300265629163965e-21
4.533633248293093493e+04 7.645022396010314372e-20 2.444078547227863233e-21
4.535428889495821204e+04 8.034829453921802802e-20 2.490220880135850663e-21
4.537224526183099806e+04 7.948893261207545593e-20 2.535710041327465752e-21
4.539020158351821010e+04 8.190253045233097714e-20 2.548778245487086283e-21
4.540815785993880127e+04 8.359144000817042670e-20 2.523777826439231912e-21
4.542611409106420615e+04 8.284570088622004261e-20 2.498239173930881525e-21
4.544407027682331682e+04 8.673276301056170699e-20 2.579878964746687832e-21
4.546202641717636288e+04 8.473048414329977310e-20 2.589561867044071914e-21
4.547998251204848930e+04 9.081009327612894609e-20 2.564629829136262917e-21
4.549793856140791468e+04 9.023879457778752680e-20 2.570418209247665558e-21
4.551589456517789949e+04 9.327274612469111370e-20 2.559945390213635043e-21
4.553385052332182386e+04 9.104937647141627286e-20 2.594962712290380310e-21
4.555180643577961018e+04 8.367725958745222993e-20 2.537839175932643330e-21
4.556976230249922082e+04 8.281722201729173774e-20 2.382903508127246984e-21
4.558771812341530313e+04 7.777522301785875412e-20 2.269718851368018055e-21
4.560567389849166648e+04 6.975617401757851465e-20 2.209117534159305065e-21
4.562362962765942939e+04 7.530250386021658643e-20 2.266800574934987168e-21
4.564158531087882875e+04 7.580754520718118827e-20 2.416097531448248799e-21
4.565954094807508955e+04 7.703048050460770588e-20 2.459441571260209030e-21
4.567749653921253048e+04 7.668718320346888921e-20 2.480755073951431459e-21
4.569545208423117583e+04 7.776849776867777728e-20 2.431716627014187676e-21
4.571340758307997021e+04 7.346864608762706470e-20 2.427834732449473412e-21
4.573136303569528536e+04 7.894939433739189583e-20 2.553215912318126285e-21
4.574931844203603396e+04 7.367599237900797307e-20 2.635537405740897638e-21
4.576727380203645589e+04 7.393736077632778410e-20 2.584128279090299852e-21
4.578522911565455433e+04 7.397261886989542474e-20 2.572707475370105387e-21
4.580318438282393618e+04 7.035686161588200868e-20 2.484529658199328125e-21
4.582113960350316484e+04 6.906142462681680700e-20 2.422988137736932144e-21
4.583909477762688039e+04 6.953421644786645785e-20 2.443716091047322511e-21
4.585704990515619284e+04 6.424581182412482257e-20 2.465663398292577085e-21
4.587500498601626168e+04 6.775281142053304323e-20 2.421064119246584062e-21
4.589296002017685532e+04 7.841457810633057648e-20 2.544425718515805760e-21
4.591091500756123423e+04 7.088201553230984193e-20 2.504634077350322400e-21
4.592886994814311038e+04 7.186294790442340595e-20 2.453603170676585416e-21
4.594682485132136935e+04 7.111950279021019670e-20 2.463560699797950842e-21
4.596477982457479811e+04 7.400520342613696242e-20 2.454640718784490043e-21
4.598273475086162944e+04 7.047807080352798282e-20 2.435160917633283854e-21
4.600068963011830783e+04 7.135914426094395566e-20 2.431479487164811523e-21
4.601864446227934241e+04 6.462150831207830557e-20 2.347317219719162968e-21
4.603659924730892817e+04 6.887955616914030993e-20 2.505686166718593792e-21
4.605455398514433909e+04 6.675021200637589872e-20 2.543747701347720300e-21
4.607250867572988500e+04 6.593540747164924712e-20 2.592569175047687213e-21
4.609046331901208032e+04 6.544372245387686366e-20 2.813808532542504884e-21
4.610841791494362406e+04 6.840609150199933682e-20 2.761036069913265303e-21
4.612637246347038308e+04 7.007798789968558476e-20 2.419980696397121654e-21
4.614432696453673270e+04 6.545408420034620349e-20 2.406329510021251299e-21
4.616228141808354121e+04 6.888364278059385847e-20 2.524209418221191964e-21
4.618023582406353671e+04 7.300143337538471284e-20 2.494333351057825983e-21
4.619819018243234314e+04 7.163390768491613120e-20 2.581478278740359530e-21
4.621614449312120269e+04 7.045715267063520921e-20 2.630965435956297300e-21
4.623409875608676521e+04 7.145561950302944533e-20 2.639747648063815922e-21
4.625205297126981895e+04 7.096077800173714141e-20 2.584503324096043296e-21
4.627000713862026168e+04 6.740886623020354828e-20 2.429396274986175567e-21
4.628796125808746001e+04 6.729456950180572765e-20 2.464653507443755983e-21
4.630591532961252233e+04 7.335058211270574076e-20 2.474981031366325236e-21
4.632386935314893344e+04 6.820640726155586296e-20 2.577024536432313507e-21
4.634182332863748161e+04 6.826247805434828015e-20 2.533840933344120571e-21
4.635977725602524879e+04 7.158518379855627775e-20 2.465446353374775652e-21
4.637773113526445377e+04 7.572767040166005944e-20 2.538783553089162474e-21
4.639568496630305162e+04 6.964658157358176061e-20 2.429533350561409301e-21
4.641363874908514845e+04 6.764413267408851298e-20 2.483079272694977482e-21
4.643159248355479212e+04 6.912760097030481873e-20 2.520917689490279048e-21
4.644954616966804315e+04 7.283380335452097039e-20 2.578667306529757598e-21
4.646749980735334248e+04 6.810750743297192770e-20 2.553966448976818830e-21
4.648545339657997829e+04 7.602216288824844804e-20 2.612085664138686382e-21
4.650340693728598853e+04 7.268546997385222306e-20 2.569643923345131395e-21
4.652136042941552296e+04 7.417029474556159221e-20 2.555291936691897088e-21
4.653931387292156433e+04 7.166617083324211281e-20 2.589718843544721290e-21
4.655726726774532290e+04 6.912615879416657391e-20 2.502504490485699185e-21
4.657522061384685367e+04 7.366880486106490838e-20 2.528379725828769970e-21
4.659317391114897327e+04 7.305181793695112520e-20 2.544909452300862183e-21
4.661112715962353832e+04 6.634358005833037164e-20 2.506320740605634452e-21
4.662908035920511611e+04 7.536885109026527872e-20 2.551105638931133624e-21
4.664703350984763529e+04 6.664936441481003261e-20 2.518025187058576480e-21
4.666498661149579129e+04 6.625436860408267765e-20 2.570107993588553964e-21
4.668293966409088171e+04 6.798090203994927968e-20 2.605732307977676810e-21
4.670089266759882594e+04 7.033626473034392371e-20 2.556988305497838083e-21
4.671884562193876627e+04 7.088719037292812893e-20 2.550381386084544637e-21
4.673679852708659018e+04 6.579008107695810686e-20 2.453451099075766373e-21
4.675475138297158992e+04 6.902716770008702112e-20 2.472588466351722878e-21
4.677270418955051719e+04 7.162054661453829532e-20 2.541348844385878251e-21
4.679065694676798012e+04 6.771088896810215051e-20 2.474932807973066317e-21
4.680860965456150007e+04 6.934171509078942862e-20 2.491818866248947247e-21
4.682656231290740106e+04 6.516289273607501711e-20 2.425347476522260403e-21
4.684451492171644350e+04 7.214417760354424213e-20 2.438814120863061634e-21
4.686246748096401279e+04 7.120686396780409234e-20 2.542707380299820662e-21
4.688041999059174123e+04 6.740388333074154828e-20 2.586240849485170906e-21
4.689837245053728111e+04 7.129297244075276515e-20 2.659540991926329057e-21
4.691632486076175701e+04 7.124571157976930670e-20 2.635550343900550485e-21
4.693427722119748796e+04 7.041662762404185992e-20 2.485827038612028255e-21
4.695222953181083722e+04 7.371622893988037155e-20 2.487061516323553988e-21
4.697018179252804839e+04 7.317271468305667666e-20 2.494496572098130574e-21
4.698813400332097808e+04 7.104798994909374065e-20 2.522485211776849327e-21
4.700608616412914125e+04 6.581207722660833664e-20 2.451356089664866481e-21
4.702403827488187380e+04 7.366083875731055337e-20 2.698434219537186432e-21
4.704199033555507776e+04 7.508700438701671071e-20 2.536096468809696283e-21
4.705994234608121769e+04 7.582792172931288031e-20 2.524457213182223086e-21
4.707789430641057697e+04 7.903633726996318065e-20 2.337755270287635855e-21
4.709584621649210021e+04 6.878627757388466295e-20 2.291516773067847260e-21
4.711379807626764523e+04 6.340078204338704725e-20 2.501039346929881670e-21
4.713174988570394635e+04 7.191102130101168833e-20 2.567713962931756529e-21
4.714970164472735632e+04 7.164405522398715042e-20 2.470872618009307999e-21
4.716765335329774098e+04 7.442316983421808287e-20 2.513077195151549091e-21
4.718560501136081439e+04 7.254469706040165350e-20 2.480041617951888659e-21
4.720355661885863810e+04 6.669176447000612523e-20 2.567765832047586645e-21
4.722150817575502151e+04 7.001252200520370486e-20 2.595596739351102005e-21
4.723945968198885384e+04 7.130537601443929756e-20 2.576486469500460960e-21
4.725741113750156364e+04 7.351437480841768182e-20 2.647437104088718500e-21
4.727536254225429730e+04 7.489291349853313571e-20 2.510662455701139282e-21
4.729331389618312824e+04 6.884283389342763199e-20 2.604924443812696298e-21
4.731126519924577588e+04 6.968391741896020715e-20 2.545544755101842793e-21
4.732921645139056636e+04 6.806842089532177811e-20 2.567503358616313870e-21
4.734716765255614155e+04 7.139388607211011802e-20 2.562421539960967088e-21
4.736511880270024994e+04 7.475405883695108953e-20 2.602337037367351605e-21
4.738306990176863474e+04 7.399993568229676948e-20 2.664253670391958232e-21
4.740102094970665348e+04 7.331617121217348230e-20 2.607329782771914135e-21
4.741897194647216384e+04 6.960456891740977591e-20 2.591511261262822467e-21
4.743692289200094092e+04 7.237911233678833093e-20 2.614837922751303631e-21
4.745487378625358542e+04 7.135423958093369885e-20 2.724599484540890682e-21
4.747282462917308294e+04 6.730076309947799646e-20 2.794390920809383202e-21
4.749077542069851916e+04 7.375996322118192078e-20 2.758357418267590715e-21
4.750872616079737782e+04 7.901540844968023090e-20 2.639610697760138707e-21
4.752667684940567415e+04 7.654562570702778749e-20 2.657334038792672158e-21
4.754462748647455010e+04 7.706143268901275458e-20 2.725336268771907188e-21
4.756257807195632631e+04 7.323266734981024003e-20 2.737891795823273547e-21
4.758052860579047410e+04 6.464214968298740853e-20 2.664297345465894828e-21
4.759847908793506213e+04 6.929535083450644538e-20 2.648643607224883637e-21
4.761642951834201085e+04 7.087001454417849864e-20 2.672643017923226235e-21
4.763437989694080170e+04 7.323185176650557465e-20 2.646275284355445377e-21
4.765233022369903483e+04 7.134168886309659767e-20 2.712268846332199865e-21
4.767028049856285361e+04 7.356764295773637939e-20 2.733914565765280592e-21
4.768823072147788480e+04 6.754307715555615170e-20 2.591398694735178995e-21
4.770618089238664106e+04 6.746627818513507562e-20 2.667333753351717813e-21
4.772413101124754758e+04 6.983982342269857327e-20 2.677209805635400440e-21
4.774208107800552534e+04 6.798143831989929312e-20 2.752834789826015723e-21
4.776003109261336067e+04 7.018206382237858909e-20 2.755202196306533600e-21
4.777798105501374812e+04 7.577443423454389990e-20 2.711389575305593293e-21
4.779593096515880461e+04 6.918523948826129212e-20 2.631196087666656032e-21
4.781388082300062524e+04 6.762927487311195600e-20 2.627196946435992281e-21
4.783183062847850670e+04 6.956495787826023959e-20 2.697199881773235223e-21
4.784978038155066315e+04 7.250324218685746712e-20 2.848540789360864778e-21
4.786773008216996095e+04 6.645710223294317962e-20 2.848117347744841536e-21
4.788567973027266999e+04 6.769274270970256819e-20 2.711092982162611679e-21
4.790362932581106725e+04 6.924596620170487306e-20 2.565403182143070438e-21
4.792157886874702672e+04 7.033960343223755288e-20 2.684757066031964339e-21
4.793952835901000799e+04 7.106541838625936636e-20 2.715069578059355267e-21
4.795747779656225612e+04 7.518290703944017286e-20 2.786875446347523870e-21
4.797542718135636824e+04 6.959984526181402364e-20 2.735861654937640898e-21
4.799337651333198301e+04 7.168774069214274895e-20 2.729189510949555597e-21
4.801132579243510554e+04 7.545025627108119419e-20 2.690609362712078603e-21
4.802927501862775534e+04 7.187657655817669276e-20 2.694577485059205634e-21
4.804722419185207400e+04 6.532320192046565942e-20 2.684158324531094100e-21
4.806517331205169467e+04 6.591652287311260467e-20 2.655377066892611144e-21
4.808312237918873871e+04 6.953403855226383901e-20 2.718083077773287831e-21
4.810107139320613351e+04 6.924925661044021519e-20 2.795802860037807854e-21
4.811902035405001516e+04 6.857352164462179447e-20 2.713413989302573175e-21
4.813696926167284255e+04 7.048168178489203819e-20 2.793355617820655618e-21
4.815491811602671805e+04 6.959895410828708899e-20 2.724461642447510152e-21
4.817286691705530393e+04 6.490831509696498169e-20 2.739641256706168073e-21
4.819081566471121914e+04 7.439321742761938053e-20 2.727651418226630945e-21
4.820876435894714814e+04 7.051048812701146176e-20 2.900463922342478446e-21
4.822671299970932159e+04 6.635756097544605288e-20 2.777179455172984273e-21
4.824466158694383921e+04 7.556613030004092328e-20 2.924743760168570027e-21
4.826261012060952635e+04 7.642945543124140661e-20 2.694108814069949850e-21
4.828055860062898864e+04 7.103475864926024102e-20 2.775199956746462448e-21
4.829850693222010159e+04 7.204772605098369465e-20 2.875141753831073653e-21
4.831645468617394363e+04 6.905811707741539987e-20 2.770537506652368644e-21
4.833440238635369315e+04 7.376615631816040786e-20 2.794774267820532787e-21
4.835235003271201276e+04 6.602323048349624807e-20 2.763109594818522401e-21
4.837029762520149234e+04 6.915530138575675292e-20 2.706696063779613517e-21
4.838824516376589600e+04 6.398257001180204695e-20 2.754119030278634221e-21
4.840619264836455113e+04 6.687451719109801774e-20 3.091132893126105298e-21
4.842414007893430244e+04 7.524016298429789375e-20 3.218906553854497815e-21
4.844208745543131226e+04 7.962640484124852858e-20 3.106787444923457033e-21
4.846003477780841058e+04 7.972018818331616534e-20 2.729431469159527757e-21
4.847798204601176258e+04 7.624187507542729874e-20 2.827367309292593571e-21
4.849592925999173895e+04 7.016874330845518462e-20 2.928546842143901806e-21
4.851387641969489050e+04 7.058909373335569258e-20 2.951519292690403092e-21
4.853182352507756877e+04 7.172708941194824369e-20 2.760326682842172063e-21
4.854977057608633186e+04 7.007586771757252007e-20 2.805140919598526712e-21
4.856771757267106295e+04 7.039487626992084247e-20 2.780030017215564898e-21
4.858566451477777446e+04 7.433114825823972048e-20 2.865038638035947472e-21
4.860361140236681968e+04 6.736697554360241381e-20 2.807990007703904530e-21
4.862155823537513061e+04 7.387068132501572365e-20 2.806203068596057269e-21
4.863950501375913882e+04 6.504440000061773149e-20 2.756907202691445929e-21
4.865745173747537046e+04 6.940052768941963205e-20 2.780597039641392557e-21
4.867539840646076482e+04 7.603456446698144020e-20 2.880192312868994560e-21
4.869334502067458379e+04 6.477750978610599031e-20 2.829612059716953659e-21
4.871129158006725629e+04 6.724099709405767223e-20 2.802446041140470879e-21
4.872923808457925043e+04 7.237235038935341820e-20 2.860779433603800839e-21
4.874718453417040291e+04 6.936045336604661505e-20 2.821588422565171719e-21
4.876513092878425959e+04 7.577921677320280177e-20 2.839607895060832427e-21
4.878307726837747759e+04 7.423874449628717537e-20 2.952966914199067404e-21
4.880102355289991101e+04 8.012795475427913813e-20 3.072365871724572924e-21
4.881896978229181695e+04 6.914398699566954207e-20 2.912929070290157586e-21
4.883691595651357056e+04 6.930395730021572398e-20 2.901583031660327709e-21
4.885486207551209372e+04 7.575234491404343170e-20 2.932894326632327428e-21
4.887280813923758978e+04 6.762768968375192919e-20 3.051778428168627062e-21
4.889075414764030575e+04 8.189756498749502585e-20 3.014110525207647922e-21
4.890870010067047406e+04 7.065300912088010881e-20 2.944126663000180229e-21
4.892664599827445636e+04 7.596679523924605922e-20 2.905299753949692511e-21
4.894459184041629487e+04 7.223525108091560834e-20 2.855520134782972594e-21
4.896253762702663516e+04 7.029629122580443787e-20 2.752483753178920079e-21
4.898048335806887189e+04 8.008824556123595699e-20 2.906810671561092245e-21
4.899885164774744044e+04 8.047673815109216296e-20 2.842446118853538308e-21
4.901679729031313764e+04 7.859497063173432788e-20 2.810914835659885668e-21
4.903474288379208883e+04 7.617042275711635620e-20 2.746262277411084129e-21
4.905268842158145708e+04 7.066386328368016359e-20 2.878344973912691586e-21
4.907063390354211879e+04 6.927465793419997703e-20 2.878425998383261741e-21
4.908857932963721396e+04 7.718610092046926849e-20 3.052180076865112904e-21
4.910652469980459136e+04 7.424635844396176350e-20 3.000538246463600402e-21
4.912447001400737645e+04 7.738013799597478192e-20 3.033700218126696576e-21
4.914241527218659758e+04 7.657909807191747146e-20 2.992711387303117122e-21
4.916036047429569589e+04 8.084404303697421554e-20 3.012840451001122428e-21
4.917830562028811983e+04 7.588654884416708307e-20 2.899849742108688366e-21
4.919625071010546526e+04 7.318224511790294500e-20 2.856740338888742832e-21
4.921419574371405179e+04 8.013642293725675680e-20 2.924214415271043242e-21
4.923214072104224761e+04 7.179702191710421346e-20 2.917559313478457008e-21
4.925008564205973380e+04 7.557439241444236044e-20 3.009746129613331300e-21
4.926803050671098026e+04 7.113898177050915635e-20 2.979961124422639182e-21
4.928597531495260046e+04 7.904936344096733826e-20 3.045438624104521199e-21
4.930392006672239222e+04 7.559615048139034535e-20 2.987877214085747380e-21
4.932186476197768206e+04 6.920084273827542439e-20 2.925664445848391523e-21
4.933980940066614858e+04 7.480874548189478077e-20 2.869514232091394322e-21
4.935775398275128100e+04 7.820344208219291755e-20 2.971962242121230423e-21
4.937569850816785038e+04 7.354054989100866709e-20 3.123007408646594081e-21
4.939364297687602811e+04 7.087352173483829147e-20 3.012187382109905691e-21
4.941158738881682802e+04 7.329617997914242914e-20 3.070938515669848734e-21
4.942953174394734378e+04 6.958020106236386313e-20 3.003939059438349063e-21
4.944747604222848895e+04 7.375543116715544602e-20 3.151893661369982383e-21
4.946542028359500546e+04 7.324734885028235449e-20 3.232430833044843997e-21
4.948336446800725389e+04 7.548373063898876857e-20 3.031464986133411608e-21
4.950130859540969686e+04 7.129949898780198616e-20 3.031259524120846766e-21
4.951925266575326532e+04 7.643019270875978848e-20 3.002796747776118099e-21
4.953719667900161585e+04 7.626878154045394354e-20 3.148843553422511398e-21
4.955514063509245170e+04 7.758338198929907732e-20 3.206920813300679054e-21
4.957308453397384437e+04 7.119747819957234744e-20 2.978628754646584547e-21
4.959102837560963962e+04 7.058800102519803276e-20 3.095834600677889561e-21
4.960897215993810823e+04 7.482286600144633940e-20 3.166506814803873085e-21
4.962691588692623918e+04 7.071075579159334618e-20 3.074705531459869173e-21
4.964485955651215045e+04 7.137095953625994538e-20 3.081568732682420512e-21
4.966280316864670749e+04 7.530324194485216068e-20 3.100946876922922900e-21
4.968074672328377346e+04 7.599998422030389305e-20 3.100590220977630719e-21
4.969869022037165996e+04 6.454537797013156370e-20 2.991813895551129123e-21
4.971663365987446014e+04 6.853495398108845486e-20 3.214824574593944783e-21
4.973457704173036473e+04 6.762217245199011286e-20 3.047804082238180816e-21
4.975252036589352792e+04 7.120983971831067739e-20 3.088608448289402153e-21
4.977046363231194118e+04 7.622552841864407830e-20 3.118362159558074568e-21
4.978840684094313474e+04 7.762046529781638606e-20 3.111289341710052992e-21
4.980634999173163669e+04 7.140760150735794888e-20 3.104311305104433030e-21
4.982429308463170310e+04 7.964201531739805858e-20 3.168771593739612277e-21
4.984223611959825212e+04 8.128090766082425567e-20 3.176301313414192862e-21
4.986017909658233839e+04 7.472832139716725901e-20 3.133334543082932497e-21
4.987812201552542683e+04 7.249204427543358488e-20 3.132863343448919637e-21
4.989606487638199178e+04 7.191571113617580468e-20 3.172540416959137751e-21
4.991400767911317962e+04 6.988006647498219944e-20 3.181460038844207473e-21
4.993195042366698908e+04 7.497135291475371844e-20 3.205990739178249838e-21
4.994989310998447036e+04 7.145429531807718315e-20 3.145041646527625903e-21
4.996783573802691535e+04 7.442041675490550409e-20 3.157654457561655474e-21
4.998577830774264294e+04 7.151774647230593846e-20 3.076618983469516022e-21
5.000372081908606924e+04 7.611463664056814688e-20 3.170439706027253474e-21
5.002166327199240186e+04 7.379387505725390033e-20 3.010862733840917975e-21
5.003960566643904167e+04 8.145233224262005973e-20 3.213474851411421396e-21
5.005754800236444134e+04 8.153327803577162840e-20 3.169735664262152908e-21
5.007549027971322357e+04 7.557189812120840384e-20 3.192229305970835385e-21
5.009343249844304955e+04 6.612340150707009190e-20 3.139772568959900798e-21
5.011137465850572335e+04 7.412524178375473437e-20 3.103374879680021934e-21
5.012931675986254413e+04 7.245927027261770591e-20 3.109150032362743600e-21
5.014725880244207656e+04 7.148731286803293172e-20 3.171846397617659201e-21
5.016520078621212451e+04 7.557898118969687966e-20 3.246399774923506096e-21
5.018314271112764254e+04 6.623719551864019074e-20 3.224704408029024264e-21
5.020108457713345706e+04 7.791516701966473755e-20 3.312959345838741249e-21
5.021902638417443814e+04 6.340695743620537322e-20 2.961830688952545405e-21
5.023696813212971756e+04 6.945711392219591703e-20 3.009531059695619638e-21
5.025490981458807801e+04 6.394542019515118073e-20 3.017111301109044464e-21
5.027327614826972422e+04 7.107638460295219522e-20 3.126787911373329176e-21
5.029121774833182280e+04 6.787278621389182881e-20 3.054960531555229912e-21
5.030915928919101134e+04 6.552451513342769162e-20 2.984229471783822097e-21
5.032710077079889015e+04 6.637976835576243952e-20 2.997668637366052695e-21
5.034504219311052293e+04 7.095807357409012270e-20 3.031873119789284278e-21
5.036298355606730183e+04 7.032974299639767396e-20 3.127939928143019438e-21
5.038092485963115905e+04 6.876642287599264651e-20 2.966159404078727218e-21
5.039886610374988959e+04 7.231368127211269858e-20 2.986570175025405001e-21
5.041680728837561037e+04 6.842144084217095731e-20 2.875791421889815197e-21
5.043474841346350877e+04 7.103177621165769035e-20 2.986114651480834717e-21
5.045268947895503516e+04 6.837894951987678920e-20 3.022567410612423087e-21
5.047063048481222359e+04 6.806197274550012863e-20 2.893018065451825441e-21
5.048857143098339293e+04 7.020683904464931891e-20 3.066620283533828268e-21
5.050651231742373056e+04 6.807942374652359596e-20 3.005626793155356183e-21
5.052445314407819387e+04 7.433582023365400664e-20 3.078413199765767886e-21
5.054239391089844867e+04 7.148300651769509981e-20 2.997701560698260770e-21
5.056033461784631800e+04 7.581571797956466569e-20 2.999397554946154478e-21
5.057827526486376155e+04 7.169027988207015862e-20 3.090411723180947814e-21
5.059621585190606856e+04 6.864268009696023204e-20 2.961998369487794654e-21
5.061415637892507220e+04 7.039599700019675298e-20 2.982349493797834918e-21
5.063209684587446100e+04 6.868664651104671994e-20 3.032340037953630124e-21
5.065003724688666989e+04 6.541949671326726957e-20 2.977840806282163042e-21
5.066797756801985088e+04 6.272774083096394652e-20 3.038016884907975719e-21
5.068591782892679475e+04 6.699793736148338007e-20 2.906776590967530679e-21
5.070385802957691340e+04 8.004777566450675777e-20 3.073325060498037718e-21
5.072179816991168627e+04 6.764064776332708966e-20 3.024289575343427151e-21
5.073973824988339766e+04 6.463913329758621452e-20 2.967920065813648418e-21
5.075767826945437264e+04 6.481407434336367875e-20 3.020901324306243716e-21
5.077561822856622894e+04 7.329119355068914181e-20 3.214349553424555292e-21
5.079355812717790104e+04 7.035489519863927785e-20 3.147966202155451413e-21
5.081149796523449913e+04 6.994912911559373098e-20 3.175220632542842604e-21
5.082943774269491405e+04 6.401562620387409376e-20 3.051144807303854603e-21
5.084737745950087992e+04 6.943814322247130463e-20 3.071104529120519921e-21
5.086531711561822885e+04 7.233280825100415574e-20 3.135415357704196726e-21
5.088325671098822932e+04 7.154743257086879254e-20 3.111149928327826889e-21
5.090119624556690542e+04 7.665823924337540847e-20 3.259482441375050180e-21
5.091913571930980106e+04 7.499504264481021304e-20 3.135632012355933462e-21
5.093707513216209918e+04 7.238202822839976458e-20 3.154753968930631449e-21
5.095501448408287251e+04 6.843514653909478578e-20 3.147009953082437852e-21
5.097295377501728217e+04 7.151759238940432528e-20 3.135210541338126106e-21
5.099089300492448092e+04 7.667563696684681658e-20 3.120010122578998219e-21
5.100883217375312961e+04 6.957459370187020854e-20 3.075596990557388241e-21
5.102677128144845483e+04 7.022590631213526574e-20 3.090828453616789937e-21
5.104471032797636872e+04 7.572918415012331524e-20 3.183292069751680581e-21
5.106264931328206876e+04 6.716261954101481729e-20 3.105972672040698894e-21
5.108058823731803568e+04 6.891052188260673336e-20 3.142937867169465296e-21
5.109852710003648826e+04 7.168777638662496453e-20 3.076869318385491447e-21
5.111646590138272586e+04 6.803338613620324430e-20 3.064532453676935862e-21
5.113440464132294437e+04 6.763589173916208633e-20 3.088699788380743899e-21
5.115234331980237766e+04 7.329228950186549043e-20 3.113364977280575114e-21
5.117028193676992669e+04 7.321914278914698650e-20 3.223293632727204684e-21
5.118822049218479515e+04 6.736853325663800281e-20 3.132131743306870451e-21
5.120615898598887725e+04 7.695461025392108817e-20 3.228743397829982175e-21
5.122409741815168672e+04 7.783961826053380412e-20 3.194475786673227379e-21
5.124203578860462585e+04 6.848628857566478881e-20 3.085859605769612394e-21
5.125997409732119559e+04 7.538550536346093753e-20 3.214991785428839404e-21
5.127791234423632704e+04 6.620825356634005204e-20 3.083926572702100727e-21
5.129585052931285463e+04 6.568049971495206527e-20 3.157002578390474364e-21
5.131378865249968658e+04 6.713751172548661630e-20 3.075949535250956617e-21
5.133172671374921629e+04 7.293782867559617757e-20 3.262997496353813607e-21
5.134966471301388810e+04 7.230309727658127400e-20 3.185600231925800143e-21
5.136760265024255932e+04 7.414142298523009084e-20 3.327160614593464323e-21
5.138554052539470285e+04 7.105695786609427970e-20 3.202231329069052447e-21
5.140347833841574902e+04 7.496081014336739896e-20 3.260935875501160484e-21
5.142141608926830668e+04 6.755144986799558548e-20 3.196183485372197077e-21
5.143935377789117774e+04 7.317310490217338260e-20 3.175508085590442518e-21
5.145729140425091464e+04 7.618026727005644432e-20 3.211755114410437865e-21
5.147522896828597004e+04 7.655124837799003929e-20 3.237494188664244483e-21
5.149316646996288910e+04 7.426574695669448069e-20 3.211844289342406557e-21
5.151110390922016813e+04 6.967070271730114709e-20 3.114630183045271200e-21
5.152904128601735283e+04 6.853100742330088262e-20 3.176400509815876110e-21
5.154697860031048913e+04 7.149693766892339245e-20 3.194467961780617923e-21
5.156491585204862349e+04 7.181281903664648777e-20 3.244063572295332231e-21
5.158285304118786735e+04 8.139262695166582853e-20 3.321212047694673288e-21
5.160079016767023131e+04 7.923417495572734337e-20 3.391679175833995416e-21
5.161872723145846248e+04 8.539586333130919003e-20 3.513989273232645121e-21
5.163666423250205844e+04 7.875772788697036227e-20 3.424992653783418022e-21
5.165460117075359449e+04 7.804253260108143404e-20 3.353954629014013713e-21
5.167253804616574780e+04 6.941714841164605050e-20 3.260396570790502332e-21
5.169047485869468801e+04 7.922685469920976814e-20 3.322926311657891612e-21
5.170841160828244028e+04 7.269315872840645811e-20 3.212522891704573067e-21
5.172634829489229014e+04 7.278671211008235373e-20 3.239968926971205915e-21
5.174428491847687110e+04 7.654690348266989700e-20 3.137954876442061701e-21
5.176222147898183903e+04 7.120613272270291010e-20 3.163682171743007599e-21
5.178015797636339266e+04 6.924292499575404826e-20 3.178789950797262445e-21
5.179809441057424556e+04 6.700147039139837736e-20 3.200956117741505087e-21
5.181603078156702395e+04 6.673369048490150938e-20 3.234136564684134474e-21
5.183396708929433225e+04 6.831670666601810516e-20 3.089604528843345918e-21
5.185190333370910957e+04 6.853750404998062743e-20 3.220827391874141920e-21
5.186983951476416405e+04 7.375959443073178695e-20 3.273522356130336649e-21
5.188777563241218741e+04 6.267760487901390089e-20 3.239447366191536496e-21
5.190571168660604599e+04 7.016125008120614037e-20 3.256618322601645617e-21
5.192364767729845335e+04 6.817362819345534858e-20 3.167978520836604389e-21
5.194158360444222490e+04 7.763954360956312680e-20 3.242427577710662893e-21
5.195951946799019061e+04 7.088110010386466126e-20 3.241610420904744432e-21
5.197745526789512951e+04 6.639598643801848030e-20 3.263698736772086686e-21
5.199539100411342224e+04 6.902917103279674753e-20 3.318901680986380286e-21
5.201332667658725404e+04 6.604590472594664924e-20 4.878726411766915276e-21
