1.699526553158719616e+04 3.752143103344990353e-20 1.103847220208012994e-20
1.700593160024765530e+04 4.808671837951736449e-20 9.077303034498662334e-21
1.701659766955189843e+04 5.722087854199121963e-20 9.108553768729428218e-21
1.702726373944805164e+04 4.306501046087241769e-20 9.213949381289405418e-21
1.703792980988557611e+04 4.086554712049280260e-20 9.253008415810797622e-21
1.704859588081356924e+04 3.330150494951555408e-20 8.974422247771853111e-21
1.705926195218062639e+04 2.812339720973912465e-20 8.545257800405503432e-21
1.706992802393681632e+04 4.063428574653474413e-20 9.587766866971836235e-21
1.708059409603004679e+04 4.467604001483146844e-20 8.942679628961385825e-21
1.709126016841080127e+04 3.725965894172197771e-20 8.426423782416459128e-21
1.710192624102729678e+04 4.157079168959705348e-20 8.234370924191506784e-21
1.711259231382946018e+04 1.904620543283463951e-20 7.899293214298690249e-21
1.712325838676634885e+04 3.650876975667056660e-20 8.567609688527639807e-21
1.713392445978721662e+04 1.396734981512352922e-20 7.970156085356593757e-21
1.714459053284180845e+04 2.353389335100784238e-20 7.515465979065261457e-21
1.715525660587884704e+04 3.476959875793814141e-20 7.726656092744988408e-21
1.716592267884874673e+04 2.381055204212910349e-20 8.663994184748940261e-21
1.717658875169975363e+04 2.513535111768564876e-20 8.843502281366587293e-21
1.718725482438254403e+04 1.758542387985373846e-20 8.788075701027622346e-21
1.719792089684582243e+04 2.001980559759177267e-20 8.754065642370960540e-21
1.720858696903966847e+04 1.835717830270252122e-20 8.326230325242495104e-21
1.721925304091348153e+04 2.271588749625488541e-20 9.581888949812054832e-21
1.722991911241687558e+04 3.134340467836343468e-20 9.521845555044136942e-21
1.724058518349981387e+04 4.781068455382424202e-20 8.955158589069633520e-21
1.725125125411133558e+04 2.993744498933888933e-20 7.696429250593656445e-21
1.726191732420218614e+04 3.977834435482259168e-20 8.573717533263014836e-21
1.727258339372081900e+04 2.865661298496473632e-20 8.211125213461181643e-21
1.728324946261840887e+04 1.449582091574626524e-20 8.193090653154527563e-21
1.729391553084383486e+04 2.869611431946782341e-20 8.349539537163019115e-21
1.730458159834750768e+04 5.834564851024875110e-21 8.182104929862461983e-21
1.731524766507905224e+04 3.375833201115242939e-20 7.922132477404692692e-21
1.732591373098830809e+04 1.413230026792454458e-20 8.600176954544387698e-21
1.733657979602579871e+04 6.871460607548402935e-21 8.220178463213923994e-21
1.734724586014082888e+04 2.482958716983856702e-20 8.179884933673375181e-21
1.735791192328407851e+04 6.951483767715424057e-20 8.765334631933622280e-21
1.736857798540491785e+04 1.064271404301620657e-19 9.288321122276260303e-21
1.737924404645425238e+04 7.356183333948781403e-20 9.270719076343112563e-21
1.738991010638128500e+04 2.231303659343045314e-20 8.928498057563908104e-21
1.740057616513737958e+04 1.420482716679107686e-20 8.240350087762491353e-21
1.741124222267145888e+04 6.528309644593049018e-21 7.921659044484501755e-21
1.742190827893482492e+04 2.852070140397330314e-21 7.302306140230186772e-21
1.743257433387710262e+04 4.063117658320136160e-20 8.296111836029633228e-21
1.744324038744847712e+04 3.048223233594558471e-20 7.329843113759833048e-21
1.745390643960038506e+04 3.361858517762395372e-20 8.480713731141736282e-21
1.746457249028162187e+04 1.908368162759263235e-20 8.301752184095188981e-21
1.747523853944411530e+04 9.708186638255939088e-21 7.887282221657799940e-21
1.748590458703685363e+04 6.688525385201304957e-21 7.480490422850570740e-21
1.749657063301132075e+04 1.873447469173728127e-20 8.025694796250515897e-21
1.750723667731774185e+04 2.140172489252039446e-20 7.095075379549336617e-21
1.751790271990662222e+04 5.418699552379380718e-21 7.030271598168028527e-21
1.752856876072815430e+04 2.157094599534701652e-20 8.042486058962510066e-21
1.753923479973398935e+04 2.956869944073543716e-20 8.085319657781840702e-21
1.755014614358623294e+04 2.981674239015072025e-20 7.871205610969825968e-21
1.756081221261470637e+04 3.009872381666089866e-20 6.854718489646673935e-21
1.757147826950601666e+04 3.317877481205593553e-21 7.523863058637896398e-21
1.758214432425880295e+04 2.885016959210414760e-20 7.047442643292716992e-21
1.759281037694566476e+04 3.099848574793878645e-20 7.707752216443479992e-21
1.760347642751618332e+04 2.688612897494555598e-20 6.598567393128030466e-21
1.761414247592206084e+04 4.260276531750336651e-22 6.960330929217735723e-21
1.762480852211415549e+04 1.948597477275446422e-20 7.406910384652102117e-21
1.763547456604316176e+04 3.453399450826011798e-20 7.693801855562312920e-21
1.764614060765991962e+04 3.526197660272917954e-20 7.059158170472019514e-21
1.765680664691533821e+04 2.841264313208621025e-20 7.658873371242242549e-21
1.766747268376025022e+04 1.797433063541043354e-20 7.335827952065478578e-21
1.767813871814698359e+04 5.835410299335917787e-21 7.011998167683303523e-21
1.768880475002441744e+04 1.713629469553319353e-20 7.692206125779992554e-21
1.769947077946499121e+04 3.186119374506725108e-20 7.665715933881133677e-21
1.771038247553545443e+04 4.165010600561978285e-20 7.647017433187466561e-21
1.772104852305605164e+04 2.379222296407815466e-20 7.659368022446497196e-21
1.773171456786945055e+04 3.616283043361203086e-20 7.776166735960820099e-21
1.774238060992653845e+04 2.412071021216497903e-20 7.482638542144886316e-21
1.775304664920598952e+04 2.070931107940057869e-20 7.623667389800310710e-21
1.776371274247365727e+04 -8.874837831467656846e-22 7.490312511006571764e-21
1.777437884387061422e+04 9.834425563082322288e-21 7.258322104621242024e-21
1.778504494231757053e+04 2.266066708367910256e-20 7.301564717838895618e-21
1.779571103776448945e+04 2.935666155238197069e-20 7.048924107156480391e-21
1.780637713016286216e+04 2.442671384328518945e-20 6.200271897971101016e-21
1.781704321946622804e+04 1.725604600791748114e-20 6.867363985933416188e-21
1.782770930562309877e+04 3.204713858227154495e-20 6.852729076805980282e-21
1.783837538858768312e+04 3.447495031432512094e-20 7.093496740963375372e-21
1.784904146830939499e+04 1.501238969393398688e-20 6.866982820947645016e-21
1.785970754474071873e+04 2.691384380040490255e-20 6.993228157418281140e-21
1.787037361783354208e+04 3.274759036740102402e-20 7.287582377230391478e-21
1.788103968753909430e+04 2.322705145907921284e-20 6.953314864618180716e-21
1.789170575380863374e+04 3.448405937502701065e-20 6.850729850778843549e-21
1.790237181659559428e+04 3.073325871790991387e-20 6.849840833261889886e-21
1.791303787584895326e+04 2.603682149178803410e-20 6.845679505370755824e-21
1.792370393152295219e+04 1.330270410273619192e-20 6.797853553531478882e-21
1.793436998356817639e+04 1.226122938146879794e-20 6.840923577305643866e-21
1.794503603193616436e+04 2.213099870509412784e-20 6.629448887955134694e-21
1.795570207658043364e+04 7.609736312667750561e-21 6.284110334608215990e-21
1.796636811745072555e+04 2.211415710387915436e-20 6.719182621348351836e-21
1.797703415450033935e+04 3.211126535799943193e-20 7.234415041408986276e-21
1.798770018768137379e+04 6.323749129523137926e-21 6.883096131024201452e-21
1.799836621694429050e+04 1.137851517762571862e-20 6.525722349253160250e-21
1.800903224224271980e+04 5.082184848417289348e-21 6.528339433485714206e-21
1.801969826352832024e+04 1.843738640541344508e-20 6.666030552414087404e-21
1.803036428075231743e+04 1.815766202520871738e-20 6.419654339109596778e-21
1.804103029386837807e+04 2.740548035098536987e-20 7.062894893934157390e-21
1.805169630282677099e+04 1.293684563234842832e-20 6.988608670520724419e-21
1.806236230758104284e+04 2.208824437628317209e-20 6.814264689063189256e-21
1.807302830808355066e+04 2.802722095389141229e-20 6.458393591139013256e-21
1.808369430428525084e+04 2.701986927293554310e-20 6.447738359350804839e-21
1.809436029613940627e+04 1.242115066010112862e-20 6.718924211877095424e-21
1.810502628359801383e+04 2.423983319330977390e-20 6.854734508682569599e-21
1.811569226661280118e+04 2.035345803171984782e-20 6.370984412916083827e-21
1.812635824513784974e+04 3.923182504669383058e-20 6.842107505741823632e-21
1.813702421912332647e+04 2.826834388762362486e-20 6.923716452132306360e-21
1.814769018852394947e+04 1.567555114996458308e-20 7.012177052824444107e-21
1.815835615329007123e+04 3.767025619527152524e-20 6.590776744399122228e-21
1.816902211337560948e+04 2.685028926916374024e-20 6.635965418797760433e-21
1.817968806873237190e+04 2.795556363217611766e-20 7.130032242884031733e-21
1.819035401931378874e+04 1.425211938420986181e-20 6.818989978321176217e-21
1.820101996507071453e+04 -5.449946639280880009e-21 6.458481589226546711e-21
1.821168590595813293e+04 2.807424259220051814e-20 7.728396368600248310e-21
1.822235184192609449e+04 3.153051521605716266e-20 8.293624234257535852e-21
1.823301777292914267e+04 4.561036687574984987e-20 7.048092095585126945e-21
1.824368369891909242e+04 2.766395167467185735e-20 6.990230271373406715e-21
1.825434961984952679e+04 2.522385867287077485e-20 6.336217295443659739e-21
1.826501553567191877e+04 2.800267276581486810e-20 7.030814278847503714e-21
1.827568144634131022e+04 3.629314489855010200e-20 7.412213629134884320e-21
1.828634735180758798e+04 5.014300752001519309e-20 7.257015213567857160e-21
1.829701325202553926e+04 4.202835250154645668e-20 6.943617680336039166e-21
1.830767914694761566e+04 2.926304867131432378e-20 6.838268278983521322e-21
1.831834503652693456e+04 1.199854067468160492e-20 7.470607592977285676e-21
1.832901092071601670e+04 3.067815239369794287e-20 6.641502074860095466e-21
1.833967679946851786e+04 3.023000570491272318e-20 6.503139996628305434e-21
1.835034267273548539e+04 3.875191143222046389e-20 6.450315140330641517e-21
1.836100854047349640e+04 5.158084657035215602e-20 6.081378890689467595e-21
1.837167440263207754e+04 1.404103789623571634e-19 7.868101414678980117e-21
1.838234025916631799e+04 1.655771698661413727e-19 8.580489209755939441e-21
1.839300611002922597e+04 7.125434435876651402e-20 7.352124909143857190e-21
1.840367195517330038e+04 2.676514861603579002e-20 7.020655878939251323e-21
1.841433779455158947e+04 3.185416199059226904e-20 6.898371006130835440e-21
1.842500362811882951e+04 1.735227438334150975e-20 6.156733273242972383e-21
1.843566945582677363e+04 2.299356563122321040e-20 6.398774423783695127e-21
1.844633527762912854e+04 1.335728371519665894e-20 6.310213218844381534e-21
1.845700109347905527e+04 5.544921142423378151e-21 5.897205137354066246e-21
1.846766690333064253e+04 2.567402914217707776e-20 6.629987752365892938e-21
1.847833270713593083e+04 6.325399448834111540e-20 6.788560773462744361e-21
1.848899850485058778e+04 4.945197306561919755e-20 6.493887975453409143e-21
1.849966429642458388e+04 2.418570835683424619e-20 6.033059995311643619e-21
1.851033008181519472e+04 2.546253552699275770e-20 6.200518178517154133e-21
1.852099586097416250e+04 4.330199104717209624e-20 6.629724342570315885e-21
1.853166163385385153e+04 1.402198593474521026e-20 6.372386941356239899e-21
1.854232740040952922e+04 2.409727153094215194e-20 5.672831044727866921e-21
1.855299316059463672e+04 1.901380095259669416e-20 6.366662596688109530e-21
1.856365891436110178e+04 1.556828396893819167e-20 6.327110216362465163e-21
1.857432466166584345e+04 2.145229642755689931e-20 6.149553149505176591e-21
1.858499040245891229e+04 2.556358187166241772e-20 6.663135407297144126e-21
1.859565613669704908e+04 3.555639370543830157e-20 6.528708879044588413e-21
1.860632186433133393e+04 2.888992727852783263e-20 6.298382662821922792e-21
1.861698758531751082e+04 1.469628924748293561e-20 6.011723749300091747e-21
1.862765329960877352e+04 2.426989930738428572e-20 5.964370633387588875e-21
1.863856665513289772e+04 1.025070688236166698e-20 6.418978794443888956e-21
1.864923238911656517e+04 1.887737313946358328e-20 6.200629489572518740e-21
1.865989810631539513e+04 2.296127120589640739e-20 6.041030084534111545e-21
1.867056381651173069e+04 3.784099427480656616e-20 5.821970851552601153e-21
1.868122951977968478e+04 2.005939640580060862e-20 5.954810108169428847e-21
1.869189521607308416e+04 3.774946713965405164e-20 6.189009878313583750e-21
1.870256090534472969e+04 3.297612637559035685e-20 6.754881984531773205e-21
1.871322658755063094e+04 1.216105172178948087e-20 6.472475343030416213e-21
1.872389226264344688e+04 1.762324406786826364e-20 6.067670226583842998e-21
1.873455793057752453e+04 8.869071166292811388e-21 6.217457110858860014e-21
1.874522359130795303e+04 2.949538524466434514e-20 5.681654770455352158e-21
1.875588924478738409e+04 1.028345026771276109e-20 5.458986023014394322e-21
1.876655489097041936e+04 2.245730431169152240e-20 5.914969854469001966e-21
1.877722052981165689e+04 1.660188857717207057e-20 5.875139519283818376e-21
1.878788616126623674e+04 1.302974044404968758e-20 6.299273670106649468e-21
1.879855178540548150e+04 1.472807762405421960e-20 5.720957220588678520e-21
1.880946543006610955e+04 2.087265227301772253e-20 6.060082223824881353e-21
1.882013106218428584e+04 1.710688987914040330e-20 6.100753673321034444e-21
1.883079668672759726e+04 1.054052840154234334e-20 5.759042208246712678e-21
1.884146230365371594e+04 2.089617147648926197e-20 6.030879480487495276e-21
1.885212791291252506e+04 2.034059365925772363e-20 6.328328353424550486e-21
1.886279351446289729e+04 2.720879808301080997e-20 5.844610370324077134e-21
1.887345910825650208e+04 2.931858692647669052e-20 6.156839397711343741e-21
1.888412469424945084e+04 2.092129709768181479e-20 5.851049548666337964e-21
1.889479027239560673e+04 2.625859298010657500e-20 5.871987471864608771e-21
1.890545584264971330e+04 2.738946202466419202e-20 5.866844649092954524e-21
1.891612140496600477e+04 2.704009181349692438e-20 6.022146012905241290e-21
1.892678695929934111e+04 2.265118940372415035e-20 6.140613613880013793e-21
1.893745250560471686e+04 3.598568241013667988e-20 6.243599316801557277e-21
1.894811804383711205e+04 2.675264822752393337e-20 6.137689323931270517e-21
1.895878357395036801e+04 1.600219284900631124e-20 6.193668997778836950e-21
1.896944909589998497e+04 2.113696226713998061e-20 6.241920454950966901e-21
1.898011460964017169e+04 1.464799166584061814e-20 5.777800964256700230e-21
1.899078011512617013e+04 1.910497493151675452e-20 5.368613671613764735e-21
1.900144561231174521e+04 1.416668337275232708e-20 5.748037267900374992e-21
1.901211110115351039e+04 1.615998658123192931e-20 6.105166403971952143e-21
1.902277658160619103e+04 1.713549692209110031e-20 5.447803421730644201e-21
1.903344205362314460e+04 3.156157070743985209e-20 5.473558886975572425e-21
1.904410751716026425e+04 2.441232685876178312e-20 5.844531318725727409e-21
1.905477297217223531e+04 3.833015406701209424e-20 6.148345001449123419e-21
1.906543841861458350e+04 2.595774545353473809e-20 6.122271525503135300e-21
1.907610385644287817e+04 2.670309949375413610e-20 5.867886093266204542e-21
1.908676928561105888e+04 2.355334423404278831e-20 5.750666579230103051e-21
1.909743470607478594e+04 3.159357685821146736e-20 5.641344448540823275e-21
1.910810011778883199e+04 6.121279206805458373e-21 5.685960695321386304e-21
1.911876552070810067e+04 6.108478262192389691e-21 5.827699373107588860e-21
1.912943091478868155e+04 1.280662660261388755e-20 6.079941001375620141e-21
1.914009629998594392e+04 2.607037897531319278e-20 5.808284846837034928e-21
1.915076167625311791e+04 2.433045690964520062e-20 5.588993666194714894e-21
1.916142704354843954e+04 3.180557924406755216e-20 5.703089080718922006e-21
1.917209240182510621e+04 2.613954947411923619e-20 6.075872916969589484e-21
1.918275775103961496e+04 2.097408819706390344e-20 6.058721005337122555e-21
1.919342309114557793e+04 2.370956211274848177e-21 5.865318174846056914e-21
1.920408842210160947e+04 8.746031674916335864e-21 5.792709607363424724e-21
1.921475374385928808e+04 6.021648900216663129e-21 5.439975043422294337e-21
1.922541905637771197e+04 1.901788354082361419e-20 5.729460231792114581e-21
1.923608435960804127e+04 1.474106340290425899e-20 5.931717755706558513e-21
1.924674965351074570e+04 2.956315418912356192e-20 5.930348484465640029e-21
1.925741493803756384e+04 1.592867367873858179e-20 5.900227141149658876e-21
1.926808021314582948e+04 2.909409463122005290e-20 5.875034684794925661e-21
1.927874547879048987e+04 3.165804772982531701e-20 5.895573484148916674e-21
1.928941073492852593e+04 1.809473648398701241e-20 5.337344046168654414e-21
1.930007598151420098e+04 1.983454373284798579e-20 5.761946217946635223e-21
1.931074121850302981e+04 3.014833270951264242e-20 5.476032857026249955e-21
1.932140644585062546e+04 1.554748670878516586e-20 5.223782441967872671e-21
1.933207166351401611e+04 1.754732053501925950e-20 5.739262012826712356e-21
1.934273687144739597e+04 1.554227053298203004e-20 5.960930083409366773e-21
1.935340206960935393e+04 1.784420406939603238e-20 6.239627241242994237e-21
1.936406725795169041e+04 3.432283795551477208e-21 5.706631583747413693e-21
1.937473243643365277e+04 2.922410459070306929e-20 6.299671333041456125e-21
1.938539760500836201e+04 1.721819366436059639e-20 5.446095863518327352e-21
1.939606276363473444e+04 2.525631999194490750e-20 5.962852222847164487e-21
1.940672791226550180e+04 1.445689635009809779e-20 4.927308121647502349e-21
1.941739305086072272e+04 1.397153642393829005e-20 5.760566082942066868e-21
1.942805817937166648e+04 1.039401108657731642e-20 5.312118890485779728e-21
1.943872329775779508e+04 2.983608522575646108e-20 5.538922882791630122e-21
1.944938840597396120e+04 1.665763985172097889e-20 5.833003216830036136e-21
1.946005350397520670e+04 2.240704411096223971e-20 5.793949500402807173e-21
1.947071859171896358e+04 2.621035934660087332e-20 5.549694889855679267e-21
1.948138366916266023e+04 2.682324638138700965e-20 5.530587616957174448e-21
1.949204873625951950e+04 3.128262355179201912e-20 5.617732133343775143e-21
1.950271379296738451e+04 1.509778901651610622e-20 5.632467756848824610e-21
1.951337883924280322e+04 1.843700212835418681e-20 5.578186964747568012e-21
1.952404387503997714e+04 7.286627250146690306e-21 5.260215734805818753e-21
1.953470890031790259e+04 1.404449799977661364e-20 5.588713725017051637e-21
1.954537391503051549e+04 1.803774946354103845e-20 5.762746822828087929e-21
1.955603891913515326e+04 1.865308588463683148e-20 6.009940837886533560e-21
1.956670391259051394e+04 2.855957746506796851e-20 5.501322392989492169e-21
1.957736889534829970e+04 2.644930451740544710e-20 5.202363307558735598e-21
1.958803386736895482e+04 1.752481651260793176e-20 5.577319599850833203e-21
1.959869882860555299e+04 2.054025811251833089e-20 5.563070515345842269e-21
1.960936377901789092e+04 1.847728378934991259e-20 5.224805691649884398e-21
1.962002871855950070e+04 2.060760286625275403e-20 5.579112178589254956e-21
1.963069364719053920e+04 3.271140042410590862e-20 5.569515029178891353e-21
1.964135856486222474e+04 1.654249038967688663e-20 5.108607658086548020e-21
1.965202347153715164e+04 1.938269403850396620e-20 5.351466863100967653e-21
1.966268836716625810e+04 1.377221264539658728e-20 5.084226105250227767e-21
1.967335325171045042e+04 1.765481026794769786e-20 5.537504606507745677e-21
1.968401812512649849e+04 2.060122916914148218e-20 5.322281143647718652e-21
1.969468298736570068e+04 1.397724213085028862e-20 4.881671863541010711e-21
1.970534783839100419e+04 2.230616135999614715e-20 5.089668969968131041e-21
1.971601267815758547e+04 2.021866137278965732e-20 5.020413693002468402e-21
1.972667750661806713e+04 2.280429848440464433e-20 4.519658038502046194e-21
1.973734232373485065e+04 3.639320234391054171e-20 4.875064078886441015e-21
1.974800712946198109e+04 2.137801838991385525e-20 5.183878637930307339e-21
1.975867192375621380e+04 1.775517352202468958e-20 5.003696406776566023e-21
1.976933670657530820e+04 1.653852464169187882e-20 5.395459855168617569e-21
1.978000147787521200e+04 1.816926954057095671e-20 5.839053883117280361e-21
1.979066623761425217e+04 9.912746094020380790e-21 5.325008959346618294e-21
1.980133098574866744e+04 3.022863986232020095e-20 5.382603539161628209e-21
1.981199572223440191e+04 3.070623549430638975e-20 5.716468797096202374e-21
1.982266044703020816e+04 8.455714202596316598e-21 5.106525141280818691e-21
1.983332516009178653e+04 2.183116946856986454e-20 5.052815914209305068e-21
1.984398986137716201e+04 2.882675387231283172e-20 5.837547274896880640e-21
1.985490477581181040e+04 2.007941589061961319e-20 5.240784820866113949e-21
1.986556948603392811e+04 2.638098075484882728e-22 5.167436148272289695e-21
1.987623417462751240e+04 1.159727959808742755e-20 5.126992322449293844e-21
1.988689885115358629e+04 1.668291713563085280e-20 5.183430796196176933e-21
1.989756351568422178e+04 1.827198977802429236e-20 5.319140760121465082e-21
1.990822816817867715e+04 1.607899525522988207e-20 5.650762100713028643e-21
1.991889280859442442e+04 2.183841449552217851e-20 5.463574982702386789e-21
1.992955743688830626e+04 2.994935923812231216e-20 5.085993123348771531e-21
1.994022205301632857e+04 3.088823772829950058e-20 5.004548333085535546e-21
1.995088665693777875e+04 2.908262108514372441e-20 5.441823428654305775e-21
1.996155124860841897e+04 1.096859791740307530e-20 5.118845626474673231e-21
1.997221582798588861e+04 2.226491144085655945e-20 5.351227484343807104e-21
1.998288039502856918e+04 2.434088894474351927e-20 4.919134768009974872e-21
1.999354494969535881e+04 1.583367093388706153e-20 5.056979223856259316e-21
2.000420949193968772e+04 7.824027484602023175e-21 4.570729341526570082e-21
2.001487402172133443e+04 1.010739163348097846e-20 5.007112574972611725e-21
2.002553853899845853e+04 1.405861375755419514e-20 4.669383122055742642e-21
2.003620304384491465e+04 1.801557099807870986e-20 5.204128997297634817e-21
2.004711818041243532e+04 1.624509006710339030e-20 5.082379800368960347e-21
2.005778268264625149e+04 2.568112468788777925e-20 5.560542100828954662e-21
2.006844717220231178e+04 1.563136516970978584e-20 5.011716258272427792e-21
2.007911164903656027e+04 2.297561939751439831e-20 5.059978464757833803e-21
2.008977611310999782e+04 1.044755155616972162e-20 4.939554596942191390e-21
2.010044056437794279e+04 1.542360562457402586e-20 5.324634540613225522e-21
2.011110501215181648e+04 2.252187371719691160e-20 5.178162133013245293e-21
2.012176945328747752e+04 2.672627496498087415e-20 5.020056728272330580e-21
2.013243388149040038e+04 2.078722643745347841e-20 5.401572103607393792e-21
2.014309829672239357e+04 2.128687603083689877e-20 4.662999446575093176e-21
2.015376269893788412e+04 2.777016638595823406e-20 5.202110074345414483e-21
2.016442708809459145e+04 2.062462483005675230e-20 5.108301487505273374e-21
2.017509146415207942e+04 2.439702754822909807e-20 4.985005943027780354e-21
2.018575582706621572e+04 2.327700523838857089e-20 5.381594014897422045e-21
2.019642017679754281e+04 1.743098760963969401e-20 4.855465289839936920e-21
2.020708451329969466e+04 2.166602854907276181e-20 4.809498812580348973e-21
2.021774883653531288e+04 1.789798784178776287e-20 5.225142984161374312e-21
2.022841314646144019e+04 1.949268867696795632e-20 4.975706383005593469e-21
2.023907744303567233e+04 2.073639707604980799e-20 5.035348080619563212e-21
2.024974172621460457e+04 9.572347479653165537e-21 4.674154266281154516e-21
2.026040599595854292e+04 7.091944876574759394e-21 4.850259507327350057e-21
2.027107025222390075e+04 3.460882245584234021e-20 5.095683822861012556e-21
2.028173449496761532e+04 1.242810048918792645e-20 4.827476871444233145e-21
2.029239872415153513e+04 1.733693598597981963e-20 5.078611936116341636e-21
2.030306293973337961e+04 3.360953229655945113e-20 5.212858796172361979e-21
2.031372714166876904e+04 2.575374947155786412e-20 5.225039002988390980e-21
2.032439132991912993e+04 2.518085527988261412e-20 5.199148473272304830e-21
2.033505550443905304e+04 2.915757049567843333e-20 5.200446830460343815e-21
2.034571966519059424e+04 3.335142286231193830e-20 5.137416121397188554e-21
2.035638381212886088e+04 2.487530601364501465e-20 5.239076216700116911e-21
2.036704794521360964e+04 2.352541616437693778e-20 5.171954060666299135e-21
2.037771206440240712e+04 2.531217541300539923e-20 5.064666249719229747e-21
2.038837616965656343e+04 2.658085009950187879e-20 5.204309059675053121e-21
2.039904026093305220e+04 1.081837021241785500e-20 5.162340328268848366e-21
2.040970433818960373e+04 1.886154738785102707e-20 5.318237363834163060e-21
2.042036840138227853e+04 7.702593442452555436e-21 5.106855490859757332e-21
2.043103245047531163e+04 2.164965456979149953e-20 5.276600465700618606e-21
2.044169648542228606e+04 1.999237102140578573e-20 5.131386171616488219e-21
2.045236050618285299e+04 1.009732579223568994e-20 4.853062317514822094e-21
2.046302451271888640e+04 2.018067408493509241e-20 5.326488130535351025e-21
2.047368850498526081e+04 9.693845332317025816e-21 4.858090892798947066e-21
2.048435248294366829e+04 2.191214050333843978e-20 5.003205720483063866e-21
2.049501644654914708e+04 1.491483327367605933e-20 4.484778753749890717e-21
2.050568039576143929e+04 1.085925414596295728e-20 4.463803803314854606e-21
2.051634433054266265e+04 1.867771383701842507e-20 4.807537097216038414e-21
2.052700825084769167e+04 2.249392154861555104e-20 4.960279918643339706e-21
2.053767215663708703e+04 2.191754115515500413e-20 4.711655779834618658e-21
2.054833604786862998e+04 2.885051182163195963e-20 5.008667890307253174e-21
2.055899992450222635e+04 5.086355877067044873e-20 5.000170846098197424e-21
2.056966378649753824e+04 9.556606050860644580e-20 5.708382011749668536e-21
2.058032763381068071e+04 2.595678330717815251e-19 7.298476560511318376e-21
2.059099146640257823e+04 2.650472284207180088e-19 7.524557970317613580e-21
2.060165528423231081e+04 1.037622088821045296e-19 6.068868669836169566e-21
2.061231908725585527e+04 3.121027419549224314e-20 5.021687245578367443e-21
2.062298287543586048e+04 1.865011409934417264e-20 4.865903824171845593e-21
2.063364664872978392e+04 2.132234670304938892e-20 4.999878506154207200e-21
2.064431040709734225e+04 2.722570754360360729e-20 5.404302664909208489e-21
2.065497415049792107e+04 1.714305251091944236e-20 4.936261964805275284e-21
2.066563787888870502e+04 1.313322113769258845e-20 4.823207860498165773e-21
2.067630159222999646e+04 2.463583121246976523e-20 4.862759256172141540e-21
2.068696529048046796e+04 1.867503396487293921e-20 4.550664085343774698e-21
2.069762897360008355e+04 1.801074245953015334e-20 4.795907087587220432e-21
2.070829264154573684e+04 3.809635853881544790e-20 5.026278899720684795e-21
2.071895629428002940e+04 2.795105141764951172e-20 4.287781514036110284e-21
2.072961993176235774e+04 2.112532571185756325e-20 4.731133797884818838e-21
2.074028355394828031e+04 1.203724464097339269e-20 4.773278387365427876e-21
2.075094716079805949e+04 3.025289069808574555e-20 4.708479039603466270e-21
2.076161075227611946e+04 3.088429665426703967e-20 4.735679551416415173e-21
2.077227432833326384e+04 5.979101731919991006e-21 4.142467553020671570e-21
2.078293788893517194e+04 1.491819823225521624e-20 4.411704953596837806e-21
2.079360143403859183e+04 2.319819676414868703e-20 4.751944849843380751e-21
2.080426496360405508e+04 1.495902780836879502e-20 4.652319677967225960e-21
2.081492847758913922e+04 1.436099647766225531e-20 4.892808179183630719e-21
2.082559197595736623e+04 1.858224219808364414e-20 4.385483943358839687e-21
2.083625545866310131e+04 3.522972741514310625e-20 4.449319681623241285e-21
2.084691892567084869e+04 3.622930399666183696e-20 5.008487859179658927e-21
2.085758237693776391e+04 2.012519960620584085e-20 4.519704695495469190e-21
2.086824581242208660e+04 1.749862544604418983e-20 4.492782334752680884e-21
2.087890923208250024e+04 2.259693617718684455e-20 4.901115011849884363e-21
2.088957263588257774e+04 1.469875682108733533e-20 4.417026082579398365e-21
2.090023602377843417e+04 1.920376918191632335e-20 4.796252978974582841e-21
2.091089939573264201e+04 1.684372718001234632e-20 4.463043909536958702e-21
2.092156275170399749e+04 2.187218666591323899e-20 4.582374394863131514e-21
2.093222609165123868e+04 2.023170152939393090e-20 4.931994393455118522e-21
2.094288941553633776e+04 2.892183680351846879e-20 4.584690146078664204e-21
2.095355272331605374e+04 2.569252106340686904e-20 4.635912983771156064e-21
2.096421601495091454e+04 3.191842810518470245e-20 4.736929272504461528e-21
2.097487929040164090e+04 5.434953404136766473e-20 5.235161123329247920e-21
2.098554254962443156e+04 2.564935040101408407e-19 7.173759511084593348e-21
2.099620579258677026e+04 6.414712062089926207e-19 1.005140981876625529e-20
2.100686901924145786e+04 4.680218704605479190e-19 9.005117697987746776e-21
2.101753222955048113e+04 1.442568877802087632e-19 6.207584315926475456e-21
2.102819542347760216e+04 3.729710423749596010e-20 5.056918438209777134e-21
2.103885860097818295e+04 3.444037199744503828e-20 5.045514671307559579e-21
2.104952176201446855e+04 1.250284465370866702e-20 4.293649227782192150e-21
2.106018490654432026e+04 1.992101633536663669e-20 4.064929572352635604e-21
2.107084803452721826e+04 1.971657089939233077e-20 4.474929312037852432e-21
2.108151114592466183e+04 1.806361894555170783e-20 4.601345782475369591e-21
2.109217424069730623e+04 2.101185376730386006e-20 4.539718114182829255e-21
2.110283731880595587e+04 1.414945476844581532e-20 4.517389342243348103e-21
2.111350038020818829e+04 3.740982334627410992e-21 4.410547364778300028e-21
2.112416342486902795e+04 1.625953117851552313e-20 4.679115959859728663e-21
2.113482645274295646e+04 3.138528577106680560e-20 4.829195665045481283e-21
2.114548946379590416e+04 2.855014138034524082e-20 4.689558979360429977e-21
2.115615245798142860e+04 2.874309165455184919e-20 5.138563935079704369e-21
2.116681543525934467e+04 1.725831563664080526e-20 4.339958100299676580e-21
2.117747839559698696e+04 1.305001201728636179e-19 5.459404035611006008e-21
2.118814133894920451e+04 6.657304321773066604e-19 9.187632044025128868e-21
2.119880426527969030e+04 1.874341347591119271e-18 1.576117039009640719e-20
2.120946717454443933e+04 1.347818032216748436e-18 1.519606489874109780e-20
2.122013006670924005e+04 4.008443164608008406e-19 7.649066647578284097e-21
2.123079294173205199e+04 8.077609933477271781e-20 5.581613520478812930e-21
2.124145579957331574e+04 4.040612419700928113e-20 5.067862931440936845e-21
2.125211864019420318e+04 2.894897180210002764e-20 4.902001754298916202e-21
2.126278146355287390e+04 2.099372150633728622e-20 4.887858505885105342e-21
2.127369745638698805e+04 2.647425011632921925e-20 4.867499224253662065e-21
2.128436027708763504e+04 1.413188357214750677e-20 4.589413607550883257e-21
2.129502307092801129e+04 2.022368889098953832e-20 4.784645352632190023e-21
2.130568584723073218e+04 3.191132224825471317e-20 4.839841795098633438e-21
2.131634860607355949e+04 1.990168858494645588e-20 4.795982575201070867e-21
2.132701134741466012e+04 2.138515614819341470e-20 4.285230666363794445e-21
2.133767407121566066e+04 2.786849424720320648e-20 4.280528943561510595e-21
2.134833677743881708e+04 2.021573443335213923e-20 4.470695208709813825e-21
2.135899946604377328e+04 2.654539022579469360e-20 4.481648605787367481e-21
2.136966213699356013e+04 2.282226326333887311e-20 4.844076228093820488e-21
2.138032479024297572e+04 2.444460663764676446e-20 4.789043992636013022e-21
2.139098742575445431e+04 1.745192200800977668e-20 4.645149390737935452e-21
2.140165004348972434e+04 1.649937720848892664e-20 4.117810985471810497e-21
2.141231264341013957e+04 1.897370166062480831e-20 4.553937875905941085e-21
2.142297522547650078e+04 2.478579273009469972e-20 4.570206184918254466e-21
2.143363778964907760e+04 2.093927550465750331e-20 4.598124434611363377e-21
2.144430033589096638e+04 2.341726158980311551e-20 4.551313134349267206e-21
2.145496286415959912e+04 1.302623716410893955e-20 4.508544002127341028e-21
2.146562537441703898e+04 1.078772927282605875e-20 4.656573039228955532e-21
2.147628786674528237e+04 1.848742924849145337e-20 4.591810563282663185e-21
2.148720398454812312e+04 1.862845959154516782e-20 4.458173432935484411e-21
2.149786646287830445e+04 1.128059358611932112e-20 4.134147896103672339e-21
2.150852892303569388e+04 9.781208344876480211e-21 4.592886669016039157e-21
2.151919136498447551e+04 2.194876253215735191e-20 4.675017155819060844e-21
2.152985378868344560e+04 3.442779205691897540e-20 4.313141902775619361e-21
2.154051619409953855e+04 1.854605064538839364e-20 4.431709610279568918e-21
2.155117858119003722e+04 1.415760287026264504e-20 4.340171145904198908e-21
2.156184094991407255e+04 1.288381548605308055e-20 4.049166346332455225e-21
2.157250330023339120e+04 1.138508041592661436e-20 4.172170229457453130e-21
2.158316563211203174e+04 1.168243988102055547e-20 4.513442969620849711e-21
2.159382794550946346e+04 2.084206404948125781e-20 4.699671512313543496e-21
2.160449024038913194e+04 1.487074984396026387e-20 4.698362516720244584e-21
2.161515251671157603e+04 1.848827965363031632e-20 4.611211284530542911e-21
2.162581477443830954e+04 1.728114637809820271e-20 4.621587597775860519e-21
2.163647701352227523e+04 3.191092267075544875e-21 4.516625850326132108e-21
2.164713923393267396e+04 -3.609478838516226681e-21 4.342840213833972691e-21
2.165780143563128149e+04 2.408572876466215578e-21 3.916892157442602744e-21
2.166846361857621378e+04 1.314560510438095151e-20 4.205046621463682880e-21
2.167912578272970859e+04 1.343177183259037144e-20 4.472473931849354572e-21
2.168978792805378907e+04 2.059095736755880072e-20 4.349035710231707721e-21
2.170045005451001998e+04 2.150980208717485740e-20 4.497860804946189581e-21
2.171111216205714300e+04 1.394237463868742611e-20 4.314348938101187101e-21
2.172177425066091746e+04 1.914372013775187619e-20 4.839074860116259688e-21
2.173243632028470529e+04 2.552223219814130595e-20 4.639617167393182116e-21
2.174309837088187851e+04 2.368741239622443704e-20 4.583939394235816715e-21
2.175376040242379531e+04 2.284981680495994376e-20 4.515983193716390324e-21
2.176442241485953491e+04 1.935824576564594972e-20 4.172169283968604727e-21
2.177508440815852373e+04 3.258604830670865117e-20 4.836440963798185517e-21
2.178574638228336335e+04 2.466898370178771560e-20 4.333222571964819942e-21
2.179640833719381044e+04 1.025268865038162993e-20 3.896584048775325658e-21
2.180707027284874857e+04 1.725299278226024130e-20 4.391112567551210089e-21
2.181773218921076113e+04 2.110555452601401105e-20 4.557181210913671835e-21
2.182839408624504358e+04 2.567833820348501820e-20 4.506012094656242614e-21
2.183905596391058862e+04 1.313035701386505658e-20 4.361082281842979311e-21
2.184971782216822976e+04 2.264986865647529081e-20 4.600923112753404971e-21
2.186037966098142715e+04 1.757901892950820752e-20 4.504554605139297108e-21
2.187104148031651130e+04 2.406072861847806041e-20 4.319808344680950586e-21
2.188170328012709433e+04 1.930549900074753346e-20 4.554607625116776284e-21
2.189236506037853178e+04 2.537833196936845466e-20 4.729716910828418207e-21
2.190302682103725601e+04 3.023752888538408614e-21 4.538198866222506603e-21
2.191368856205504198e+04 1.937937225437974552e-20 4.370246969117545396e-21
2.192435028339919154e+04 1.829149519434962779e-20 4.393625887650336691e-21
2.193501198503433989e+04 1.350308737126310102e-20 4.787118002269216497e-21
2.194567366691416464e+04 2.646361217810721986e-20 4.576736884883735520e-21
2.195633532900788850e+04 1.357796865310723830e-20 4.386314081581173329e-21
2.196699697127467152e+04 1.491291005512799795e-20 4.664939860457721294e-21
2.197765859367557641e+04 2.208215707373760542e-20 4.767156589190681411e-21
2.198832019617444530e+04 2.509188347685193794e-20 4.645437625753465470e-21
2.199898177873417444e+04 2.438621033561170251e-20 4.623356134170888708e-21
2.200964334131588112e+04 2.198807398014395244e-20 4.383537763666847560e-21
2.202030488388348749e+04 2.738120022421466178e-20 4.290241037184005225e-21
2.203096640639444377e+04 1.583919039047858757e-20 4.407799263838362352e-21
2.204162790881164619e+04 1.996073610752346921e-20 4.647517756312037006e-21
2.205228939110289866e+04 1.059112908446779491e-20 4.299277277880196935e-21
2.206295085322390514e+04 2.321054932055730245e-20 4.295288212811823229e-21
2.207361229514122533e+04 2.827324023600937547e-20 4.502608619288043226e-21
2.208427371681720979e+04 2.146759746625438324e-20 4.548109329735067606e-21
2.209493511820766798e+04 2.084782960287721267e-20 4.566010812235734350e-21
2.210559649927905048e+04 2.530836438294804578e-20 4.479003394809314214e-21
2.211625785999387153e+04 2.077774965275903213e-20 4.596727268511280342e-21
2.212691920031184418e+04 1.524967861680702955e-20 4.661980080089045097e-21
2.213758052019742172e+04 2.146030767222066811e-20 4.839905454553118546e-21
2.214824181961518116e+04 1.608012594470821231e-20 4.274001069566516104e-21
2.215890309852501377e+04 1.574785177534949614e-20 4.105816486804016243e-21
2.216956435688933561e+04 1.530595070762114993e-20 4.348088580172697353e-21
2.218022559467095562e+04 1.531386149432966693e-20 4.607233799821008931e-21
2.219088681183382141e+04 5.929536312333612737e-21 4.342412632972242206e-21
2.220154800833436821e+04 1.483937891340956293e-20 4.139027381944174829e-21
2.221220918413941399e+04 2.691169671730360605e-20 4.731159364297094809e-21
2.222287033921314287e+04 2.136267651266825156e-20 4.380776030378578777e-21
2.223353147351367807e+04 9.319217824451217646e-21 4.143069410151793453e-21
2.224419258700808132e+04 2.825423930853229366e-20 4.238712479511248403e-21
2.225485367965882324e+04 1.909668783633705412e-20 4.282890984343790385e-21
2.226551475142764684e+04 1.726813981622966567e-20 4.180740691062773825e-21
2.227617580227016879e+04 1.317944787072509571e-20 4.287581892495331409e-21
2.228683683216067584e+04 1.507964105807004943e-20 4.103179423201636933e-21
2.229749784104725404e+04 8.216847670575451458e-21 4.268370046783286113e-21
2.230815882890693683e+04 2.065097400454035932e-20 4.127785912315908843e-21
2.231881979569268879e+04 2.351561274992074651e-20 3.963840006146156335e-21
2.232948074137237927e+04 1.626904447194066264e-20 4.313007735175423212e-21
2.234014166590712557e+04 2.160763950731218595e-20 4.588597400302303343e-21
2.235080256925792128e+04 1.351815264608432312e-20 4.321891078715563835e-21
2.236146345139096957e+04 8.124455706502100685e-21 4.314633704686906267e-21
2.237212431226505578e+04 1.179099831901476636e-20 4.280846655199241806e-21
2.238278515184737262e+04 1.416674516286013436e-20 4.131696318360874560e-21
2.239344597009849167e+04 1.955630493807351224e-20 4.075397350017935735e-21
2.240410676698076350e+04 3.463458507919849553e-20 4.697245704605855286e-21
2.241476754245771372e+04 6.608810137399078795e-21 4.079138315614285259e-21
2.242542829649015039e+04 4.462897527515955524e-21 3.982308076407011109e-21
2.243608902904205752e+04 1.093190714691442574e-20 4.191718112593302640e-21
2.244674974002940871e+04 1.585093747244719111e-20 4.444060650688582025e-21
2.245741027137402489e+04 2.192583360095084153e-20 4.035932934047239336e-21
2.246807032771353988e+04 9.775482487907789386e-21 4.392764686718109839e-21
2.247873036242859598e+04 1.710995412623959174e-20 4.143103263000269932e-21
2.248939037548441775e+04 1.835914320578265363e-20 4.355420635828517296e-21
2.250005036683752405e+04 1.955639421615207537e-20 4.125899420641068468e-21
2.251071033645691932e+04 3.495512821722656317e-20 4.389874995770474602e-21
2.252137028430412465e+04 2.494533763623061259e-20 4.172283606248245149e-21
2.253203021034204357e+04 1.788521887117502353e-20 4.384932098120762341e-21
2.254269011453314670e+04 7.872607832371011078e-21 4.334317852035654816e-21
2.255334999683924616e+04 2.662371388780204887e-20 4.430735507348985959e-21
2.256400985722959012e+04 2.467029104563034197e-20 4.664192056589101270e-21
2.257466969565835097e+04 2.261013934297266342e-20 4.374710025011967689e-21
2.258532951209548992e+04 1.669399838478251407e-20 4.130159980838335318e-21
2.259598930650228067e+04 7.730839523488116008e-22 3.852174221615453794e-21
2.260664907883936394e+04 1.701415474755638131e-20 3.908474181443144053e-21
2.261730882907412160e+04 1.535128414980080329e-20 4.046035349105161325e-21
2.262796855716611753e+04 1.763512834949009920e-20 3.973652791712043990e-21
2.263862826308256263e+04 1.811195156642034892e-20 3.769036514206240754e-21
2.264928794678203849e+04 2.001792142749015734e-20 4.290360341326097385e-21
2.265994760823270190e+04 2.296310167468239412e-20 4.458620497288887600e-21
2.267060724739374200e+04 1.869833095283599654e-20 4.392937552102468762e-21
2.268126686422985222e+04 1.818680772984691910e-20 4.410509139668467010e-21
2.269192645870700653e+04 2.110763581484597126e-20 4.772109055615822216e-21
2.270258603078460510e+04 2.188682913080118540e-20 4.431627136311030312e-21
2.271324558042774515e+04 8.665045898672304095e-21 4.319268680791183948e-21
2.272390510760179313e+04 8.981895782990259268e-21 4.306668485709643473e-21
2.273456461226863394e+04 1.529534749709287530e-20 3.348024603092944071e-21
2.274522409438958493e+04 3.053741592561918433e-20 3.777980128965331060e-21
2.275588355392939775e+04 1.968649977008288172e-20 4.339743254832962373e-21
2.276654299085449748e+04 1.932420501369738662e-20 4.131843101012508968e-21
2.277720240512422970e+04 1.423112525764790554e-20 4.610712369678786126e-21
2.278786179670369529e+04 1.274471049854125321e-20 4.251232938476843310e-21
2.279852116555662724e+04 1.892757971499603140e-20 4.131462982278015539e-21
2.280918051164692224e+04 2.590604165935731191e-20 4.341819827845544059e-21
2.281983983494021959e+04 1.530895409144370521e-20 4.157558003778642753e-21
2.283049913539523550e+04 1.239026519862326867e-20 4.023001239226451494e-21
2.284115841297848965e+04 1.973255411564135546e-20 4.166176499306291647e-21
2.285181766765573411e+04 2.107851712287853021e-20 4.440676318109545738e-21
2.286247689938584517e+04 1.554718225373120122e-20 4.014093754725341981e-21
2.287313610814130152e+04 1.338158744726631311e-20 3.873089781770333052e-21
2.288379529387119692e+04 2.654280521253476826e-20 4.211930790021774005e-21
2.289445445655189542e+04 1.952439364653616216e-20 4.056325537728237284e-21
2.290511359614019239e+04 1.932534484071669141e-20 4.036244271010221843e-21
2.291577271260269117e+04 1.400218012520355514e-20 3.764958325369134623e-21
2.292643180590533666e+04 1.887979053275068942e-20 3.997526298526578321e-21
2.293709087600706334e+04 1.802370885919322879e-20 3.757723571830593383e-21
2.294774992287413261e+04 2.177810682281136147e-20 4.367617508938408787e-21
2.295840894647283494e+04 1.668450241649423673e-20 4.002714077760004735e-21
2.296906794676259233e+04 1.200037763612266014e-20 3.981138480761376993e-21
2.297972692370886580e+04 1.277494364345676902e-20 3.963960370080823182e-21
2.299038587727623963e+04 1.535872679118410499e-20 4.253169157767935829e-21
2.300104480743083332e+04 1.540627748004645980e-20 4.037131697907374611e-21
2.301196045776407118e+04 5.290346666878745605e-21 4.120087022991508916e-21
2.302261937221027983e+04 1.126955624222357913e-20 4.204735557064041764e-21
2.303327825398365894e+04 2.247895299156289361e-20 4.177297001568316561e-21
2.304393711208396417e+04 1.346056401145677619e-20 4.070702108201355856e-21
2.305459594658427159e+04 1.244649278641262160e-20 4.000502057879889473e-21
2.306525475744886717e+04 2.147362701577328824e-20 4.421268015441407068e-21
2.307591354464842152e+04 2.469608455903253770e-20 4.373159226439102276e-21
2.308657230814054128e+04 1.809991070922484505e-20 4.292828756589432627e-21
2.309723104789103672e+04 1.963416034061512818e-20 4.222756974245680120e-21
2.310788976386444119e+04 1.788607938731492665e-20 3.816460136418079925e-21
2.311854845602500427e+04 2.148308413015282775e-20 4.228395641607519065e-21
2.312920712433652443e+04 1.552507959338596280e-20 4.526000129754797752e-21
2.313986576876306572e+04 1.625517306202745801e-20 4.209356726681976097e-21
2.315052438926929972e+04 2.589867432417646864e-20 4.419762757358302597e-21
2.316118298582146963e+04 1.268258165191285213e-20 4.333501229611313671e-21
2.317184155837912112e+04 1.643369734492797084e-20 4.236367548228805449e-21
2.318250010690883573e+04 2.683501548849308910e-20 4.114913932898916065e-21
2.319315863137516499e+04 1.107963072274302497e-20 4.209020613488977044e-21
2.320381713174217657e+04 1.328479267858117550e-20 4.059173373014540210e-21
2.321447560797389087e+04 2.317526166982683001e-20 4.319847503741245779e-21
2.322513406003497221e+04 7.943252434572423433e-21 4.288445270057439798e-21
2.323579248788777113e+04 1.114049837634183893e-20 4.315026687870032455e-21
2.324645089150269996e+04 4.609167195920206681e-21 4.264525039151474993e-21
2.325710927083548086e+04 2.094074433887628840e-20 4.095953367021239413e-21
2.326776762597419656e+04 2.282656198571789573e-20 4.173171910907755992e-21
2.327842596586236687e+04 2.857562857064779738e-20 4.201164314662550005e-21
2.328934158637155269e+04 1.919590031785116078e-20 3.979667021406958997e-21
2.329999989015275423e+04 7.121683305453007504e-21 4.074685513745809020e-21
2.331065816947642088e+04 1.614905030290150794e-20 3.844796984055801367e-21
2.332131642430706779e+04 2.131904281171656853e-20 4.129424737205822225e-21
2.333197465460878084e+04 5.403963523612927859e-21 3.876830181104066691e-21
2.334263286034609700e+04 1.313305203875701624e-20 4.649926302086592028e-21
2.335329104148396436e+04 2.125557461688436535e-20 4.256429040446366979e-21
2.336394919798690898e+04 2.251842348391513976e-20 4.271751252585903171e-21
2.337460732981892943e+04 1.798846835454052385e-20 4.436870577447826667e-21
2.338526543694502107e+04 5.970919497810718702e-21 3.877437560917905368e-21
2.339592351932999009e+04 1.909945082580095816e-20 4.064314832968138604e-21
2.340658157693617613e+04 1.580225096804316282e-20 4.220339856809829120e-21
2.341723960973431531e+04 1.701884187422028895e-20 3.732132586085442696e-21
2.342789761768296376e+04 1.347571474317593018e-20 3.688821881686201736e-21
2.343855560074682580e+04 1.589178590802694687e-20 4.042854235449930122e-21
2.344921355889279948e+04 1.265228402674893064e-20 3.642123178100456503e-21
2.345987149208727715e+04 2.567253439253473461e-20 4.312387313816135619e-21
2.347052940029341698e+04 3.011869523305322052e-20 4.237297881994344871e-21
2.348118728347594879e+04 1.419182759423239898e-20 3.983567524059906382e-21
2.349184514159948230e+04 1.285746712522177655e-20 3.959633572246800864e-21
2.350250297462610979e+04 1.799851977374710961e-20 3.985858824126730149e-21
2.351316078252349689e+04 1.090559083265838127e-20 3.993564646457892816e-21
2.352381856526109914e+04 2.387090527296099534e-20 4.307024014067931579e-21
2.353447632279657410e+04 1.180714628200901943e-20 4.383422245994813178e-21
2.354513405509686709e+04 1.100044065298885277e-20 3.754023871966101704e-21
2.355579176212503808e+04 1.123822695976014053e-20 3.584253370466799894e-21
2.356644944385060080e+04 1.277309083677302497e-20 3.738093184261398531e-21
2.357710710023580032e+04 2.080795047206527831e-20 4.179283375197310031e-21
2.358776473124319818e+04 2.135527035056348880e-20 4.120752857216794982e-21
2.359842233684278108e+04 1.032646817446645428e-20 4.103868425913416405e-21
2.360907991699721242e+04 7.457260007424643695e-21 3.910769887484843140e-21
2.361973747166874819e+04 2.441519817625253026e-20 3.760405699305491890e-21
2.363039500082705854e+04 1.147383392093932210e-20 4.011852060014847670e-21
2.364105250443522164e+04 2.055938534040055341e-20 4.048262791075424406e-21
2.365170998245357987e+04 1.452379074876087161e-20 4.106424830907304182e-21
2.366236743485613260e+04 1.593605567092582409e-20 4.101826477258823675e-21
2.367302486160332410e+04 1.223920278606381252e-20 3.990067768548162781e-21
2.368368226265825797e+04 1.286929489972546219e-20 3.563084519296603744e-21
2.369433963799074263e+04 3.476835936359826281e-20 3.748449236231322901e-21
2.370499698756077487e+04 2.692372700813967382e-20 3.927178541724144342e-21
2.371565431133825041e+04 2.266473267707961836e-20 4.007017138878680963e-21
2.372631160928398458e+04 1.511632573646337022e-20 3.754684789320629913e-21
2.373696888136783309e+04 1.370284361729190675e-20 4.069136048644906494e-21
2.374762612755229202e+04 1.540058695871044068e-20 4.098644819193144983e-21
2.375828334780255318e+04 1.748835631584566163e-20 4.039948302143163522e-21
2.376894054208184389e+04 1.278186848077032604e-20 4.053685726392746287e-21
2.377959771035775339e+04 1.381470727916712661e-20 3.766907142507212084e-21
2.379025485259763082e+04 1.846219015517158582e-20 3.967050930538838641e-21
2.380091196876186586e+04 1.646960677694219359e-20 3.886472701861211467e-21
2.381156905882093997e+04 2.063255925495037798e-20 4.190642490467432708e-21
2.382222612273539926e+04 9.074262040005199928e-21 3.813415264081678350e-21
2.383288316047271292e+04 1.160508935416997681e-20 4.164326217263196636e-21
2.384354017200037197e+04 1.830068613016009264e-20 4.185628840852433660e-21
2.385419715727940638e+04 9.829319815131849414e-21 4.032787561088022398e-21
2.386485411628001384e+04 1.728197984644096192e-20 4.089110418516204458e-21
2.387551104896026300e+04 1.671143979068002525e-20 3.906570521406810868e-21
2.388616795529468436e+04 2.429419400979431975e-22 3.773662477677086106e-21
2.389682483523968767e+04 2.065276896653364408e-20 3.778953562156213364e-21
2.390748168877033095e+04 2.741525209503343139e-20 3.949883760345314981e-21
2.391813851584726581e+04 1.826054762000968113e-20 3.997855548820490139e-21
2.392879531643526570e+04 2.479548958875547505e-20 4.345476936978894412e-21
2.393945209049813275e+04 2.361941884900080459e-20 4.446398460763688077e-21
2.395010883800136799e+04 2.489324026913749179e-20 4.270126497837765546e-21
2.396076555891770113e+04 2.162531840247756167e-20 4.088391185336307083e-21
2.397142225320731086e+04 8.533944065748181782e-21 3.885658616591594488e-21
2.398207892083376646e+04 1.081528200057435104e-20 3.785024239985928369e-21
2.399273556176519560e+04 2.041812566762757135e-20 3.606075452332387220e-21
2.400339217596960225e+04 1.520271550553797303e-20 3.926796470803457702e-21
2.401404876340737246e+04 9.220344355418795827e-21 3.857366146099592256e-21
2.402470532404662299e+04 9.560194634253762827e-21 3.627277853999906191e-21
2.403536185785572161e+04 1.113875577496442797e-20 3.969698793665588879e-21
2.404601836479305348e+04 1.618170858859350467e-20 3.803939424215199114e-21
2.405667484482894361e+04 1.352159319344290133e-20 3.980765705765526561e-21
2.406733129793367334e+04 1.558006158098775400e-20 3.981955107870274904e-21
2.407798772406610442e+04 1.236157427009075455e-20 3.838108151309113069e-21
2.408864412319684925e+04 1.390052595133207418e-20 3.522109740564593780e-21
2.409930049528432573e+04 1.144910002490448876e-20 3.836845730197040339e-21
2.410995684030342090e+04 1.016683225806077458e-20 3.558456830446324410e-21
2.412061315821559401e+04 1.139728019419948484e-20 3.459575509534081299e-21
2.413126944898179499e+04 1.806991105791208677e-20 3.944042837569922813e-21
2.414192571257517193e+04 8.915535029144604376e-21 4.103659008478830531e-21
2.415258194895868291e+04 8.351961789935872229e-21 3.789947286331537290e-21
2.416323815810074666e+04 1.461251296135288110e-20 3.819094189241005529e-21
2.417389433996258958e+04 1.788337229870519634e-20 3.483087414412953589e-21
2.418455049451004015e+04 1.770975934343654926e-20 3.462061608671992264e-21
2.419520662171379809e+04 2.506891804092299178e-20 3.951168809104262723e-21
2.420586272153934624e+04 1.861921554940036767e-20 3.665970726793319145e-21
2.421651879394324715e+04 5.306068258045042003e-21 3.474690639919038241e-21
2.422717483890628864e+04 1.877450363798894718e-21 3.377176603834387326e-21
2.423783085638202101e+04 1.393527315447478249e-21 3.743582302175891074e-21
2.424848684634582969e+04 8.224754218199558657e-21 3.906639833094551537e-21
2.425914280875906115e+04 1.269401843541001665e-20 3.610968822588053643e-21
2.426979874358290908e+04 -1.298775894785355604e-21 3.395030813783556692e-21
2.428045465078832785e+04 1.034318257253412709e-20 3.513768898891471976e-21
2.429111053034367796e+04 5.416112327743266470e-22 3.555245366398649676e-21
2.430176638221469329e+04 1.434023867949235228e-20 3.646490471824030270e-21
2.431242220636289858e+04 1.960746722549197871e-20 3.738718223568922593e-21
2.432307800275688714e+04 1.171693504649487442e-20 3.441845631124451853e-21
2.433373377136023191e+04 1.392260478121538699e-20 3.780119136684420710e-21
2.434438951214355257e+04 1.411049891122825579e-20 3.551896211467146601e-21
2.435504522507077490e+04 1.486047693421375448e-20 3.740940014061330241e-21
2.436570091010569013e+04 2.079500569188025110e-20 3.770588948566473643e-21
2.437635656721947817e+04 1.780880307131662525e-20 4.120691422851656006e-21
2.438701219637567556e+04 2.278703357915793494e-20 3.526148861691393874e-21
2.439766779754000891e+04 1.815342710830843351e-20 3.977502125089022405e-21
2.440832337067672051e+04 1.384760530669037165e-20 3.688924161976952548e-21
2.441897891575956601e+04 3.151376990330727859e-20 4.229092890434917346e-21
2.442963443274467863e+04 1.195924879956894663e-20 4.464701940303947314e-21
2.444028992160553753e+04 6.513020737765704101e-21 4.345205723620562969e-21
2.445094538230590115e+04 1.678820194931058596e-20 3.755304706441509102e-21
2.446160081481235102e+04 1.299411048360863362e-20 3.440462766987697369e-21
2.447225621908863468e+04 1.339939095958439195e-20 3.522453864165725798e-21
2.448291159510356374e+04 7.321144716938492786e-21 3.498725443836903137e-21
2.449356694282548051e+04 1.154205188951702470e-20 3.689442260281927938e-21
2.450422226221860547e+04 1.283423860957676444e-20 3.682638898260883585e-21
2.451487755324685349e+04 1.610528414089162096e-20 3.632807223387482858e-21
2.452553281588164828e+04 1.379070448191780760e-20 3.754176478566207366e-21
2.453618805008674462e+04 1.323607484870160349e-20 3.352345276359952441e-21
2.454684325582551901e+04 9.481823906286505734e-21 3.787285169988460674e-21
2.455749843307259653e+04 1.254267202012310134e-20 3.500602000457224741e-21
2.456815358178416864e+04 1.550704380275787313e-20 3.406441595790704003e-21
2.457880870193176088e+04 2.555851669813751294e-20 3.684141269114994106e-21
2.458946379348416667e+04 1.006188953841280569e-20 3.689666630603609199e-21
2.460011885640000764e+04 1.927305314615147469e-20 3.497093438702447620e-21
2.461077389065898024e+04 1.190328848393501969e-20 3.569587197934584088e-21
2.462142889621472204e+04 1.714698051349827824e-20 3.981582563087031316e-21
2.463208387303632117e+04 1.776951428447570891e-20 4.014536067367970172e-21
2.464273882110026898e+04 1.771312897665048343e-20 4.109699457071821349e-21
2.465339374036284789e+04 8.298143584085841786e-21 3.783764281172171187e-21
2.466404863079089409e+04 7.722139098652232681e-21 3.484209835524119694e-21
2.467470349235355025e+04 1.417224441951434855e-20 3.778519466044414822e-21
2.468535832501995901e+04 8.989527800745583108e-21 3.665570176746537591e-21
2.469601312875378062e+04 1.177617339539666299e-20 3.622767894372123103e-21
2.470666790351660529e+04 2.166388031490545343e-20 4.157235277296604819e-21
2.471732264928563745e+04 1.936805900419339502e-20 3.919900999619620173e-21
2.472797736602232180e+04 1.286545586843585511e-20 3.982882002731325032e-21
2.473863205369073330e+04 8.921446851795148023e-21 3.673633680300215625e-21
2.474928671225970902e+04 2.022828907663482879e-20 3.839310197203823927e-21
2.475994134170136749e+04 2.411079700099574921e-20 3.604046488469509480e-21
2.477059594196698163e+04 1.716010646669850198e-20 3.454333648886367826e-21
2.478125051304149383e+04 1.598131123322697333e-20 3.677765169854623579e-21
2.479190505488640702e+04 3.639404532395176205e-21 3.529605256383570833e-21
2.480255956751624763e+04 1.214557533400525403e-20 3.902480406003533792e-21
2.481321423387461982e+04 1.379706594857266750e-20 3.491518016536384406e-21
2.482386891065505188e+04 2.385642552929087002e-20 3.947767702902515582e-21
2.483452355806323249e+04 1.729842913018832439e-20 3.783942188097041031e-21
2.484517817607646066e+04 4.390226843536863113e-21 3.571008211993022290e-21
2.485583276465592280e+04 1.883766422403987236e-20 3.710094305263107320e-21
2.486648732376335465e+04 2.807046570125704124e-20 3.986021237936555542e-21
2.487714185337630261e+04 4.619336978478939336e-20 4.322260972934068963e-21
2.488779635345374481e+04 4.858518822042779695e-20 4.275152200834820800e-21
2.489845082396515863e+04 2.884864486128286874e-20 3.833074515873877581e-21
2.490910526487978495e+04 1.944948177159908902e-20 3.687614691003046243e-21
2.491975967615658374e+04 1.875016701298906685e-20 3.737444606050209922e-21
2.493041405777333784e+04 2.008886445049057775e-20 3.740147046595550537e-21
2.494106840969168115e+04 1.137751363684873711e-20 3.744839133756014763e-21
2.495172273187323299e+04 1.374969948159312927e-20 3.640992722623028278e-21
2.496237702429271303e+04 1.456277174809205647e-20 3.799713081706179300e-21
2.497303128691422535e+04 1.458690406350964002e-20 4.020435335427317335e-21
2.498368551970779299e+04 5.652234317780735250e-21 3.842906150644433248e-21
2.499433972263243777e+04 1.414223006199126520e-20 3.890818603700101666e-21
2.500499389566313039e+04 2.199891516682379406e-20 3.783182515105864885e-21
2.501564803876420774e+04 1.140792181087347855e-20 3.795518907228971629e-21
2.502630215190217132e+04 1.366220434191822973e-20 3.841116890720113356e-21
2.503695623504463219e+04 1.543661418855443569e-20 3.573699516212926681e-21
2.504761028815864120e+04 1.370999453423694381e-20 3.203933474275216616e-21
2.505826431121124551e+04 2.683991980610721407e-20 3.506604855673003027e-21
2.506891830417223537e+04 2.492549361699143902e-20 3.603108997737867803e-21
2.507957226700294632e+04 1.690975551163872116e-20 3.780106785212280443e-21
2.509022619967072751e+04 1.723051435848031758e-20 3.790663524564951727e-21
2.510088010214553287e+04 1.535386501403572353e-20 3.733416768422026741e-21
2.511153397439989203e+04 1.222842495491051191e-20 3.808182501802618224e-21
2.512218781639289955e+04 1.202783806427454380e-20 3.455538972889330104e-21
2.513284162808883048e+04 1.139063178998686851e-20 3.732030693727344999e-21
2.514349540947083369e+04 9.095990839177037052e-21 3.336229141860626620e-21
2.515414916048759915e+04 1.744378209394621617e-20 3.701240573813398750e-21
2.516480288111445407e+04 2.835892472592080627e-20 4.198914400710664718e-21
2.517545657132669658e+04 1.172629172719831822e-20 3.628953170380362065e-21
2.518611023107263100e+04 1.158162447225415465e-20 3.786241887574517751e-21
2.519676386033802555e+04 1.584619693296506030e-20 3.731941957602392749e-21
2.520741745907691802e+04 1.170845890931002605e-20 3.853606570440016978e-21
2.521807102726483208e+04 1.841641178976495907e-20 3.600773081172884907e-21
2.522872456486633018e+04 1.527203723402498724e-20 3.588446891169000000e-21
2.523937807184870326e+04 9.142438256344021024e-21 3.460198480892546420e-21
2.525003154817641553e+04 1.406657961503885297e-20 3.513918432867127995e-21
2.526068499382196023e+04 1.307100640086852790e-20 3.646912103943718702e-21
2.527133840875036913e+04 1.008726423843491514e-20 3.802916085805407522e-21
2.528199179292625922e+04 8.574419309459888545e-21 3.708369095717619335e-21
2.529264514632244754e+04 1.296149856864192665e-20 3.654553453633871882e-21
2.530329846890630506e+04 1.804638560009694762e-20 3.504571184286613261e-21
2.531395176063124745e+04 2.147995505042766898e-20 3.617940620066529655e-21
2.532460502148939122e+04 8.723078761465925204e-21 3.624078632966658332e-21
2.533525825142649046e+04 1.261507266293143580e-20 3.575811874740955558e-21
2.534591145042089192e+04 2.200624891408444789e-20 3.727879523872847855e-21
2.535656461843459329e+04 2.389672495991483934e-20 3.862400529182165259e-21
2.536721775544049524e+04 2.661853282280683764e-20 3.742041660889644521e-21
2.537787086140290194e+04 1.182464612680352821e-20 3.512222604804340378e-21
2.538852393628689606e+04 1.120550081031708375e-20 3.741088396378769720e-21
2.539917698006279898e+04 1.593752581132909333e-20 3.791396135268523285e-21
2.540982999269811990e+04 1.834835478002912592e-20 3.916689029431815128e-21
2.542048297416312926e+04 1.386709772585872064e-20 3.595668701072719705e-21
2.543113592442535082e+04 1.708441225863112042e-20 3.848780676052000361e-21
2.544178884344077960e+04 1.861884093273578414e-20 3.452587608200192311e-21
2.545244173118854087e+04 1.497941385406575363e-20 3.889818285865200939e-21
2.546309458763896691e+04 5.768708375335269124e-21 3.466019984825627223e-21
2.547374741274576809e+04 9.098178143858343550e-21 3.373048517156431225e-21
2.548440020649043072e+04 2.065987646672426804e-20 4.030416203355426883e-21
2.549505296883216215e+04 1.373938141836987224e-20 3.503712769162171636e-21
2.550570569974651517e+04 1.341577981203621391e-20 3.458260658941156529e-21
2.551662021724545048e+04 1.457902700774463473e-20 3.768142265526089318e-21
2.552727290680176884e+04 2.192346010671412633e-20 3.770090653315873026e-21
2.553792556471496209e+04 2.043528704931230916e-20 3.484239438980875632e-21
2.554857819106723036e+04 1.899145663552915784e-20 3.827613513982136975e-21
2.555923078582092057e+04 1.773801621184450416e-20 3.466793302482018451e-21
2.556988334894614673e+04 1.287386943152604271e-20 3.543291520141436867e-21
2.558053588041075636e+04 1.055979039267910913e-20 3.389093145025175305e-21
2.559118838018522365e+04 1.721822183645993431e-20 3.509348422327251481e-21
2.560184084823197918e+04 1.694432140302112218e-20 3.547029904194234133e-21
2.561249328452411282e+04 1.196978566323487585e-20 3.541093896728433855e-21
2.562314568902399333e+04 7.694260488019093228e-21 3.460904818268517489e-21
2.563379806170184384e+04 9.044555362616876672e-21 3.556056751259074717e-21
2.564445040252557010e+04 9.413316947532842258e-21 3.662959878028713690e-21
2.565510271146297237e+04 8.293070481123385717e-21 3.751771805806316740e-21
2.566575498848474308e+04 1.264023195354798354e-20 3.534124907551297295e-21
2.567640723355585214e+04 1.065899635480702058e-20 3.564984649097950997e-21
2.568705944663607443e+04 2.097222733833320887e-20 3.691342505481742186e-21
2.569771162771205491e+04 1.066761334977511285e-20 3.580078120662168913e-21
2.570836377673541210e+04 8.970583303434207896e-21 3.832409480865887095e-21
2.571901589367661654e+04 1.049997741061349755e-20 3.595705400911713988e-21
2.572966797851196679e+04 1.304011271145209257e-20 4.117474875269153216e-21
2.574032003120385707e+04 8.072784857914369330e-21 3.519895976789457987e-21
2.575097205171475798e+04 8.754663860674914068e-21 3.320770264957451268e-21
2.576162404002604308e+04 7.932102627484559368e-21 3.255295259067627883e-21
2.577227599608654418e+04 2.224428382747931557e-20 3.818495595960016774e-21
2.578292791988317913e+04 1.264433839178086984e-20 3.762414552080754286e-21
2.579357981137050592e+04 5.967477797502343423e-21 3.603272411062189741e-21
2.580423167052465942e+04 4.433113161369322584e-21 3.638142227341900377e-21
2.581488349731365815e+04 1.689306068786489599e-20 3.820769786959936958e-21
2.582553529169992544e+04 1.780391762744286653e-20 3.524622957641629790e-21
2.583618705365126152e+04 1.418959055583725134e-20 3.554623250763018114e-21
2.584683878314131653e+04 1.312790619464287167e-20 3.814718418219651598e-21
2.585749048013798892e+04 9.688498208000456665e-21 3.599427250722325042e-21
2.586814214460123549e+04 1.552563954986550150e-20 3.767807425972623414e-21
2.587879377650727110e+04 2.454153868427513276e-20 3.734972834597741479e-21
2.588944537581879558e+04 7.001061424296619453e-21 3.307042707463107702e-21
2.590009694251477777e+04 1.304514089625764754e-20 3.670738358650674670e-21
2.591074847654653786e+04 1.608473085565744456e-20 3.635527596610466125e-21
2.592139997789046538e+04 2.044393732232152776e-20 3.401368437855719344e-21
2.593205144651756564e+04 1.342172054954222244e-20 3.534120443554090784e-21
2.594270288239328875e+04 2.317219914638781971e-20 3.542406214194110570e-21
2.595335428559741922e+04 1.438729958022757126e-20 3.619928180296854124e-21
2.596400566449436883e+04 1.279935017473629938e-20 3.710696924608650816e-21
2.597491973429599238e+04 1.988587530244496305e-20 3.965286893523352536e-21
2.598557106028083581e+04 1.437463746084064900e-20 3.672537680440998296e-21
2.599622235334437937e+04 1.579119600737988941e-20 3.832211720644981745e-21
2.600687361346654143e+04 2.021324963817041750e-20 3.943439115687167757e-21
2.601752484061273935e+04 2.089299404451833964e-20 3.980871165947096257e-21
2.602817603474537827e+04 1.431419278778932344e-20 3.503305081935296761e-21
2.603882719585004816e+04 5.933106001092218137e-21 3.603017621753057705e-21
2.604947832387467133e+04 1.056267388007093366e-20 3.593236824787538710e-21
2.606012941879905702e+04 1.418153992136344692e-20 3.854207355384109608e-21
2.607078048058827699e+04 1.508215639067515731e-20 3.560224909910358123e-21
2.608143150920492189e+04 2.003193331134941796e-20 3.339503490016243378e-21
2.609208250463192962e+04 9.453254280729892891e-21 3.750233547265784273e-21
2.610273346682010015e+04 5.196639814395123332e-21 3.400008512992531691e-21
2.611338439575811208e+04 1.873667381285793587e-20 3.284858207163739922e-21
2.612403529139093007e+04 2.089370191603258681e-20 3.489791583492531086e-21
2.613468615370436237e+04 9.569654758238952139e-21 3.101340509575321280e-21
2.614533698266065767e+04 9.120859708343812335e-21 3.342855532214142189e-21
2.615598777822524789e+04 1.143868806818722184e-20 3.528534847503724890e-21
2.616663854037253259e+04 6.728953728335832568e-21 3.431791720073172403e-21
2.617728926906205743e+04 3.086189915465513159e-21 3.395032620849713602e-21
2.618793996427975799e+04 1.290622447051939465e-20 3.564606778344325767e-21
2.619859062597053708e+04 1.289200719159077817e-20 3.327753353594341482e-21
2.620924125412332432e+04 1.491737625767845387e-20 3.302573521783602761e-21
2.621989184868586744e+04 1.311682656694296348e-20 3.161867992165448355e-21
2.623054240964688870e+04 1.818438052681746527e-20 3.323937262964595387e-21
2.624119293696630484e+04 1.633621865636103660e-20 3.551055733464462573e-21
2.625184343061254913e+04 1.123457119254808107e-20 3.292059848983846424e-21
2.626249389055107895e+04 1.538680937172013225e-20 3.478486963686673909e-21
2.627314431675034211e+04 1.959306629081605768e-20 3.455998731877071803e-21
2.628379470919355663e+04 1.410024619790839189e-20 3.450285932548598486e-21
2.629444506782552344e+04 1.254978358182351077e-20 3.489174937987568647e-21
2.630509539263518673e+04 1.206258531684889267e-20 3.580553941838352853e-21
2.631574568356744567e+04 7.899512269241424931e-21 3.276508314314119691e-21
2.632639594062353353e+04 1.482646278686996960e-20 3.356496823571458007e-21
2.633704616374526086e+04 1.144257899530928110e-20 3.335943813045053456e-21
2.634769635291301165e+04 1.035581367073934331e-20 3.661455904822432018e-21
2.635834650808639708e+04 4.285744726173543266e-21 3.649842623187549997e-21
2.636899662924285076e+04 1.215798480479254031e-20 3.608656199800224241e-21
2.637964671634794649e+04 2.037695728484532165e-20 3.572662948304791115e-21
2.639029676937286058e+04 1.442694372884636911e-20 3.172274235322725128e-21
2.640094678827756434e+04 2.151294075640459734e-21 3.195359540020066367e-21
2.641159677303956414e+04 1.280095421195617374e-20 3.583601078589893550e-21
2.642224672362449564e+04 8.794165578219053270e-21 3.178621391871422040e-21
2.643289664000389166e+04 1.774999281141709545e-21 3.529642581581974966e-21
2.644354652213743248e+04 1.019470099188578508e-20 3.432135559303948697e-21
2.645419637000567673e+04 1.217657547870326838e-20 3.685927584685595591e-21
2.646484618357125873e+04 7.923548320971657803e-21 3.648055124375881526e-21
2.647549596280246988e+04 1.655862441089001655e-20 3.810689606157113206e-21
2.648614570765626922e+04 1.704544288688395050e-20 3.496911799005720928e-21
2.649679541813134347e+04 2.448745754667133751e-21 3.350948452274489502e-21
2.650744509416632354e+04 8.733054233787840974e-21 3.594499742024754826e-21
2.651809473574790900e+04 1.202205331504019935e-20 3.567339266744472069e-21
2.652874434282975926e+04 1.165920221415349074e-20 3.737714323649942912e-21
2.653939391540159704e+04 9.684084305610385910e-21 3.443817305385631856e-21
2.655004345341105363e+04 7.541961380323602649e-21 3.606852393697701428e-21
2.656069295684168173e+04 5.562841654245231487e-21 3.660693742222697752e-21
2.657134242564722081e+04 1.659381087820697190e-20 3.829161888514407232e-21
2.658199185981765913e+04 1.693733449351927418e-20 3.826940506283119362e-21
2.659264125930059163e+04 1.622507744782512136e-20 3.572866858273583149e-21
2.660329062407985475e+04 1.577845521024272744e-20 3.580826433538965220e-21
2.661393995410911521e+04 1.880258065928954196e-20 3.726758544011065659e-21
2.662458924937829579e+04 2.019775579798531769e-20 3.775596041752754942e-21
2.663523850983499142e+04 1.504814385989126344e-20 3.739825988607657349e-21
2.664588773546305674e+04 1.942523488241751996e-20 3.772423640123268548e-21
2.665653692621591472e+04 1.415978789483815056e-20 3.854652137192709632e-21
2.666718608207782745e+04 2.348762085967447712e-20 3.609750444788668161e-21
2.667783520301456156e+04 3.506269773005179296e-20 3.717751534338532954e-21
2.668848428898582642e+04 2.188497377695682425e-20 3.998848249457886670e-21
2.669913333996956499e+04 1.130165741269653722e-20 3.354846830687959195e-21
2.670978235592854980e+04 1.328088508278407460e-20 3.773874098463158172e-21
2.672043133684381610e+04 2.824643405528724330e-20 3.992055544011750398e-21
2.673108028265978646e+04 2.245844072316610018e-20 3.823211272570355236e-21
2.674172919337577696e+04 1.616065858936784924e-20 3.437248022664256682e-21
2.675237806893304878e+04 7.172885219078385824e-21 3.567242035375237567e-21
2.676302690932516634e+04 1.740168234658277364e-20 3.574283637881114623e-21
2.677367571449350726e+04 1.436639041429834776e-20 3.620853430776598012e-21
2.678432448443755857e+04 1.374537366426025810e-20 3.619156343027016024e-21
2.679497321910174651e+04 1.005040528533036754e-20 3.696839007577315119e-21
2.680562191846416317e+04 1.209001506022655148e-20 3.744861481425124349e-21
2.681627058249375841e+04 1.205195112858523135e-20 3.865776927419799286e-21
2.682691921116253070e+04 1.238749247572747407e-20 3.468252472330434617e-21
2.683756780443632670e+04 1.545483288329619356e-20 3.406322795079682451e-21
2.684821636227769341e+04 1.576265988563704758e-20 3.287408335534640178e-21
2.685886488467128584e+04 1.165896090696112108e-20 3.375616092124997223e-21
2.686951337157067974e+04 1.327071631266864954e-20 3.222293629207197508e-21
2.688016182295408362e+04 1.950577465235072773e-20 3.578041236831230476e-21
2.689081023878433552e+04 2.227847766888627203e-20 3.814373179530850873e-21
2.690145861903969853e+04 1.655968811554765813e-20 3.824428915182406341e-21
2.691210696367680430e+04 9.147563966115716548e-21 3.873515916613904805e-21
2.692275527267396319e+04 1.384225568018711929e-20 3.756319294638561507e-21
2.693340354599090642e+04 2.721615098831260102e-20 3.669742433706293490e-21
2.694405178360888749e+04 1.801676462488837625e-20 3.722448853560338088e-21
2.695469998549077354e+04 1.469403021054209624e-20 3.486853849618431387e-21
2.696534815159956997e+04 1.968702614049190612e-20 3.716767635425560750e-21
2.697599628191985539e+04 1.279133688384887549e-20 3.782400532636004844e-21
2.698664437640205506e+04 1.082924586520312908e-21 3.857415716558608274e-21
2.699729243503076941e+04 1.674306332697529127e-20 3.473872691509108025e-21
2.700794045776889470e+04 1.315894665713475129e-20 3.727108709344903027e-21
2.701858844457927262e+04 9.002146626224958663e-21 3.688182062758667189e-21
2.702923639544347316e+04 1.327059113309962026e-20 3.682625865869098329e-21
2.703988431031813161e+04 1.047922492115329095e-20 3.740075457550540385e-21
2.705053218918468338e+04 1.709179188657507718e-20 3.540952743394986190e-21
2.706118003200605017e+04 1.057036606938185942e-20 3.657648410565478426e-21
2.707182783874837332e+04 7.676994985690424598e-21 3.093875069497628471e-21
2.708247560938392417e+04 2.163676969716629541e-20 3.711167263708044238e-21
2.709312334388184536e+04 1.447533417129618041e-20 3.616402644893965058e-21
2.710377104221440459e+04 1.512774879428247511e-20 4.388732231184676794e-21
2.711441870434141310e+04 1.094924905956055840e-20 3.897928204124322766e-21
2.712506633024143230e+04 1.760134367955505027e-20 4.068504295639414666e-21
2.713571391988363030e+04 9.765881969794581575e-21 3.704239034703765011e-21
2.714636147320344753e+04 3.196648237835819549e-21 3.524152208587624573e-21
2.715700893157049723e+04 8.689679569611938978e-21 3.215434229171898110e-21
2.716765618066880779e+04 1.312559590793012408e-20 3.476031218732356688e-21
2.717830339338535123e+04 7.520711659732824122e-21 3.338753452531475550e-21
2.718895056968938297e+04 1.296250809857159354e-20 3.336346629090401886e-21
2.719959770955325075e+04 2.377097038343495017e-20 3.650650561559362454e-21
2.721024481293990902e+04 3.117735725500539538e-20 3.915958724526363771e-21
2.722089187982175645e+04 1.125011485196032926e-20 3.995544796049370348e-21
2.723153891016804846e+04 7.397160913345931286e-21 3.864283390114507504e-21
2.724218590394805506e+04 1.308741488427304175e-20 3.900501753738929687e-21
2.725283286113103168e+04 1.573455454090846649e-20 4.257083173083006610e-21
2.726347978168310874e+04 1.667127753165886462e-20 4.193483410414450614e-21
2.727412666558306591e+04 1.368783268459243281e-20 3.932729828097598813e-21
2.728477351279048162e+04 1.074375621907911683e-20 4.005377479201878109e-21
2.729542032327482229e+04 1.327710789276792900e-20 3.882921324607067442e-21
2.730606709701496948e+04 1.778051232236604650e-20 3.940133000109734423e-21
2.731671383396755118e+04 6.335365216563730499e-21 3.587819957316937315e-21
2.732736053411140529e+04 1.377174475968676761e-20 4.112480201654324180e-21
2.733800719741584908e+04 4.708014708394687794e-21 4.103306200595000884e-21
2.734865382384072655e+04 1.928739685465717570e-20 3.850110671921948966e-21
2.735930041336489376e+04 1.552906882188609892e-20 3.890357320047767116e-21
2.736994696595453206e+04 1.503870245254317544e-20 4.206880461812806425e-21
2.738059348157901331e+04 1.552815619517649997e-20 4.407701953051682284e-21
2.739123996020451159e+04 1.553853823380426072e-20 4.105091328492936726e-21
2.740188640180677976e+04 3.004649624323704691e-20 4.008945101744090453e-21
2.741253280635178089e+04 1.797755479869540355e-20 3.857467140353513855e-21
2.742317917380594372e+04 1.259459743372167283e-20 3.822100980447711886e-21
2.743382550414504294e+04 6.320490721495000380e-22 3.990336894701227861e-21
2.744447179733531084e+04 1.004869006947798723e-20 4.080899388410464748e-21
2.745511805334296150e+04 4.183678180267313426e-21 3.887705943277206478e-21
2.746576427214380601e+04 2.131062206120026721e-20 4.322449167928623891e-21
2.747641045370086431e+04 1.386847890919056273e-20 4.041622313248729383e-21
2.748705659798998749e+04 1.183285944327804562e-20 4.562789904627144705e-21
2.749770270497740785e+04 2.594949377824727536e-21 4.443269893470706606e-21
2.750834877462937584e+04 4.779257319204745661e-21 4.216007978328634598e-21
2.751899480692174257e+04 2.248067712235583760e-21 3.984620861295193259e-21
2.752964080182077305e+04 2.287192593916202787e-20 4.089701889580714158e-21
2.754028675929269230e+04 1.128740750956378156e-20 4.182944252250605556e-21
2.755093267931325317e+04 1.733305018706781434e-20 4.144618235523716426e-21
2.756157856184889897e+04 1.220035052926328806e-20 4.172123730428367829e-21
2.757222440686591654e+04 -9.763431318560022718e-22 3.902939961806985921e-21
2.758287021433700647e+04 1.773713369611656292e-20 3.866337970527521095e-21
2.759351598423490577e+04 5.440316183674645277e-21 4.115083678714994640e-21
2.760416171652590492e+04 1.384700690624085486e-20 4.078557075170216990e-21
2.761480741117628349e+04 9.022529261667211251e-21 4.188545384359572748e-21
2.762545306815879303e+04 1.230588053664601500e-21 3.932010836620669641e-21
2.763609868743974585e+04 1.460039413672534702e-21 3.827889736187815986e-21
2.764674426900156686e+04 1.623015799521357761e-20 4.461870572571767092e-21
2.765738981279447398e+04 1.320236639771590957e-20 4.435594829173898202e-21
2.766803531880411902e+04 5.604794484667040769e-21 4.287451067084907885e-21
2.767868078699361286e+04 1.262089962691179217e-20 4.123688952569403330e-21
2.768932621732924599e+04 1.302663720304443911e-20 4.356601976335641319e-21
2.769997160978693501e+04 1.334059082220821004e-20 4.685435852473873023e-21
2.771061696432996541e+04 1.807777512510998187e-20 4.524236778870784872e-21
2.772126228093112150e+04 2.198302804952324552e-20 4.484367424187518582e-21
2.773190755956001885e+04 4.286249833647720059e-20 4.191685133589316109e-21
2.774255280018624762e+04 3.678160624648709526e-20 4.216967165080264907e-21
2.775319800277939430e+04 3.079293791338845693e-20 4.439018137761128935e-21
2.776384316730909632e+04 9.446644383477004694e-20 5.188906617833571006e-21
2.777448829374494017e+04 3.263197169034146641e-19 7.833220547033747101e-21
2.778513338205981563e+04 8.902035149560090051e-19 1.189343475374546582e-20
2.779577843221684088e+04 8.698105922832178837e-19 1.210097322498400287e-20
2.780642344419215078e+04 3.233738997314113996e-19 7.777272137652854393e-21
2.781706841794888533e+04 1.074505366611033739e-19 5.406460824528735631e-21
2.782771335345667103e+04 3.698489042407290289e-20 4.767003132905373073e-21
2.783835825069168277e+04 1.940493402223286102e-20 4.181366780763534734e-21
2.784900310962033836e+04 2.700972914239292927e-20 4.215986210218373789e-21
2.785964793021212608e+04 2.781654180810263389e-20 4.348126523694019455e-21
2.787029271244011761e+04 5.047153071117852766e-20 4.688860941308838159e-21
2.788093745626420423e+04 5.344291888871456749e-20 4.594253879604011956e-21
2.789158216166716375e+04 3.516626046295595510e-20 4.145491111748723909e-21
2.790222682860886198e+04 2.209927822165968280e-20 4.232357135300897499e-21
2.791287145705569128e+04 9.599103293394773452e-21 4.290492941516662826e-21
2.792351604699375821e+04 1.065859096016986670e-20 3.910157865003888235e-21
2.793416059837967259e+04 2.300145626649557278e-20 4.373408723497803757e-21
2.794480511118640061e+04 2.631451728557598405e-21 4.056397734421290932e-21
2.795544958538694846e+04 1.741893360285484397e-20 4.343607247696583253e-21
2.796609402094118559e+04 2.365220857046896764e-20 4.037518522959171970e-21
2.797673841782540694e+04 2.180041461647354526e-20 4.205293597289211702e-21
2.798738277601592563e+04 9.812779042685451394e-21 4.028318336610876147e-21
2.799802709546932965e+04 9.774817544198443214e-21 4.196730853578233085e-21
2.800867137616853506e+04 1.412620525076178318e-20 4.397626351291855145e-21
2.801931561806680111e+04 2.097217903227522663e-20 4.115341232589513242e-21
2.802995982115368315e+04 4.118856051809323732e-21 4.051195037341046004e-21
2.804060398538240406e+04 1.134740776762552125e-20 3.996769072141232261e-21
2.805124811073256205e+04 1.030788624009931455e-20 3.900230131018038378e-21
2.806189219717073865e+04 1.585174815200173034e-20 3.696464302681166819e-21
2.807253624466340989e+04 2.414460684275278060e-20 4.087868021053245650e-21
2.808318025318697983e+04 1.627289526959064250e-20 4.089433039034004920e-21
2.809382422270792813e+04 1.693691256297082164e-20 3.467327214684975720e-21
2.810446815319605957e+04 1.052835648743788599e-20 4.020183878989327080e-21
2.811511204462115711e+04 9.978794589981079757e-21 3.934247204565623764e-21
2.812575589694640075e+04 4.893584103689991243e-21 4.236817308798427650e-21
2.813639971015819538e+04 4.100549529656989045e-21 4.543251452792223820e-21
2.814704348421306713e+04 5.005383696245198241e-21 4.396640946216270245e-21
2.815768721907754298e+04 -1.012163115813851863e-21 3.728310581297735793e-21
2.816833091473471359e+04 4.102570019716361505e-21 4.169920069948562548e-21
2.817897457114444114e+04 1.590139972345847181e-20 4.277095092399595580e-21
2.818961818828324976e+04 7.041641580536971577e-21 4.397615751725203165e-21
2.820026176611427582e+04 8.641561394240004172e-21 3.922425606548828278e-21
2.821090530461739399e+04 8.964075328535645978e-21 4.248036428934145928e-21
2.822154880374578715e+04 2.814123459888726936e-20 4.123361582667033013e-21
2.823219226348262600e+04 1.234898025982603487e-20 4.007300047579783019e-21
2.824283568379783173e+04 1.887820766851441099e-20 4.142132031395568689e-21
2.825347906465788037e+04 7.285890715663970596e-21 4.145222970730753902e-21
2.826412240602926977e+04 1.089297209722486871e-20 4.437468065449275976e-21
2.827476570788520257e+04 2.718469490533841899e-20 4.111553354073891974e-21
2.828540897019897602e+04 1.439420316786478866e-20 4.005553820553521540e-21
2.829605219293379560e+04 1.597335319069579597e-20 4.289689726970638655e-21
2.830669537606288577e+04 2.028551638197915942e-20 4.406305048671529241e-21
2.831733851955951832e+04 1.393114416554535764e-20 4.129003800610347044e-21
2.832798162338687325e+04 -2.634484988347941329e-21 4.012127960616605189e-21
2.833862468752157292e+04 -6.929382424855203072e-21 4.173671416599181735e-21
2.834926771192680826e+04 1.458546347616985166e-20 4.668828695387866285e-21
2.835991069657249682e+04 1.787699279441933857e-20 4.396478590181363258e-21
2.837055364143865154e+04 2.556395797331949182e-20 4.337370911097182937e-21
2.838119654648511278e+04 7.901716634496816282e-22 4.265811504771566927e-21
2.839183941168179445e+04 7.874500868894685954e-21 4.207744107732442741e-21
2.840248223700874223e+04 1.334013655281888874e-20 4.219842399354073730e-21
2.841312502242915434e+04 3.157984928208281607e-20 4.285431864789154931e-21
2.842376776790625081e+04 3.382253902527296700e-20 4.131310578811110393e-21
2.843441047342343882e+04 3.228561419612480322e-20 4.421401261045918590e-21
2.844505313893722268e+04 4.560999978705207695e-20 4.993138089257405129e-21
2.845569576443102051e+04 3.452530814275853829e-20 3.885581601396598125e-21
2.846633834986129295e+04 3.471759594893186994e-20 4.015909521583586473e-21
2.847698089521152724e+04 7.599572034323545287e-21 4.136243176160723335e-21
2.848762340044494704e+04 1.621065152875037537e-20 4.208822608522458428e-21
2.849826586552475055e+04 2.895024928713617246e-20 4.146649245462361924e-21
2.850890829043106714e+04 4.698644133726343642e-20 4.555357094250741318e-21
2.851955067512711321e+04 2.708803471169626065e-20 4.405460521613244468e-21
2.853019301958965661e+04 1.058267570422933641e-20 4.612297781395366459e-21
2.854083532379206736e+04 8.551172489035978347e-21 3.824755222408162503e-21
2.855147758768741551e+04 1.033798227522833629e-20 4.191276336808298019e-21
2.856211981125914463e+04 1.548555834776073871e-20 4.134589309301826902e-21
2.857276199447398176e+04 1.143593471486589426e-20 4.282847262523487705e-21
2.858340413729852298e+04 1.537701869161534320e-20 4.689457193960190113e-21
2.859404623970959437e+04 1.493581172288120542e-20 4.735140738025761242e-21
2.860468830167380656e+04 3.798126828944971901e-21 4.652533075466306245e-21
2.861533032316118260e+04 1.329307961982133156e-20 4.321797960007230499e-21
2.862597230413834404e+04 1.075052044279561526e-20 3.915793183921756610e-21
2.863661424458211695e+04 3.042058117819814498e-21 4.472763472508353207e-21
2.864725614446254622e+04 9.227928791706826952e-21 4.377522222841669328e-21
2.865789800373947583e+04 3.030444765749787945e-21 4.136801506174555731e-21
2.866853982239312973e+04 7.646111738123628318e-21 4.668352233850208091e-21
2.867918160039015493e+04 1.334766239051188500e-20 4.297043643668279976e-21
2.868982333769376783e+04 1.167636273178272291e-20 4.281443602310053632e-21
2.870046503429110453e+04 2.722294529147662748e-21 4.163745500259379555e-21
2.871110669013173538e+04 9.378916080314844631e-21 4.383388526754220045e-21
2.872174830520620526e+04 1.441180619291505410e-20 4.330379680842624935e-21
2.873238987947092028e+04 1.764804846203403551e-20 4.204764551344749974e-21
2.874303141289592895e+04 -1.087850194650955959e-20 5.883364306866073017e-21
3.039421755293919705e+04 -2.235392268943747853e-20 6.421007750707702403e-21
3.040485249272073997e+04 1.172855536607609797e-20 4.883124087476408736e-21
3.041548738699606110e+04 1.980578539979769585e-21 4.382980263195922398e-21
3.042612223571056165e+04 -2.212997640728954497e-21 4.267500043539278210e-21
3.043675703884876566e+04 4.957320731624195720e-22 4.489170697344694928e-21
3.044739179640224029e+04 2.732119450874273887e-20 4.820311765746326147e-21
3.045802650829168488e+04 1.498539192911002150e-20 4.591339728495056688e-21
3.046866117452990511e+04 1.386138109044542201e-20 5.138529127816884359e-21
3.047929579508010283e+04 2.612174044361863090e-20 5.349009657622016466e-21
3.048993036988772656e+04 6.013354886210819161e-21 4.554344309422049045e-21
3.050056489894787956e+04 8.454794058661862457e-23 4.589338051941721794e-21
3.051119938223443023e+04 -2.018368358760300288e-21 4.544972524666579809e-21
3.052183381968920366e+04 1.422952987114440976e-20 4.533015609343000706e-21
3.053246821130737590e+04 1.757338464989036847e-20 4.735754037371626743e-21
3.054310255706275348e+04 1.522173381907002607e-20 4.507606478958862980e-21
3.055373685689719423e+04 1.126397878374665759e-20 4.724084406262916667e-21
3.056437111080229806e+04 1.022723015227964764e-20 4.516646976628603956e-21
3.057500531876613968e+04 8.877911514644372453e-21 4.999545336576588961e-21
3.058563948070914921e+04 1.700097574438347598e-20 4.676094082353459259e-21
3.059627359663365496e+04 1.554955188479036353e-20 4.760953538399785206e-21
3.060690766653118408e+04 1.011022805083565632e-20 4.955422574109131041e-21
3.061754169032571735e+04 9.044995103201448728e-21 4.691706502299480305e-21
3.062817566800182249e+04 1.042454715083694237e-20 4.516724712636665525e-21
3.063880959956189690e+04 9.254435046508358438e-21 4.489646943185702202e-21
3.064944348493696089e+04 1.594208237695642462e-20 4.402004008720431126e-21
3.066007732410081371e+04 1.535728558163833947e-20 4.705633285700299099e-21
3.067071111705229850e+04 7.664984477471607885e-21 4.996462686243801335e-21
3.068134486374026528e+04 -8.094969996504669095e-22 4.512395471254943867e-21
3.069197856412779220e+04 1.738187326902808105e-20 4.643257491404228582e-21
3.070261221820661012e+04 2.397599486186558767e-20 4.410146994607353739e-21
3.071324582593980813e+04 1.122852988132489691e-20 4.510689791071765672e-21
3.072387938727614892e+04 7.538744224811492927e-21 5.199147007252206563e-21
3.073451290221096497e+04 -1.096732287656128864e-21 4.494365959941465737e-21
3.074514637072884943e+04 1.544368170747628370e-20 4.927708057546247910e-21
3.075577979274985046e+04 5.876691015673958884e-21 4.718917238887418224e-21
3.076641316827645278e+04 1.472051734062827971e-20 4.966834574282020523e-21
3.077704649729672383e+04 -2.271599515350182256e-21 4.665566387951127140e-21
3.078767977974156020e+04 8.047250465431823362e-21 4.629768286391070468e-21
3.079831301559197891e+04 1.078474274180357316e-20 4.674384716738785839e-21
3.080894620485057749e+04 1.752035301503299802e-20 4.725697292281295343e-21
3.081957934744446902e+04 1.366975502426834179e-20 4.372041296324154977e-21
3.083021244335822121e+04 2.532134833020710775e-20 5.165291408909811432e-21
3.084084549255851380e+04 3.509835171381396810e-20 4.308734853038908966e-21
3.085147849506232524e+04 1.425022144868955682e-20 4.404666132389888191e-21
3.086211145076432513e+04 1.654457975747988120e-20 4.604900307499874508e-21
3.087274435967071622e+04 1.178447504717280536e-20 4.325633625207969312e-21
3.088337722177697287e+04 4.185813820256450656e-21 4.392966813124317036e-21
3.089401003701005902e+04 2.405686764066459098e-20 4.675989649838023839e-21
3.090464280535457510e+04 1.800773680469079313e-20 4.746151387280038020e-21
3.091527552678432767e+04 7.844512897548987683e-21 4.549759774651222520e-21
3.092590820129110216e+04 -3.450314518691973808e-21 4.306992329791695634e-21
3.093654082880189890e+04 2.062898149603519296e-21 4.308827738561563861e-21
3.094717340930140563e+04 3.132786540517701869e-21 4.507253710470623228e-21
3.095780594279957950e+04 7.437484733448863435e-21 4.139156481955738057e-21
3.096843842921240866e+04 1.068677957163375654e-20 3.957728574318645028e-21
3.097907086852452994e+04 1.605177938905718546e-20 4.211224161698889220e-21
3.098970326071703312e+04 2.676981366819747754e-20 4.382798506885545910e-21
3.100033560577820390e+04 3.401318857623253443e-20 4.825593231625288088e-21
3.101096790363479158e+04 1.248239926452061423e-20 4.431460395338858625e-21
3.102160015427508188e+04 1.849668989981635054e-20 4.251930118108572156e-21
3.103223235768016821e+04 2.484551396996684058e-20 4.387571454474107372e-21
3.104286451382749146e+04 1.786208026864624806e-20 4.505390170186049792e-21
3.105349662265444204e+04 1.111047144253694612e-20 4.118711612212379622e-21
3.106412868414936020e+04 1.719033289472033039e-20 4.439747818921725663e-21
3.107476069829347034e+04 2.317970475176382800e-20 4.590358765057089053e-21
3.108539266504603074e+04 6.235976923524424965e-21 4.249759417270941828e-21
3.109602458435901281e+04 7.022685522256476898e-21 4.489993607155752651e-21
3.110665645622811280e+04 1.707896756830423457e-20 4.388506421665914922e-21
3.111728828063801484e+04 1.879584036954294703e-20 4.655986018909270467e-21
3.112792005751522447e+04 1.486490392866673332e-20 4.747693556207888902e-21
3.113855178684808197e+04 1.864756310381166756e-20 5.316380946142305865e-21
3.114918346861042301e+04 3.300971243143051072e-20 5.526829973846534452e-21
3.115981510280156363e+04 1.572062273870212437e-20 4.914426057768619281e-21
3.117044668933697176e+04 1.209574561546561715e-20 4.991692434787935214e-21
3.118107822820482761e+04 1.375634921097759392e-20 4.878145296120863243e-21
3.119170971939002629e+04 1.849184040432651356e-21 4.676933213490107756e-21
3.120234116288101723e+04 2.204656528895573928e-20 4.756222103337392300e-21
3.121297255859318466e+04 9.033734983250715922e-23 4.827234655890817960e-21
3.122360390652586284e+04 7.368877862369143678e-21 4.838623878045902362e-21
3.123423520664923490e+04 1.362522954111072650e-20 4.431039319517544396e-21
3.124486645896266782e+04 8.422788399944602198e-21 4.969599690320187938e-21
3.125549766337778419e+04 2.442977902570821695e-20 4.959700322918363220e-21
3.126612881989761809e+04 1.317782879653303195e-20 4.410971349158946636e-21
3.127675992848132591e+04 1.587274449449369512e-20 4.609169813157730290e-21
3.128739098913568887e+04 2.342924581245211968e-20 4.619016352654392257e-21
3.129802200177935447e+04 9.716130714483416202e-21 5.037206657284546990e-21
3.130865296640076122e+04 9.571102832720476569e-21 4.288176742962441149e-21
3.131928388297384299e+04 1.832609299683784249e-20 4.657577707931123831e-21
3.132991475148709287e+04 1.309650674254269372e-20 4.497126548747192155e-21
3.134054557188489343e+04 7.576441998121797319e-21 4.416595212186107556e-21
3.135117634413365886e+04 1.792162278273469692e-20 4.441963239486236179e-21
3.136180706821451531e+04 4.609065961705780179e-21 4.387967694989985903e-21
3.137243774410862898e+04 8.746602935155446017e-21 4.606673946414671697e-21
3.138306837177870693e+04 1.501852015248543809e-20 4.105702438526426752e-21
3.139369895118011482e+04 8.862734963700022470e-21 4.172083031037266715e-21
3.140432948229031535e+04 -2.861295945042671852e-21 4.432406926553551446e-21
3.141495996508646931e+04 9.127901700555691779e-22 4.842503913606178460e-21
3.142559039954630862e+04 4.126135616724463933e-21 4.897524501754415939e-21
3.143622078562149909e+04 1.739739663735868822e-20 4.840979320891679302e-21
3.144685112328578543e+04 9.747272572378192381e-21 4.663872071569673630e-21
3.145748141250551998e+04 2.975978753171159730e-21 4.735167255773507885e-21
3.146811165326925402e+04 2.089684886209511983e-20 5.189382908318255804e-21
3.147874184553968007e+04 2.624242842522608575e-20 4.770436136296059545e-21
3.148937198928314319e+04 1.844625938768584709e-20 4.812130995864907283e-21
3.150000208445489989e+04 2.122022748014218180e-20 4.625366832800363308e-21
3.151063213104350507e+04 9.131106861580253617e-16 4.498885638835308423e-16
