2.879234365327109481e+04 -4.165165973352276646e-21 8.983861861943780551e-21
2.881036682940423270e+04 2.796982495468652572e-20 6.296214504497797834e-21
2.882839000742274220e+04 3.021265017925580729e-20 6.037939207816541417e-21
2.884641318723879522e+04 3.081971070564704430e-20 6.003565503875929984e-21
2.886443636876378878e+04 3.500496266369951167e-20 6.741325882407474656e-21
2.888245955190981476e+04 2.479861089562379002e-20 6.109991385206715255e-21
2.890048273658879771e+04 2.961677076478805769e-20 5.725515351953230657e-21
2.891850592271301866e+04 2.729795960829130236e-21 6.107521643849582266e-21
2.893652911019415842e+04 1.917462397939864431e-20 5.778262887786146681e-21
2.895455229894475269e+04 2.748022323070504439e-20 5.270396771108845716e-21
2.897257548887678058e+04 1.146741042072917637e-20 5.477092475878630722e-21
2.899059867990292332e+04 3.153439108346188864e-20 5.933918728685068810e-21
2.900862187193512364e+04 7.646399769736316342e-21 5.265617152268267955e-21
2.902664506488627740e+04 1.670491582716156562e-20 5.852100893781703054e-21
2.904466825866852378e+04 1.111853835175793808e-20 5.225337854477966646e-21
2.906269145319487870e+04 2.594931273712963030e-20 5.459666384343424240e-21
2.908071464837750682e+04 2.542199398041609062e-20 5.612995989621327794e-21
2.909873784412967507e+04 3.604884682266858210e-20 5.500761706189380117e-21
2.911676104036368633e+04 1.804484469448506234e-20 5.047124214534080808e-21
2.913478423690551426e+04 3.522790385165411679e-20 5.289595263048924663e-21
2.915280742410896346e+04 1.661284181123665001e-20 5.364945806013652970e-21
2.917114611263360712e+04 2.719820660644486044e-20 5.637382901816034712e-21
2.918916933379420880e+04 1.309214509365916380e-20 5.641560743696704510e-21
2.920719255499455903e+04 1.497301388962957535e-20 5.444209000190462390e-21
2.922521577614713533e+04 1.992465254482047525e-20 5.225595169497402442e-21
2.924323899716588494e+04 1.443497067362369117e-20 5.381301144749718663e-21
2.926126221796364916e+04 3.288226090211993728e-20 5.115870730564573205e-21
2.927928543845430613e+04 2.249021730374518290e-20 4.974397977377561981e-21
2.929730865855088996e+04 3.031177503443473190e-20 5.584173423581210116e-21
2.931533187816741338e+04 2.148234760340056514e-20 5.348785418952214758e-21
2.933335509721720882e+04 1.432536661881218079e-20 5.276433213492340581e-21
2.935137831561409257e+04 1.944604619194171101e-20 4.743253400613897029e-21
2.936940153327178996e+04 2.957808669633022758e-20 5.039048851492779139e-21
2.938742475010421549e+04 3.067657744708774918e-20 4.774784301236811532e-21
2.940544796602536735e+04 1.596030150326382346e-20 4.873617726130246819e-21
2.942347118094883626e+04 1.110447198406779996e-20 5.102580546945953042e-21
2.944149439478910426e+04 1.847525520395060814e-20 5.180595036225187030e-21
2.945951760746011860e+04 4.244523774530893714e-21 5.236541230200100976e-21
2.947754081887584834e+04 8.380028232612149299e-21 5.125120765456894670e-21
2.949556402752874419e+04 2.874420321893175944e-21 4.745833254528716233e-21
2.951358722775854767e+04 6.489260766130393019e-21 4.873087702475828545e-21
2.953161042647567956e+04 1.108550841625888603e-20 4.864877208464725165e-21
2.954963362359552048e+04 2.885740441261152736e-20 5.375252363580757339e-21
2.956765681903200311e+04 2.123601321784278561e-20 5.033024497874430626e-21
2.958568001270032983e+04 2.166654718294943164e-20 4.560663888081033475e-21
2.960370320451425505e+04 1.959007799002092251e-20 4.581843673666208914e-21
2.962172639438962869e+04 2.109114341220957414e-20 4.962622610615130583e-21
2.963974958224002330e+04 2.615502931259063223e-20 4.552673729095650085e-21
2.965777276798142339e+04 1.698597253548572797e-20 4.565141113459622311e-21
2.967579595152793991e+04 1.778068216521972992e-20 4.476162473814582144e-21
2.969381913279545188e+04 1.819586767158364780e-20 4.503605439894312943e-21
2.971184231169771738e+04 7.388781084165480916e-21 4.739061368505951087e-21
2.972986548815125207e+04 1.356847793956326228e-20 5.215183461164455629e-21
2.974788866207037790e+04 1.479105766472086383e-20 4.730656502228570368e-21
2.976591183337082111e+04 1.579818227343070063e-20 5.008854460662082752e-21
2.978393500196736204e+04 2.952313899855116697e-20 4.619335564633758856e-21
2.980195816777621076e+04 1.690888639831056122e-20 4.644580395207903460e-21
2.981998133071206030e+04 2.744896574517841922e-20 5.147601651703733306e-21
2.983800449069093156e+04 2.531671804902907281e-20 4.818715875894264792e-21
2.985602764762839070e+04 2.487736745962120923e-20 5.134299626334281898e-21
2.987405080144005115e+04 2.603353938744616773e-20 4.683798212014404224e-21
2.989207395204149725e+04 -3.853423118512212820e-21 4.632501029737396864e-21
2.991009709934857528e+04 2.003617833028969390e-20 5.002681952858771627e-21
2.992812024327776817e+04 1.896328161369622016e-20 4.785478582519624033e-21
2.994614338374397266e+04 1.909243284231968227e-20 4.717588911248490205e-21
2.996416652066415554e+04 2.767581943517043216e-20 4.856306866500310699e-21
2.998218965395350097e+04 2.826845028817246711e-20 5.073861513820128022e-21
3.000021278352920126e+04 1.289453423431216810e-20 4.518804254887994451e-21
3.001823590930624414e+04 2.397888248483422780e-20 4.441607925990470459e-21
3.003625903120217117e+04 7.896611817879064488e-21 4.297467271769140497e-21
3.005428214913241754e+04 6.751846626100024633e-21 4.399516512215856285e-21
3.007230526301372447e+04 1.476106834143805943e-20 4.730401828599852443e-21
3.009032837276241116e+04 3.048887748360772985e-20 4.911740092674757604e-21
3.010835147829565176e+04 1.571381325337683890e-20 4.391464100680131344e-21
3.012637457952920886e+04 -3.489753181298076960e-21 4.212883739107476203e-21
3.014439767638018020e+04 1.730383638532589675e-21 4.331051481866434016e-21
3.016242076876529973e+04 1.669381057846708615e-20 4.801201546039580439e-21
3.018044385660124317e+04 1.512377424536334531e-20 4.310853420750849988e-21
3.019846693980491182e+04 1.823496066854123542e-20 4.609112231103602095e-21
3.021680680693175600e+04 2.370006098463883011e-20 4.813458013448332768e-21
3.023482989446676947e+04 1.917893820888610082e-20 4.803891311774202030e-21
3.025285298659892942e+04 7.250921625983083905e-21 4.877358053719633136e-21
3.027087607384409785e+04 2.878395887748834675e-20 4.696936988209730419e-21
3.028889915603448389e+04 2.851700392098344195e-20 4.442986614175505146e-21
3.030692223308878238e+04 2.980085074815292859e-20 4.730389825076287941e-21
3.032494530492246486e+04 1.358186292175509605e-20 4.684740183406488568e-21
3.034296837145443351e+04 1.530109634128650037e-20 4.634864370283409798e-21
3.036099143260138953e+04 8.542960546238410112e-21 4.317633092727346035e-21
3.037901448828092543e+04 1.603054405336645616e-20 4.420411385049630962e-21
3.039703753841075013e+04 1.672860883469023641e-20 4.820101433220748466e-21
3.041506058290892906e+04 1.906748073715085403e-20 4.807827794434812254e-21
3.043308362169285829e+04 2.830797509874838065e-20 4.735835159607401898e-21
3.045110665468017032e+04 1.091602463122245104e-20 4.635308629010623329e-21
3.046912968178915253e+04 2.364656235945750892e-20 4.341668484920438718e-21
3.048715270293737558e+04 1.879613169026660012e-20 4.593035595359456341e-21
3.050517571804349063e+04 1.680060403133552361e-20 4.065331780128557672e-21
3.052319872702465727e+04 2.790025635507118997e-20 4.386325179719284157e-21
3.054122172979928655e+04 1.495252888515102839e-20 3.872135311306305682e-21
3.055924472628624790e+04 2.256196468755367118e-20 4.133471014215076768e-21
3.057726771640309744e+04 1.592771509845629726e-20 4.320238941487270497e-21
3.059529070006806069e+04 2.172120748241094897e-20 4.791522636154773303e-21
3.061331367720045455e+04 2.208271459459250014e-20 4.911170038677422440e-21
3.063133664771835538e+04 1.655627267604440033e-20 4.659080373998580929e-21
3.064935961153956669e+04 4.652524059442071122e-21 4.187380120875810983e-21
3.066738256858309614e+04 1.384639270270352874e-20 3.742059568919944428e-21
3.068540551876823884e+04 1.530408125386524356e-20 4.017711863788090158e-21
3.070342846201273642e+04 3.115842321568130006e-20 4.306027278372047709e-21
3.072145139823604040e+04 1.416049577739093142e-20 4.108862856321253093e-21
3.073947432735668917e+04 1.567027197925446251e-20 3.893109409698747452e-21
3.075749724929506556e+04 2.555098013773298998e-20 4.350814844104777803e-21
3.077552016396790350e+04 2.458424275013806765e-20 4.136168349177594480e-21
3.079354307129476001e+04 2.014693352028296702e-20 4.124383423655867995e-21
3.081156597119594517e+04 2.019832729270494811e-20 4.339838778143716915e-21
3.082958886358927703e+04 -5.120301998668816547e-23 4.060657737557389684e-21
3.084761174839481828e+04 4.365662967937395000e-21 4.279645171347130388e-21
3.086563462553314821e+04 1.568530847117202073e-20 4.123631663022728508e-21
3.088365749492040413e+04 1.700767244513255676e-20 4.912481828561228157e-21
3.090168035647842407e+04 2.879270098589922639e-20 5.477449115022281220e-21
3.091970321012554996e+04 3.233854485993524597e-20 4.635307519184547834e-21
3.093772605578294679e+04 3.100201677541039823e-20 4.455457549941179691e-21
3.095574889336865817e+04 1.630909001497830504e-20 4.073942738803421515e-21
3.097377172280439117e+04 1.936310930088696195e-20 4.149213868662296850e-21
3.099179454400672694e+04 1.510791930911718898e-20 4.136470218999116752e-21
3.100981735689720153e+04 2.185255964713021491e-20 4.112587323792651486e-21
3.102784016139634332e+04 1.560353047781914739e-20 4.137927577555434321e-21
3.104586295742246875e+04 1.131738783635060789e-20 4.426315678832394412e-21
3.106388574489779057e+04 1.634205196506311321e-20 3.906460688280484943e-21
3.108190852374290262e+04 2.896047712291197404e-21 4.276582403290811363e-21
3.109993129387432418e+04 1.342369966527207777e-20 3.960626836741697672e-21
3.111795405512939396e+04 1.836506403122307828e-20 4.061324841634687860e-21
3.113629477127782957e+04 1.703864832917980371e-20 3.912368086311740815e-21
3.115431753783203385e+04 1.559864076451557678e-20 3.848322974487366415e-21
3.117234029534715955e+04 1.260925409024970191e-20 4.115452303111474238e-21
3.119036304374799147e+04 1.578993743035232679e-20 4.360798738835924721e-21
3.120838578294999752e+04 2.022823556491855020e-20 4.114384242245470087e-21
3.122640851287695114e+04 2.156280928901264431e-20 4.252676406332452986e-21
3.124443123344764899e+04 1.474196693236020519e-20 4.306997452146984262e-21
3.126245394458283045e+04 8.316099300813389548e-21 3.739053698407306267e-21
3.128047664620560681e+04 1.218985367852329078e-20 3.994073634662566076e-21
3.129849933823633182e+04 -7.331578797284400731e-21 3.835818753566192363e-21
3.131652202059311094e+04 1.117813474151396775e-20 3.893969505092411574e-21
3.133454469319899363e+04 1.471799302157855144e-20 4.027283062675087278e-21
3.135256735597530496e+04 1.966683093869098072e-20 4.196571978197103081e-21
3.137059000884208217e+04 2.546458986986708117e-20 4.264174953224845670e-21
3.138861265172160711e+04 1.617310437463797899e-20 3.887031723788717752e-21
3.140663528453428444e+04 1.432355688646989175e-20 3.885803028881069063e-21
3.142465790720306904e+04 2.258378260362722993e-20 3.868966285187791994e-21
3.144268051964636106e+04 1.869110740448096650e-20 3.907327815261355805e-21
3.146070312178773383e+04 1.430675180752693929e-20 3.979530365935896835e-21
3.147872571354901083e+04 1.209796110601843313e-20 3.994926294038911617e-21
3.149674829485005830e+04 8.938595800239600186e-21 3.705619690501339679e-21
3.151477086561452234e+04 -2.489030356480124439e-21 4.076643913337818682e-21
3.153279342576173440e+04 1.891414240376974411e-20 3.625308532160302408e-21
3.155081597521522053e+04 2.824273333876393290e-20 4.177547402031209653e-21
3.156883851389594929e+04 2.285123886635295241e-20 4.246662272022865705e-21
3.158686104172628256e+04 2.572456764469982633e-20 3.881682959925507310e-21
3.160488355862920798e+04 3.048825310803315288e-21 3.809299351737898414e-21
3.162290606452478460e+04 1.951710496090561990e-20 4.047453565807363583e-21
3.164092855933554529e+04 1.874872397005658383e-20 4.002524030528087363e-21
3.165895104298285150e+04 1.465145820010162357e-20 3.752034728723273983e-21
3.167697351539164447e+04 1.688964993562621563e-20 3.904053947354728327e-21
3.169499597648073177e+04 2.210300650188983069e-20 4.070428703217447584e-21
3.171301842617579314e+04 8.635987313687821087e-21 3.811511958056191680e-21
3.173104086439801176e+04 1.658740402290524079e-20 3.987628837159566317e-21
3.174906329106760677e+04 1.475907169679970994e-20 4.151558947954574553e-21
3.176708570610967945e+04 1.615812479332641153e-20 3.673760180440275275e-21
3.178510810944506738e+04 1.779363789925105751e-20 3.762763084274912167e-21
3.180313050100037799e+04 1.422659879732896597e-20 3.812448932115740098e-21
3.182115288069211965e+04 4.649710279168134431e-21 3.805116696195466833e-21
3.183917524851906637e+04 1.314554140628545812e-20 3.846645766282467351e-21
3.185719815779015335e+04 1.651128425635840667e-20 3.727461536126509489e-21
3.187522117732335028e+04 1.680621824728949117e-20 4.164960236890628835e-21
3.189324418468553631e+04 2.132044422672160535e-20 4.325640926006034636e-21
3.191126717980275498e+04 1.809058324253451347e-20 4.170043918832264240e-21
3.192929016259342825e+04 1.710944666662871160e-20 4.236581853950086009e-21
3.194731313298366513e+04 1.202828372701808404e-20 3.745162550612268340e-21
3.196533609089571837e+04 1.072502331372361817e-20 3.929024616238775661e-21
3.198335903625188075e+04 5.435601072592370009e-21 3.710578250260012191e-21
3.200138196897816306e+04 2.169387335003618131e-20 3.963723462271473254e-21
3.201940488899699994e+04 2.416842551914894268e-20 4.388821838000846556e-21
3.203742779622897433e+04 9.929228920221834942e-21 4.202949916677132502e-21
3.205545069060145033e+04 1.956337583619465657e-20 4.224015914563768920e-21
3.207347357203514184e+04 2.095199291661900349e-20 4.264343652430098705e-21
3.209149644045600508e+04 1.480298906410834277e-20 3.673754291274610827e-21
3.210951929578677300e+04 2.088897812085859169e-20 3.738155763840126769e-21
3.212754213794982206e+04 2.643883685205891055e-20 3.710083487492545311e-21
3.214556496687070830e+04 2.328682823355491463e-20 3.814578913734622676e-21
3.216358778247113878e+04 1.651399442934775960e-20 3.940762675482459896e-21
3.218161058467756811e+04 1.405374081784481206e-20 3.793260796119483920e-21
3.219963337341323495e+04 1.679033188572257989e-20 4.111807552464521322e-21
3.221765614860096684e+04 1.368185307815118982e-20 4.063793226632903705e-21
3.223567891016825160e+04 1.479436159654347240e-20 3.872435469311382457e-21
3.225370165803570853e+04 2.092474161347381054e-20 3.811674904560104352e-21
3.227172439212785321e+04 1.910944181823922524e-20 3.912810930477965590e-21
3.229006648192319335e+04 1.511791665064004257e-20 4.143302917648333741e-21
3.230808920151551865e+04 1.766161574302896130e-20 4.354331425131677390e-21
3.232611191630749818e+04 1.138262008843096840e-20 3.634741762620874154e-21
3.234413461710091360e+04 9.699082148886712598e-21 4.061321972753531209e-21
3.236215730373421684e+04 1.269112360022835634e-20 3.977534524086246030e-21
3.238017997613100670e+04 4.255788481585824612e-21 3.631449351976647740e-21
3.239820263421934578e+04 7.266056400235585618e-21 3.913680478146261185e-21
3.241622527792279652e+04 2.080208191720636136e-20 3.876525193574500997e-21
3.243424790716433927e+04 1.510849729310981647e-20 3.615342165178643825e-21
3.245227052187062509e+04 1.240491168901117066e-20 3.935847982022669817e-21
3.247029312196453611e+04 1.676867365583469966e-20 3.986560870055054095e-21
3.248831570737411676e+04 1.176431096216484335e-20 3.855842264907096094e-21
3.250633827802340238e+04 1.918781081837437130e-20 3.862527231234692034e-21
3.252436083383479126e+04 1.353607897114787803e-20 3.891594490291218034e-21
3.254238337473764477e+04 2.017959268965480778e-20 3.957846583388461055e-21
3.256040590065446668e+04 2.303554924223855499e-20 3.694243327950544537e-21
3.257842841150943786e+04 1.661363881276890440e-20 3.762548207973671356e-21
3.259645090723026442e+04 1.226041079497055203e-20 3.775475547531733497e-21
3.261447338774339732e+04 1.001361146551411251e-20 3.757370144789668331e-21
3.263249585297160229e+04 1.494462259380080880e-20 4.017058651440600980e-21
3.265051830284149401e+04 1.809529068309366680e-20 3.873675127245424067e-21
3.266854073727752257e+04 1.685763013358331091e-20 3.897528950421418608e-21
3.268656315620717214e+04 2.444197551712141110e-20 4.115536649486252325e-21
3.270458555955448537e+04 1.585693834269382613e-20 3.959851040584808074e-21
3.272260794724823427e+04 2.444369059200080364e-20 3.644058099589194972e-21
3.274063031920893263e+04 1.113382441508379944e-20 3.447331389081251538e-21
3.275865267536613464e+04 2.380583502859185735e-20 3.662916076874973605e-21
3.277667501564699342e+04 1.180188796852178907e-20 4.341040715192491291e-21
3.279469733997470757e+04 2.492767897974018001e-20 3.503362829174670600e-21
3.281271964827455668e+04 2.252529729792725635e-20 4.058346545785599692e-21
3.283074194047618221e+04 7.727104293479381006e-21 3.696801007680565899e-21
3.284876421650296834e+04 1.322019924632038296e-20 3.822916565591586195e-21
3.286678647628405452e+04 1.862025725565993103e-20 3.901510465339308105e-21
3.288480871974279580e+04 1.404472400633556713e-20 4.040844163761559412e-21
3.290283094680664362e+04 2.366544056772825046e-20 3.563270008524202660e-21
3.292085315740112128e+04 9.343858945863634778e-21 3.645533386810438776e-21
3.293887535145253787e+04 1.568697356362164299e-20 3.594661404492614682e-21
3.295689752889289957e+04 8.913057605205637886e-21 3.690270075660908302e-21
3.297491968963985710e+04 1.644920450222107629e-20 3.709598045563815117e-21
3.299294183362639160e+04 2.296536486618329807e-20 3.909406864831252293e-21
3.301096396077819372e+04 1.205326621986563263e-20 4.163212975962745994e-21
3.302898607101930975e+04 1.471146085886618485e-20 3.518346905193032492e-21
3.304700816427949758e+04 2.361275843779737057e-20 3.542613265976676647e-21
3.306503024048444058e+04 2.198179942957713640e-20 4.039908859516600394e-21
3.308305229956060066e+04 2.399827397185031289e-20 4.091001243018719440e-21
3.310107434143633873e+04 1.272372243550310592e-20 3.904017108709005939e-21
3.311909636603712715e+04 1.102864618537660468e-20 3.538126103448561254e-21
3.313711837329382251e+04 1.487371561859813261e-20 3.783538928088756692e-21
3.315514036312790995e+04 8.728349805291556242e-21 3.682678494525731979e-21
3.317316233547062438e+04 2.625401309187409975e-20 3.730912297612149462e-21
3.319118429024705983e+04 1.928515128957260236e-20 3.764205617506209882e-21
3.320920622738663224e+04 1.956303992582118272e-20 3.593212289010284229e-21
3.322722814681589807e+04 1.584002771577868763e-20 3.636605596961697713e-21
3.324525004846114462e+04 8.946956662345804492e-21 3.929617862165009973e-21
3.326327193225309020e+04 8.267536150295162604e-21 3.487444950784911886e-21
3.328129379803291522e+04 1.628133375780818602e-20 3.457687621621339763e-21
3.329963625921937637e+04 2.431150128342944564e-20 3.887813772222624050e-21
3.331765811119147838e+04 1.335992295379488183e-20 3.711593031268050231e-21
3.333567994500877830e+04 1.910644699644133998e-20 3.618585420763140687e-21
3.335370176060470112e+04 2.058458464369319635e-20 3.531240836770725714e-21
3.337172355790495931e+04 1.541492412832563715e-20 3.544347514196349270e-21
3.338974533683725167e+04 2.593219241385012701e-20 3.799029827728386195e-21
3.340776709733029566e+04 1.178157293535978408e-20 3.295111245203217662e-21
3.342578883931209566e+04 1.687149185393906050e-20 3.641384628960462426e-21
3.344381056270974659e+04 1.113422548933745988e-20 3.894607767053529101e-21
3.346183226745205320e+04 1.769983410552053507e-20 3.756512101838639070e-21
3.347985395346512087e+04 1.235198634222731809e-20 3.775751726462548314e-21
3.349787562068383704e+04 6.541280490802160779e-21 3.800266444097794184e-21
3.351589726902757684e+04 1.745212373164758621e-20 3.763615407442382018e-21
3.353391889843167155e+04 7.118482004245479711e-21 3.893768223637168818e-21
3.355194050882325246e+04 1.308314901363526178e-20 3.938207857550435613e-21
3.356996210012969095e+04 9.713510959769801618e-21 3.581427887503670432e-21
3.358798367227818380e+04 2.271001220010326291e-20 3.702071981839139597e-21
3.360600522520145023e+04 1.153750475495046836e-20 3.817972148565185808e-21
3.362402675882196490e+04 2.348574116960290546e-20 3.735632428833145221e-21
3.364204827307633968e+04 2.429911470550062495e-20 3.596456308886909470e-21
3.366006976788707107e+04 1.594049279349961493e-20 3.593099805480866305e-21
3.367809124318365502e+04 1.719081994420537054e-20 3.557479572079251774e-21
3.369611269889817049e+04 1.527077387763233138e-20 3.405869193903968453e-21
3.371413413495948771e+04 1.590184350796361509e-20 3.393883878280676501e-21
3.373215555129427230e+04 1.696493826329779541e-20 3.343832022192829056e-21
3.375017694783241313e+04 1.297391992945149512e-20 3.553074700565484456e-21
3.376819832450379181e+04 1.168000560592572548e-20 3.652251041494300747e-21
3.378621968123666738e+04 7.758170290996446395e-21 3.681766208069304366e-21
3.380424101796326431e+04 9.274971620909642032e-21 3.513257460663488699e-21
3.382226233460842195e+04 8.134304557076433857e-21 3.371057542198814378e-21
3.384028363110334612e+04 1.870053717592970462e-20 3.721298442025003231e-21
3.385830490737823129e+04 2.145832337732543270e-20 3.537867498445840846e-21
3.387632616335953935e+04 1.577848290026558636e-20 3.561267064256089456e-21
3.389434739898397675e+04 1.475278328826358959e-20 3.441062589643239762e-21
3.391236861417463660e+04 1.829529374634359363e-20 3.690266041556612422e-21
3.393038980886287754e+04 1.407055171518881275e-20 3.061717435524032043e-21
3.394841098297809367e+04 2.645880961949140437e-20 3.681333967343009907e-21
3.396643213645376090e+04 3.199949637125883538e-21 3.391521593854506403e-21
3.398445326921467495e+04 4.042291314236024938e-21 3.494649098466396995e-21
3.400247438119087747e+04 1.994372471295503365e-20 3.690763371754301824e-21
3.402049547232050099e+04 2.663253027632442563e-20 3.880658022029580351e-21
3.403851654252337175e+04 1.897523942330121431e-20 3.553092156354444347e-21
3.405653759173113212e+04 2.289780817955269661e-20 3.565840965143762133e-21
3.407455861988087418e+04 2.376605230195559364e-20 3.840271620302288208e-21
3.409257962689641863e+04 1.807731220293746726e-20 4.045154590981389128e-21
3.411060061270822189e+04 1.983076415210335865e-20 3.548131146957672633e-21
3.412862157725096768e+04 2.000411228386213363e-20 3.662506737498164359e-21
3.414664252045340254e+04 1.599617002516540907e-20 3.656744849839670977e-21
3.416466344223909255e+04 1.461473746554867631e-20 3.893708951869323245e-21
3.418268434254838940e+04 3.361868055206992086e-21 3.275906457669121333e-21
3.420070520854141068e+04 -1.092019357205249746e-21 3.552438503613496819e-21
3.421872603783952945e+04 1.421800795688737497e-20 3.353857632102174397e-21
3.423674684545149648e+04 1.128296914613477910e-20 3.622606780372520244e-21
3.425476763130300242e+04 1.449242839682339591e-20 3.596528419499249078e-21
3.427278839532784332e+04 1.618641839764659130e-20 3.560122790965045174e-21
3.429080913745842554e+04 2.224854227395798568e-20 3.754412187977340396e-21
3.430882985762141470e+04 1.600447359502703119e-20 3.489362432441090770e-21
3.432685055574790022e+04 1.463665374743823248e-20 3.652424987967768202e-21
3.434487123177747708e+04 1.482685810886157549e-20 3.499979796918161735e-21
3.436289188562799973e+04 1.421816916193275732e-20 3.487378317073706685e-21
3.438091251723946334e+04 2.041290439595010134e-20 3.496313416814075679e-21
3.439893312654304464e+04 9.594742510188352080e-21 3.655375251605912757e-21
3.441695371346575121e+04 2.000471491066327544e-20 3.866319200169832934e-21
3.443497427794026589e+04 5.600491252466328412e-21 3.393861410431819342e-21
3.445299481989876949e+04 1.103123963851906302e-20 3.458454831181616745e-21
3.447101533927479613e+04 2.158035416445135996e-20 3.377357150778584274e-21
3.448903583599220292e+04 2.296884893202588160e-20 3.537638525481072469e-21
3.450705630999160348e+04 1.326524781414408777e-20 3.516383579953528373e-21
3.452507676120026008e+04 1.156088843842472123e-20 3.254881715358904006e-21
3.454309718954889104e+04 1.779654815463090429e-20 3.382167740808791313e-21
3.456111759497311868e+04 2.587981712273748549e-20 3.508514836179237268e-21
3.457913797739883739e+04 1.372840471857260366e-20 3.704570502278479179e-21
3.459748046209338645e+04 1.476628593844985922e-20 3.516805657701832722e-21
3.461550081109201710e+04 1.445538588218279150e-20 3.636475553810190114e-21
3.463352114572827122e+04 1.452751117242476215e-20 3.639150326102910694e-21
3.465154145716928906e+04 1.104632941373956896e-20 3.585891253114541901e-21
3.466956174527257099e+04 5.293219264349938838e-21 3.435915825545510069e-21
3.468758200996160303e+04 1.634799401371269194e-20 3.493991869056545354e-21
3.470560225117125083e+04 2.004633649172117556e-20 4.051394719983168860e-21
3.472362246883937769e+04 1.166833736878114938e-20 3.591380776788602938e-21
3.474164266288984800e+04 1.950365292320240234e-21 3.799097023162018525e-21
3.475966283325746190e+04 1.618145425044937585e-20 3.760389357504101999e-21
3.477768297988043923e+04 1.729042845557621908e-20 3.620904325824180915e-21
3.479570310268283356e+04 7.165995824304147410e-21 3.417253748401667760e-21
3.481372320159813535e+04 1.408916314938490308e-20 3.442569758047489327e-21
3.483174327656862442e+04 6.151454596093285446e-21 3.817953242689680108e-21
3.484976332751608425e+04 8.036331096528634399e-21 3.570568869227332080e-21
3.486778335437268834e+04 1.308761342209930997e-20 3.567797988294611360e-21
3.488580335708119674e+04 1.856425000552612458e-20 3.669897402101398923e-21
3.490382333556575031e+04 1.939440145227419052e-20 3.731709446451134233e-21
3.492184328975756944e+04 1.314600826217365626e-20 3.496785175962527641e-21
3.493986321959979250e+04 1.308836900342513582e-20 3.844153237818909393e-21
3.495788312501509790e+04 1.648825617504055503e-20 3.498145787250576110e-21
3.497590300594131259e+04 1.913611222669785086e-20 3.720732926860360526e-21
3.499392286231052276e+04 2.438580834582789836e-20 3.528658543096512874e-21
3.501194269405540399e+04 1.151759294146291471e-20 3.541306862098105324e-21
3.502996250110786787e+04 1.968759864182984148e-20 3.515507341658092663e-21
3.504798228340635251e+04 1.856990040513091241e-20 3.762746096723072600e-21
3.506600204087480233e+04 1.694737587352706612e-20 3.428710169049035839e-21
3.508402177345313248e+04 2.329861474768600211e-20 3.669107391966021878e-21
3.510204148107714718e+04 1.377113161708872390e-20 3.383776362519381954e-21
3.512006116367359209e+04 1.921418167208364568e-20 3.536836445842358996e-21
3.513808082117497543e+04 9.593962876020024130e-21 3.369195504325177089e-21
3.515610045352472662e+04 1.780820911859999307e-20 3.757395523695871763e-21
3.517412006064736488e+04 2.032389534675280138e-20 3.676771518976749864e-21
3.519213964247804688e+04 8.633762890600037704e-21 3.269697673128677896e-21
3.521015919895395928e+04 1.511191501093633078e-20 3.788678806723357393e-21
3.522817873000376858e+04 1.167383880031358550e-20 3.670627847787322549e-21
3.524619823556776828e+04 1.368496125000034226e-20 3.525363616572145804e-21
3.526421771557033208e+04 1.104511170733104557e-20 3.803863451637342470e-21
3.528223716995220457e+04 1.985374788680909338e-20 3.855893782640163824e-21
3.530025659865107446e+04 1.724445627664254585e-20 3.643379974907532117e-21
3.531827600159015856e+04 1.431679139375058617e-20 3.597614509204360586e-21
3.533629537870649074e+04 2.379731515545182721e-20 3.474751844981342063e-21
3.535431472994442447e+04 1.715505079971032985e-20 3.579687550286731225e-21
3.537233405522481189e+04 1.873950499839140770e-20 3.785712418624914105e-21
3.539035335448736441e+04 1.057192079526832834e-20 3.324465843923836400e-21
3.540837262766870845e+04 1.262602882426838863e-20 3.483535768893575313e-21
3.542639187469791796e+04 7.343873704407439117e-21 3.415411446882675190e-21
3.544441109551338013e+04 1.895441250351722901e-20 3.470674798232622434e-21
3.546243029005062999e+04 1.651737969525007070e-20 3.252025133676244047e-21
3.548044945823762100e+04 1.437768110484382168e-20 3.519146462442795664e-21
3.549846860001401365e+04 2.097159024975274459e-20 3.424560423642768798e-21
3.551648771531569218e+04 1.250312174499826667e-20 3.233076589085391530e-21
3.553450680406937317e+04 1.593856484562755200e-20 3.843614572273126788e-21
3.555252586622029776e+04 2.233126371737112612e-20 3.940670174898439774e-21
3.557054490169494238e+04 2.456973822992805871e-20 3.552897389533473108e-21
3.558856391042978794e+04 9.647564360057616450e-21 3.610007471408238610e-21
3.560658289236614655e+04 1.536662025516456855e-20 3.383313212716487555e-21
3.562460184742793354e+04 1.888380380283169303e-20 3.586433761479107437e-21
3.564262077555431460e+04 1.927161560916749351e-20 3.668641930430889485e-21
3.566063967668699479e+04 1.496359638538020686e-20 3.398746768636916734e-21
3.567865855075285072e+04 1.019686839466328434e-20 3.108440858652524039e-21
3.569667739760590484e+04 1.363400644023601981e-20 3.604693390448347381e-21
3.571469620856581605e+04 2.000840173403640952e-20 3.492894534842909051e-21
3.573303848037771968e+04 1.857380672052084811e-20 3.308825739324020298e-21
3.575105726683011017e+04 1.028172073259295912e-20 3.684131792978082348e-21
3.576907602589333692e+04 1.541161423512161536e-20 3.468657102471925430e-21
3.578709475749322883e+04 1.376767603006871109e-20 3.563253933560607432e-21
3.580511346156815853e+04 1.824149468407793298e-20 3.674574669105305005e-21
3.582313213805712439e+04 2.526900738468305207e-20 3.556215132074276915e-21
3.584115078689062648e+04 1.131277082413896129e-21 3.358439476633251353e-21
3.585916940801572491e+04 6.544681643759844597e-21 3.689190845427134227e-21
3.587718800134694902e+04 1.809418508148817534e-20 3.863349594399849050e-21
3.589520656683532434e+04 1.165308513659593703e-20 3.655093335605828272e-21
3.591322510441918712e+04 1.144040162770095071e-20 3.399709737641402793e-21
3.593124361402371142e+04 1.884243629834232664e-20 3.370799223766816380e-21
3.594926209558674600e+04 1.080272972360177832e-20 3.484517996433353418e-21
3.596728054905251338e+04 1.241386002404847351e-20 3.624909140665173304e-21
3.598529897434664599e+04 2.001985264103032670e-20 3.603197575238618135e-21
3.600331737141592021e+04 1.658221171039263495e-20 3.654954962474804659e-21
3.602133574018671061e+04 2.097304009548661660e-20 3.447463279735318357e-21
3.603935408059546171e+04 1.127177027847295722e-20 3.447987340820535462e-21
3.605737239258608315e+04 1.596572422404373573e-20 3.771194267768931363e-21
3.607539067608485493e+04 1.166953933816607989e-20 3.596743639851411515e-21
3.609340893103169947e+04 1.846614863156920708e-20 3.788363728857933192e-21
3.611142715737360413e+04 1.021880557844386606e-20 3.426677622311091441e-21
3.612944535502926738e+04 6.252922701343135434e-21 3.468947284488815039e-21
3.614746352394357382e+04 1.176912337881904921e-20 3.506198583398157423e-21
3.616548166405891243e+04 1.098633456468616553e-20 3.424731931576898173e-21
3.618349977530038450e+04 8.112898349667725220e-21 3.388293971024422548e-21
3.620151785761147039e+04 1.429198837301954318e-20 3.443136885537599745e-21
3.621953591092688293e+04 1.206346894548785345e-20 3.431729006033387396e-21
3.623755393517978519e+04 1.851688339585978725e-20 3.492804560314337391e-21
3.625557193031522183e+04 1.328923959099400469e-20 3.485384993845386920e-21
3.627358989626182301e+04 1.942223421790214708e-20 3.591918094036919132e-21
3.629160783295770671e+04 1.182071305516127404e-20 3.428406979816560321e-21
3.630962574034956924e+04 2.406892801540542362e-20 4.147146970499861098e-21
3.632764361835827731e+04 1.961522640138683917e-20 4.063792377499639450e-21
3.634566146693165501e+04 1.324610843026721480e-20 3.878587204344451336e-21
3.636367928600403684e+04 1.635957534698439272e-20 3.587121988117328219e-21
3.638169707550873136e+04 1.782377314160115139e-20 3.505606051041629744e-21
3.639971483539402107e+04 1.992173869181216807e-20 3.668313961118123415e-21
3.641773256558166031e+04 1.083418287487385028e-20 3.307282919565677399e-21
3.643575026601605350e+04 9.930388433960934214e-21 3.679703174435889436e-21
3.645376793663953140e+04 1.685185444857794464e-20 3.705843732343928275e-21
3.647178557738330710e+04 1.074733915433485352e-20 3.267643905496068364e-21
3.648980318818244268e+04 1.704291133537964672e-20 3.250159729171233366e-21
3.650782076898434025e+04 3.854848484786873780e-21 3.287410933916091631e-21
3.652583831971428299e+04 4.285472670371018990e-21 3.701800331018429357e-21
3.654385587922322884e+04 1.909782985886932227e-20 3.631302586786063711e-21
3.656187386581026658e+04 8.720147243358775343e-21 3.485392402505125676e-21
3.657989182214462198e+04 6.341427337666110490e-21 3.043485112185870887e-21
3.659790974816473317e+04 6.779008604778845742e-21 3.100237787517988327e-21
3.661592764380096196e+04 8.529845433730287125e-21 3.328651533587011215e-21
3.663394550899269234e+04 1.478444841320838098e-20 3.385631463912028218e-21
3.665196334368010866e+04 1.771372767708047104e-20 3.386191088494808497e-21
3.666998114779697062e+04 1.786705591418868379e-20 3.361743597132745154e-21
3.668799892129254295e+04 1.278969041511853125e-20 3.462899445185833796e-21
3.670601666409089376e+04 1.010467402043111571e-20 3.323275548276252466e-21
3.672403437613083952e+04 1.235771856287986814e-20 3.175246143201986505e-21
3.674205205736506468e+04 1.326333739904738009e-20 3.376285386088512234e-21
3.676006970771284250e+04 2.463344175275151993e-20 3.368355893792913603e-21
3.677808732712626079e+04 1.899483959941686971e-20 3.354051092681366569e-21
3.679610491553686734e+04 1.774756534369925173e-20 3.506175742657473150e-21
3.681412247288043727e+04 8.621607325746812578e-21 3.221650854051473771e-21
3.683213999910761777e+04 1.005139941176885690e-20 3.188175274823832702e-21
3.685015749414183665e+04 1.759072393472057859e-20 3.338405373522131643e-21
3.686817495792728005e+04 1.353960465618631316e-20 3.551238850199542523e-21
3.688619239040817774e+04 1.016264224679958293e-20 3.712254043680596628e-21
3.690420979151462961e+04 1.711838847059887357e-20 3.773852469012159419e-21
3.692222716118938843e+04 1.540677195247862060e-20 3.428417418765584868e-21
3.694024449936515884e+04 1.603389578970984033e-20 3.376701429854543840e-21
3.695826180598550127e+04 5.411986376220906323e-21 3.419784980936095532e-21
3.697627908099669730e+04 1.660944628638666760e-20 3.518360025015405555e-21
3.699429632432318613e+04 1.343825105140707140e-20 3.357952262663806572e-21
3.701231353591039806e+04 1.512425988694696454e-20 3.408999274103632130e-21
3.703033071570140601e+04 1.222494782019437110e-20 3.364973759620250613e-21
3.704834786362750310e+04 2.407025773908169955e-20 3.489376508909191302e-21
3.706636497963262082e+04 1.415197592512812933e-20 3.090725368226488564e-21
3.708438206365146470e+04 8.288607952233922108e-21 3.238744097155725982e-21
3.710239911562225461e+04 2.008883500284159042e-20 3.583267082215912696e-21
3.712041613549589238e+04 2.443650020138037727e-20 3.406333921068459318e-21
3.713843312319702818e+04 2.335254561018293049e-20 3.677280933990409091e-21
3.715645007867249660e+04 1.384926437987393168e-20 3.388741898240994913e-21
3.717446700185805821e+04 1.234073115362458510e-20 3.434662738683735515e-21
3.719248389269043400e+04 1.419933363997200318e-20 3.309086693296043490e-21
3.721050075111842307e+04 6.870086104757396693e-21 3.342367356313620831e-21
3.722884272565666470e+04 9.735192438492629648e-21 3.403330215890854821e-21
3.724685953979256738e+04 1.236655115936453001e-20 3.630492068614011661e-21
3.726487632140211645e+04 1.982837939951895933e-20 3.447698458375197518e-21
3.728289307035545062e+04 1.272064299505283998e-20 3.626332187426704254e-21
3.730090978659525717e+04 6.359822600719666826e-21 3.321390016604423650e-21
3.731892647005266190e+04 1.996534668942833278e-20 3.586845495245506048e-21
3.733694312066923885e+04 1.453820713851127884e-20 3.468619581264967590e-21
3.735495973839116778e+04 6.777332382454819000e-21 3.407713957819517805e-21
3.737297632314647490e+04 6.409680205305357917e-21 3.462878561285861762e-21
3.739099287489360722e+04 2.692950667695019075e-20 3.675598476769423152e-21
3.740900939354862203e+04 1.920480539350089705e-20 3.674896365896841129e-21
3.742702587906821282e+04 1.771895834674121827e-20 3.340213780835032883e-21
3.744504233138739801e+04 1.353152630071435279e-20 3.519678740883172784e-21
3.746305875043936248e+04 1.366440097507594758e-20 3.515809974842717592e-21
3.748107513618612575e+04 1.489099716948682830e-20 3.219142014900422207e-21
3.749909148853716033e+04 1.553062357321226224e-20 3.432281546213485922e-21
3.751710780745305965e+04 1.103528432545587348e-20 3.361830046128442574e-21
3.753512409287222545e+04 1.138694289249669300e-20 3.426629499495881529e-21
3.755314034472641652e+04 2.079649888523264056e-20 3.558359023951985393e-21
3.757115656297309761e+04 2.181867216789848749e-20 3.640163975566718722e-21
3.758917274752477533e+04 1.194032218837597502e-20 3.327065981509679685e-21
3.760718889833907451e+04 3.063156876290297961e-22 3.513420928179678570e-21
3.762520501536197116e+04 1.634109720152265182e-20 3.571675221516297831e-21
3.764322109852499125e+04 1.353260703156099713e-20 3.579501927573028674e-21
3.766123714777544956e+04 1.282560191850936413e-20 3.300069181607346314e-21
3.767925316303854925e+04 3.815961399666532247e-21 3.089423330848402414e-21
3.769726914426672738e+04 1.297260723580612269e-20 3.439298656068497785e-21
3.771528509140422102e+04 1.483537096606230133e-20 3.390238994148406873e-21
3.773330100438336376e+04 5.959702810677468967e-21 3.715316846092040692e-21
3.775131688315662177e+04 1.494565050978544105e-20 3.582400103895073543e-21
3.776933272764385038e+04 8.272799181649565400e-21 3.315866126714935796e-21
3.778734853780009144e+04 1.043431339591300572e-20 3.334386016656684987e-21
3.780536431356960384e+04 9.990372101756809870e-21 3.282576540011899967e-21
3.782338005488455383e+04 1.628048824912260320e-20 3.717594154098605439e-21
3.784139576169833163e+04 2.173400760558825911e-20 3.610951111894590481e-21
3.785941143393062521e+04 1.777102412417899541e-20 3.495214617899396234e-21
3.787742707154006348e+04 1.524162562345238457e-20 3.264242366604172261e-21
3.789544267446087906e+04 7.030032475473739870e-21 3.527501063508649187e-21
3.791345824263607938e+04 2.367992045572040677e-20 3.517139547820282962e-21
3.793147377601551125e+04 2.394037364097714834e-20 3.720955047583628662e-21
3.794948927451916097e+04 7.915775464926158278e-21 3.611274308739227595e-21
3.796750473811152187e+04 1.418268157494742210e-20 3.972927820850897661e-21
3.798552016671063029e+04 2.646408101574471786e-20 3.876240095300341325e-21
3.800353556027566810e+04 1.073651359348289686e-20 3.209774537923021262e-21
3.802155091875208745e+04 1.526348976740624290e-20 3.411048708715268012e-21
3.803956624205941625e+04 2.248009692194868278e-20 3.580517001357671054e-21
3.805758153016247525e+04 6.146281766968907303e-21 3.562015514644919499e-21
3.807559678297981736e+04 1.346980446293554378e-20 3.555718472153141893e-21
3.809361200047075545e+04 1.098753232524767993e-21 3.616138731300804653e-21
3.811162718258076347e+04 1.348598598206789012e-20 3.640370727562135970e-21
3.812964232923537929e+04 4.711744821547094109e-21 3.256987264394077104e-21
3.814765744039234414e+04 1.751127403709752220e-20 3.243671078798947944e-21
3.816567251596261485e+04 1.179668270799639643e-20 3.413762129575618002e-21
3.818368755592443631e+04 1.515453920890169457e-20 3.391035613625054836e-21
3.820170256020544184e+04 1.418467497786389269e-20 3.434048582350084915e-21
3.821971752874364029e+04 3.874263991232800282e-21 3.435531055100466901e-21
3.823773246149555052e+04 1.056026480394461037e-20 3.363729176290700285e-21
3.825574735837427579e+04 1.301311796493224261e-20 3.805955721676050723e-21
3.827376221935804642e+04 6.656852477277985578e-21 3.589190033280116683e-21
3.829177704435246415e+04 2.322133239148801678e-20 3.444713687660267454e-21
3.830979183332566754e+04 9.279446278607777384e-21 3.258962334996180421e-21
3.832780658622339251e+04 3.367474666731141321e-21 3.290582411396783841e-21
3.834582130296573450e+04 1.940487657249534559e-20 3.267108930635969521e-21
3.836383598351340333e+04 3.562287014693772213e-21 3.429289394180526812e-21
3.838185062778662541e+04 4.736336165009493021e-21 3.107368868505459330e-21
3.839986523575363390e+04 1.202869681452624607e-20 3.070864472277883172e-21
3.841787980734955636e+04 1.374837600254099181e-20 3.174771985500587938e-21
3.843589434250214254e+04 1.241221126290694499e-20 3.093198272000970066e-21
3.845390884117967653e+04 1.412578284312743867e-20 3.401567318243390457e-21
3.847192330329497781e+04 7.732907079938057195e-21 3.215230246736210400e-21
3.848993772882067424e+04 1.193502721757518934e-20 3.272947641345287755e-21
3.850795211758786172e+04 7.109752787054637820e-21 3.363972842316293767e-21
3.852629310027976317e+04 1.922731091307660765e-20 3.546312450159430375e-21
3.854430743602205621e+04 1.694099149458132717e-20 3.314800381719723007e-21
3.856232173491821595e+04 6.238433928686783479e-21 3.068318707007396006e-21
3.858033599692954886e+04 2.514390869000080830e-20 3.956852389667433052e-21
3.859835022196381760e+04 2.286347951282115753e-20 3.532155314381619858e-21
3.861636441001109779e+04 2.552702508520748453e-20 3.512505558829824099e-21
3.863437856097925396e+04 2.006707433112726973e-20 3.472526177187122127e-21
3.865239267482232390e+04 1.780476368802518816e-20 3.000938939684230313e-21
3.867040675149585149e+04 1.506468634327684963e-20 3.386906323071487798e-21
3.868842079091948835e+04 1.011672153119765032e-20 3.298382516439075381e-21
3.870643479305927758e+04 1.308017624838786370e-20 3.484777480596376427e-21
3.872444875782347663e+04 1.463520165751013837e-20 3.225450705219391685e-21
3.874246268519876321e+04 1.945246494798783372e-20 3.567975095419189327e-21
3.876047657510451245e+04 1.586093874709580836e-20 3.324513607834120285e-21
3.877849042747993371e+04 1.878724610001844592e-20 3.459986707818240401e-21
3.879650424229253986e+04 1.370730123001034874e-20 3.246951647458809061e-21
3.881451801946209889e+04 1.257316144291968814e-20 3.554979268876355816e-21
3.883253175894311426e+04 1.786564604514530319e-20 3.576648010476934173e-21
3.885054546066007606e+04 8.082053277096653458e-21 3.335297334887234060e-21
3.886855912458825333e+04 1.561102858337699386e-20 3.512866281868228705e-21
3.888657275076401129e+04 1.451894458292604192e-20 3.494406944337409568e-21
3.890458691322449158e+04 1.593539396499449166e-20 3.234554208268244501e-21
3.892260132025932398e+04 9.760974054714171536e-21 3.542441138049907474e-21
3.894061568926197651e+04 9.304994977867854600e-21 3.346170618669123101e-21
3.895863002017629333e+04 1.038886341302920136e-20 3.226388724374089998e-21
3.897664431292673544e+04 1.458070251376788913e-20 3.693500142236016562e-21
3.899465856748911756e+04 6.792252968099474035e-21 3.563187553868487799e-21
3.901267278378675837e+04 1.530964028736373125e-20 3.611107831654461313e-21
3.903068696176799858e+04 1.086060995833278613e-20 3.218561964538851460e-21
3.904870110137698066e+04 1.061076834921661088e-20 3.311718042375438716e-21
3.906671520255747600e+04 2.136389756597011312e-20 3.368556088413734739e-21
3.908472926525735966e+04 2.035470091853625168e-20 3.317932836715959215e-21
3.910274328940504347e+04 5.371471852682732944e-21 3.422747643980318098e-21
3.912075727497300250e+04 1.268294382901267293e-20 3.445824500554546817e-21
3.913877122187233181e+04 3.404001055131390413e-21 3.090094833465269452e-21
3.915678513007627043e+04 9.630657750623834751e-21 3.567654017144287375e-21
3.917479899951295374e+04 1.508243335249039098e-20 3.442580912743017121e-21
3.919281283013038046e+04 1.114073539592654453e-20 3.044857094796832680e-21
3.921082662187697133e+04 9.603995404699322153e-21 3.418728371492999466e-21
3.922884037468528550e+04 8.814664493137013658e-21 3.344550898486834391e-21
3.924685408851609100e+04 1.246268462363846694e-20 3.500716388803951680e-21
3.926486776328863198e+04 5.007623910334154907e-21 3.358486538068400829e-21
3.928288139898496593e+04 1.062990576777870544e-20 3.295062527606411961e-21
3.930089499551695917e+04 1.653637737023032450e-20 3.259703955368094038e-21
3.931890855285343423e+04 1.328528716953944024e-20 3.506048720224854058e-21
3.933692207091443561e+04 8.224893143278670428e-21 3.541514301131551334e-21
3.935493554966561351e+04 4.150478670689880716e-21 3.349165086077578183e-21
3.937294898903931607e+04 1.155126177864871352e-20 3.382595457221082403e-21
3.939096238897964940e+04 1.064041302461356821e-20 3.516783331663991128e-21
3.940897574944865482e+04 1.365968551060164515e-20 3.353269325174631295e-21
3.942698907035816956e+04 8.513851887292675110e-21 3.024478273689597168e-21
3.944500235168995277e+04 1.670744421563143638e-20 3.174866486478254169e-21
3.946301559336826176e+04 1.321075692320975921e-20 3.307509437376342155e-21
3.948102879535093962e+04 9.088797523321353579e-21 3.041454308581395200e-21
3.949904195756224362e+04 1.550424151413296313e-20 3.313397094617328254e-21
3.951705507997152745e+04 1.759286513324822421e-20 3.355037495543751180e-21
3.953506816250375414e+04 8.570638635619770929e-21 3.258639493830792089e-21
3.955308120511249581e+04 6.593917150442928163e-21 3.633276501488930500e-21
3.957109420774261525e+04 1.535184311681838048e-20 3.454434373701519601e-21
3.958910717033089168e+04 1.643097994994398762e-20 3.673155168743466168e-21
3.960712009284812666e+04 1.173857039455928384e-20 3.300843476114968570e-21
3.962513297520621563e+04 1.085828797306044056e-20 3.337519297004747577e-21
3.964314581738342531e+04 1.577791962183076986e-20 3.315251626296322758e-21
3.966115861929630773e+04 1.700561113532956992e-20 3.568824904019674732e-21
3.967917138091564266e+04 1.169934360074725744e-20 3.180329390566187240e-21
3.969718410216578923e+04 4.770339021234686818e-21 3.410124276774598271e-21
3.971519678300867236e+04 1.292846897545482669e-20 3.609942377655794052e-21
3.973320942336520238e+04 1.527718752543691011e-21 3.278920305962699353e-21
3.975122202321473014e+04 7.005260318695400319e-21 3.375295997139646909e-21
3.976923458247713279e+04 6.009477212718427547e-21 3.529229048135684278e-21
3.978724710109832085e+04 9.441409478230366219e-21 3.156505087277551700e-21
3.980525957904969982e+04 -3.586426814900043571e-22 3.290631428150756906e-21
3.982327201624315785e+04 1.085509242439714163e-20 3.478872410031982381e-21
3.984128441265775473e+04 1.741451041077179717e-20 3.778159102082884547e-21
3.985929676821038447e+04 1.320968120209937464e-20 3.663529367724953497e-21
3.987730908287245984e+04 1.480463539193962785e-20 3.515049067435527637e-21
3.989532135656841274e+04 1.380686238258352854e-20 3.853979947366728434e-21
3.991333358926107030e+04 1.591968780859407670e-20 3.767354797169699560e-21
3.993134578087564296e+04 1.190213674301183970e-20 3.604842419592900589e-21
3.994935793138378358e+04 1.231451854336341218e-21 3.543709408454201445e-21
3.996737004070544208e+04 9.198711100017537358e-21 3.586909616969941795e-21
3.998538210881284613e+04 1.192162780586950330e-20 3.535479531488267366e-21
4.000339413563092239e+04 9.754692732293901799e-21 3.491134980530660385e-21
4.002140612110585789e+04 1.664061162778075239e-20 3.378896302114836334e-21
4.003941806520909449e+04 7.892118322736148104e-21 3.691537849889476896e-21
4.005742996785328432e+04 1.752367951186958096e-20 4.032827482873284426e-21
4.007544182901914610e+04 1.335125829019339865e-20 4.042762116672751723e-21
4.009345364862269344e+04 1.191865826284615375e-20 3.759298651808277494e-21
4.011146542664041772e+04 1.459899851942368573e-20 3.614474003927994296e-21
4.012947716298470914e+04 1.025689626971231170e-20 3.567975819048604333e-21
4.014748885763232829e+04 8.255279086086033277e-21 3.523499550977788633e-21
4.016550051050337788e+04 6.912625378810467061e-21 3.738506330027736920e-21
4.018351212157079135e+04 1.271379186456845950e-20 3.673910670437445308e-21
4.020152369075969909e+04 1.774903144744069845e-20 3.760626483204672936e-21
4.021953521803417971e+04 1.231461533463508264e-20 4.026789154318397632e-21
4.023754670331852685e+04 1.503901742602806752e-21 3.665239601130297635e-21
4.025555814659065072e+04 1.254689054751574387e-20 3.639564145220921511e-21
4.027356954775819759e+04 6.340310107175946861e-21 4.123004194548014740e-21
4.029158090680267196e+04 1.428329015628433769e-20 3.966646472804294361e-21
4.030959222365754977e+04 1.357683471471067153e-20 3.716184681256189355e-21
4.032760349826152378e+04 9.205922309471020022e-21 3.982935326201169756e-21
4.034594333694627858e+04 1.439986389588098787e-20 3.763106853788720195e-21
4.036395453878062835e+04 2.165227470695837541e-20 3.793185418823327262e-21
4.038196570610925846e+04 1.679107213735402929e-20 3.708106715309199594e-21
4.039997683104433963e+04 -1.894394098203358637e-21 3.373235102371488742e-21
4.041798791348456871e+04 1.554383674985326186e-20 3.953914769443538945e-21
4.043599895334277971e+04 8.524982103555500447e-21 3.769160294977080480e-21
4.045400995059597335e+04 6.282014737497706643e-21 3.456511571540692086e-21
4.047202090516591852e+04 8.679530210421387467e-21 3.382948904272925133e-21
4.049003181702561415e+04 1.376171391670546354e-20 3.643242690331337013e-21
4.050804268609658175e+04 6.312742727987491740e-21 3.699775105649938402e-21
4.052605351235619310e+04 2.049733298017195763e-20 3.798208715823863377e-21
4.054406429571768240e+04 1.354109703575455917e-20 3.340595603847546850e-21
4.056207503616277972e+04 1.562634890617211136e-20 3.581816132993440048e-21
4.058008573360453738e+04 1.056112371683799088e-20 3.689391572707528623e-21
4.059809638802477275e+04 1.224401839053454003e-20 3.696605376677535868e-21
4.061610699933688011e+04 1.663765949719241429e-20 3.599490895701369472e-21
4.063411756751849316e+04 5.822502904660010603e-21 3.699667254024547119e-21
4.065212809249571001e+04 1.036472450783006810e-20 3.741027039915565798e-21
4.067013857423330046e+04 3.901596406888534612e-21 3.890084345540503042e-21
4.068814901265767548e+04 1.532820360963849673e-20 3.714613441197877380e-21
4.070615940774237970e+04 8.214085561140171338e-21 3.821009725481983109e-21
4.072416975940930570e+04 7.374584455084497077e-21 3.642499241450097151e-21
4.074218006763208541e+04 1.128241747137529965e-20 3.687454659488538162e-21
4.076019033233734808e+04 1.042372106243148594e-20 3.779160552108419817e-21
4.077820055349000177e+04 8.499154453780146846e-21 3.661823970952838863e-21
4.079621073101644288e+04 1.081053020419981543e-20 3.659326002391649099e-21
4.081422086489490903e+04 1.089055164377627718e-20 3.899257996249636246e-21
4.083223095504329831e+04 1.524762647408081106e-20 3.746216904800489015e-21
4.085024100142673706e+04 1.282917154607495279e-20 3.931746426953087774e-21
4.086825100398488576e+04 8.967654023203509203e-21 3.857219693003754437e-21
4.088626096268308174e+04 1.934883473844896600e-20 3.851313504259628461e-21
4.090427087743485754e+04 1.470199009232255194e-20 3.763499911591039114e-21
4.092228074822753842e+04 9.886776579897551835e-21 3.504881933703266261e-21
4.094029057498333714e+04 2.845735074209940463e-21 3.612143780857058319e-21
4.095830035766788205e+04 1.255990110225000359e-20 3.477430963519679887e-21
4.097631009621221892e+04 1.642978200454515353e-20 3.706305471662107903e-21
4.099431979057760327e+04 1.025348502772632234e-20 3.755005954832138653e-21
4.101232944070826488e+04 1.948704429107413858e-20 3.631909125461480277e-21
4.103033904655692459e+04 1.654188217794339346e-20 3.716514776754290794e-21
4.104834860805902281e+04 1.165838536947134511e-20 3.851276436802279351e-21
4.106635812517602608e+04 1.596085412271941523e-20 3.562976991542067096e-21
4.108436759785236791e+04 7.733501070421181023e-21 3.766357522630328138e-21
4.110237702604087826e+04 9.443224535660798485e-21 3.641782010498901277e-21
4.112038640967714309e+04 1.452098785484859288e-20 3.996414904155387960e-21
4.113839574872280355e+04 9.349501863754450630e-21 3.789619704080408976e-21
4.115640504312241683e+04 1.011174046831513536e-20 3.752910660060151572e-21
4.117441429282900936e+04 1.205394753703356755e-20 3.794913161361299363e-21
4.119242349777823983e+04 1.795681367704973737e-20 4.077995329261848519e-21
4.121043265793197497e+04 2.405891863717916720e-20 3.991641754238120773e-21
4.122844177320340532e+04 1.157815811152693479e-20 3.906972509649599475e-21
4.124645084007793776e+04 1.673655949806018703e-20 3.996996286621241505e-21
4.126445984914659493e+04 1.463126546125263296e-20 4.014104645418519453e-21
4.128246881310211029e+04 1.865841464870506446e-20 3.712981709831805581e-21
4.130047773199377843e+04 2.085298602946216181e-20 4.071595484886389318e-21
4.131848660578839190e+04 1.502017212493376389e-20 4.037704373288920045e-21
4.133649543441746937e+04 1.707296630379861790e-20 3.979055258689384110e-21
4.135450421785213257e+04 4.469958829098052034e-21 3.654728122910129413e-21
4.137251295601484890e+04 2.629861499299139246e-20 3.842862103669606009e-21
4.139052164887702384e+04 2.529875522470877952e-20 4.076643646845908247e-21
4.140853029637035797e+04 1.714775298268011012e-20 4.024882011267772932e-21
4.142653889846618404e+04 7.359534671053194617e-21 3.462004820580065698e-21
4.144454745508252381e+04 9.849530837618442504e-21 3.605784115721683859e-21
4.146255596620449796e+04 7.060405006220170710e-21 3.591037728564183217e-21
4.148056443174592278e+04 5.240014894356551778e-21 3.679214355115316581e-21
4.149857285169645183e+04 1.622139048150424874e-20 3.889587302220674481e-21
4.151658122596503381e+04 1.970749359563491849e-20 3.988444280473396722e-21
4.153458955452794908e+04 8.087523455324595738e-21 3.843841142245503244e-21
4.155259783731708740e+04 1.407908211752509845e-20 3.982943505465260248e-21
4.157060607429990341e+04 1.420593987212174861e-20 3.793106677282531475e-21
4.158861426541244873e+04 1.528134266257509539e-20 3.762119811961312509e-21
4.160662241060870292e+04 2.111134915269944713e-20 3.915462665967795242e-21
4.162463050983864377e+04 8.678522174760091621e-21 3.845867498383287929e-21
4.164263856305188528e+04 1.444469395985682233e-20 4.136432572893077998e-21
4.166064657020269806e+04 1.017940236246537638e-20 4.095993092157861155e-21
4.167865453123168118e+04 3.026216033167444687e-21 3.822481653724685114e-21
4.169666244610245485e+04 2.341595405814120397e-20 4.328440446631697964e-21
4.171467031474199030e+04 6.823968916463427692e-21 4.203828128841683458e-21
4.173267813711828057e+04 2.299551223321707834e-20 3.477539391018045127e-21
4.175068591317691607e+04 2.101973864684561394e-21 3.574714689033798675e-21
4.176869364287691860e+04 1.709020210450752739e-20 3.872916358239025410e-21
4.178670132614098111e+04 1.326364301449952238e-20 4.092623250625105928e-21
4.180470896295540297e+04 -2.503852046264655700e-22 3.777437179719041050e-21
4.182271655323854066e+04 2.218352373193647272e-21 3.652724815542210509e-21
4.184072409696776595e+04 1.023007505626052791e-20 4.162180331483238579e-21
4.185873159406598279e+04 1.093696018863525843e-20 3.793412865824175656e-21
4.187673904451056296e+04 6.315484938745106423e-21 3.711589978670379352e-21
4.189474644822436676e+04 5.946658025174872822e-21 3.664306393174031629e-21
4.191275380518502061e+04 1.285960520987857749e-20 3.759730440662136295e-21
4.193076111531553033e+04 1.363874751460352939e-20 3.691739646825262624e-21
4.194876837859362422e+04 8.030229036125088357e-21 3.779825124013621353e-21
4.196677559487192775e+04 6.462855810251679878e-21 3.825087858037551959e-21
4.198511314777474036e+04 3.302997716720559789e-21 3.469562228810386690e-21
4.200312028954891139e+04 8.640271024904850974e-21 3.763713808343484588e-21
4.202112738426362193e+04 9.964063900546793769e-21 4.097979746486786603e-21
4.203913443184536300e+04 7.436239802578161427e-21 3.619450413361847618e-21
4.205714143226829037e+04 7.071811894190576835e-21 3.888767413595405603e-21
4.207514838547831459e+04 1.818787223864723552e-20 3.649166535200140186e-21
4.209315529140708531e+04 8.009987369568265655e-21 3.725314686224132957e-21
4.211116215003404795e+04 1.505716445807550466e-20 3.577955946241307222e-21
4.212916896127598739e+04 1.002410047627420187e-20 3.751309750813423421e-21
4.214717572512191691e+04 1.540504973682129824e-20 3.736489604222071023e-21
4.216518244149411476e+04 2.498461191517378893e-20 3.780180743542562939e-21
4.218318911036262580e+04 2.138983125010087674e-21 3.493058375263737984e-21
4.220119573165891779e+04 1.782161277889356615e-20 3.458909869316531165e-21
4.221920230534776056e+04 1.677453331675793853e-20 3.699272582645316789e-21
4.223720883137096098e+04 7.004495784868670387e-21 3.730139170067506408e-21
4.225521530968424486e+04 1.496031629254399301e-21 4.047382658324988940e-21
4.227322174024342530e+04 -5.487810720433389050e-21 3.791841233012293447e-21
4.229122812299424550e+04 6.701157706029020213e-21 3.746880102455878785e-21
4.230923445789274410e+04 7.765757594573344507e-21 3.649715189679768681e-21
4.232724074487078178e+04 3.850340381141921946e-21 3.459545423400810847e-21
4.234524698390856065e+04 1.236087899323556782e-21 3.246798612261642318e-21
4.236325317492299655e+04 4.861756167422455930e-21 3.282240701424464187e-21
4.238125931790882169e+04 8.533548722366671307e-21 3.838575981407648417e-21
4.239926541277862998e+04 1.545835803520960707e-20 3.729663697654258149e-21
4.241727145950316481e+04 1.060133323775900106e-20 3.906793037331764994e-21
4.243527745802390564e+04 7.776987092605702596e-21 3.627339175144490472e-21
4.245328340830633533e+04 6.839813644068277168e-21 3.661966001267791354e-21
4.247128931027771614e+04 1.083405915542957474e-20 3.657637728770522990e-21
4.248929516391392099e+04 1.676617151606731985e-20 3.641392028510274189e-21
4.250730096916639013e+04 7.655671438409638649e-21 3.966802248709145605e-21
4.252530672595695069e+04 3.262775931814182398e-21 3.434264829820207799e-21
4.254331243427606387e+04 1.373446735416579198e-20 3.477213546209271566e-21
4.256131809403637453e+04 1.427514786435500695e-20 3.411286434389358562e-21
4.257932370521885605e+04 1.829217306032851574e-20 3.918160218411535827e-21
4.259732926776520617e+04 1.561525092967699171e-20 3.930691676299963658e-21
4.261533478162168467e+04 1.076752570156467414e-20 3.966694008708942298e-21
4.263334024675006367e+04 9.194005834667461157e-21 4.199943752067191817e-21
4.265134566309725051e+04 8.333318967673519145e-21 3.775723467131556855e-21
4.266935103061983682e+04 7.568389115551729898e-21 4.108601034007201175e-21
4.268735634925455088e+04 3.833306471733660827e-22 3.866440099161491701e-21
4.270536161897266720e+04 9.954599639636222629e-21 3.948771279378272306e-21
4.272336683970173908e+04 1.336891079419332852e-20 4.038191768669015418e-21
4.274137201142315462e+04 5.504586373607527565e-21 3.751007885822596876e-21
4.275937713407403498e+04 9.996841950548503212e-21 3.788597963449828878e-21
4.277738220759086107e+04 1.443198030429770596e-20 3.770315428273915924e-21
4.279538723195070634e+04 1.136858797401976088e-20 3.890651526495899495e-21
4.281339220709574147e+04 3.906361019580790751e-21 4.037679311526923129e-21
4.283139713298290735e+04 1.842949295220399752e-20 4.031762095000275657e-21
4.284940200954920147e+04 1.860228140392870228e-20 3.977751643857502111e-21
4.286740683676621120e+04 9.163875380670166187e-21 4.086210262153015898e-21
4.288541161456659756e+04 1.183488509563958652e-20 4.389429689704477646e-21
4.290341634291740775e+04 9.271225273432929858e-21 3.971778558351998873e-21
4.292142102177078777e+04 2.159365213223851860e-22 3.654696197868704190e-21
4.293942565106364054e+04 1.769628866005144749e-20 4.084991394310011063e-21
4.295743023076822283e+04 1.039599991453281471e-20 4.093663457536632437e-21
4.297543476082203415e+04 1.829241385687820547e-20 4.207610135817057492e-21
4.299343924118740688e+04 1.553043375503801666e-20 4.038592320730156442e-21
4.301144367180154222e+04 1.147742904263481433e-20 4.003052372571607366e-21
4.302944805263135640e+04 9.718013945397421908e-21 3.903083606792764490e-21
4.304745238362468081e+04 8.793834022273793663e-21 3.835693253858771972e-21
4.306545666472896119e+04 1.236546392437291022e-20 4.210359808943474558e-21
4.308346089591669443e+04 1.466864956621160249e-20 4.108123438277814564e-21
4.310146507711010054e+04 8.233870589077314971e-21 3.967369087487536726e-21
4.311946920829154260e+04 1.363446673349729340e-20 4.008006823396338283e-21
4.313747328938378632e+04 7.055691382414501313e-21 4.044191763841889059e-21
4.315547732035956869e+04 9.104754113199678719e-21 3.785275609853263804e-21
4.317348130116643733e+04 1.587183506003117300e-20 4.130096349925493270e-21
4.319148523175167065e+04 1.320786913605244815e-20 3.953569452865335252e-21
4.320948911208817299e+04 1.490108675654393247e-20 4.052326929067064429e-21
4.322749294210365042e+04 1.399336906036218001e-20 4.363234667370043506e-21
4.324549672176601598e+04 7.774750158210919409e-21 3.785675615807536554e-21
4.326350045101786236e+04 1.055998488167979057e-20 4.175952588468274420e-21
4.328150412981156114e+04 1.507438901699247523e-20 4.393851979599121246e-21
4.329950775811547646e+04 1.222989355179999833e-20 4.372439899756424796e-21
4.331751133586225478e+04 7.872055967295172954e-21 4.128396742867229385e-21
4.333551486303018464e+04 1.071865607864135957e-20 4.133554806085741687e-21
4.335351833954169706e+04 1.118839784434341148e-20 4.070525191793959445e-21
4.337152176537465130e+04 9.982718803806424161e-21 4.277523700476120164e-21
4.338952514046721626e+04 2.639485470536230662e-21 4.272442415871775355e-21
4.340752846477249113e+04 1.498670688553339104e-20 4.159047792639962696e-21
4.342553173826384591e+04 4.191429120827095395e-21 3.941600223451869459e-21
4.344353496087395615e+04 1.424631768779633859e-20 4.223780987162192788e-21
4.346153813255541172e+04 6.744236066619366575e-21 4.062032798296146313e-21
4.347954125326700887e+04 2.506909538908365687e-21 4.425590140834473661e-21
4.349754432296188315e+04 2.168297994610460703e-21 4.196575015418880535e-21
4.351554734159836516e+04 2.016130720710961098e-20 4.409472257791859277e-21
4.353355030911930226e+04 1.117928679672200279e-20 4.372072676298958599e-21
4.355155322548789991e+04 1.605090359232146852e-20 4.316189427508876991e-21
4.356955609064248711e+04 4.300792996746295063e-21 4.226140350593642408e-21
4.358755890457717760e+04 1.524215828966914891e-20 4.050088841018155040e-21
4.360556218634882680e+04 7.428438793041293477e-21 4.208934338896823061e-21
4.362356563387637289e+04 1.341266439401202863e-20 4.507393993398588411e-21
4.364156903001722822e+04 7.396204096586209806e-21 4.141797561978592206e-21
4.365957237470977998e+04 4.011037764344601237e-21 3.863868855754170303e-21
4.367757566791775753e+04 1.186783693822164226e-20 3.925492484832017580e-21
4.369557890958950884e+04 1.870165530334233888e-20 4.053288632722971964e-21
4.371358209966814320e+04 1.953054583168058281e-20 4.489935046703538405e-21
4.373158523812753992e+04 1.123431203159131039e-20 4.179835453528017822e-21
4.374958832491142675e+04 8.860713919419847157e-22 4.205081607052166923e-21
4.376759135997334670e+04 1.577727091143665661e-20 4.216995111860489818e-21
4.378559434326701739e+04 -9.961198413880122012e-22 4.016541823581036275e-21
4.380359727473556268e+04 3.574999061716787338e-21 4.048220665727549127e-21
4.382160015434800152e+04 1.818899102916391723e-20 4.157674192251483939e-21
4.383960298206361040e+04 1.492184995937940587e-20 4.273080066860650666e-21
4.385760575782065280e+04 4.304578686050966646e-21 4.060158429459111115e-21
4.387560848156769498e+04 1.046917721262360460e-20 4.380700678942752408e-21
4.389361115327919106e+04 2.271872780989501649e-20 4.431336626661233947e-21
4.391161377289834491e+04 2.224675946642567167e-20 4.488268286890465303e-21
4.392961634037947078e+04 1.313740071741837310e-20 4.134398674726918353e-21
4.394761885567646095e+04 5.734310170143366509e-21 4.239200820928776773e-21
4.396562131874325860e+04 9.765172021343204917e-21 4.168427144460924756e-21
4.398362372952332953e+04 1.409590080995694024e-20 4.328675599873886807e-21
4.400162608799635200e+04 3.192669386700672913e-20 4.583046933276266662e-21
4.401962839409078151e+04 1.260649593314249843e-20 4.182152696520485160e-21
4.403763064777628460e+04 1.372553269562417509e-20 4.509438270926029754e-21
4.405563284900175495e+04 1.430426310434908109e-20 4.838886750494675657e-21
4.407363499772129580e+04 8.314541300695872387e-21 4.219137433478878135e-21
4.409163709388332791e+04 1.264677478160048362e-20 3.939765781231420952e-21
4.410963913745298487e+04 1.264167213048686872e-20 4.374862690015947063e-21
4.412764112837928405e+04 8.303803625461020123e-21 4.015854739946484404e-21
4.414564306661642331e+04 1.625124211795313121e-20 4.370410559087620165e-21
4.416364495211864414e+04 3.575241681353485415e-22 4.230018573209523231e-21
4.418164678483988973e+04 7.975115109135238731e-21 4.172590881688810794e-21
4.419964856472952670e+04 -1.727633606891513152e-22 4.334180422572987556e-21
4.421765029174723895e+04 5.831914041927871899e-21 3.999082647183449182e-21
4.423565196585264493e+04 4.778125619755280100e-21 4.379983304146913925e-21
4.425365358699493663e+04 7.712553613811563040e-21 3.941391542279386929e-21
4.427165515512822458e+04 8.748816253086724414e-21 4.083360978553324220e-21
4.428965667021233821e+04 -6.412211220724675139e-22 3.772729556085414592e-21
4.430765813218621042e+04 1.527949001508440977e-20 4.682592630706000680e-21
4.432565954102013347e+04 1.329902362798675577e-20 4.463293792657164775e-21
4.434366089666868356e+04 1.230735516474890342e-20 4.367897189578990296e-21
4.436166219907045161e+04 1.594182498282797341e-20 4.462605189348867387e-21
4.437966344819568621e+04 7.014890049540843032e-21 4.120768488387995022e-21
4.439766464399937831e+04 8.638627674457732150e-21 4.230687828064323134e-21
4.441566578642034438e+04 9.115999384478181552e-21 3.842939758036003135e-21
4.443366687542905129e+04 8.688403480852149971e-21 4.144854399840368236e-21
4.445200085128657520e+04 1.315791027479676680e-20 4.463700121082768741e-21
4.447000184492723929e+04 1.702869047045484364e-20 4.222249456158773110e-21
4.448800279214297916e+04 1.085421965487143288e-20 4.620154137186994532e-21
4.450600368583344971e+04 2.158640668990610204e-20 4.128451799269588550e-21
4.452400452586614119e+04 1.436868399833407651e-20 4.007800426814443394e-21
4.454200531221639540e+04 1.821028828329050930e-20 3.898823680187292781e-21
4.456000604482367635e+04 1.082168409766532067e-20 4.662438303097096725e-21
4.457800672364793718e+04 5.933682527387208241e-21 4.457662126212371295e-21
4.459600734864419064e+04 7.042833007169728307e-21 4.379188492970666361e-21
4.461400791976742767e+04 6.868357691718878541e-21 4.376847697676594427e-21
4.463200843697792152e+04 8.472860953322475689e-21 4.426555737984178658e-21
4.465000890022034582e+04 1.684745734343474711e-20 4.578133019854437932e-21
4.466800930945463915e+04 1.329835827132633293e-20 4.546370029012467496e-21
4.468600966463105578e+04 1.496948686285762448e-20 4.854227017635775993e-21
4.470400996571998985e+04 1.229004978153740198e-20 4.454285235016339553e-21
4.472201021266128373e+04 4.218779257176170290e-21 4.372873655255219070e-21
4.474001040541530529e+04 1.423759221485749394e-20 5.369138931506898957e-21
4.475801054394224775e+04 7.537844781488609848e-21 4.199515354231117243e-21
4.477601062818703213e+04 9.439254562598360912e-21 4.710237977564126195e-21
4.479401065811001899e+04 1.589110067078251301e-20 4.628152374068802801e-21
4.481201063366652670e+04 1.955526315077799693e-20 4.805837025575717908e-21
4.483001055481203366e+04 1.394523218040848885e-20 4.461074112359155601e-21
4.484801042150698049e+04 1.523441004163993833e-20 4.435861659209936948e-21
4.486601023369100585e+04 7.185323043906265223e-21 4.592180193965704788e-21
4.488400999134039739e+04 7.749470242517832165e-21 4.781305124101922571e-21
4.490200969439491746e+04 2.260871506954932639e-20 4.628075063329895803e-21
4.492000934281526861e+04 1.745536856697481168e-20 5.001950421484241850e-21
4.493800893656219705e+04 1.975179708797082998e-20 4.954654144423899466e-21
4.495600847558069654e+04 1.376780937560581538e-20 4.671010476799589776e-21
4.497400795983138232e+04 1.009763599817900106e-20 4.497164168050057102e-21
4.499200738927521888e+04 6.262204908316140278e-21 4.628445042473340339e-21
4.501000676385716361e+04 5.822933100905839996e-21 4.356730325889098667e-21
4.502800608354338328e+04 1.167559547605183397e-20 4.393742146235680244e-21
4.504600534827911906e+04 8.179917455261655808e-21 4.304761903268015396e-21
4.506400455802502256e+04 1.004118974408317121e-20 4.296442549461651269e-21
4.508200371273700148e+04 1.116921943107606486e-20 4.768421170315182487e-21
4.510000281238106982e+04 1.578378704428139810e-20 4.825843012636020519e-21
4.511800185688686906e+04 1.209008158235185459e-20 4.881880012822139582e-21
4.513600084623627481e+04 6.749800860737478799e-21 4.842023225246999190e-21
4.515399978036961693e+04 4.612885302071534467e-21 4.903784885861208036e-21
4.517199865925277845e+04 -2.016983637747232391e-21 4.815856191376925547e-21
4.518999748283142253e+04 1.137597658066139317e-20 4.787847037107239728e-21
4.520799625107172324e+04 6.274817157572963556e-21 4.686320028866837118e-21
4.522599496392440778e+04 1.353765026827268968e-20 4.457888166171228450e-21
4.524399362134017429e+04 8.691206254929414315e-21 4.963317351712771012e-21
4.526199222328539327e+04 7.244358734797996667e-21 5.095010178588920434e-21
4.527999076970027818e+04 8.217518293992617463e-21 4.641103536718243108e-21
4.529798926056719210e+04 4.636768294426159725e-21 4.400424604958557076e-21
4.531598769582094974e+04 1.880918338480573561e-20 4.923822780653972266e-21
4.533398607541246020e+04 1.514224879345909696e-20 4.932209331673167632e-21
4.535198439932415931e+04 1.253716187444567976e-20 4.521098424799890769e-21
4.536998266749103641e+04 2.492576445889950718e-21 4.609092450438661711e-21
4.538798087986375322e+04 8.982043572844768010e-21 4.679536128402565592e-21
4.540597903641980520e+04 4.687120255482514806e-21 4.642352203664892017e-21
4.542397713710989774e+04 1.604520484256350622e-20 4.862968346751458507e-21
4.544197518186923844e+04 1.829859545799142304e-20 4.600439432351288288e-21
4.545997317068049597e+04 1.484200008765676542e-20 4.346961868418650504e-21
4.547797110349458671e+04 6.985866290359353034e-21 4.703881112184728739e-21
4.549596898024649272e+04 2.074822073154525474e-20 5.032187042721620165e-21
4.551396680091913731e+04 1.966221479357862194e-21 4.638892102447000416e-21
4.553196456546341506e+04 1.756327990484981233e-20 4.888242212416882701e-21
4.554996227381458448e+04 1.305550216499982392e-20 5.360527014119126538e-21
4.556795992595555435e+04 8.067143794712137993e-21 4.908331884144981008e-21
4.558595752183749573e+04 5.018117292882794035e-21 4.943835602715977226e-21
4.560395506140592624e+04 9.052956450701365784e-21 4.581081123523423618e-21
4.562195254461748846e+04 1.420912010673979831e-20 4.482561970284259593e-21
4.563994997143913497e+04 1.111183215244292426e-20 4.640825083621703084e-21
4.565794734182222601e+04 1.292655720053821472e-20 4.888897684658685364e-21
4.567594465572322952e+04 1.190270282387116713e-20 4.824261338792310570e-21
4.569394191309341113e+04 -2.293538009361906052e-21 4.658340480882264758e-21
4.571193911389979621e+04 1.842764424498737670e-21 5.156312646387371911e-21
4.572993625809385412e+04 4.924459615603724538e-21 5.290179602818104248e-21
4.574793334562680684e+04 8.572468463596514481e-21 4.945397918729052705e-21
4.576593037647126039e+04 1.714372221828041194e-20 4.745199750168107463e-21
4.578392735056798847e+04 2.865841611929591830e-21 4.840842821194962593e-21
4.580192426787364820e+04 1.331187219409043233e-20 5.395929307109859237e-21
4.581992112835546868e+04 1.099743723276596575e-20 4.698473078571495857e-21
4.583791793196502113e+04 1.129946396036630374e-20 5.006086538541785839e-21
4.585591467865373124e+04 1.008333521007280481e-20 4.853684478123480247e-21
4.587391136839429964e+04 -1.795727977871604793e-21 4.684352963179312970e-21
4.589190800112764555e+04 1.212664809483295860e-20 4.965944736941290611e-21
4.590990457681057160e+04 1.207197850287642825e-20 4.771589768749293045e-21
4.592790109559652774e+04 9.629431080597035347e-21 4.775375450884172064e-21
4.594589757794767502e+04 4.916298311885150613e-21 5.014296941971390498e-21
4.596389411209918762e+04 6.256507165864398768e-21 4.802189937325715062e-21
4.598189059004851151e+04 8.307659795218798382e-21 4.765546117142686428e-21
4.599988701073604898e+04 6.017682706745525116e-21 5.122536973375090870e-21
4.601788337411350949e+04 8.450196964821809988e-22 5.177116184204181865e-21
4.603587968015393562e+04 2.417230891186277118e-20 5.385001358182857079e-21
4.605387592880347802e+04 9.902655294241232615e-21 5.327934295456975236e-21
4.607187212000847649e+04 1.424331044277445236e-20 5.316917082466226110e-21
4.608986825373674947e+04 1.084561159532443139e-20 5.060252584505808897e-21
4.610786432995625364e+04 8.721172357241702080e-21 4.769974992018561808e-21
4.612586034861341614e+04 1.364673066302805975e-20 5.212802528315100340e-21
4.614385630965983728e+04 1.328434093435600861e-20 4.422800716110152732e-21
4.616185221305265441e+04 2.098464805404577162e-20 5.111940353091482154e-21
4.617984805876528117e+04 1.786459359233479350e-20 4.759280415580629761e-21
4.619784384673892055e+04 1.220528184338461706e-20 5.025789386340474372e-21
4.621583957694129640e+04 1.218820585918601704e-20 4.992176941857505851e-21
4.623383524932439468e+04 7.686190564429250547e-21 5.006306779548791661e-21
4.625183086382934562e+04 -5.509336706220408163e-21 4.591418452987289646e-21
4.626982642044044769e+04 -5.045072056561214589e-21 4.866656005591950727e-21
4.628782191910964320e+04 1.760802935813464737e-20 5.567526111934616139e-21
4.630581735978892539e+04 1.165595465893269888e-20 5.303875628185828897e-21
4.632381274243008374e+04 -1.115100925043130456e-21 5.325931102687923857e-21
4.634180806699594541e+04 8.976942036639134436e-22 4.935345895615567191e-21
4.635980333344405517e+04 -5.971638889654947305e-21 4.498448410137404937e-21
4.637779854173190688e+04 7.208056724998798918e-21 5.019484887323746622e-21
4.639579369182230585e+04 3.184385739096520524e-21 5.291933235044511386e-21
4.641378878366719437e+04 -2.108942542012794444e-21 5.550600859539410529e-21
4.643178381721337792e+04 9.412888162203898415e-21 5.160794870401941233e-21
4.644977879243447387e+04 8.887171372681032139e-21 5.173749489709736292e-21
4.646777370928824530e+04 1.094608787538959250e-20 5.169015977851096427e-21
4.648576856772145402e+04 1.953223576614407231e-20 5.148354356756972265e-21
4.650376336769704358e+04 -1.730406282154598565e-22 4.944454072454875219e-21
4.652175810917808121e+04 5.788714882793057488e-21 4.956805142993101770e-21
4.653975279212209716e+04 -1.240395005471942962e-21 4.677607548894809869e-21
4.655774741646514303e+04 6.811958531281814918e-21 5.107057314753174191e-21
4.657574198218639503e+04 1.456396130140888253e-20 5.100578694042839372e-21
4.659373648924391455e+04 -1.272882153606547456e-21 4.651408297277368730e-21
4.661173093758989853e+04 1.244442766611078425e-20 5.158491785883805372e-21
4.662972532717664581e+04 2.193611639595713003e-20 5.793750217878920381e-21
4.664771965796724544e+04 1.150260879632439262e-20 5.384761291602767056e-21
4.666571392993050540e+04 1.496926409046247255e-20 5.200168395255946505e-21
4.668370814300242637e+04 8.185678109515276438e-21 5.192802418479276730e-21
4.670170229714612651e+04 5.884983874929811228e-21 5.381962144265998916e-21
4.671969639233607450e+04 3.705839736374255771e-21 4.914111050257265485e-21
4.673769042851926497e+04 1.340593903785725688e-21 5.514388046280483502e-21
4.675568440564811317e+04 4.003199243799131970e-21 5.128646125975856572e-21
4.677367832369128882e+04 7.599946599053265712e-21 4.830679517417591683e-21
4.679167218260144000e+04 5.310731445411944993e-21 4.940571819345332670e-21
4.680966598233645345e+04 5.121962207743726886e-21 5.015111219676161424e-21
4.682765972284872987e+04 1.197663691770590461e-20 5.165378024756590986e-21
4.684565340410195495e+04 1.164882283622210353e-20 5.092229454741527824e-21
4.686364702605960338e+04 7.152523719065119902e-21 5.607983785440124974e-21
4.688164058866885898e+04 1.095943714094448622e-20 5.339115818328493937e-21
4.689963409189855884e+04 3.090376853497070515e-22 4.852113199407445020e-21
4.691762753563731530e+04 8.724675503421945090e-21 4.744053852600503519e-21
4.693562091323303321e+04 2.046931119654541111e-21 4.870995847211287513e-21
4.695394975858750695e+04 4.691686592849181395e-21 4.851731959603244418e-21
4.697194304216576711e+04 7.880298899470500778e-21 5.179456769670176988e-21
4.698993626614091772e+04 -4.625188474515950254e-21 4.891088038054911237e-21
4.700792943047111476e+04 -1.025497301052756183e-20 5.302874801263748133e-21
4.702592253512587195e+04 -4.126848614964926327e-21 5.186831988741968410e-21
4.704391558005775732e+04 8.199445204899637484e-21 5.286852156237071899e-21
4.706190856522507238e+04 5.074073718595365574e-21 5.358028022718287511e-21
4.707990149058021780e+04 5.464160711242809422e-21 5.172843639050965007e-21
4.709789435609289649e+04 2.456044079552866713e-21 5.363508103687196533e-21
4.711588716171590931e+04 1.318984360457014479e-20 5.624099568755393222e-21
4.713387990740761597e+04 1.908975846041698932e-20 5.585869355350160586e-21
4.715187259313205868e+04 5.339625341508969885e-21 5.392265618332827940e-21
4.716986521882494708e+04 1.726757413939247568e-20 5.511250972213549890e-21
4.718785778447304619e+04 -6.217125110592717254e-21 5.468510349886071595e-21
4.720585029002901865e+04 -1.958517997377987165e-21 5.811461354287273899e-21
4.722384273543977906e+04 -1.685083461823972865e-21 5.344230706294193338e-21
4.724183512066407275e+04 5.046002975707488894e-21 5.099311932450984169e-21
4.725982744567744521e+04 2.086547795995163580e-20 6.033445136168174177e-21
4.727781971042133227e+04 1.879763392069623899e-20 5.465780864928557904e-21
4.729581191485430463e+04 -4.528531054477621121e-22 5.272269042174594993e-21
4.731380405894623982e+04 6.638084456832772428e-21 5.506113819821209728e-21
4.733179614265003329e+04 -4.541932563446534293e-23 5.518893352663033558e-21
4.734978816592408839e+04 1.720451174600442992e-20 5.582588398086870533e-21
4.736778012873273838e+04 1.343682507763168855e-20 5.540855585495909979e-21
4.738577203101772466e+04 -3.534248142979704760e-22 5.553550795729070414e-21
4.740376387275474553e+04 7.152973369141148479e-21 5.851301243730436761e-21
4.742175565389676922e+04 1.801415300877225759e-20 6.003954220307189687e-21
4.743974737440817989e+04 7.874772827638475830e-21 5.749560318944235630e-21
4.745773903423062438e+04 1.057271006489798919e-20 5.711764761145969677e-21
4.747573063334557810e+04 1.132929899906962566e-20 5.200992688764604513e-21
4.749372217169444048e+04 8.983996878660480099e-21 5.228646139718387929e-21
4.751171364924190857e+04 1.054076177663698000e-20 6.498802378533356769e-21
4.752970506594681501e+04 9.442776390073028011e-21 5.822242477652711838e-21
4.754769642176795605e+04 -1.402016589725720304e-22 5.313135061180573432e-21
4.756568771666415705e+04 3.311344245246806092e-21 5.916506260455152635e-21
4.758367895059427246e+04 1.082448654760820825e-20 5.652684663040251483e-21
4.760167012351713493e+04 -3.214034151157252431e-21 5.427177373921890153e-21
4.761966123539166438e+04 2.089444641172096391e-20 5.982918838455129014e-21
4.763765228618209949e+04 5.152223159122526803e-21 5.355036731349566309e-21
4.765564327583061822e+04 -6.672522445324824219e-21 5.266060926354454483e-21
4.767363420431894338e+04 6.315733396038660289e-22 5.359424815339612519e-21
4.769162507158890367e+04 1.458600655683895668e-20 5.017412577114592916e-21
4.770961587761094415e+04 1.577031304079194553e-20 5.886624722343415448e-21
4.772760662233257608e+04 5.986973641964703999e-21 5.471288115999825231e-21
4.774559730572430271e+04 5.181208610087799965e-21 5.603012164780555059e-21
4.776358792773366440e+04 9.145007210629002124e-22 5.796719606235283790e-21
4.778157848832514719e+04 1.669245380760264536e-20 6.097384225293217164e-21
4.779956898746384104e+04 1.484372900912922579e-20 5.871239251408434351e-21
4.781755942509736633e+04 8.636838906729139458e-21 5.728541409157531263e-21
4.783554980118485400e+04 2.148518726205972474e-20 5.526839371710267846e-21
4.785354011570262810e+04 1.068391420204828605e-20 5.664484859278033730e-21
4.787153036859259737e+04 -1.017674872527080344e-21 5.342474070259449585e-21
4.788952055982543243e+04 1.646204191677710941e-20 5.608620617004986908e-21
4.790751068935453804e+04 2.203907816682120491e-20 5.677289121041727423e-21
4.792550075713322440e+04 1.930736902151122358e-20 5.866808779067793156e-21
4.794349076313219848e+04 1.449880514369703875e-20 5.877031312220255967e-21
4.796148070729937899e+04 1.568384263446056218e-20 5.673191748315413524e-21
4.797947058960547292e+04 7.673817891859479330e-21 5.754430654751109902e-21
4.799746040999827528e+04 -4.118071200446923742e-21 5.407358096810172734e-21
4.801545016844860220e+04 6.030333516689246004e-21 5.775177550392175928e-21
4.803343986489843519e+04 3.485909490299757273e-21 5.931834080205064651e-21
4.805142949933013006e+04 -4.337949532824426825e-21 5.728902460146273495e-21
4.806941907169725891e+04 -1.223011332109706877e-20 5.672059466485015231e-21
4.808740858193589520e+04 4.919933837904085700e-21 5.164598512605739733e-21
4.810539803003449197e+04 1.281090904264019669e-20 5.811284974389974522e-21
4.812338741594090243e+04 1.261936088642732305e-20 5.827211676923299422e-21
4.814137673961458495e+04 4.014321249126521393e-21 5.637191045665160904e-21
4.815936600100915530e+04 2.284428322196991908e-20 6.129195976806283552e-21
4.817735520008980529e+04 4.309535996717481707e-21 5.725340397202212435e-21
4.819534433682185045e+04 5.102627691519310449e-22 5.349864948207557188e-21
4.821333341115889198e+04 5.649420481589969967e-21 5.383668260380242991e-21
4.823132242306036642e+04 6.227770692788069010e-21 5.591218633555028869e-21
4.824931137247995503e+04 1.549730736166609963e-20 5.551522354815684562e-21
4.826730025938892504e+04 5.432118924766815969e-21 5.638707785884338643e-21
4.828528908370004501e+04 -3.407699683072626249e-21 5.247858251635598270e-21
4.830327767059408507e+04 1.665116184022530068e-20 5.732591720093515459e-21
4.832126605016551912e+04 9.799878679464833023e-21 5.267978980587880772e-21
4.833925436705639731e+04 1.678910562157232665e-20 5.862060095368802388e-21
4.835724262123210792e+04 2.247606603408463949e-20 6.068724314263180981e-21
4.837523081266388908e+04 5.919523437970152061e-21 5.769205784943570802e-21
4.839321894128805434e+04 1.614138134676617428e-20 5.983748807461071854e-21
4.841120700708749064e+04 1.260608590454344973e-20 5.788163465674921796e-21
4.842919500999880984e+04 5.184585129176455419e-21 5.329651258616746279e-21
4.844718294999330828e+04 9.039245235086186201e-21 5.629093911531077736e-21
4.846517082704234053e+04 1.566782293112295200e-21 5.988388616659712107e-21
4.848315864108242386e+04 2.363204575333469423e-20 6.302026407022345660e-21
4.850114639209648158e+04 1.099836132880431217e-20 6.167114163766040154e-21
4.851913408002111828e+04 7.757882898471989053e-21 5.590340164450629307e-21
4.853712170482768124e+04 1.374644973180546157e-20 5.675022802059205444e-21
4.855510926648751047e+04 1.624164113838669044e-20 6.027540272647688981e-21
4.857309676493710140e+04 1.628163837535810221e-20 6.122137066430365425e-21
4.859108420015974843e+04 9.140473389227193752e-21 6.164971204692587178e-21
4.860907157209199795e+04 1.904185238944287192e-20 6.135583809378270639e-21
4.862705888071699155e+04 -2.528741145804784932e-21 5.886716401220160773e-21
4.864504612597718369e+04 5.802827021880431402e-21 5.830999897361632551e-21
4.866303330783824640e+04 1.607434201170353910e-20 6.010666038472250819e-21
4.868102042626014008e+04 1.146408053500725977e-20 5.985554481911734998e-21
4.869900748120275239e+04 1.213118912709311776e-20 6.425899406046607195e-21
4.871699447262605099e+04 -5.725701663307470914e-22 5.876475124083440929e-21
4.873498140048390633e+04 5.942016834749815564e-21 5.769585935241179915e-21
4.875296826475403213e+04 1.415243167792415607e-20 6.122116951389757804e-21
4.877095506538476911e+04 1.942481399335102265e-20 6.384596769518738321e-21
4.878894180233027146e+04 1.162817059964204284e-20 6.010255035344996193e-21
4.880692847555062326e+04 1.136857989399971612e-20 5.916964028524979279e-21
4.882491508501747012e+04 8.078517553883146542e-21 5.946970016281811638e-21
4.884290163068504626e+04 2.420517078430086273e-20 5.800090878145618356e-21
4.886088811251345032e+04 3.715055820091253584e-21 5.831469393632570995e-21
4.887887453046857263e+04 -1.482284268234353543e-20 5.773463223094838651e-21
4.889686088449879026e+04 5.696881597847221430e-22 5.838020452029531684e-21
4.891484717456989893e+04 9.659171560086032437e-21 5.917911165651162494e-21
4.893283340064226650e+04 1.153394610674344443e-20 5.834958690272075790e-21
4.895081956267598434e+04 3.326605233110926730e-22 5.902947344759444321e-21
4.896880566063715378e+04 2.093287559900267198e-20 6.109489552864336622e-21
4.898679169448000175e+04 5.983769064731462928e-21 6.368187468006294567e-21
4.900477766415893711e+04 8.748140899148501119e-21 6.163183140991411127e-21
4.902276356963410217e+04 8.142801998104597144e-21 5.673675664903280128e-21
4.904074941087751358e+04 2.741596890025630692e-22 5.913749472690935290e-21
4.905873518784932821e+04 3.282583535274723942e-21 6.597923760270180672e-21
4.907672090050393308e+04 7.488185625480363317e-21 6.389883168246455173e-21
4.909470654880141228e+04 1.087189004982809960e-20 6.328373781884231959e-21
4.911269213269641477e+04 -6.814119814807181516e-21 5.503531014003588715e-21
4.913067765214923566e+04 3.888549109384913370e-21 6.331972444598751715e-21
4.914866310713771963e+04 2.072193979721227022e-20 6.173183939306372297e-21
4.916664849761053483e+04 8.270482623966466273e-21 6.308523587270477780e-21
4.918463382352210465e+04 4.189929242852247504e-21 6.447541565053287404e-21
4.920261908484455489e+04 1.544881164176652970e-20 6.525695766832943366e-21
4.922060428152648819e+04 1.100929351208978131e-21 6.248988944258905251e-21
4.923858941353412956e+04 5.589675121524316844e-22 5.903334647064828734e-21
4.925657448082792689e+04 5.533588932931375112e-21 6.093640415088598788e-21
4.927455948337395967e+04 -4.627385517112375186e-21 6.405316491722128087e-21
4.929254442112689867e+04 9.044008992018642962e-21 6.612650772752689764e-21
4.931052929404137831e+04 3.612465831800276843e-21 6.654225483961341633e-21
4.932851410208367452e+04 -3.384715147298429684e-21 6.751044512371337021e-21
4.934649884522022330e+04 2.254624741388639240e-20 6.600223298557580386e-21
4.936448352339963458e+04 -6.677630440106109768e-22 6.264687416660599605e-21
4.938246813659428881e+04 1.878886451153128024e-20 6.543310529223175671e-21
4.940045268475283956e+04 9.885453646835157517e-21 6.383113937424582720e-21
4.941843716784757999e+04 -5.622106402974289181e-21 6.365702645892103673e-21
4.943642158583911805e+04 6.309644555133312428e-21 6.469426893381345119e-21
4.945440593867025746e+04 -9.007873341764239425e-22 6.417639107704669730e-21
4.947239022631906118e+04 6.687848618786652521e-21 6.549903230477550985e-21
4.949037444872854394e+04 -3.264920920773684687e-21 5.782472690168476628e-21
4.950835860588891956e+04 -4.776590644288983084e-21 6.572700846756747534e-21
4.952634269773121923e+04 7.980502710009963903e-21 6.563966520529398336e-21
4.954432672422785981e+04 2.703010824024559665e-22 6.237079852755103178e-21
4.956231068535129452e+04 -4.032707166999091178e-21 6.780788251232158010e-21
4.958029458103857905e+04 4.518050086740901641e-21 6.809790769702036808e-21
4.959827841126803833e+04 1.343966572826753250e-20 7.001967003817999603e-21
4.961626217598850781e+04 1.558872778784255452e-20 6.924713577534716606e-21
4.963424587517257896e+04 7.375351467525778048e-21 6.475729024762343724e-21
4.965222950877493713e+04 2.090954070794084773e-20 6.628867012406551867e-21
4.967021307675625576e+04 7.851498203588614934e-21 6.596246585352023340e-21
4.968819657908313820e+04 -4.584164718045357109e-21 6.304162769602441737e-21
4.970618001569273474e+04 7.238520834154486869e-21 6.533236759166774671e-21
4.972416338658136374e+04 1.489958191895833314e-20 6.501194996547211492e-21
4.974214669168013643e+04 5.647242064373155988e-21 7.084306259921218081e-21
4.976012993096763239e+04 9.511032166847841543e-21 6.878970759802430027e-21
4.977811310439867520e+04 3.556529664280111264e-21 6.708452260532625434e-21
4.979609621192816121e+04 6.853768155626972471e-21 6.901977232202304403e-21
4.981407925353468454e+04 8.089306615185615570e-22 6.686610999116601431e-21
4.983206222916721890e+04 8.450888470435359360e-21 6.608664259757089696e-21
4.985004513876874262e+04 9.311416413819980866e-21 6.983575096176739083e-21
4.986802798233577778e+04 1.111144867141968340e-20 6.588694212231105869e-21
4.988601075979934103e+04 3.769399217217517844e-21 6.793017930923967939e-21
4.990399347114413831e+04 -5.946248034047382920e-21 6.270056865336192263e-21
4.992197611631923792e+04 1.945675501747285435e-20 6.776857123576613563e-21
4.993995869526766182e+04 2.801758216318164367e-20 6.896361890626277463e-21
4.995794120798608492e+04 1.086509374616642832e-21 6.540666880235489433e-21
4.997592365441158472e+04 1.798236580915297428e-21 6.403281097638163292e-21
4.999390603450507479e+04 6.352132985033587856e-21 6.767279010172729087e-21
5.001188834824542573e+04 2.208680926831800351e-20 6.968862127666326724e-21
5.002987059556371241e+04 8.796892577654631314e-21 6.586045637481788246e-21
5.004785277645676979e+04 -4.452173380152648263e-21 6.218998298613836765e-21
5.006583489087362977e+04 -1.209676903608957354e-21 6.460100992136217527e-21
5.008381693875136989e+04 1.719185220564353696e-20 7.755835035800009593e-21
5.010179892007489980e+04 3.274477791702380904e-21 7.169846955555957365e-21
5.011978083480505302e+04 5.447627508123154372e-21 7.429908505891503496e-21
5.013776268288512074e+04 1.152306630422827865e-21 6.783128981714001889e-21
5.015574446430007811e+04 -1.556197187291079531e-21 7.400480191616003115e-21
5.017372617899898614e+04 -5.266320886575002616e-21 6.692589956891451050e-21
5.019170782692499779e+04 -2.336325687637107857e-23 6.916635145834211299e-21
5.020968940807504987e+04 2.444070531151181063e-20 7.204149256278719061e-21
5.022767092239226622e+04 3.994854477322507574e-20 7.128630798174841732e-21
5.024565236982585338e+04 3.058423984048876031e-21 6.626838056273498530e-21
5.026363375036077923e+04 6.138913983190920887e-22 7.178951553289776277e-21
5.028161506394024036e+04 -6.381626106149664997e-21 6.452116586228678758e-21
5.029959631054333295e+04 8.432659932802892380e-21 6.653525930281602207e-21
5.031757749010124826e+04 1.209567154105235003e-20 6.831543904035289863e-21
5.033555860260508052e+04 1.049393266793087493e-20 6.991051070687591895e-21
5.035353964799788082e+04 1.529878398633178472e-20 7.466733923527418654e-21
5.037152062624094833e+04 1.559711432121627366e-20 7.269130087702322589e-21
5.038950153731949831e+04 8.536778994860229876e-21 6.927531291061272547e-21
5.040748238117069559e+04 -2.491552179791022341e-21 6.888450069534581387e-21
5.042546315774378309e+04 1.302589434954467406e-21 6.897210749858714647e-21
5.044344386704199860e+04 8.501449008676618890e-21 7.165938773975417898e-21
5.046142450899053802e+04 -2.560655389493984299e-22 6.833968597849889230e-21
5.047940508356865757e+04 -2.001893381415819270e-20 6.190260191541038464e-21
5.049738559072559292e+04 1.575380770952798227e-20 6.767202291274702280e-21
5.051536603043461946e+04 8.611721994603576427e-21 6.782442168264659130e-21
5.053334640265102644e+04 4.425219913514902798e-21 6.716599070796538390e-21
5.055132670732403494e+04 7.688656284250838127e-21 6.777069628826809713e-21
5.056930694443902757e+04 -7.179599645222210000e-22 6.695425077440728730e-21
5.058728711394526181e+04 1.777134500224555850e-21 7.316942393793914771e-21
5.060526721580388403e+04 -4.434614106034284771e-22 6.893758815539246359e-21
5.062324724997034355e+04 1.901060734532448705e-20 7.046481574176564619e-21
5.064122721640600503e+04 8.927923721774107653e-21 7.004935092536928744e-21
5.065920722542978183e+04 1.195192024597222848e-20 6.646993744606564732e-21
5.067718718408143468e+04 1.730793531926850129e-20 6.781456983136308961e-21
5.069516707488491375e+04 -8.133092659761408708e-21 6.966823921996045020e-21
5.071314689780759363e+04 6.436193138421155390e-22 6.789335137296408721e-21
5.073112665281688533e+04 1.669838845754699731e-20 7.259086673729577631e-21
5.074910633986817993e+04 1.413182738683857495e-20 6.698913669012066158e-21
5.076708595892284939e+04 8.556626719370748635e-21 6.401833604472342751e-21
5.078506550993627752e+04 7.456467667040136461e-21 7.000139882600245034e-21
5.080304499288197985e+04 7.333967669104738021e-21 6.448849311396968293e-21
5.082102440772137925e+04 -1.288633467825256070e-20 6.030850965739990565e-21
5.083900375439176423e+04 -7.950948323168230035e-21 6.145794886554575644e-21
5.085698303288478928e+04 2.001066336103255537e-20 7.407824763059513172e-21
5.087496224314969731e+04 3.707244317198093688e-21 7.461124046162480430e-21
5.089294138514198858e+04 1.596521340308264090e-21 7.211408040687382124e-21
5.091092045883529499e+04 4.491083123080453606e-21 7.153192076675812111e-21
5.092889946419112675e+04 2.884815075205791808e-21 6.999924889758941501e-21
5.094687840115282597e+04 1.332857061268111447e-20 7.179019650143829182e-21
5.096485726969998359e+04 -6.191370155858891077e-21 7.077059405289800370e-21
5.098283606979421165e+04 1.569457016066367062e-20 7.282397406309674273e-21
5.100081480137884500e+04 2.169144764765768151e-20 6.985842652225747936e-21
5.101879346443354007e+04 -2.731308853602423057e-21 6.942017576108621015e-21
5.103677205891991616e+04 7.448604970948742114e-21 7.385269768534953654e-21
5.105475058478131541e+04 7.791704553201610397e-21 7.059681358925200822e-21
5.107272904200352787e+04 -9.351387136250288502e-22 7.404751378606206009e-21
5.109070743051783938e+04 2.669280898151476153e-20 7.253866929780581929e-21
5.110868575032217632e+04 6.981384551300217274e-21 6.745540880718867865e-21
5.112666400135390722e+04 6.822426832096214531e-21 7.307750165659868531e-21
5.114464218357460777e+04 -3.974449399013017011e-21 6.817448936206702536e-21
5.116262029695801175e+04 1.616773289802289322e-20 7.471276134371427207e-21
5.118059834145953937e+04 -3.910297950164829376e-21 7.453267312819593588e-21
5.119857631704700907e+04 -3.102114827477906702e-21 7.353723205230270471e-21
5.121655422366995481e+04 -2.135510313945730625e-21 7.581425663771890884e-21
5.123453206128998136e+04 9.123882737445474594e-21 6.822502814270031416e-21
5.125250982988697797e+04 4.813097172376965045e-21 7.301259398838210299e-21
5.127048752941041312e+04 1.005457162060683738e-20 7.372438548413445025e-21
5.128846515980984987e+04 1.200652601810085496e-20 7.083615111677415477e-21
5.130644272107127472e+04 -1.662015150761664614e-21 7.290325498612228520e-21
5.132442021313808073e+04 6.628050762993436464e-21 7.180067416035265731e-21
5.134239763597198908e+04 8.972572220727660527e-21 7.810965980340077640e-21
5.136037498955294723e+04 1.561583927799649742e-20 7.618914578639848022e-21
5.137835227382439916e+04 1.495452876762957509e-20 7.725869632989725207e-21
5.139632948876024602e+04 1.473170569345134983e-20 7.395793706434697929e-21
5.141430663431002176e+04 1.266137486754724564e-20 7.364540066853462265e-21
5.143228371044155938e+04 8.011390865300723783e-21 7.945479740021421106e-21
5.145026071711658733e+04 1.237829563547278831e-20 7.517263223381109104e-21
5.146823765430291678e+04 -3.402481663326851715e-21 7.201143592337538822e-21
5.148621452195016900e+04 -5.287010624814891474e-21 7.535069274869875520e-21
5.150419132002605329e+04 -1.104703997688840805e-20 7.394877388738067738e-21
5.152216804848634638e+04 1.641182764809838960e-20 7.756480537974797400e-21
5.154014470731112669e+04 1.070067445984035475e-20 6.998484578828177906e-21
5.155812129645000823e+04 1.053652998464949602e-20 7.287053969346439828e-21
5.157609781585863675e+04 3.028910226085661915e-20 7.568363391958079729e-21
5.159407426551102981e+04 1.777415350371651538e-20 7.754758224628154314e-21
5.161205064535683050e+04 1.545697769475128521e-20 8.000622452238143272e-21
5.163002695536390092e+04 1.281668175253872911e-20 7.956916548031931800e-21
5.164800319550630957e+04 2.787900694497340686e-20 7.958223296681933196e-21
5.166597936572145409e+04 -7.460741566163912701e-21 7.299703858402457566e-21
5.168395546598335932e+04 1.746755752816143241e-20 7.759507462045858752e-21
5.170193149625389924e+04 4.414683870248183086e-21 7.671856788578738768e-21
5.171990745650100871e+04 6.897289150324756940e-21 7.341180520547740107e-21
5.173788334667432355e+04 2.800482319425012242e-20 7.793321279167518907e-21
5.175585916674794862e+04 2.861710893580936200e-21 7.153418438460339772e-21
5.177383491667151247e+04 8.323867443856221460e-21 7.544870128475342319e-21
5.179181059642523905e+04 8.943542916829301135e-22 7.652307549093868084e-21
5.180978620594655513e+04 1.833124286507514349e-20 7.319855159343362685e-21
5.182776174522181100e+04 1.342658940829268109e-20 7.704957667081058150e-21
5.184573721418233617e+04 -3.245918208399119503e-21 8.005705956885079238e-21
5.186371261282060004e+04 -2.054023803289146881e-21 7.855011404080141170e-21
5.188168794108615111e+04 1.686598235126651146e-20 7.872933262653633560e-21
5.189966319894106709e+04 2.514268315536369132e-20 7.595923316217644980e-21
5.191763838633499108e+04 9.800012935493684281e-21 7.434027204835384202e-21
5.193561350325434614e+04 1.621879638125083070e-20 7.868008407754339625e-21
5.195358854964883358e+04 1.106814299086244936e-20 7.012966414514016721e-21
5.197156352548040741e+04 1.720684509563627883e-20 7.723237889274697371e-21
5.198953843071097799e+04 -2.363347175310563098e-20 7.027966472698719802e-21
5.200751326529638027e+04 -4.664904593117021087e-20 9.125163232485838922e-21
