1.699114767992308771e+04 1.008343973659047054e-19 1.503485832500829706e-20
1.700185044039789864e+04 5.353718590744384449e-20 8.051706749242150568e-21
1.701275683957863657e+04 3.554689331739829269e-20 7.645773220847124303e-21
1.702345959383486479e+04 4.334001248416556880e-20 8.069315330054764844e-21
1.703416234312899905e+04 3.904943649952683811e-20 9.108523122988761324e-21
1.704486508328262425e+04 4.482950210973914691e-20 8.024171313615907231e-21
1.705556781421191408e+04 3.641370325595826044e-20 9.219202184027691856e-21
1.706627053587200498e+04 2.485291309513745084e-20 8.158980661058524104e-21
1.707697324821732036e+04 2.804558560840649665e-20 8.250845782089409109e-21
1.708767595120458645e+04 4.773277442905363703e-20 8.478154770967910398e-21
1.709837864478872143e+04 3.274518112263975570e-20 7.757202433679723004e-21
1.710908132892616413e+04 4.414871315682097282e-20 8.383846260703368645e-21
1.711978400357322244e+04 3.574961695727726694e-20 8.166415326074430885e-21
1.713048666868402506e+04 4.658591934193129333e-20 7.908948581154826430e-21
1.714118932421538193e+04 3.690619457132840636e-20 7.880262117944400638e-21
1.715189197012317527e+04 3.472447768914237341e-20 8.684813198878985593e-21
1.716259460636218864e+04 2.259207746895162240e-20 8.905379453899105031e-21
1.717329723288995956e+04 4.129434436486687872e-20 7.893575830924168157e-21
1.718399984966155898e+04 3.831411229004835179e-20 7.405955943489065340e-21
1.719470245663271635e+04 3.023796765791131206e-20 7.935804853569248522e-21
1.720540505375907014e+04 1.467612274533929772e-20 7.511583983578072700e-21
1.721610764099776497e+04 4.403143986380935044e-20 8.217880783319246095e-21
1.722681021830467580e+04 4.222877198696666223e-20 8.979857660300885542e-21
1.723751278563498636e+04 4.220922726214306940e-20 8.606102812334899175e-21
1.724821534294572120e+04 5.462541516248767584e-20 9.125625944663033783e-21
1.725891789019266434e+04 3.298157139656254163e-20 7.730674086726552281e-21
1.726962042733229828e+04 3.626539188062577502e-20 7.837567935925113074e-21
1.728032295432008323e+04 6.140271223656578834e-20 7.823861418244800799e-21
1.729102547111308013e+04 4.146747916297761498e-20 8.524324584104478125e-21
1.730172797766761869e+04 2.874770673827193707e-20 7.881840098315410968e-21
1.731243047393940287e+04 1.493305670587666096e-20 7.948202460733597269e-21
1.732313295988473692e+04 2.925336269990621382e-20 7.972493102867590159e-21
1.733383543546068904e+04 6.146004560332338370e-20 8.636633752286621889e-21
1.734453790062334519e+04 5.012737847123660751e-20 8.443911930487942737e-21
1.735524035532950438e+04 4.278723195623113436e-20 8.417132327808457895e-21
1.736594279953471778e+04 3.922000171189714833e-20 7.339563547310068557e-21
1.737664523319637010e+04 2.802650691813425872e-20 8.054390589139533568e-21
1.738734765627104935e+04 5.237520938329390723e-20 8.170583812231552552e-21
1.739805006871415026e+04 6.399281894437238712e-20 7.776602177277507245e-21
1.740875247048411620e+04 4.674341752210525000e-20 7.520844574366289747e-21
1.741945486153696038e+04 4.132333362053686472e-20 7.412008826481612451e-21
1.743015724182817576e+04 2.869516451750240326e-20 7.461187034526816346e-21
1.744085961131563818e+04 4.024032977894689498e-20 7.803835399451920004e-21
1.745156196995553910e+04 4.785422165042934552e-20 7.936694632740769505e-21
1.746226431770590716e+04 3.968461308761440980e-20 6.961752700599007322e-21
1.747296665452168963e+04 2.681506660353949331e-20 7.589234332747118758e-21
1.748366898036095881e+04 4.554008339621567607e-20 7.516431382004527899e-21
1.749437129518116853e+04 4.304811914815922906e-20 6.821016286400553915e-21
1.750507359893680768e+04 4.386229155750970708e-20 7.188545755680528180e-21
1.751577589154596717e+04 4.387589044033149569e-20 7.730721732130599464e-21
1.752647816887174122e+04 6.297229238517363017e-20 7.372361826154540314e-21
1.753738487257817906e+04 4.714326274398231943e-20 7.089390306914123501e-21
1.754808714759096620e+04 6.349669522454028967e-20 7.658035529825196284e-21
1.755878941132187174e+04 6.017732549280189215e-20 6.872401644678525496e-21
1.756949166372945183e+04 3.481750920303373265e-20 6.959115831813170262e-21
1.758019390476869376e+04 3.083107632522763321e-20 6.681108552743430482e-21
1.759089613439823370e+04 3.643150254307793102e-20 7.427941198013187385e-21
1.760159835257432496e+04 4.231298913622895762e-20 6.827287616503880195e-21
1.761230055925434863e+04 3.312101105691989033e-20 6.284849277942576768e-21
1.762300275439519100e+04 6.109471092673838520e-20 7.742499946187166255e-21
1.763370493795545553e+04 4.952598274042238632e-20 7.246805956012270850e-21
1.764440710989204672e+04 3.403589597540847234e-20 6.881835454143139768e-21
1.765510927016173446e+04 3.143289765775030016e-20 6.958676241007598222e-21
1.766581141872231819e+04 3.623769827270918969e-20 6.878735258103423793e-21
1.767651355553124085e+04 4.902746214814298036e-20 6.733334286263902410e-21
1.768721568054421732e+04 3.123699378350910203e-20 6.786673703622501635e-21
1.769791779372199017e+04 3.608310587753031296e-20 7.108875751161190812e-21
1.770861989502023789e+04 2.386178948353751057e-20 7.163342022082010952e-21
1.771932198439677813e+04 1.281794242963128950e-20 6.454613792568076465e-21
1.773002406180869002e+04 1.532646923156353100e-20 6.653307211328430201e-21
1.774072612721754922e+04 4.697721008063838901e-20 6.378842637437923630e-21
1.775142821845749131e+04 6.540476322481412918e-20 6.970588846814184177e-21
1.776213035444312482e+04 5.604952915078443176e-20 6.769038451436390546e-21
1.777283247829491302e+04 2.444145242401249609e-20 6.531933267684875910e-21
1.778353458997093185e+04 2.831216073715875631e-20 6.443217515633075648e-21
1.779423668942751465e+04 3.374714501003948703e-20 6.774090995023183704e-21
1.780493877662496379e+04 3.595987460641870971e-20 6.080288634627067826e-21
1.781564085151904510e+04 2.023485349288478558e-20 6.285470656190511029e-21
1.782634291406788543e+04 4.900413752806873332e-20 7.050877048551524591e-21
1.783704496423087403e+04 3.238403350608843148e-20 6.506320136429496469e-21
1.784774700196529011e+04 3.871297661113145166e-20 6.191689091541063241e-21
1.785844902722752522e+04 3.728954076590434703e-20 6.641673810388658571e-21
1.786915103997760525e+04 2.826756868772126685e-20 6.633890611862147817e-21
1.787985304017180533e+04 3.878032731544228538e-20 6.348243480353110474e-21
1.789055502777015136e+04 4.222415727643808821e-20 6.200265280862332699e-21
1.790125700272879476e+04 3.435300151855280766e-20 6.647128192727634789e-21
1.791195896500828530e+04 3.745185828138424211e-20 6.536534506024153751e-21
1.792266091456481809e+04 2.694833940110865379e-20 7.094302615963189422e-21
1.793336285135593425e+04 4.186861514557560262e-20 6.534094817670393906e-21
1.794406477534271107e+04 3.875021921246917604e-20 6.273890573487883622e-21
1.795476668647941915e+04 4.853181713563973379e-20 6.161631142101622614e-21
1.796546858472793610e+04 3.192331323739482686e-20 6.386192434212612405e-21
1.797617047004626147e+04 3.166466031990219820e-20 6.462261450612182158e-21
1.798687234239060854e+04 4.204979720126922449e-20 6.456942146478424583e-21
1.799757420171988997e+04 3.279903770158597261e-20 5.474130130506761084e-21
1.800827604799391702e+04 2.923620530562894622e-20 5.404663338073889994e-21
1.801897788116926313e+04 3.307215268159716303e-20 5.672474399580821953e-21
1.802967970120645259e+04 3.961744196688083819e-20 6.070286286030192993e-21
1.804038150806277190e+04 4.065211066622611200e-20 6.316151025456114325e-21
1.805108330169768305e+04 4.191071592518506189e-20 6.612183770400931861e-21
1.806178508206777042e+04 3.506630911071903611e-20 6.600647359131740312e-21
1.807248684913241232e+04 2.795030676734427382e-20 6.603493498328685995e-21
1.808318860285168921e+04 3.034360472120467416e-20 6.183429528570632470e-21
1.809389034318327322e+04 2.899458182116627216e-20 6.004101828002950068e-21
1.810459207008561498e+04 3.140775062233023012e-20 6.425580961551266087e-21
1.811529378351867854e+04 3.666803434639566541e-20 6.039921586492047721e-21
1.812599548343917559e+04 3.300248523854753262e-20 5.266735556050568784e-21
1.813669716980691737e+04 1.864847873980429748e-20 5.770176596114343650e-21
1.814739884258094753e+04 3.643081830110922427e-20 6.301617958926486527e-21
1.815810050171861440e+04 4.631175187176283543e-20 6.469362958896368509e-21
1.816880214718104980e+04 2.836896574285415685e-20 6.285504529473072620e-21
1.817950377892612596e+04 3.230064292673500656e-20 6.280631595979567500e-21
1.819020539691256636e+04 4.746072917982404691e-20 6.241282531678392971e-21
1.820090700109981844e+04 4.203976764214932374e-20 6.316257151341233604e-21
1.821160859144633650e+04 4.479609932296150789e-20 5.540619380560651600e-21
1.822231016791065122e+04 3.596897741291369860e-20 5.690771225522228289e-21
1.823301173045441828e+04 3.903743142445627805e-20 5.082260592077821827e-21
1.824371327903323254e+04 2.873215397361842374e-20 5.232195803120964560e-21
1.825441481360849866e+04 4.521065076042321136e-20 6.054687192027394757e-21
1.826511633413954041e+04 3.041663981353705435e-20 6.548549304955858010e-21
1.827581784058289122e+04 1.574339768719541696e-20 6.033359748422456425e-21
1.828651933290064335e+04 4.085322554139937958e-20 6.374281198397680835e-21
1.829722081105075267e+04 4.092275190691810434e-20 6.570930401036012207e-21
1.830792227499270666e+04 2.314999423573135478e-20 5.948309035664001209e-21
1.831862372468686954e+04 2.376642631239141389e-20 6.268062091140221262e-21
1.832932516008946914e+04 3.457917745127991737e-20 6.374720872945852605e-21
1.834002658116289967e+04 6.834755367534436577e-20 7.125881501873276827e-21
1.835072798786647036e+04 7.741419095944885868e-20 7.439008450801080358e-21
1.836142938015592517e+04 5.658309411972536682e-20 6.739063887720961509e-21
1.837213075799616490e+04 4.129752354966153587e-20 6.461149143721825149e-21
1.838283212134346104e+04 4.223856037039507847e-20 6.050208425161518188e-21
1.839353347015690815e+04 4.474038923325956457e-20 6.378730841930014356e-21
1.840423480439804553e+04 3.351158529998569340e-20 6.031908196469686536e-21
1.841493612402413419e+04 3.117791468456626350e-20 5.908598555898607302e-21
1.842584312722489994e+04 3.690882018150393318e-20 5.707957375875285153e-21
1.843654443309207636e+04 5.665353851780177287e-20 5.934713805381785487e-21
1.844724572426010491e+04 5.250440603535936384e-20 6.472194622207685077e-21
1.845794700064939025e+04 3.458625877053120034e-20 5.891835023968597779e-21
1.846864826222001648e+04 3.359186522442449445e-20 5.423840570773046684e-21
1.847934950893093992e+04 3.436715199097330845e-20 5.568294571750442410e-21
1.849005074074148069e+04 3.881537207894087902e-20 5.528576496065887142e-21
1.850075195761393479e+04 3.913221509369249722e-20 6.048721845948043859e-21
1.851145315950537406e+04 2.774858020583301584e-20 5.737199367133200614e-21
1.852215434637714134e+04 4.250426252852808571e-20 5.600273818672578580e-21
1.853285551818961176e+04 3.344106081974195296e-20 5.754191081564093212e-21
1.854355667490034830e+04 4.936829243276594972e-20 6.112684991467762101e-21
1.855425781647252370e+04 3.347809507869126077e-20 5.460620026513163128e-21
1.856495894286317343e+04 2.890296353248147557e-20 5.326264476077271807e-21
1.857566005403534655e+04 3.596612460478485928e-20 6.074421471921965628e-21
1.858636114994571471e+04 3.363214438624207582e-20 5.253574513371831275e-21
1.859706223055641749e+04 3.558350205796873878e-20 5.806802350069526383e-21
1.860776329582716062e+04 3.345395565215109331e-20 5.883670700400672404e-21
1.861846434571766076e+04 3.985833023247913458e-20 5.847760155710650853e-21
1.862916538018986466e+04 2.841276940578571421e-20 5.805593946182105621e-21
1.863986639920169910e+04 5.020233415986851756e-20 6.345356542557279596e-21
1.865056740271516537e+04 4.045192634909166574e-20 5.820258709323370484e-21
1.866126839068889603e+04 3.560827646510648957e-20 6.323588586327322233e-21
1.867196936308304066e+04 4.083094500302377333e-20 5.858710227255827807e-21
1.868267031986049551e+04 5.105151088808168140e-20 5.767977204926278383e-21
1.869337126097917644e+04 2.789432506822588061e-20 5.628444840072429640e-21
1.870407218640064821e+04 2.933577443473768923e-20 5.310618660457416952e-21
1.871477309608480573e+04 2.517470007199947539e-20 5.738127744213716664e-21
1.872547398999136931e+04 3.805841517484715467e-20 5.363947867658332141e-21
1.873617486808331159e+04 3.208698515943739210e-20 5.456963201094781310e-21
1.874687573031682041e+04 1.981306857619375973e-20 5.030333762382839510e-21
1.875757657665804072e+04 2.955850156207881474e-20 5.105009763601104267e-21
1.876827740706362965e+04 4.653460105950489930e-20 5.582236456313646177e-21
1.877897822149330386e+04 3.568363149680401310e-20 5.291423893415370322e-21
1.878967901991020699e+04 2.598799883616059652e-20 5.317844191851020776e-21
1.880037980227461958e+04 1.994168653595404429e-20 5.551947340409254928e-21
1.881108056854684764e+04 2.774904413350833677e-20 5.163843948814466490e-21
1.882178131868739729e+04 3.880593300112663308e-20 5.430765803410147647e-21
1.883248205265663637e+04 2.480481936630000300e-20 5.700682136179606347e-21
1.884318277041675174e+04 3.405123011774770888e-20 5.578524008027880844e-21
1.885388347192570654e+04 3.903745588424857787e-20 4.777288308774272074e-21
1.886458415714700095e+04 2.207286292208767656e-20 5.487481507262490106e-21
1.887528482604251258e+04 3.189667516423263518e-20 5.597670156638355215e-21
1.888598547856854930e+04 4.104625150655560912e-20 5.129727666319632646e-21
1.889668611469126699e+04 3.691477213651484176e-20 5.133205395026263050e-21
1.890738673436731187e+04 3.803145176874455299e-20 5.362955688556141156e-21
1.891808733755887442e+04 2.443175727889862108e-20 5.224879992066319488e-21
1.892878792422824336e+04 3.827742937352489188e-20 5.384134500867356746e-21
1.893948849433565920e+04 4.109429664223761574e-20 5.531895756824354435e-21
1.895018904784164624e+04 4.721963880867361659e-20 5.557731822284769194e-21
1.896088958470861689e+04 3.444529968759493779e-20 5.787421338280809477e-21
1.897159010489588763e+04 2.924190202916942849e-20 5.137901335461363563e-21
1.898229060836639837e+04 3.207415879185808726e-20 5.199167351783721663e-21
1.899299109507995308e+04 4.320751269057247433e-20 5.507558611967010840e-21
1.900369156495836432e+04 3.741760054645781020e-20 4.988735974100830571e-21
1.901459857063492746e+04 2.873972191519894079e-20 4.653162674224765149e-21
1.902529902228285937e+04 1.328848381120850237e-20 4.984031728552741161e-21
1.903599945701735487e+04 2.432471977224533956e-20 4.402571305676289868e-21
1.904669987479586416e+04 3.669807895262773436e-20 5.364862354614019683e-21
1.905740027558463407e+04 3.383889151553815486e-20 5.443126478163294800e-21
1.906810065934055820e+04 3.015917499438972682e-20 5.525635977458623728e-21
1.907880102602701299e+04 2.521355269176888671e-20 5.045779904064862298e-21
1.908950137560598523e+04 4.423043098827981023e-20 5.476752340316245864e-21
1.910020170803871952e+04 2.961525310839427946e-20 5.194956258233241148e-21
1.911090202328443047e+04 3.702230821739141194e-20 5.055076397032329504e-21
1.912160232130847726e+04 2.688142521673486621e-20 5.311847748870928187e-21
1.913230260206888124e+04 2.738915684925914914e-20 4.914229757228509215e-21
1.914300286552878606e+04 3.323592927034321720e-20 5.098645722877908573e-21
1.915370311164974555e+04 1.922093699603514103e-20 4.856411977793921767e-21
1.916440334039280424e+04 2.739944371375590063e-20 4.994957559370084985e-21
1.917510355171922492e+04 1.986408956217514874e-20 4.726680706903841795e-21
1.918580374559355550e+04 3.576667273689863781e-20 5.261301309131534722e-21
1.919650392197403926e+04 4.558664337896669715e-20 5.568678179010586597e-21
1.920720408082395807e+04 3.294379061761629526e-20 4.721625879017809057e-21
1.921790422210596080e+04 1.774498248310604802e-20 5.307572848821047306e-21
1.922860434577938940e+04 3.969521086103856767e-20 5.054294764312141811e-21
1.923930445180760944e+04 2.947218729877531084e-20 5.133377989533527794e-21
1.925000454015231662e+04 2.651113842897299394e-20 4.956046306070098672e-21
1.926070461077497021e+04 3.119348786887766402e-20 4.674997005506473436e-21
1.927140466363800442e+04 3.565288139571585797e-20 5.062430952060998076e-21
1.928210469870220186e+04 3.574075672060238901e-20 5.463140226840397324e-21
1.929280471593211769e+04 3.458870073097241062e-20 5.376861817353711252e-21
1.930350471528826165e+04 3.515590899599511444e-20 5.212879604993709190e-21
1.931420469673149273e+04 1.880589123103443324e-20 4.897551869338780966e-21
1.932490466022343753e+04 1.768867168123507723e-20 5.509070641349630173e-21
1.933560460572971351e+04 4.410617384009791041e-20 5.494347517792948246e-21
1.934630453320825836e+04 4.320615275254069329e-20 5.492259880771333018e-21
1.935700444262480232e+04 1.845628755075380950e-20 5.171649085035878697e-21
1.936770433393897838e+04 2.658829322093095595e-20 5.135036535059554110e-21
1.937840420711286424e+04 4.737310471938402573e-20 4.982577567434011785e-21
1.938910406211230293e+04 4.222373823406947854e-20 5.366311673105814168e-21
1.939980389889594517e+04 5.033389181210942023e-20 5.272133147870142479e-21
1.941050371742494826e+04 3.109644195249489093e-20 4.616946831601854088e-21
1.942120351766420208e+04 2.705752314316689110e-20 4.998859366255127614e-21
1.943190329957655558e+04 3.160684903506420244e-20 4.831720949360598242e-21
1.944260306312225293e+04 2.065991833569974590e-20 4.713359703098430570e-21
1.945330280826413582e+04 2.310437416476637929e-20 4.903630146396433565e-21
1.946400253496516962e+04 3.181705055928505929e-20 4.711241029585084939e-21
1.947470224318673718e+04 2.971640173571588115e-20 4.951973943333370773e-21
1.948540193289379022e+04 3.136397609525705884e-20 4.908474564565465236e-21
1.949610160404838098e+04 3.659064378299107287e-20 5.229174372958476572e-21
1.950680125660988779e+04 4.526498237224501192e-20 5.222866383319146294e-21
1.951750089054123964e+04 3.442544331717169642e-20 5.200128343648607643e-21
1.952820050580873067e+04 3.194360538994931798e-20 4.795194854585775892e-21
1.953890010237181923e+04 4.131217184582505921e-20 4.832816547073147208e-21
1.954959968019467487e+04 3.939958486519028848e-20 4.930573004091105519e-21
1.956029923923827300e+04 2.673731219050884289e-20 4.651647239684530754e-21
1.957099877946642300e+04 2.831657133850980748e-20 4.936867283119345908e-21
1.958169830084131536e+04 3.444969721209974805e-20 4.941010864423832079e-21
1.959239780332709415e+04 3.876111004910204398e-20 4.930150491133530951e-21
1.960309728688554969e+04 2.568754193652002687e-20 4.671650670425163018e-21
1.961379675147799207e+04 2.709883203788340660e-20 4.576104585039245938e-21
1.962449619706955491e+04 3.474161530103676360e-20 4.161534648052822871e-21
1.963519562362004217e+04 4.169643106254470469e-20 4.437716909959236570e-21
1.964589503109626457e+04 1.649139548365592610e-20 4.839129424010236486e-21
1.965659441945792787e+04 2.385737060139491805e-20 4.914360677876798930e-21
1.966729378867039122e+04 3.130145185104186554e-20 4.779703106505463093e-21
1.967799313869413527e+04 2.708187004780166275e-20 4.655518661706761229e-21
1.968869246949419903e+04 3.346327275214308893e-20 4.640226759990882800e-21
1.969939178103176164e+04 2.581858663365763789e-20 4.648080664070067760e-21
1.971009107327180391e+04 2.616104646210650971e-20 4.939475985416139159e-21
1.972079034617495199e+04 1.217940639036705407e-20 4.846818067795008008e-21
1.973148959970687065e+04 2.455309408616203176e-20 4.720666497606180748e-21
1.974218883382837885e+04 2.840182501606705983e-20 4.889836834129810404e-21
1.975288804850325323e+04 2.965638454148255359e-20 4.569257119620076584e-21
1.976358724369624179e+04 2.704033186552669191e-20 4.680510581278833171e-21
1.977428641936835265e+04 2.788244180337678553e-20 4.631342337601684267e-21
1.978498557548546160e+04 4.168461661261482141e-20 4.702824804975783829e-21
1.979568471200585554e+04 2.805762484817496558e-20 4.546773487757875818e-21
1.980638382889833156e+04 3.522844176952485934e-20 4.333959288446898504e-21
1.981708292612346486e+04 5.062529311055469597e-20 4.801669821080434091e-21
1.982778200364381701e+04 3.599551516425068131e-20 4.955685988670242690e-21
1.983848106142392862e+04 3.188941574315207483e-20 4.673151924803927920e-21
1.984918009942791468e+04 3.241028903565688871e-20 4.404965148733586472e-21
1.985987911761928262e+04 2.142555169257930683e-20 4.503355694691518767e-21
1.987057811595721432e+04 1.601556999823756864e-20 4.304189540044780136e-21
1.988127709441048501e+04 2.925962408646523926e-20 4.616833742689028238e-21
1.989197605293906963e+04 4.644214432588153829e-20 4.926247326581154559e-21
1.990267499151020456e+04 2.989215285893755100e-20 4.761233383369591417e-21
1.991337391008389022e+04 2.930832928371518623e-20 4.892981606102230845e-21
1.992407280862217885e+04 3.689864803038054692e-20 4.624112209901891909e-21
1.993477168709362377e+04 4.290455843433164155e-20 4.301851108951787298e-21
1.994547054545842911e+04 2.909259938301672992e-20 3.785699071062796649e-21
1.995616938368189585e+04 3.160804347949446924e-20 3.894687224586281887e-21
1.996686820172708758e+04 2.991391380483501646e-20 4.782542137641505785e-21
1.997756699955769727e+04 3.763048620625962220e-20 4.242445405304963699e-21
1.998826577713811639e+04 3.588218831848298894e-20 4.599389690038353448e-21
1.999896453442892380e+04 3.435404861070180661e-20 4.325161782154530882e-21
2.000966327139516216e+04 2.575375981960445027e-20 4.577569661383604032e-21
2.002036198800490820e+04 2.682187956823098733e-20 4.463173671461438895e-21
2.003106068421617601e+04 4.186258942260525974e-20 4.468924342032679164e-21
2.004175935999654757e+04 5.143676462315321232e-20 4.927938389628021593e-21
2.005245801530978497e+04 2.973411788075637311e-20 4.058488913005816306e-21
2.006315665011477176e+04 3.296956512707057829e-20 4.441329010942743771e-21
2.007406328878355271e+04 1.407786577556965139e-20 4.502159727281189536e-21
2.008476189367322513e+04 3.433574985517319392e-20 4.711637605367158142e-21
2.009546047988488863e+04 3.212045655605758123e-20 4.748417389765163515e-21
2.010615885081572924e+04 3.331650292438604562e-20 4.985073722972085393e-21
2.011685716204011624e+04 2.530258288285178125e-20 4.847893973234281054e-21
2.012755545217061081e+04 3.380945487137058245e-20 4.591748461964680294e-21
2.013825372154276920e+04 3.514802147377353728e-20 4.684038325897814068e-21
2.014895197012056451e+04 3.987898434541733542e-20 4.820559509308547421e-21
2.015965019786818084e+04 3.071909031967968626e-20 4.315973235048104069e-21
2.017034840474968587e+04 2.817430035157881583e-20 4.381910922806555517e-21
2.018104659072705908e+04 2.817905490318041979e-20 4.486603929432399113e-21
2.019174475576901750e+04 2.678753774123776593e-20 4.607702496555761431e-21
2.020244289983853741e+04 2.391272760611096258e-20 4.731762278250193400e-21
2.021314102289894072e+04 3.159872547457202390e-20 4.704758503286707690e-21
2.022383912491308729e+04 3.536496598251465871e-20 4.758719527200317887e-21
2.023453720584534312e+04 2.007847804427534035e-20 4.618910619175513783e-21
2.024523526566126020e+04 2.664184671036028220e-20 4.769700186395841456e-21
2.025593330432622315e+04 1.928899457962867686e-20 4.147938902482230609e-21
2.026663132180238244e+04 2.849231491908494281e-20 4.181241202648797215e-21
2.027732931805752742e+04 3.029761170887748242e-20 4.578544366318510206e-21
2.028802729305383036e+04 2.503857813935008086e-20 4.588217244662260861e-21
2.029872524675336172e+04 2.856567574181295489e-20 4.481099552064876450e-21
2.030942317912395083e+04 3.019907243520501139e-20 4.441711963677078421e-21
2.032012109012920337e+04 3.446714948668503425e-20 4.390423050177330383e-21
2.033081897973335072e+04 3.607423718978612591e-20 4.456100777334739906e-21
2.034151684789989667e+04 4.275429447755788775e-20 4.923854041369688281e-21
2.035221469459577929e+04 2.379073899418895051e-20 4.698491856379053439e-21
2.036291251978554646e+04 1.501457240414619750e-20 4.188050243386334101e-21
2.037361032343149418e+04 1.928649784710499850e-20 4.442629401964701071e-21
2.038430810549933085e+04 3.833132178063380700e-20 4.592836575339505748e-21
2.039500586595508139e+04 2.123645598717123966e-20 4.507053531748022763e-21
2.040570360476091082e+04 3.244896130291806502e-20 4.546970261819484074e-21
2.041640132188270218e+04 2.808725068271309100e-20 4.475872414429431797e-21
2.042709901728297700e+04 2.801377939718706262e-20 4.777127782695416053e-21
2.043779669093108532e+04 2.927285807741260298e-20 4.661493834736790582e-21
2.044849434278959598e+04 3.699275041315246074e-20 4.793949555934487296e-21
2.045919197282438472e+04 3.791246320868264428e-20 4.032114886967673310e-21
2.046988958099802403e+04 3.839168732586581073e-20 4.410555506841470770e-21
2.048058716727647334e+04 2.802575666588162307e-20 4.406701607655223182e-21
2.049128473162577211e+04 2.682368411062007205e-20 4.525146260448099329e-21
2.050198227400862015e+04 2.774176616989712392e-20 4.623544917009555765e-21
2.051267979439091869e+04 2.048834851174854021e-20 4.647705202930803014e-21
2.052337729273659716e+04 4.889042543831899436e-20 4.844005643735153262e-21
2.053407476901416157e+04 9.536294111647718782e-20 5.560723525911479798e-21
2.054477222318510758e+04 1.272108093672688744e-19 6.071386053395537096e-21
2.055546965521558377e+04 8.854502174615661700e-20 5.400120763810531614e-21
2.056616706507061463e+04 4.322618918403378796e-20 4.818750335897991205e-21
2.057686445271666162e+04 3.404394439708718869e-20 4.763572312449743793e-21
2.058756181811621718e+04 2.911311545427818767e-20 4.399146703382319243e-21
2.059825916123694697e+04 3.157876605902673399e-20 4.546531949585905243e-21
2.060895648204153986e+04 1.854095850608993784e-20 4.431966838898433583e-21
2.061965378049763603e+04 2.728908348663843272e-20 4.406861214468619947e-21
2.063035105656675660e+04 2.025822564814279068e-20 3.993320849768899187e-21
2.064104831021769860e+04 2.600389375984294630e-20 3.599769868599459110e-21
2.065174554141471162e+04 4.048366863446176357e-20 4.213821907705444692e-21
2.066244275012164871e+04 3.571199151312561620e-20 4.411012155371871733e-21
2.067313993630882760e+04 3.470902329431139666e-20 4.589982821297971254e-21
2.068383709993416051e+04 2.501843237307930707e-20 4.391541266803783013e-21
2.069453424096918752e+04 3.177279837789546573e-20 4.838433528157369815e-21
2.070523135937554980e+04 3.265002466139124417e-20 4.503899663453263835e-21
2.071592845512105487e+04 3.780418735965578673e-20 4.374482662056330767e-21
2.072662552817003962e+04 2.859196861976511561e-20 4.459691467682578698e-21
2.073732257848653171e+04 3.006316869772780681e-20 4.410120243014060669e-21
2.074801960603609041e+04 3.044163784937902038e-20 4.298803684855570435e-21
2.075871661078663965e+04 2.520169657014952678e-20 4.265051500646099000e-21
2.076941359266532163e+04 2.220532911781000573e-20 4.262977999690450322e-21
2.078011054783803411e+04 2.686403046573722221e-20 4.098688764937268817e-21
2.079101650906501527e+04 2.564897547975636491e-20 3.867537180433758227e-21
2.080171343717388299e+04 2.068127524033752147e-20 4.213914291147674621e-21
2.081241034230592413e+04 2.593701474836814991e-20 4.119682558932053465e-21
2.082310722442950282e+04 4.239335647044362890e-20 4.133212273033265509e-21
2.083380408350658763e+04 2.587780913740240692e-20 3.823828813273427234e-21
2.084450091950803835e+04 3.600012412060022792e-20 4.414609299505560811e-21
2.085519773239647111e+04 2.384725942200675329e-20 3.877598735303795045e-21
2.086589452213683035e+04 3.692715338050945216e-20 4.289162145852618422e-21
2.087659128869615961e+04 3.574328507531053030e-20 4.063197145373910866e-21
2.088728803204003270e+04 3.413915512798809150e-20 4.012726604973835353e-21
2.089798475213546044e+04 1.962769279714135751e-20 3.917893759823600465e-21
2.090868144894596117e+04 2.438266384498011729e-20 3.792256076065878384e-21
2.091937812244001179e+04 1.921901172063876419e-20 3.685041705785890608e-21
2.093007477258046129e+04 2.169619563274471936e-20 3.831334445925951010e-21
2.094077139933476428e+04 7.054770640005893756e-20 4.666617045435375598e-21
2.095146800267030994e+04 1.746761333039990648e-19 5.897466825813489339e-21
2.096216458255167527e+04 1.516589979204259998e-19 6.192981725238821308e-21
2.097286113894438313e+04 7.665607331505932005e-20 5.121904962530237332e-21
2.098355767181490592e+04 3.187173056683876176e-20 3.951421899454952595e-21
2.099425418112792613e+04 2.393170139826101068e-20 3.840781059075051291e-21
2.100495066685193888e+04 2.919940535086856883e-20 3.959111149924613810e-21
2.101564712895153207e+04 3.616767080438901913e-20 3.988247505806447620e-21
2.102634356739315626e+04 3.118402072500387802e-20 4.102053457776238853e-21
2.103703998214153762e+04 2.832001728500799512e-20 4.242896691921880595e-21
2.104773637316513123e+04 1.277532624240042405e-20 3.957197335109492634e-21
2.105843274042626217e+04 1.855481564968470791e-20 4.113742984618184960e-21
2.106912908389661970e+04 1.901899590285754118e-20 4.137896113403772135e-21
2.107982540353974400e+04 1.910421480555137312e-20 3.869353870970713891e-21
2.109052169931999742e+04 2.877023268691639894e-20 4.260431359961119236e-21
2.110121797120677365e+04 2.798134717377790742e-20 4.214026957842828425e-21
2.111191421916369291e+04 2.350862480302348977e-20 4.129613819596158569e-21
2.112261044315962499e+04 2.963713216938862963e-20 3.949262764464148206e-21
2.113330664315921240e+04 4.985675057747482147e-20 4.482265269552061942e-21
2.114400281912786886e+04 1.729434061323585465e-19 5.828002982670917905e-21
2.115469897103463882e+04 6.048898404974133898e-19 8.292174934667127796e-21
2.116539509884297513e+04 8.048813300410916581e-19 1.167180127301289341e-20
2.117609120252193679e+04 1.715664726412295224e-19 5.550032790940089377e-21
2.118678728203822902e+04 3.311950551241581879e-20 4.018951005257877196e-21
2.119748333735421329e+04 3.571856019487437830e-20 3.981422946457076337e-21
2.120817936844014548e+04 2.702578805311626767e-20 4.133493253417264609e-21
2.121887537526125743e+04 2.725991581188232451e-20 4.228000217811768641e-21
2.122957135778427619e+04 4.058073296088541271e-20 4.215294193602273385e-21
2.124026731597573962e+04 3.744804535484436798e-20 4.004611749722642332e-21
2.125096324980177087e+04 3.533465105257511186e-20 3.917357882354711931e-21
2.126165915922929344e+04 2.805678317727206275e-20 3.753258638794446034e-21
2.127235504422500526e+04 1.906893764705564764e-20 3.634539382657853477e-21
2.128305090475552788e+04 2.217164600689918145e-20 4.125048397949448120e-21
2.129374674078701719e+04 2.897626132786952064e-20 4.418608631384603022e-21
2.130444255228524344e+04 3.023110652600745791e-20 4.143061564606758990e-21
2.131513833921968762e+04 2.488536196802597766e-20 4.093584393811213427e-21
2.132583410155561796e+04 2.794029093465766657e-20 3.844313374623877382e-21
2.133652983925939407e+04 2.563593064726570939e-20 3.860682118072205758e-21
2.134722555229821592e+04 1.962836872302693702e-20 3.787747057932841094e-21
2.135792124063886513e+04 2.480522912056020151e-20 3.187826585827237872e-21
2.136861690424804692e+04 2.280048815739615756e-20 3.618330188313621247e-21
2.137931254309230280e+04 1.804213885152250260e-20 3.727761556527766919e-21
2.139000815713747943e+04 1.104777202016133612e-20 3.488363796950853330e-21
2.140070374635323242e+04 1.266419883673614271e-20 3.595367175054564838e-21
2.141139931070491002e+04 1.533599361030654428e-20 3.617372164585567708e-21
2.142209485015925020e+04 2.331244121748492880e-20 3.699699079258581571e-21
2.143279036468495178e+04 2.909440315540222515e-20 3.704116969435804574e-21
2.144348585424472913e+04 2.869841554731005053e-20 3.747022608571263561e-21
2.145418131880958390e+04 2.028274017822143092e-20 3.986605888534218510e-21
2.146487675834503898e+04 3.080997679123316401e-20 3.885813071964560633e-21
2.147557217281984413e+04 2.177569667112715756e-20 3.884173643563523092e-21
2.148626756219817253e+04 2.320376940884862200e-20 3.772258927199970755e-21
2.149696292644687492e+04 1.885099143722425858e-20 3.661251059360739637e-21
2.150765826553587249e+04 3.688862268546095023e-20 3.942326199961304298e-21
2.151835357943111012e+04 3.099770411078847765e-20 3.839419459318388584e-21
2.152904886809970412e+04 3.437289632384966439e-20 3.973278041597933692e-21
2.153974413151001863e+04 3.252506110868113884e-20 4.206520201429968020e-21
2.155043936962637599e+04 2.246068196700541370e-20 4.101858834747019372e-21
2.156113458241763510e+04 2.824820363985959578e-20 3.885407838158838744e-21
2.157182976985102141e+04 1.331157212564334965e-20 4.132763671865731503e-21
2.158252493189355300e+04 1.666920542432301697e-20 3.775690017610719201e-21
2.159322006851246624e+04 2.803862350672096351e-20 4.019594549187689532e-21
2.160391517967676555e+04 2.097281069656676617e-20 3.656774695616847505e-21
2.161461026535084966e+04 1.965500047121184966e-20 3.550539895845328535e-21
2.162530532550470525e+04 2.478865993207883599e-20 3.801575306270392086e-21
2.163600036010279291e+04 3.680755931910450806e-20 3.742503777954415849e-21
2.164669536911417526e+04 2.448314259154050751e-20 3.476737138701166788e-21
2.165739035250623783e+04 2.642744610792401049e-20 3.789905435214728582e-21
2.166808531024764670e+04 3.190560282760728486e-20 3.480195563849718092e-21
2.167878024230286610e+04 2.217194039433963024e-20 3.997475843350670446e-21
2.168947514864108962e+04 3.697061718608534102e-20 4.185262137143724028e-21
2.170017002923122709e+04 2.370790138486662545e-20 3.915642079905036441e-21
2.171086488403773183e+04 2.770897326251363752e-20 3.793522513436131749e-21
2.172155971302942999e+04 3.493900532700584006e-20 3.851986575384094731e-21
2.173225451617415820e+04 2.206412505294264888e-20 3.860756654209564568e-21
2.174294929344096454e+04 2.874975085016531887e-20 3.883849559878329852e-21
2.175364404479437508e+04 1.079482735289611220e-20 3.770294423838759927e-21
2.176433877020615910e+04 3.105125768500761600e-20 3.904588818072018006e-21
2.177503346963845979e+04 1.927305011908497236e-20 3.746331122042355297e-21
2.178572814306180953e+04 1.970322549959483328e-20 3.973024527310752272e-21
2.179642279044386669e+04 2.269477803327973429e-20 4.192342450778512129e-21
2.180711741175341012e+04 2.656304128223529272e-20 4.262442514940671418e-21
2.181781200695564621e+04 2.645907799484091794e-20 3.845154867090804773e-21
2.182850657601974672e+04 1.815329501961077083e-20 3.796137869573779275e-21
2.183920111891349734e+04 1.542111062503593561e-20 3.947271409036774023e-21
2.184989563560566603e+04 2.803541601362139004e-20 3.948047809256824001e-21
2.186059012606155375e+04 3.403407558419914400e-20 4.395742400059344986e-21
2.187128459025195116e+04 3.244438968787647566e-20 4.119934313831070916e-21
2.188197902814170811e+04 3.178068106920235529e-20 3.717048877818746464e-21
2.189267343970133516e+04 1.054172672462862578e-20 3.224530226932543685e-21
2.190336782489595134e+04 2.650140371235257016e-20 3.614272202350963410e-21
2.191406218369655835e+04 3.021088761879197314e-20 3.860094861237751972e-21
2.192475651606958127e+04 2.141434005943108998e-20 3.857909933239228276e-21
2.193545082198120508e+04 2.781134147573866335e-20 4.019342904910703416e-21
2.194614510140244238e+04 3.303238902302824395e-20 3.842839085357067434e-21
2.195683935429848134e+04 2.387324730184772647e-20 4.022086508673124551e-21
2.196753358063881751e+04 3.815020818800007898e-20 3.596572121007518694e-21
2.197822778039433979e+04 3.178691838524915751e-20 3.245914350136358138e-21
2.198892195352690760e+04 2.171357367195085849e-20 3.426476519407769614e-21
2.199961610000942528e+04 2.997973717263735814e-20 4.168270442953363593e-21
2.201031021980845617e+04 2.965376335972932503e-20 4.402451699769041338e-21
2.202100431289056360e+04 1.637637746235341168e-20 3.498393670968999775e-21
2.203169837922651641e+04 2.876767134694233560e-20 3.463870175681702609e-21
2.204239241878184112e+04 2.484337140314164347e-20 3.741239492219786372e-21
2.205308643152772856e+04 3.142699245546858858e-20 3.811903615199293441e-21
2.206378041742936330e+04 2.782146405581165875e-20 3.784007925892778173e-21
2.207447437645608443e+04 2.394794781779660880e-20 4.139721461494923537e-21
2.208516830857941386e+04 2.567158732836576740e-20 3.830913586092793749e-21
2.209586221376316098e+04 2.935560230284911039e-20 3.963885333718699991e-21
2.210655609197708691e+04 2.379211167136460882e-20 3.694388442595401303e-21
2.211724994318778045e+04 2.133174218791190669e-20 3.806989907068532057e-21
2.212794376736652703e+04 3.155491488516780331e-20 3.971202345098593296e-21
2.213863756447886044e+04 2.521283690290575329e-20 3.522946531999886406e-21
2.214954217986185540e+04 2.083430152720306649e-20 3.917547605913037290e-21
2.216023593725355022e+04 2.971768683128059148e-20 3.836020684777689681e-21
2.217092966752253778e+04 2.152444208018568233e-20 3.632090479079391893e-21
2.218162337059755737e+04 2.846987043693740049e-20 3.522364085829932824e-21
2.219231704644690763e+04 2.767728801401482469e-20 3.594368583148078405e-21
2.220301069503905092e+04 1.910334733417067059e-20 3.776794828960950217e-21
2.221370431634092165e+04 1.649460058788678626e-20 3.590942371982137898e-21
2.222439791032411085e+04 2.615886626031607968e-20 3.656614420705265315e-21
2.223509147695715001e+04 2.280111565864867479e-20 3.567292855009302008e-21
2.224578501620539828e+04 2.135170555767585033e-20 4.431703408160377822e-21
2.225647852803753631e+04 1.928942750260855450e-20 4.032309338086453254e-21
2.226717201242655210e+04 2.953930375883428456e-20 3.684034057802783631e-21
2.227786546933665522e+04 3.073217529617566910e-20 3.770024431265378204e-21
2.228855889873630440e+04 2.052040649717082977e-20 3.899478110330762884e-21
2.229925230059724709e+04 2.373367345706609420e-20 3.642118345121746777e-21
2.230994567488652319e+04 2.830779186716392686e-20 3.900802503901633668e-21
2.232063902157137636e+04 2.253302917672236939e-20 3.861686980304744178e-21
2.233133234062356496e+04 2.318502189865699022e-20 3.498002041829390355e-21
2.234202563201168232e+04 2.773023035388057866e-20 3.417333711246495773e-21
2.235271889570149870e+04 2.091267195658407709e-20 3.535337111225394245e-21
2.236341213166316084e+04 2.286406312419244069e-20 3.431702690877633138e-21
2.237410533986560404e+04 1.690166503224070814e-20 3.640827290684049932e-21
2.238479852027748711e+04 2.056541099797469318e-20 3.725564711577793787e-21
2.239549167286768716e+04 1.448546607251502535e-20 3.267986862934164081e-21
2.240618479760644186e+04 1.734815210955773772e-20 3.695008929017326212e-21
2.241687789445812450e+04 3.843054409158190498e-20 3.865590176031820570e-21
2.242757096339773489e+04 3.030592539415480345e-20 4.012992046090020731e-21
2.243826400364809160e+04 1.906451377157759947e-20 3.662744226956258108e-21
2.244895693969538843e+04 1.908995965514064549e-20 3.503747022609298375e-21
2.245964948896030182e+04 3.121285227263363560e-20 3.397218875757029162e-21
2.247034200662445801e+04 3.306018176773334252e-20 3.360708196227731265e-21
2.248103449622456174e+04 2.308916224680334547e-20 3.503960123886983046e-21
2.249172695772496081e+04 2.873832207950797699e-20 3.532743992384706858e-21
2.250241939109616578e+04 3.536729132085695777e-20 3.722183562606937149e-21
2.251311179630567858e+04 1.796340666059163536e-20 3.260957325594924996e-21
2.252380417332732395e+04 1.900665599959491224e-20 3.354192096232243726e-21
2.253449652212682849e+04 2.699084924218299962e-20 3.512156716054691163e-21
2.254518884267033718e+04 3.396449145704983406e-20 3.688931005319117207e-21
2.255588113493297715e+04 3.273823582361627213e-20 3.323838783469738899e-21
2.256657339887941635e+04 2.761961150407524522e-20 3.967491328592815321e-21
2.257726563448181332e+04 2.491299748462141653e-20 3.916959268424723854e-21
2.258795784170612023e+04 1.799303302836850858e-20 3.365819045908097358e-21
2.259865002052317868e+04 1.827973951853530914e-20 3.294796066349222332e-21
2.260934217090360471e+04 1.618213458384040558e-20 3.388239376579907296e-21
2.262003429281212448e+04 1.660400472225015780e-20 3.309018348627367703e-21
2.263072638622567320e+04 1.915307937497916750e-20 3.317374874350596118e-21
2.264141845110720897e+04 2.104781998313450207e-20 3.536928648011454621e-21
2.265211048742439743e+04 2.424339119927327248e-20 3.374479248371415526e-21
2.266280249515126343e+04 2.732801908942488383e-20 2.889757850780639550e-21
2.267349447425725521e+04 2.510832077571077976e-20 2.799591698221368365e-21
2.268418642470992927e+04 2.666760411864815880e-20 2.710427943949432907e-21
2.269487834647712589e+04 2.522471716270951930e-20 3.555475899018089467e-21
2.270557023952968666e+04 2.250199629067118312e-20 3.550480169736445972e-21
2.271626210383711805e+04 2.217699276711515421e-20 3.221052485776319567e-21
2.272695393937041808e+04 2.540487672058981350e-20 3.322433192507444105e-21
2.273764574609407646e+04 2.867484464837783926e-20 3.559162591238420154e-21
2.274833752398565048e+04 2.271961238359438827e-20 3.320526783000730677e-21
2.275902927300804367e+04 2.717539213130563306e-20 3.266131250616041410e-21
2.276972099312926366e+04 1.820239714397119176e-20 3.251896269448272868e-21
2.278041268432519792e+04 2.342962653560839443e-20 3.001507180263066060e-21
2.279110434656203506e+04 2.262685203380847594e-20 3.585329876818357764e-21
2.280179597980781182e+04 2.956206535791377285e-20 3.881269427730403782e-21
2.281248758403514876e+04 1.543998905668035340e-20 3.327173231848989472e-21
2.282317915921374515e+04 1.566377160166737012e-20 2.954741938532396884e-21
2.283387070530831261e+04 1.602847487999971566e-20 3.188508105093487274e-21
2.284456222228991828e+04 1.499237672238900862e-20 3.384803168254249164e-21
2.285525371013157201e+04 2.883861232446524528e-20 3.274770191949432946e-21
2.286594516880442097e+04 1.767754685060264690e-20 3.486389454545070410e-21
2.287663659827177617e+04 2.324950620719538904e-20 3.647623927617858425e-21
2.288732799850806623e+04 2.407600074836677575e-20 3.567245146896963799e-21
2.289801936948132061e+04 2.273985937749852720e-20 3.706069637162745068e-21
2.290871071115969244e+04 2.030270333369562074e-20 3.577341618216281836e-21
2.291940202351606058e+04 2.332078896270068896e-20 3.642451531348695358e-21
2.293009330651865457e+04 3.177844529005793162e-20 3.637263667135931796e-21
2.294078456013557297e+04 2.668821659249360542e-20 3.378722192024234956e-21
2.295147578433980016e+04 2.037898608282091617e-20 3.059052077632015995e-21
2.296216697910117364e+04 2.478013250971330668e-20 3.501612820399576761e-21
2.297285814438287343e+04 2.634426645507777099e-20 3.791335301404825394e-21
2.298354928016305348e+04 2.854671113740476502e-20 3.177817643089168830e-21
2.299424038640989238e+04 2.349827923813728257e-20 3.194839311449591018e-21
2.300493146308823270e+04 2.313676478960397315e-20 3.464322261988265202e-21
2.301562251017296876e+04 2.579024712964053218e-20 3.491938576145503905e-21
2.302631352763225004e+04 2.291273736951600447e-20 3.072915615542166833e-21
2.303700451543449890e+04 2.852417560694919445e-20 3.590430739933941071e-21
2.304769547355291070e+04 2.203038034809930465e-20 3.583458532634178020e-21
2.305838640195731932e+04 2.481566270039514211e-20 3.262827810409180527e-21
2.306907730061122493e+04 2.855734451052985459e-20 3.041524589335340904e-21
2.307976816949269050e+04 2.632930486334625738e-20 3.399319387876148557e-21
2.309045900856865774e+04 2.712247029708553088e-20 3.080947595454147299e-21
2.310114981777063804e+04 3.275636414916694998e-20 3.129953645799149530e-21
2.311184059335480924e+04 3.049884297615055726e-20 3.334812094706343853e-21
2.312274349629772041e+04 2.427274640201333111e-20 3.434123734713139089e-21
2.313343423016626912e+04 2.288954214818134871e-20 3.253340243273676013e-21
2.314412493407893271e+04 2.288013632491394061e-20 3.044386419985622012e-21
2.315481560800408988e+04 1.793669150097065939e-20 2.859971374341659553e-21
2.316550625191322615e+04 3.245313305157322446e-20 3.370851215158457354e-21
2.317619686577341417e+04 3.626650660255800233e-20 4.192283142711683873e-21
2.318688744955654693e+04 2.226010883738667213e-20 3.644169925685654989e-21
2.319757800323278934e+04 3.389846868961300944e-20 3.078089295585810208e-21
2.320826852677233910e+04 1.360228325582874890e-20 2.690297359292524455e-21
2.321895902014338935e+04 1.649491495326470869e-20 3.313279550655815663e-21
2.322964948332158747e+04 2.401394749453810852e-20 3.536140132713779837e-21
2.324033991627205978e+04 1.819320674811830701e-20 3.164360211680501013e-21
2.325103031896679022e+04 1.594133518784043438e-20 3.089933079542583648e-21
2.326172069137606741e+04 2.605055604792872953e-20 3.640285729300005413e-21
2.327241103347002354e+04 2.613985747134699714e-20 3.542860912235766020e-21
2.328310134521892905e+04 1.851572458377195244e-20 3.192676231621298909e-21
2.329379162659335270e+04 2.532667505858846340e-20 3.210795861812614294e-21
2.330448187756535117e+04 3.520540761387073009e-20 3.390752346963776265e-21
2.331517209810006534e+04 2.967376261278760738e-20 3.619691445408190285e-21
2.332586228817305891e+04 2.060088834200687125e-20 3.478778630902256489e-21
2.333655244775274696e+04 2.809418628050722273e-20 3.322029167067779126e-21
2.334724257681333620e+04 2.956328568479894814e-20 3.313566240949275043e-21
2.335793267531648962e+04 3.100386390421747256e-20 3.542389597600605889e-21
2.336862274324322789e+04 2.618907096138990851e-20 3.434037211879762346e-21
2.337931278055342045e+04 1.859969136934116936e-20 3.178457705579530467e-21
2.339000278722435178e+04 2.120283317515274849e-20 3.283206723397178698e-21
2.340069276322668156e+04 1.902475293484359201e-20 3.256586915813025544e-21
2.341138270852572896e+04 2.818325780507627181e-20 3.103300988572772872e-21
2.342207262310087026e+04 2.418468914085955405e-20 2.746082462351338596e-21
2.343276250691201858e+04 2.302631878736476724e-20 2.706199194644377616e-21
2.344345235993851384e+04 2.735113644908470564e-20 3.089262295474221101e-21
2.345414218214544962e+04 2.673945324792564778e-20 3.187779357854929457e-21
2.346483197350547198e+04 2.671521085801794518e-20 3.128572487937268275e-21
2.347552173399274034e+04 2.353733602484161895e-20 3.295592794672411639e-21
2.348621146356718964e+04 1.962731370431884857e-20 3.004975733687512614e-21
2.349690116221375138e+04 2.648563229186348788e-20 2.892483350609866899e-21
2.350759082989029048e+04 3.083099694169685098e-20 3.575373877634767459e-21
2.351828046657665254e+04 2.396484527850700026e-20 3.321001548903180579e-21
2.352897007223822948e+04 2.613600005320332025e-20 3.416320432180067699e-21
2.353965964684931168e+04 2.158375096510989995e-20 2.977601708466909889e-21
2.355034919037882355e+04 2.813553541364971000e-20 3.153792133142518184e-21
2.356103870279568582e+04 1.584308538656438906e-20 2.931771392020843722e-21
2.357172818407399609e+04 2.011967641712373852e-20 3.206446662802674886e-21
2.358241763417942639e+04 1.939331842425499964e-20 3.026807256839117310e-21
2.359310705308997785e+04 2.421491882425999150e-20 3.050512099836263328e-21
2.360379644077285411e+04 2.061202408251651300e-20 3.133359879534623099e-21
2.361448579719887493e+04 1.805173387142369925e-20 3.252941935291483416e-21
2.362517512233871457e+04 3.046446451774828760e-20 3.318106373853442004e-21
2.363586441615960575e+04 1.911075244086621202e-20 3.169969993431767690e-21
2.364655367863801075e+04 1.758943942849223379e-20 2.910093171056252602e-21
2.365724290974484757e+04 1.785882343797427319e-20 3.186905292826264504e-21
2.366793210944919338e+04 3.106225867430734945e-20 3.217869908716844571e-21
2.367862127772195163e+04 2.291689506926903184e-20 3.088766954003464086e-21
2.368931041453198850e+04 1.148714790716577051e-20 2.992330259266305915e-21
2.369999951985592634e+04 2.061753671032459422e-20 3.179076108551334116e-21
2.371068859365747267e+04 1.871416414618756470e-20 2.957934021991397447e-21
2.372137763591128532e+04 2.079579779726567993e-20 2.791386912499705970e-21
2.373206664659018497e+04 2.255882354474317653e-20 2.934840829841392897e-21
2.374275562566519511e+04 1.973899928546620036e-20 2.769845691966882364e-21
2.375344457309967038e+04 1.870130985362250142e-20 2.936634459520000555e-21
2.376413348887414395e+04 1.232510995366308965e-20 3.136653342644157524e-21
2.377482237295603773e+04 1.214001863559528226e-20 3.001445216471568903e-21
2.378551122531640794e+04 8.005956867724333008e-21 2.998897673252367149e-21
2.379620004592451005e+04 1.657161150952881871e-20 3.358455835404729951e-21
2.380688883475878538e+04 2.399685554455849930e-20 3.060111134546863195e-21
2.381757759177533808e+04 1.960732020542690657e-20 3.076302871092295605e-21
2.382826631696219920e+04 1.262188240757506025e-20 3.384129154750610944e-21
2.383895501027947830e+04 1.682179448295439376e-20 2.999586142253585492e-21
2.384964367170384503e+04 1.779448808785369575e-20 2.693027527646470798e-21
2.386033230120651569e+04 2.162597325681410609e-20 3.042426169159589441e-21
2.387102089875493766e+04 2.485111078081280457e-20 3.204691346624414041e-21
2.388170946432191704e+04 1.759224799557326906e-20 2.960020175740495279e-21
2.389239799787712400e+04 1.744635733214171223e-20 3.424631010527375901e-21
2.390308649939737734e+04 1.806591953486438344e-20 3.627525009379563241e-21
2.391377496884649008e+04 1.264487769856404565e-20 3.185641751144820512e-21
2.392446340620319461e+04 2.802880039163034155e-20 3.495745263224714173e-21
2.393515181143127484e+04 2.627889556392056409e-20 3.193530084141122491e-21
2.394584018450926305e+04 2.711289085896575448e-20 3.310844093058645984e-21
2.395652852539939340e+04 1.530448176139475105e-20 3.128917014156564518e-21
2.396721683408426543e+04 2.012155816346856704e-20 3.026787578162828557e-21
2.397790511052959482e+04 1.795779865741080392e-20 3.008193102452417491e-21
2.398859335470298174e+04 2.316042764424778213e-20 3.425534329729920962e-21
2.399928156658333319e+04 1.987367646518163492e-20 3.446506433062912126e-21
2.400996974613231578e+04 1.705496535373312761e-20 2.904859338065794572e-21
2.402065789333294015e+04 2.496735594330393712e-20 3.044486960151139730e-21
2.403134600815100930e+04 2.214032364642259625e-20 3.140599914367683985e-21
2.404203409055414886e+04 2.798939771698462118e-20 3.256161425620267434e-21
2.405272214051949049e+04 2.084676173447736768e-20 3.002351576034249558e-21
2.406341015801662070e+04 1.937805942869423960e-20 3.082084218649875167e-21
2.407409814301678489e+04 2.262063785769681016e-20 2.816977188027320995e-21
2.408478609549353496e+04 1.310147669994046355e-20 3.170303216735246148e-21
2.409547401541465661e+04 2.678106076061408887e-20 3.067504793746414284e-21
2.410616190275168992e+04 2.286435286811742669e-20 2.978895541291471299e-21
2.411684975747995486e+04 2.015622807210732320e-20 2.866184380714244500e-21
2.412753757957102061e+04 1.334559225423191512e-20 2.811905944561662569e-21
2.413822536899442639e+04 2.030123985228548139e-20 2.947302412517678018e-21
2.414891312571980234e+04 2.198945935252998363e-20 3.161799078706663274e-21
2.415960084972274490e+04 1.994795036187203470e-20 2.980848646364870297e-21
2.417028854096912619e+04 1.188743422521311868e-20 2.815398278888279962e-21
2.418097619943631071e+04 2.004766671616703061e-20 2.961412647559420915e-21
2.419166382509594769e+04 2.398779704803623651e-20 2.924051345129467941e-21
2.420235141791777278e+04 2.500605008165885520e-20 2.852944874703566022e-21
2.421303897787124151e+04 1.868717667520915733e-20 3.081023188068052610e-21
2.422372650492832690e+04 1.557135879085538619e-20 2.830442650162476556e-21
2.423441399906843435e+04 1.081833417788181461e-20 3.050533587591776734e-21
2.424510146025364884e+04 2.490092079213450513e-20 3.031602565672557194e-21
2.425578888845954862e+04 2.044778018760086735e-20 3.065026318298338422e-21
2.426647628365787750e+04 2.470378018475333933e-20 2.973187855903207680e-21
2.427716364582216556e+04 2.552678477806802846e-20 2.783660224922841325e-21
2.428785097492226851e+04 1.892067763690589123e-20 3.093153399464521735e-21
2.429853827093009750e+04 1.996846290315533454e-20 3.175321708561611050e-21
2.430922553381359830e+04 2.656680674275276281e-20 3.099805531184490239e-21
2.431991276355231093e+04 3.054608727268356641e-20 3.280989759349037453e-21
2.433059996011031399e+04 1.499115735829637762e-20 2.833784470980720722e-21
2.434128712346720567e+04 1.976720446432865225e-20 2.931272942131699415e-21
2.435197425359072804e+04 2.066997212719615553e-20 2.768704866167187972e-21
2.436266135045293413e+04 2.143615907694885593e-20 3.219370622318407760e-21
2.437334841402380698e+04 2.343965324354224432e-20 3.071638712559538004e-21
2.438403544427914676e+04 1.862905641525097274e-20 2.884354858213931229e-21
2.439472244118694289e+04 2.372810599044524109e-20 3.195210189831067924e-21
2.440540940472108196e+04 2.459316003092177902e-20 2.964501444956040638e-21
2.441609633485541053e+04 2.946766127102733864e-20 2.992180635524313062e-21
2.442678323155972248e+04 2.076820976509494182e-20 2.785714204389656421e-21
2.443747009480426641e+04 2.259508351492726445e-20 3.122499629963115152e-21
2.444815692456690522e+04 2.465357198521820181e-20 3.176918445443995697e-21
2.445884372080980029e+04 3.001584351921260881e-20 3.112300936414959868e-21
2.446953048351479447e+04 2.056241718968535594e-20 2.393432657711838755e-21
2.448021721264997905e+04 2.008431818238176052e-20 2.844477202329424452e-21
2.449090390818727974e+04 2.041833560277313922e-20 2.958511161960697818e-21
2.450159057009865501e+04 2.333509964623419016e-20 2.901940661316625529e-21
2.451227719835635071e+04 1.468530322267804810e-20 2.799520682670316675e-21
2.452296379293241625e+04 2.379038319471116662e-20 2.885361829900139668e-21
2.453365035379698384e+04 2.143640000526825300e-20 3.036763413874293773e-21
2.454433688092412194e+04 2.677833257185380730e-20 2.992603126085523278e-21
2.455502337428992541e+04 2.956863008920466267e-20 2.981917502211118884e-21
2.456570983385845830e+04 1.643972112019323363e-20 2.822098340760123486e-21
2.457639625960774720e+04 1.671941428334878122e-20 3.075454886288839518e-21
2.458708265150812804e+04 2.277642650984535825e-20 3.026508631907310104e-21
2.459776900953178119e+04 2.800561430272175151e-20 3.110572906111768999e-21
2.460845533365087977e+04 1.931335457093309372e-20 2.909496193881242138e-21
2.461914162383760777e+04 2.784881135078790597e-20 2.826597190966313494e-21
2.462982788006417104e+04 2.067173469290489576e-20 3.011807602824666213e-21
2.464051410230273177e+04 2.770784718595657244e-20 3.090182593014883148e-21
2.465120029052537575e+04 2.430706320311170114e-20 2.923757845553073879e-21
2.466188644470454528e+04 1.561745759596689629e-20 2.540363592620538957e-21
2.467257256481049262e+04 2.715583894725188583e-20 2.664246472189988110e-21
2.468325865082150631e+04 1.926130608446937436e-20 2.651323913492579410e-21
2.469394470270385136e+04 1.139472159259638536e-20 2.755831069689403773e-21
2.470463072043182547e+04 1.950588550122742852e-20 3.146422771701909065e-21
2.471531670397573907e+04 2.169447159376563152e-20 3.080511583488069375e-21
2.472600265331570336e+04 2.142678911348266715e-20 2.778668050620028012e-21
2.473668856841220259e+04 2.085962114689963949e-20 3.224790812280315767e-21
2.474737444924564988e+04 2.419417819774147437e-20 3.068023715050474082e-21
2.475806029578438392e+04 1.333225382913281355e-20 2.944396801114125056e-21
2.476874610800886512e+04 1.747435842639932264e-20 2.889660538902878415e-21
2.477943188587932309e+04 2.012123519209508608e-20 2.957904953430281877e-21
2.479011762939144683e+04 2.109500955048143728e-20 3.071325566816548888e-21
2.480080342517302415e+04 1.347406252317017778e-20 2.948052114517406475e-21
2.481148934555946107e+04 1.244147532809494471e-20 2.660598298221703241e-21
2.482217523148116015e+04 2.945500909684285112e-20 2.970332868637004657e-21
2.483286108291873461e+04 3.576392312594927032e-20 2.839401828396571978e-21
2.484354689983647404e+04 3.505905476148577162e-20 2.811272892129223688e-21
2.485423268221501712e+04 1.912488447239490665e-20 2.595815056975353998e-21
2.486491843002276073e+04 1.489929017971769895e-20 2.740866131141893884e-21
2.487560414322810539e+04 2.712373116208806968e-20 2.838676767887037729e-21
2.488628982180945241e+04 2.041487917597357050e-20 2.687102264529071463e-21
2.489697546573957152e+04 2.182944833823531343e-20 2.753243789565448663e-21
2.490766107498688871e+04 2.760569332452852915e-20 2.886853399173632695e-21
2.491834664952806634e+04 1.548446100180464283e-20 2.854053812954654826e-21
2.492903218933154494e+04 1.377963112244492323e-20 2.749119115998745775e-21
2.493971769437194962e+04 1.886468403933774661e-20 2.744258011352462771e-21
2.495040316461979091e+04 1.438497072159007315e-20 2.514229233648688362e-21
2.496108860005586030e+04 1.832067614067008158e-20 2.951910189652028685e-21
2.497177400064439280e+04 2.125096488533278924e-20 2.842740761605751580e-21
2.498245936635611724e+04 1.683491921351089562e-20 2.890708290247790545e-21
2.499314469717193788e+04 1.683199424778245401e-20 2.830101111451988878e-21
2.500382999306033162e+04 2.196620635184937703e-20 2.884238677308650711e-21
2.501451525399191451e+04 2.215633689673697512e-20 2.917306084380990748e-21
2.502520047994141351e+04 2.161660146157917957e-20 3.017713890760650107e-21
2.503588567088358468e+04 2.296073762583223097e-20 3.080121551163467787e-21
2.504657082678895313e+04 1.976814513313849149e-20 2.535893962674135581e-21
2.505725594762806213e+04 2.159056196115271949e-20 2.602538684015824597e-21
2.506794103337587148e+04 1.005135766118920015e-20 2.823200251279848203e-21
2.507862608400717727e+04 8.445205876265180420e-21 2.662444043979948985e-21
2.508931109949056190e+04 1.751780729671502216e-20 2.771721217735558617e-21
2.509999607980294968e+04 1.125417095060343398e-20 2.622856563415724065e-21
2.511068102491290847e+04 2.167338093103176275e-20 2.892290806969570737e-21
2.512136593479949443e+04 2.175360047016275616e-20 2.948268499293192179e-21
2.513205080942707718e+04 2.657488908641432558e-20 2.869105009591374832e-21
2.514273564877458193e+04 2.198125035792453325e-20 2.975439320592123437e-21
2.515342045281082392e+04 2.576543629582757327e-20 2.915725535527462876e-21
2.516410522151070836e+04 2.473699842758282358e-20 2.748616534132560347e-21
2.517478995484917687e+04 2.313706971901489535e-20 2.882369326637467912e-21
2.518547465279906100e+04 2.581898908892582694e-20 2.614781336931400263e-21
2.519615931532692412e+04 2.168403310021655557e-20 2.883905879356229252e-21
2.520684394241192786e+04 1.748326641348601952e-20 2.915161171973177727e-21
2.521752853402272740e+04 2.686325568207372597e-20 2.839635122452936916e-21
2.522821309013415157e+04 2.156343847206908915e-20 2.804072567200487252e-21
2.523889761072133479e+04 1.312891286640686190e-20 3.054557219023134969e-21
2.524958209575514047e+04 1.492589967040733929e-20 2.668001435088018760e-21
2.526026654520849115e+04 1.038243804126037654e-20 2.663016168956890153e-21
2.527095095905429844e+04 2.218364255259918359e-20 2.733253990405872815e-21
2.528163533726552851e+04 1.622095643093394661e-20 2.830664186270367974e-21
2.529231967981724665e+04 1.990216189922155621e-20 2.716802339851566412e-21
2.530300398667607442e+04 2.504761265671750108e-20 2.866111420027102764e-21
2.531368825782124622e+04 1.948040886275671155e-20 2.802469387552911338e-21
2.532437249322358184e+04 1.905395167519891942e-20 2.663359330467766733e-21
2.533505669285410113e+04 1.759845282106066314e-20 2.966238351691812235e-21
2.534574085669004853e+04 1.182225936432043396e-20 2.617251394971753764e-21
2.535642498470234568e+04 1.770357850880370919e-20 2.985966557080916320e-21
2.536710907686401697e+04 1.260111544063066809e-20 2.407099836619310091e-21
2.537779313314771571e+04 2.237928398400560679e-20 2.851903066112906398e-21
2.538869224712621872e+04 1.856112062912012457e-20 2.736706338755835304e-21
2.539937624540692923e+04 1.919200167250403815e-20 2.880490556967245668e-21
2.541006020777126832e+04 2.700085610239990128e-20 2.799440946189121127e-21
2.542074413414439914e+04 1.843174735497571350e-20 2.795759566865284040e-21
2.543142802450768431e+04 2.443282830237547415e-20 2.746047031256774800e-21
2.544211187882604281e+04 2.156295501878261475e-20 2.735001004537013832e-21
2.545279569708081181e+04 2.257193525456153648e-20 2.929505541299381526e-21
2.546347947923892207e+04 2.012971130294701180e-20 2.742761557689658363e-21
2.547416322527550074e+04 1.322758654615507956e-20 2.690084641418001707e-21
2.548484693516380503e+04 1.825473773136992243e-20 2.927917399817731538e-21
2.549553060887697939e+04 2.398802813372075869e-20 2.882169844033648750e-21
2.550621424638612007e+04 2.422452038507388602e-20 2.798973589317107485e-21
2.551689784767273886e+04 1.400397987309111550e-20 2.639412826803429593e-21
2.552758141269961925e+04 1.427590388270836595e-20 2.781251964796492408e-21
2.553826494144205935e+04 2.277949188950112297e-20 2.744292612527460098e-21
2.554894843387957735e+04 2.007912944573475116e-20 2.857190034627813184e-21
2.555963188998121404e+04 1.876519318018587625e-20 2.694492125538927098e-21
2.557031530971590473e+04 9.783620886540446864e-21 2.743249503062953035e-21
2.558099869306538312e+04 1.755962931896204024e-20 2.874087016298486838e-21
2.559168203999662728e+04 2.259919416599637129e-20 2.684456664001722936e-21
2.560236535048501537e+04 1.914568556683787231e-20 2.755353320442659984e-21
2.561304862450584551e+04 1.940164911900426958e-20 2.796948682632017981e-21
2.562373186203036676e+04 1.717865971440859498e-20 2.974963844357301290e-21
2.563441506302767084e+04 1.196128923304825687e-20 2.508255260071898074e-21
2.564509822747952421e+04 1.318298471601122729e-20 3.190325756885338676e-21
2.565578135535503316e+04 1.717940943084136657e-20 2.295430129025139105e-21
2.566646444662325666e+04 1.823370121179334513e-20 3.077639034920890506e-21
2.567714750126808212e+04 1.401891191791282843e-20 2.638440717323327592e-21
2.568783051925236214e+04 1.774331561787705046e-20 2.605210493723032015e-21
2.569851350055366856e+04 1.195724230286995176e-20 2.590186288330212808e-21
2.570919644514747779e+04 2.148635795177627792e-20 2.721543939879719779e-21
2.571987935300290701e+04 1.730848479042019541e-20 2.532525988990989204e-21
2.573056222409762995e+04 2.042923332034484159e-20 2.788317369056718850e-21
2.574124505840081110e+04 1.460387043342114555e-20 2.975930256613392426e-21
2.575192785588800325e+04 2.193644688941497854e-20 2.576522704045477114e-21
2.576261061653477009e+04 1.935716204909797755e-20 2.431820521096146093e-21
2.577329334031235339e+04 1.614837191928494597e-20 2.782726541993821208e-21
2.578397602719203132e+04 1.584987982031921149e-20 2.750196838559092602e-21
2.579465867714949854e+04 1.675037535114865265e-20 2.814841169503863396e-21
2.580534129016243241e+04 2.433533933330023333e-20 2.645373294518521641e-21
2.581602386619366007e+04 1.376431169898427641e-20 2.685268255050949949e-21
2.582670640522938993e+04 1.477669000007282383e-20 2.616066609660477993e-21
2.583738890723466102e+04 2.010355308770990644e-20 2.521042906733343294e-21
2.584807137218291609e+04 1.291579348410308698e-20 2.400749131896382004e-21
2.585875380004984618e+04 2.393256188554096793e-20 2.519110505427794709e-21
2.586943619081113866e+04 1.540088126763450828e-20 2.732848324889693940e-21
2.588011854443818083e+04 1.198590942900841134e-20 2.593004173011886397e-21
2.589080086090655459e+04 1.188108918437995621e-20 2.874320821391804920e-21
2.590148314018344900e+04 2.235128131437916075e-20 2.862816350096623571e-21
2.591216538224884425e+04 1.409812641923268009e-20 2.603523254182620320e-21
2.592284758707414585e+04 1.508362737233887513e-20 2.535407105150412303e-21
2.593352975462860923e+04 2.126675124273109023e-20 2.742050413307968740e-21
2.594421188489662745e+04 2.121163398665561493e-20 2.647897250721943618e-21
2.595489397784104949e+04 1.412924565928519344e-20 2.788185508582392923e-21
2.596557603344196104e+04 7.440561846621511235e-21 2.903298323973928612e-21
2.597625805167295402e+04 1.983707526520703226e-20 2.703942885203867761e-21
2.598694003250116657e+04 1.578551992958501212e-20 2.704983518711486362e-21
2.599762197590668438e+04 1.877214025701903543e-20 2.886403179264615796e-21
2.600830388186314303e+04 2.270268851018825512e-20 2.798377634957636049e-21
2.601898575033777161e+04 1.593868811561256555e-20 2.774128188561496744e-21
2.602966758131283132e+04 2.401425075284352660e-20 2.860270332991133259e-21
2.604034937475336847e+04 1.422611391815497339e-20 2.488438122229104435e-21
2.605103113063946876e+04 2.326761011860198106e-20 2.846766199775566737e-21
2.606171284894275232e+04 3.870554862188781430e-20 3.178333428946883294e-21
2.607239452963691292e+04 4.521232053727689053e-20 3.294664638558663843e-21
2.608307617269564435e+04 2.660578228604774697e-20 2.556106751109052393e-21
2.609375777809266947e+04 2.754360964674847643e-20 2.823024996289171498e-21
2.610443934580172936e+04 1.694776505734119616e-20 2.373168550303535652e-21
2.611512087579868603e+04 1.596256974102087704e-20 2.608645748263992924e-21
2.612580236805071763e+04 1.554262921793089952e-20 2.658574495878570236e-21
2.613648382254032549e+04 2.173497830468929488e-20 2.423091320591759852e-21
2.614716523923258137e+04 1.225083982155568682e-20 2.870870874783624220e-21
2.615784661810998659e+04 2.081706257496763688e-20 2.820986609253930386e-21
2.616852795913972659e+04 1.840911154787464745e-20 2.876247476023527628e-21
2.617920926229772158e+04 1.538156255577308948e-20 2.931080836582128731e-21
2.618989052755786543e+04 9.702039480293814616e-21 2.467188726375585332e-21
2.620057175489614019e+04 1.236934732569409881e-20 2.778537820503005251e-21
2.621125294428195775e+04 1.873499938652383980e-20 2.675389387711415455e-21
2.622193409569130745e+04 1.724856137726849666e-20 2.634999550891493996e-21
2.623261520909805404e+04 1.250069055528654703e-20 2.524386375777308666e-21
2.624329628447603682e+04 1.096764775649767382e-20 2.570776926460378518e-21
2.625397732180342427e+04 1.575338121818394972e-20 2.593787592927733927e-21
2.626465832104092260e+04 1.422307592159357880e-20 2.588401173227114310e-21
2.627533928218001529e+04 1.778545161138181168e-20 2.687341613465103789e-21
2.628602020517917845e+04 1.053620525952680620e-20 2.664994650595963334e-21
2.629670109002329627e+04 2.404931442770374948e-20 2.693205425476484049e-21
2.630738193668401436e+04 1.989087021647799424e-20 2.448238549528586856e-21
2.631806274512636810e+04 1.861041175025597653e-20 2.669550327843902411e-21
2.632874351533312438e+04 1.630302530567810428e-20 2.754018218730705326e-21
2.633942424727607067e+04 2.429632063309871252e-20 2.785951806385635676e-21
2.635010494093135640e+04 2.243358655233918229e-20 2.546511961743802530e-21
2.636078559627284267e+04 2.031783523705183520e-20 2.854705992543625636e-21
2.637146621326558306e+04 1.720903102358618500e-20 2.885841923962653877e-21
2.638214679189673916e+04 1.884563503459317822e-20 2.727834471819163291e-21
2.639282733212485255e+04 2.523885693074942842e-20 2.713371040615940760e-21
2.640350783394167229e+04 2.144382015526751013e-20 2.464843979465378952e-21
2.641418829731004735e+04 1.330258124177840750e-20 2.284410686211575233e-21
2.642486872220169607e+04 1.721239269304080205e-20 2.415587483946146531e-21
2.643554910860395830e+04 1.054291814628554840e-20 2.450083987867313679e-21
2.644622945647300003e+04 8.802518571635116255e-21 2.347871161839454531e-21
2.645690976579840572e+04 1.253407677654290465e-20 2.476245280509892341e-21
2.646759003654087064e+04 1.454009916842162910e-20 2.283710471356690695e-21
2.647827026868777466e+04 1.453603137884784186e-20 2.506856913370892567e-21
2.648895046220197764e+04 1.561260866667505874e-20 2.547604836554075530e-21
2.649963061706197914e+04 1.882787830791331736e-20 2.423665543064445046e-21
2.651031073324629688e+04 1.458936931170067965e-20 2.367562582639790511e-21
2.652099081071550972e+04 2.145814434942849808e-20 2.709754558187701001e-21
2.653167084946389150e+04 1.898712113134928011e-20 2.667677587801033349e-21
2.654235084944757909e+04 1.689631286753212855e-20 2.615277079799308627e-21
2.655303081064957223e+04 1.893226965498944448e-20 2.853791937928398363e-21
2.656371073304171659e+04 2.315306084252812554e-20 2.618292733884750504e-21
2.657439061659589424e+04 1.908657394302113924e-20 2.716293513632531194e-21
2.658507046129283844e+04 1.893051813765959980e-20 2.475982930084762244e-21
2.659575026709548547e+04 1.932035300754398891e-20 2.255877063418610353e-21
2.660643003399372537e+04 2.241111712820730234e-20 2.812404998262053739e-21
2.661710976194587784e+04 1.681281455808727455e-20 2.723619099973839429e-21
2.662778945093505899e+04 2.463820106803123786e-20 2.672488556406837348e-21
2.663846910093319457e+04 1.729390057597495826e-20 2.593039777638332030e-21
2.664914871191442580e+04 2.256171876636073168e-20 2.676006605576102796e-21
2.665982828385507673e+04 2.289726897526371925e-20 2.960933582040066221e-21
2.667050781671803270e+04 1.594482575800354037e-20 2.660580658389281449e-21
2.668118731050010683e+04 2.226157817283363336e-20 2.796537811153753636e-21
2.669186676515054569e+04 1.598886940871065435e-20 2.549319997388875916e-21
2.670254618066163312e+04 2.317280303289713296e-20 2.953966698485966021e-21
2.671322555699625809e+04 1.844399603080097839e-20 2.788307565556065221e-21
2.672390489413540490e+04 1.162476912944164420e-20 2.664435518455895348e-21
2.673458419205327300e+04 1.383766150309462888e-20 2.712255615495965774e-21
2.674526345071495962e+04 2.244854692216756629e-20 2.796182481314051384e-21
2.675594267011517150e+04 1.671846778952369662e-20 2.754439471729732669e-21
2.676662185019848766e+04 2.080015750896273759e-20 2.789584010273240771e-21
2.677730099096645063e+04 2.792888523783575493e-20 2.658158033561883465e-21
2.678798009237291262e+04 2.891927042819472788e-20 2.667890482602074908e-21
2.679865915441255129e+04 2.233015041447661542e-20 2.718996183023461101e-21
2.680933817703674868e+04 1.478851965643981504e-20 2.725390581424102998e-21
2.682001716023579502e+04 1.030711393352903365e-20 2.491791466729522068e-21
2.683069610398172517e+04 1.380940088439509736e-20 2.679006736272026522e-21
2.684137500824415838e+04 2.409403725240564747e-20 2.831046843631418849e-21
2.685205387300418079e+04 1.413098930221831974e-20 2.930970224711901623e-21
2.686273269822010479e+04 1.335168236542640270e-20 2.933028504508536830e-21
2.687341148389376394e+04 2.449769136582608704e-20 2.627323267938234903e-21
2.688409022996959538e+04 1.811043286748946465e-20 2.668710141578703020e-21
2.689476893644477241e+04 2.379133929657848362e-20 2.691174990381792653e-21
2.690544760327305994e+04 2.157466191350007597e-20 2.558458942288658663e-21
2.691612623045862711e+04 2.361891354966405433e-20 2.682136115558522215e-21
2.692680481793888976e+04 1.863376576793660555e-20 2.758074788437019279e-21
2.693748336571813343e+04 1.548271439150190011e-20 2.804634949421936461e-21
2.694816187375237496e+04 1.208760880903041768e-20 2.666703934925224587e-21
2.695884034202972543e+04 2.303081071963199443e-20 2.731241827569848495e-21
2.696951877051298652e+04 2.688339904931485992e-20 2.624843539950971046e-21
2.698019715918108704e+04 1.615930022200007363e-20 2.749224804251644815e-21
2.699087550801076213e+04 1.926690731448788259e-20 2.893213998554060253e-21
2.700155381697174016e+04 2.074136628172330991e-20 2.813924247310096108e-21
2.701223208604297906e+04 1.955920596867993348e-20 2.716653569117755448e-21
2.702291031519194075e+04 2.788233439871802366e-20 3.127959645662020776e-21
2.703358850440456445e+04 1.431864190888286451e-20 2.984283533429338799e-21
2.704426665364139990e+04 2.106250658572184545e-20 2.834623042947046402e-21
2.705494476289303930e+04 2.714305936069468193e-20 2.887800858257872660e-21
2.706562283211298927e+04 1.519095276320262278e-20 2.372075002255322405e-21
2.707630086129888514e+04 2.416331511142730817e-20 2.691838438897036081e-21
2.708697885040194888e+04 1.936686910439190459e-20 2.817062532733638297e-21
2.709765679942214410e+04 1.045226660942521153e-20 2.590936093270788458e-21
2.710833470830363149e+04 1.853863113267413102e-20 3.007322731427276442e-21
2.711901257705578610e+04 1.487430621732602987e-20 2.753383662265980532e-21
2.712969040561578367e+04 1.353224566603820105e-20 2.851511123377873679e-21
2.714036819239882243e+04 1.747349624467997715e-20 2.830796309100147672e-21
2.715104578826372745e+04 1.815104033156778370e-20 2.888240654663045270e-21
2.716172310231842130e+04 2.099842720771180356e-20 2.481610831593951847e-21
2.717240037358789414e+04 1.032634987420827988e-20 2.585766994730449491e-21
2.718307760457466065e+04 1.909876433238507343e-20 2.779742604792963232e-21
2.719375479522512251e+04 1.636009281058643628e-20 2.490594212978423667e-21
2.720443194554187357e+04 1.702692728974806952e-20 2.483682626785821332e-21
2.721510905547122820e+04 4.499080312442716382e-21 2.530696514766067755e-21
2.722578612501350290e+04 7.012792151911192727e-21 2.781726802703012194e-21
2.723646315411974501e+04 1.217833699920269734e-20 2.591386291760853462e-21
2.724714014279032563e+04 3.047077367431381934e-21 2.467962625034773257e-21
2.725781709097152270e+04 1.227833181668297053e-20 2.759077115578302711e-21
2.726849399866609383e+04 1.563378049125363293e-20 2.826264560421574694e-21
2.727917086582025877e+04 1.112877856411672631e-20 2.765349276928738217e-21
2.728984769243218034e+04 1.399787654322267905e-20 2.659774618593039551e-21
2.730052447846468931e+04 1.334155466857251075e-20 2.592455475505154063e-21
2.731120122389929020e+04 1.120124238950040399e-20 2.810021241912219298e-21
2.732187792869629629e+04 1.406004820400174689e-20 2.837095456132273789e-21
2.733255459284924655e+04 1.628321181811722870e-20 3.158845328544736346e-21
2.734323121631372851e+04 1.998717504597315154e-20 3.086827976363100316e-21
2.735390779908327386e+04 1.400583514598967627e-20 3.074324414222160938e-21
2.736458434111112365e+04 1.300353591175271196e-20 3.110700103031436013e-21
2.737526084239800912e+04 1.312034350054994149e-20 2.762739964568438501e-21
2.738593730289236919e+04 1.403611288190299378e-20 3.213508638640198111e-21
2.739661372259247219e+04 7.292936551666807424e-21 2.732667278685137517e-21
2.740729010144437780e+04 1.436566650077128743e-20 2.753623719282994438e-21
2.741796643945846881e+04 1.652679232787502521e-20 2.866811627113425752e-21
2.742864273657115700e+04 2.054756541291266872e-20 3.058504332871115088e-21
2.743931899279526260e+04 1.511033609340501842e-20 2.759251027719473040e-21
2.744999520806954024e+04 2.034548485489765960e-20 3.123497654829747331e-21
2.746067138239967244e+04 1.208569112339740874e-20 3.184581389322563522e-21
2.747134751573156609e+04 2.119525046677766328e-20 3.030990159626606580e-21
2.748202360806858269e+04 2.317544293017130367e-20 3.060652758897477982e-21
2.749269965935658547e+04 1.993656062032671612e-20 2.895252020522234211e-21
2.750337566959905234e+04 2.126486830672743342e-20 3.159504588487405953e-21
2.751405163874661230e+04 1.427583258716486211e-20 2.799282554700071367e-21
2.752472756679064332e+04 6.142445419589834994e-21 2.753850337413625312e-21
2.753540345368898124e+04 9.970971373874281289e-21 2.588643340979928919e-21
2.754607929943568888e+04 1.418950339273004671e-20 2.976859962680430804e-21
2.755675510399809718e+04 1.774319304965359697e-20 2.962581024657748898e-21
2.756743086733384916e+04 1.803858492756183966e-20 3.053052178579183765e-21
2.757810658944914758e+04 2.083936846263335953e-20 2.952169706160292041e-21
2.758878227028482434e+04 1.213879376077438701e-20 2.853107278155291042e-21
2.759945790985180065e+04 2.016582896637896101e-20 2.842073666306378288e-21
2.761013350808355972e+04 1.358675564932208024e-20 2.828809907483360070e-21
2.762080906499601770e+04 9.450201926897125354e-21 3.058990429968792040e-21
2.763148458052751448e+04 1.652118168778945274e-20 3.016039629881024001e-21
2.764216005468426010e+04 8.294251217381536239e-21 2.644686743151499300e-21
2.765283548741184131e+04 1.707218310242794766e-20 2.552390028170596913e-21
2.766351087871416894e+04 2.122079047375689129e-20 2.973702821803924581e-21
2.767418622854162459e+04 1.951817257438704226e-20 2.915787578956857245e-21
2.768486153688603372e+04 1.630610555652046655e-20 3.028771622419738518e-21
2.769553680371958035e+04 2.571718963389427082e-20 3.337558208488637486e-21
2.770621202899490891e+04 2.826636802142477226e-20 3.554657419693143740e-21
2.771688721272100520e+04 8.460346549882093706e-20 4.264520326283382487e-21
2.772756235483599812e+04 2.316565086831634307e-19 5.773474087051580303e-21
2.773823745535622584e+04 2.985967605229143666e-19 6.467512713190538553e-21
2.774891251421478592e+04 1.420833050156376812e-19 4.906755071812336498e-21
2.775958753142313071e+04 2.445432770073897069e-20 3.141387833636430691e-21
2.777026250692169560e+04 1.625534566513101853e-20 3.249354316392917394e-21
2.778093744071726178e+04 7.703691965871639572e-21 3.194461968104361657e-21
2.779161233276729399e+04 1.107070353856291830e-20 3.214927011589767381e-21
2.780228718304159338e+04 2.102389923632082981e-20 2.963916166630801479e-21
2.781296199153461203e+04 2.807940215891782775e-20 2.920819084489395093e-21
2.782363675819158016e+04 3.241548499384836030e-20 5.694596962586603854e-21
2.783431148302421570e+04 2.768542229256411696e-20 4.122339626797537614e-21
2.784498616596292413e+04 1.603630863183168122e-20 3.007654354272091867e-21
2.785566080703440093e+04 1.450072724338904780e-20 2.984295299757008390e-21
2.786633540616395476e+04 1.477952112896726891e-20 3.181598924531979183e-21
2.787700996336352182e+04 1.278497450778488650e-20 2.924322515582178466e-21
2.788768447859303706e+04 1.334592229524168557e-20 2.689153905601085700e-21
2.789835895181476735e+04 1.247161323285737208e-20 2.754059079252744984e-21
2.790903338303085548e+04 1.111669665917188596e-20 3.044904200503749819e-21
2.791970777218390867e+04 1.062919941712512357e-20 2.851383479041831607e-21
2.793038211928597593e+04 1.407654621248835452e-20 3.044742222768203509e-21
2.794105642427452767e+04 2.081177679646862241e-20 3.191558265531846369e-21
2.795173068715177578e+04 1.739879604271862542e-20 3.111062607559952556e-21
2.796240490788265743e+04 2.471529823885632059e-20 3.104019404872145654e-21
2.797307908643690098e+04 1.298733729984955576e-20 2.932932858067748525e-21
2.798375322280179898e+04 1.573103632428195728e-20 2.727673157708479908e-21
2.799442731693225869e+04 1.984574998100136751e-20 3.150473501042041205e-21
2.800510136883317682e+04 1.403124791111064043e-20 2.809689996391299089e-21
2.801577537845173356e+04 2.480450346476345731e-20 3.074784146962039509e-21
2.802644934576774176e+04 2.146243245440788365e-20 3.312685742987517261e-21
2.803712327077371447e+04 1.805583987925653994e-20 3.639548695650999630e-21
2.804779715341682095e+04 9.735503531770646124e-21 3.372042937177504657e-21
2.805847099369951684e+04 1.474107035533950509e-20 3.519991758410027767e-21
2.806914479157166352e+04 1.755311551155336374e-20 2.998671081908651021e-21
2.807981854703829595e+04 2.306072064689331067e-20 3.071103568621839823e-21
2.809049226004649245e+04 1.286861795891393899e-20 2.979116021811169834e-21
2.810116593057862337e+04 1.433658280585610491e-20 3.598289493901173411e-21
2.811183955862222865e+04 4.437888122609042830e-21 3.178812574830372914e-21
2.812251314412692227e+04 8.668519741250140658e-21 3.092551315866835083e-21
2.813318668709789563e+04 1.055059217785346654e-20 2.924987062288374183e-21
2.814386018748476272e+04 1.964619130564905128e-20 3.228298991877267360e-21
2.815453364527504891e+04 1.579128078309657408e-20 3.010951479929659765e-21
2.816520706044868348e+04 1.507400429359559401e-20 2.943935499577539591e-21
2.817588043295772877e+04 1.931015752852760135e-20 2.710943523740644958e-21
2.818655376280755081e+04 1.618371163315664320e-21 3.461306546305713002e-21
2.984269058062057593e+04 3.793677481236886474e-20 4.978897261081960217e-21
2.985335742201052199e+04 1.600654493836833824e-20 3.030291057778618294e-21
2.986402421679477993e+04 1.713177718984201213e-20 2.974327511833496724e-21
2.987469096494529731e+04 1.647037085399869906e-20 2.930996197163199652e-21
2.988535766642504677e+04 4.755251485637894370e-21 2.952153023804584579e-21
2.989602432122394021e+04 3.731722528812106274e-21 2.888007688211485062e-21
2.990669092930806801e+04 1.842990394625022915e-20 3.156015352733224637e-21
2.991735749065836717e+04 1.992163695232003216e-20 3.180896473605593424e-21
2.992802400524981931e+04 1.438319421845204709e-20 3.144743777348924774e-21
2.993869047305129789e+04 1.043831645663381001e-20 3.049175915820474368e-21
2.994935689403769356e+04 1.715100877008066700e-20 3.283980055575627512e-21
2.996002326818708752e+04 1.572118547091224330e-20 2.981578995319634252e-21
2.997068959548046769e+04 8.113431535959527247e-21 3.267304166130587024e-21
2.998135587588373164e+04 1.320781386840404249e-20 3.096998494398341139e-21
2.999202210937177733e+04 5.211845142913919760e-21 3.190594058723293049e-21
3.000268829592561087e+04 1.267518803044133728e-20 3.096565391312857260e-21
3.001335443551421849e+04 7.257685717750169172e-21 2.830857493738467357e-21
3.002402052812158945e+04 1.571995405178347793e-20 3.186540167490994683e-21
3.003468657371658992e+04 8.562345700164048193e-21 3.030217269957800480e-21
3.004535257226803878e+04 1.685601214521446226e-20 3.041797267363346905e-21
3.005601852375698945e+04 1.487486036134413344e-20 2.793115596301943470e-21
3.006668442816443348e+04 2.191023024957852810e-20 2.928109060059555262e-21
3.007735028545321984e+04 1.786138742150154120e-20 3.116195238593957611e-21
3.008801609561032456e+04 1.836639313593347430e-20 2.998699009256501214e-21
3.009868185860168160e+04 1.746895339511180939e-20 2.923120428468992543e-21
3.010934757440818794e+04 1.476369855132058565e-20 3.280933355768988172e-21
3.012001324299568296e+04 7.439754006510936440e-21 3.309659047527570001e-21
3.013067886434818502e+04 7.672453181949009217e-21 3.228165776593684322e-21
3.014134443843768167e+04 1.502444559495991519e-20 2.935675166537281638e-21
3.015200996524204311e+04 2.160331465101295239e-20 3.022292415255211511e-21
3.016267544473004455e+04 1.502751718970959171e-20 2.921595885754473607e-21
3.017334087687965439e+04 1.343786718351008455e-20 2.696427932187519806e-21
3.018400626166279471e+04 2.287895800088743896e-20 3.043002132192614801e-21
3.019467159906354573e+04 1.549422819320081981e-20 3.183245484688223928e-21
3.020533688905070085e+04 1.574607754284073877e-20 2.868420218771674261e-21
3.021600213159607301e+04 7.459074741031515695e-21 3.058203116531423062e-21
3.022666732668059558e+04 1.386019819998661285e-20 2.919785975976703035e-21
3.023733247427009701e+04 1.772693084139180397e-20 2.776430933612233536e-21
3.024799757435162974e+04 1.083056926427586734e-20 2.851411481252969975e-21
3.025866262689097857e+04 -6.656130039275129023e-23 2.931906247085233296e-21
3.026932763186598459e+04 6.611047338448223104e-21 3.120085879034772788e-21
3.027999258925468530e+04 1.573277120038721887e-20 3.036697254539145953e-21
3.029065749902887910e+04 2.086181376890853644e-20 3.247424854369403863e-21
3.030132236116036074e+04 8.640287984663021496e-21 3.112355645824883226e-21
3.031198717563013997e+04 1.296751580216558034e-20 3.103550821179389318e-21
3.032265194240996061e+04 8.593082171168425780e-21 2.752667134809006466e-21
3.033331666146557109e+04 1.295349971554486592e-20 2.922588685247162396e-21
3.034398133279630929e+04 1.013768098522406104e-20 2.991288401188583343e-21
3.035464595635253863e+04 1.105032740554609265e-20 2.799654188786590361e-21
3.036531053211519611e+04 1.046399389051180276e-20 2.540199953641115372e-21
3.037597506007149786e+04 1.552978776432253451e-20 2.994651594209323683e-21
3.038663954018095319e+04 1.547775014252470979e-20 3.120703023591095945e-21
3.039730397242752952e+04 8.602465078606499417e-21 3.086776907226756693e-21
3.040796835677998024e+04 2.200426534870846657e-20 3.105079692972523621e-21
3.041863269321930420e+04 1.143177294548290789e-20 2.885364309077450821e-21
3.042929698171724158e+04 1.639178908351071598e-20 3.037801876628050621e-21
3.043996122224552164e+04 3.188051468644555443e-20 2.928438444324513104e-21
3.045062541478826097e+04 1.681894601528554348e-20 2.664459984185971095e-21
3.046128955931098244e+04 9.734456062000717133e-21 2.731352959595757466e-21
3.047195365578541168e+04 2.437517692407777548e-20 3.007530555179711310e-21
3.048261770419880850e+04 1.660774272881916177e-20 3.171107144525340566e-21
3.049328170452294944e+04 2.075527979730042583e-20 3.116786116863361431e-21
3.050394565672630779e+04 1.452545340999940124e-20 3.064921064500803948e-21
3.051460956078677918e+04 1.875129655278027582e-20 2.825533988537704190e-21
3.052527341667613655e+04 1.952063301278638305e-20 3.175486321978399862e-21
3.053593722437538963e+04 7.402669834751667975e-21 3.006260990465532236e-21
3.054660098385622769e+04 1.201495876066366188e-20 2.737693295262079985e-21
3.055726469509042363e+04 9.012262235816332111e-21 2.738599218291476026e-21
3.056792835806516086e+04 1.351185261040682973e-20 2.782143741872583504e-21
3.057859197274270628e+04 1.349123479598251891e-20 3.009990254889381766e-21
3.058925553909158043e+04 1.158807370505255347e-20 3.150949709350529484e-21
3.059991905710526407e+04 1.799068008603533033e-20 3.036343755974238332e-21
3.061058252674621690e+04 1.172713275503666123e-20 2.909537500775016654e-21
3.062124594799527404e+04 1.040113186871244801e-20 2.776427404520203519e-21
3.063190932081480787e+04 1.535319916333465899e-20 3.026805115981579684e-21
3.064257264519829550e+04 1.477248272603989192e-20 2.839637945001779852e-21
3.065323592110804020e+04 1.485286866687429317e-20 2.696524972665710180e-21
3.066389914852492439e+04 1.627954034733032415e-20 2.833767692959488306e-21
3.067456232741130952e+04 1.679423687259409617e-20 3.027199453749387138e-21
3.068522545776385959e+04 -2.045998236769363640e-21 2.767457244394046095e-21
3.069588853954165097e+04 1.017258667735124496e-20 2.879446344102089393e-21
3.070655157271618373e+04 7.904977327499688886e-21 2.904346820157916611e-21
3.071721455727163629e+04 1.175123957388036469e-20 2.969028724919189448e-21
3.072787749317970156e+04 8.800353115686418531e-21 2.741578297605680264e-21
3.073854038041812601e+04 1.994407508700791010e-20 3.001921858038068093e-21
3.074920321895541929e+04 2.093143508893728977e-20 2.872501223219417068e-21
3.075986600877255114e+04 1.365427263858975275e-20 2.924288782737808511e-21
3.077052874983794027e+04 1.432874504558097919e-20 2.831387360702873338e-21
3.078119144212947504e+04 7.764514555835153983e-21 3.211059246929630856e-21
3.079185408562494194e+04 1.475675227911704260e-20 2.984236627904746546e-21
3.080251668029279608e+04 4.308426589604524228e-21 2.774485528103769940e-21
3.081317922611399263e+04 9.959424750165734682e-21 2.665562837559325493e-21
3.082384172305695756e+04 1.057380179405627485e-20 3.081781643970907843e-21
3.083450417109951377e+04 6.961839295737687072e-21 2.865060744855551545e-21
3.084516657021958963e+04 1.339367519229339565e-20 3.198207407765977153e-21
3.085582892039179933e+04 5.328115032799143640e-21 2.430339814219029222e-21
3.086649122158121827e+04 1.779655744569361073e-20 2.504291380241564913e-21
3.087715347376563295e+04 1.462325551019309568e-20 2.839507911824745813e-21
3.088781567692621684e+04 1.850094514026140301e-20 2.811274988319454285e-21
3.089847783103768234e+04 1.514232640948396189e-20 2.728215087055666228e-21
3.090913993607460725e+04 1.291363029593114807e-20 2.846630039621408137e-21
3.091980199200207790e+04 1.568059077589145676e-20 2.838701015618958593e-21
3.093046399880421814e+04 1.263716873277087553e-20 2.655681527616226903e-21
3.094112595645575129e+04 1.514719279712752660e-20 3.012079684411250942e-21
3.095178786492171275e+04 1.445988283376901977e-20 2.936144570436985885e-21
3.096244972418314137e+04 1.858326483323689286e-20 3.089709848888941883e-21
3.097311153422098869e+04 1.027411436419072603e-20 3.091935439242353074e-21
3.098377329499405096e+04 1.093771800660367187e-20 2.790582716456280949e-21
3.099443500649592897e+04 1.216167034704011625e-20 3.308147997310982475e-21
3.100509666868852219e+04 8.052631374529470255e-21 2.907665853954485000e-21
3.101575828154639385e+04 1.220592388797584616e-20 2.875463926871647570e-21
3.102641984504741049e+04 5.007022605877827213e-21 2.756384839559665449e-21
3.103708135917262553e+04 6.667225018877110134e-21 2.976284753288034198e-21
3.104774282389013388e+04 6.523916446738689421e-21 2.893153217616190529e-21
3.105840423917123189e+04 1.738463671184417290e-20 2.769390801012910657e-21
3.106906560499056286e+04 1.880903644921278741e-20 3.022044350305337890e-21
3.107972692132916563e+04 1.667107507897492977e-20 2.988800218628760725e-21
3.109038818816165440e+04 6.862809310316561637e-21 2.873687768678941987e-21
3.110104940545921636e+04 1.119210800786023226e-20 2.945646814567158254e-21
3.111171057318373641e+04 1.296407045184116915e-20 3.002047501250371096e-21
3.112237169134166470e+04 1.165878875786440508e-20 2.919881942271099862e-21
3.113303275987565576e+04 8.052787975684512194e-21 3.195076869105613406e-21
3.114369377877614897e+04 1.529705571085105694e-20 3.102168457983140610e-21
3.115435474801777309e+04 9.555647606802347341e-21 3.101188459810575576e-21
3.116501566756538887e+04 1.053832384807021337e-20 3.229555633472113278e-21
3.117567653740630703e+04 1.149177243899008567e-20 3.022216474801434134e-21
3.118633735750555570e+04 1.796648586451593962e-20 2.981757549337653072e-21
3.119699812784392634e+04 1.248553747028251196e-20 3.346271299574050531e-21
3.120765884838638522e+04 1.048713877143701470e-20 3.242236697700603614e-21
3.121831951912021759e+04 1.466162575142084728e-20 3.269701413235356558e-21
3.122898014000714466e+04 1.603827357557573296e-20 2.979483309165875834e-21
3.123964071103439710e+04 8.821728495753748609e-21 2.884445591040219832e-21
3.125030123216695210e+04 2.834223415126699956e-21 3.226049208144675564e-21
3.126096170338568481e+04 -1.275831358576072358e-21 3.132287907611720518e-21
3.127162212466188066e+04 6.457575119086053998e-21 3.231551097538645919e-21
3.128228249596988826e+04 1.266679466261456659e-20 3.458168041141295714e-21
3.129294281728411079e+04 1.432996415833926495e-20 3.191245449538925632e-21
3.130360308856940901e+04 1.560545316231965767e-20 3.352309566373401209e-21
3.131426330981967840e+04 1.534025868311273678e-20 3.213188627274039051e-21
3.132492348099975425e+04 6.972593512095748989e-21 2.925525257165660876e-21
3.133558360208390150e+04 -1.315190481428971946e-21 2.853153587426214238e-21
3.134624367304003681e+04 2.503732643973796614e-21 2.720386580980757099e-21
3.135690369385562371e+04 1.187232870458579437e-20 3.104773543661990405e-21
3.136756366449871348e+04 9.601033678716803034e-21 2.983167685232545326e-21
3.137822358494362197e+04 2.108874965306840205e-20 3.153609879274793297e-21
3.138888345516471963e+04 1.445726795563875323e-20 2.999739463170658981e-21
3.139954327513631506e+04 8.821979735778440383e-21 2.961275570948054175e-21
3.141020304482641586e+04 1.448388676759076788e-20 3.091012845379162703e-21
3.142086276422246010e+04 1.730288023690296310e-20 3.112747099914182813e-21
3.143152243329232806e+04 4.236521546280209057e-21 3.174524294217609743e-21
3.144218205200714510e+04 6.190341237836794811e-21 3.158069079310081377e-21
3.145284162035095869e+04 9.015494920553305782e-21 3.102111533117719521e-21
3.146350113828512985e+04 1.630942776867574721e-20 2.971625855299970716e-21
3.147416060579379337e+04 1.085466575174680590e-20 2.860765967946566144e-21
3.148482002284812188e+04 1.367150449718375598e-20 3.132427907310996045e-21
3.149547938942235487e+04 1.666505469624381937e-20 3.057559195732383935e-21
3.150613870549087733e+04 -6.111872266292458500e-22 3.745663086916165641e-21
