2.879029122552272747e+04 -1.733404823237327724e-21 1.297464712868474270e-20
2.880821732429782060e+04 8.422384452943396483e-21 7.133143040593576126e-21
2.882614336432174969e+04 2.657796128709863075e-20 6.890477850569422113e-21
2.884406934553873725e+04 4.466294263607045637e-20 7.611203490805790295e-21
2.886199526789836091e+04 3.249852752010426767e-20 7.521445318912879338e-21
2.887992113135560066e+04 3.366351538922872327e-20 6.936540073815018915e-21
2.889784693585732384e+04 5.581685086000704325e-20 6.991768259863263046e-21
2.891577268135312988e+04 2.991999709206330353e-20 6.789685064526833428e-21
2.893369836779255638e+04 3.077240224890998404e-20 6.673698893682139013e-21
2.895162399512221964e+04 3.472075995418770908e-20 7.201695349644709378e-21
2.896954956329484412e+04 4.096026272062592214e-20 7.591618043771672516e-21
2.898747507226826929e+04 4.379123770126732731e-20 7.568234993353870962e-21
2.900540052197035402e+04 4.870894766607357064e-20 7.690732086453648842e-21
2.902332591237806992e+04 1.928881618558072425e-20 7.094275963923530056e-21
2.904125124341928677e+04 3.811718409856700104e-20 6.741528839949849992e-21
2.905917651505192043e+04 2.740501337989038216e-20 6.615982962154502289e-21
2.907710172723101277e+04 3.935152863368421649e-20 6.791500757258200279e-21
2.909502687989254264e+04 2.975961903098725110e-20 6.903000294182550299e-21
2.911295197300022846e+04 5.343360207622857175e-20 6.447347199352673012e-21
2.913087700649562976e+04 3.371376143860887425e-20 6.170304591266797677e-21
2.914880198033676425e+04 2.697254775507817313e-20 6.321172704124101907e-21
2.916672689446249206e+04 3.825263588324729116e-20 6.928617049388632911e-21
2.918465174883084183e+04 3.466058495456875230e-20 6.769059209768090223e-21
2.920257654338617795e+04 2.559827673857249920e-20 6.197857643273866014e-21
2.922050127808097750e+04 3.098968726771414002e-20 6.283998432032293967e-21
2.923842595286773576e+04 3.983732906298845149e-20 6.249851351464763177e-21
2.925635056769111907e+04 4.527162648693607584e-20 6.399919732047473479e-21
2.927427512250374639e+04 5.024164476366768633e-20 6.778358186629908488e-21
2.929219961725557368e+04 4.317367081266408363e-20 6.203708328070751972e-21
2.931012405190201753e+04 3.588728172280827033e-20 6.019746472639191926e-21
2.932804842637926049e+04 4.062877752587706191e-20 6.273591699532287006e-21
2.934597274064828161e+04 4.007769800780499111e-20 6.796541550669725893e-21
2.936389699465348531e+04 1.345230067576250655e-20 5.936248680826000196e-21
2.938182118835562505e+04 4.141871468685065831e-20 6.201359860528064045e-21
2.939974532168573933e+04 4.091241990945184104e-20 6.287483436538476193e-21
2.941766939461591392e+04 3.255027393865752979e-20 5.820707588718572860e-21
2.943559340707687079e+04 4.523850387787197052e-20 6.111456541745140384e-21
2.945351735903245208e+04 2.070649422950587195e-20 6.131692755795221593e-21
2.947144125042167798e+04 3.654477131260879660e-20 6.126511644336522392e-21
2.948936508120634608e+04 3.399085406057618815e-20 5.713062762039580994e-21
2.950728886182972201e+04 4.838690059308995044e-20 5.779835029890810223e-21
2.952521279375713129e+04 2.525031963720388489e-20 5.784271336792663334e-21
2.954313666491620461e+04 3.108728415368207560e-20 6.256250026578219224e-21
2.956106047526549082e+04 3.212387708721427205e-20 5.542035458997153005e-21
2.957898422475235930e+04 3.223757983902045328e-20 5.544057336632591308e-21
2.959690791332973458e+04 4.040530864415418206e-20 5.494857414431432582e-21
2.961483154093673147e+04 3.236616720561498678e-20 5.901133459005571636e-21
2.963275510754014249e+04 3.020120080994168205e-20 5.671371492078521484e-21
2.965067861307356361e+04 3.274577838616756998e-20 5.738942429389153058e-21
2.966860205750384193e+04 3.364403742493050712e-20 6.618569426174960152e-21
2.968652544076975028e+04 3.686254688777228306e-20 5.876407501861513589e-21
2.970444876282186306e+04 4.026340342471892608e-20 5.819562857060942912e-21
2.972237202361602249e+04 4.361665053268627153e-20 5.872222971148228774e-21
2.974029522309414097e+04 3.845721242440226181e-20 5.746811652952713590e-21
2.975821836122045715e+04 4.539690432713427858e-20 5.780843071670972078e-21
2.977614143793407857e+04 3.198907887528810002e-20 5.665829584360690076e-21
2.979406445318535043e+04 3.503563197612942266e-20 5.477674010193169850e-21
2.981198740693016589e+04 2.857023217282134001e-20 5.747584003947100952e-21
2.982991029911608348e+04 4.100054143523932644e-20 6.019465398471642980e-21
2.984783312969032704e+04 3.209289882559991546e-20 5.952840785179065371e-21
2.986575589860913533e+04 2.792861638445386616e-20 5.801300998899649840e-21
2.988367860581455170e+04 3.918848385522082612e-20 5.550950175259215856e-21
2.990160125126532512e+04 3.728152676793137950e-20 5.791459227396845283e-21
2.991952383491470391e+04 2.694460147715500275e-20 6.037882865929658591e-21
2.993744635669907075e+04 2.598108018293230859e-20 5.626683272245818888e-21
2.995536881658286802e+04 2.929732939450026338e-20 5.373033068244515915e-21
2.997329121450534512e+04 1.966912006844036373e-20 4.937300485049266119e-21
2.999121355043095537e+04 3.197327274491480652e-20 5.369022541600335453e-21
3.000913582429602320e+04 2.396638344406436702e-20 5.155157124748424626e-21
3.002705803605658730e+04 2.378308218830314756e-20 5.200783901667735462e-21
3.004498018566332030e+04 2.878829863805774527e-20 5.136881093375476562e-21
3.006290227306675661e+04 3.387615589602787107e-20 5.287874542581832500e-21
3.008082429821738697e+04 2.664194015284758902e-20 5.001607715312623787e-21
3.009874626106576761e+04 3.908584313510026947e-20 4.597094548403760124e-21
3.011666816156244022e+04 3.463311093358206430e-20 5.312660936258667275e-21
3.013458999965796465e+04 2.868633745914633583e-20 5.229834498889864932e-21
3.015251177530290079e+04 3.002762197228902848e-20 5.190219571300187877e-21
3.017043348844499997e+04 2.968229140951017837e-20 5.069164866433056907e-21
3.018835513904035179e+04 3.497806879560231847e-20 5.149237055752078936e-21
3.020627672703676217e+04 2.155250208113080782e-20 5.391760846207450159e-21
3.022419825238500925e+04 3.007227993115576094e-20 5.245790483972983719e-21
3.024211971503570749e+04 2.829025927928396847e-20 5.406429504262343396e-21
3.026004111493950768e+04 2.909891622689158211e-20 5.096080287948333267e-21
3.027796245204708612e+04 4.459978202144839055e-20 5.637347208085894019e-21
3.029588372630624872e+04 4.085383373843989603e-20 5.962428754220482717e-21
3.031380493767336156e+04 5.240646806914277439e-20 5.833651668939292245e-21
3.033172608609626695e+04 4.152716740034206333e-20 5.444634720618505169e-21
3.034964717152568119e+04 2.777701679943068805e-20 5.424615725586303960e-21
3.036756819391223326e+04 3.656809131779078779e-20 5.563020543912724975e-21
3.038548915320368542e+04 3.748283366458299796e-20 5.437357046023009129e-21
3.040341004935384626e+04 3.307165882440123754e-20 4.964847127382063363e-21
3.042133088231912916e+04 3.267491205147493669e-20 5.440755652311686776e-21
3.043925165203610231e+04 4.416421372562740197e-20 4.994520607251034085e-21
3.045717235847259144e+04 2.979906118931494508e-20 5.264362548508481628e-21
3.047509300156516474e+04 2.781019995132309911e-20 4.720888112067551652e-21
3.049301358127032654e+04 3.254466850587845249e-20 4.747491704260452628e-21
3.051093409754170716e+04 3.505985650461773951e-20 5.176991831336164371e-21
3.052885455032443497e+04 3.330685346249245829e-20 5.228626597442800616e-21
3.054677493957507249e+04 4.471725764546001958e-20 5.324971921933910981e-21
3.056469526523859895e+04 2.144813178577535821e-20 4.608545375669206082e-21
3.058261552727156959e+04 2.701382395870086139e-20 4.889844070033774585e-21
3.060053572561359033e+04 4.121896012579379351e-20 5.187024627049786923e-21
3.061845586023265423e+04 3.634096726697126625e-20 4.839088263719167163e-21
3.063637593107109205e+04 4.050860701069519633e-20 5.102570379529345164e-21
3.065429593807696438e+04 2.488532054544358051e-20 4.918469974998055805e-21
3.067221588120402157e+04 3.759163093274597199e-20 5.090657148946923436e-21
3.069013576040319094e+04 2.593391194871387046e-20 5.105156846577520629e-21
3.070805557562826289e+04 2.564258943486679163e-20 5.147770676226626634e-21
3.072597532682161545e+04 2.180409945221605436e-20 5.086115696631597846e-21
3.074389501394561012e+04 2.996488634096443709e-20 4.947600997309506293e-21
3.076181463694265767e+04 3.250355978943717025e-20 5.068163298442975677e-21
3.077973419576347442e+04 2.393650474265515111e-20 4.839034199182389510e-21
3.079765369037076016e+04 3.888275020664968178e-20 5.066311211884201185e-21
3.081557312069548061e+04 3.708588989925513595e-20 4.923914196237249420e-21
3.083349248670579982e+04 3.922905805786615685e-20 4.792891630067417654e-21
3.085141178834703533e+04 3.621284452834801115e-20 4.849167508498032689e-21
3.086933102557305756e+04 3.687140210905705099e-20 4.701340590773986931e-21
3.088725019832920952e+04 2.971000110906150795e-20 4.626691577206839781e-21
3.090516930656651311e+04 4.093407924498209463e-20 4.529629930722882171e-21
3.092308835024177824e+04 3.896423707942796363e-20 4.810929700801124727e-21
3.094100732930321465e+04 3.063142657148393498e-20 4.922027567483951040e-21
3.095892624369899931e+04 3.732524299548696182e-20 4.734762621876797489e-21
3.097684509338601129e+04 3.995777827348501608e-20 4.835770545898710131e-21
3.099476387831508691e+04 2.357265480627085730e-20 4.477490497038709780e-21
3.101268259842607222e+04 3.105006957956134495e-20 4.602873055939374703e-21
3.103060125368450099e+04 4.378864727148246656e-20 4.605899762126659970e-21
3.104851984402996823e+04 2.801020353142883260e-20 4.321758200069040368e-21
3.106643836943091810e+04 3.758990224117862720e-20 4.606131826304056301e-21
3.108435682981832360e+04 2.984517650162889869e-20 4.640721699509590811e-21
3.110227522515199234e+04 3.620087456366534843e-20 4.268651162219850739e-21
3.112019355538310992e+04 2.905396345847549721e-20 4.572922836138467939e-21
3.113811182046282920e+04 3.293329784027284181e-20 4.383972611817632016e-21
3.115603002034814926e+04 3.468594197139654253e-20 4.662694448553050613e-21
3.117394815497871969e+04 3.517604245148245613e-20 4.398152881644976182e-21
3.119186622431151045e+04 2.349513221128151291e-20 4.724023429995258282e-21
3.120978422830063573e+04 2.803718702674083152e-20 4.562079029781642356e-21
3.122770216689132576e+04 2.482937892971142724e-20 4.148523609127322789e-21
3.124562004003792390e+04 2.697442518592269756e-20 4.947723259529762220e-21
3.126353784769167760e+04 4.597725975085781054e-20 4.692657293636991000e-21
3.128145558980387432e+04 3.022508372152616604e-20 4.810623836604627028e-21
3.129937326632576151e+04 3.372903867332372741e-20 4.371972345034089137e-21
3.131729087721151518e+04 2.760849613891934706e-20 4.377669038667732909e-21
3.133520842240954153e+04 3.650345498399270982e-20 4.651420703115858659e-21
3.135312590186531452e+04 2.867740118092441216e-20 4.024733751100831723e-21
3.137104331553885640e+04 2.814101817817811771e-20 4.138017202256440300e-21
3.138896066337566299e+04 3.402896619136945299e-20 4.487965961481535965e-21
3.140687794533868146e+04 3.452318412281571364e-20 4.444938311182930183e-21
3.142479516136473467e+04 3.329064958692672187e-20 4.515877159124673219e-21
3.144271231140803502e+04 2.837400615683546764e-20 4.534434129722723510e-21
3.146062939542286767e+04 5.498825766580042255e-20 5.026938403663964552e-21
3.147854641336623172e+04 8.869013265853903950e-20 5.322145734945524778e-21
3.149646336518087264e+04 9.755475090178034923e-20 5.473843327081019300e-21
3.151438025081824526e+04 1.194950063031939504e-19 5.694639886049201637e-21
3.153229707023844458e+04 2.256470998084653805e-19 6.839818969604447372e-21
3.155021382337832256e+04 5.156493970411379271e-19 9.545824167768241362e-21
3.156813051020964485e+04 6.844379330747181219e-19 1.080731236972566695e-20
3.158604713066637851e+04 3.817475754059426988e-19 8.680064201872973515e-21
3.160396368469992376e+04 1.405365453963069223e-19 6.090416039365242062e-21
3.162188017227333694e+04 6.930466297034658375e-20 5.291298145422005724e-21
3.163979659333227755e+04 1.410147690251856225e-19 5.911385944114439406e-21
3.165771294782524637e+04 2.273118309185620724e-19 7.035925652758663328e-21
3.167562923570659768e+04 2.058102392453012791e-19 6.759697284171848416e-21
3.169354545693076579e+04 1.095909234159838596e-19 5.491940088376069037e-21
3.171146161144624057e+04 5.703426561663111799e-20 4.639890588228371032e-21
3.172937769920160645e+04 3.103609902832171485e-20 4.325258635802073851e-21
3.174729372015416084e+04 4.007830506687265957e-20 4.785585935594600261e-21
3.176520967424940682e+04 2.961817071823580700e-20 4.311331172574990590e-21
3.178312556144196787e+04 3.105213796870724801e-20 4.257558896345221380e-21
3.180104138168625650e+04 1.691898428048042780e-20 4.477462695346331808e-21
3.181895713492791401e+04 4.140709780859205548e-20 4.559738287513132043e-21
3.183687282112436878e+04 4.160191072585671800e-20 4.550232580442416293e-21
3.185478844026839943e+04 4.050861500952547203e-20 4.422951057812901774e-21
3.187270443780961068e+04 3.189823217912334388e-20 4.782266248002108407e-21
3.189062040554342457e+04 3.487322048160755424e-20 4.536597834865838310e-21
3.190853630602985140e+04 3.337439217264924204e-20 4.415435923919453154e-21
3.192645213922335097e+04 2.974965906770403552e-20 4.188563536873418766e-21
3.194436790506669058e+04 2.036161756195368363e-20 4.309237702073904882e-21
3.196228360352613890e+04 2.768613826584776874e-20 4.215173332401257125e-21
3.198019923453561933e+04 1.920268599536676397e-20 4.215005708682085886e-21
3.199811479805850468e+04 4.051516250486000775e-20 4.359571979977232389e-21
3.201603029404345943e+04 3.722963183529073884e-20 4.207249816521160343e-21
3.203394572244204755e+04 4.415155367773832713e-20 4.595875813658055046e-21
3.205186108320592029e+04 3.294954296722124990e-20 4.166898246399749071e-21
3.206977637628657976e+04 3.239094114698407639e-20 4.468124509410529042e-21
3.208769160163274137e+04 3.509084855407934135e-20 4.432895204767695395e-21
3.210560675920198264e+04 4.126657344561180980e-20 4.330628701259512513e-21
3.212352184894598031e+04 3.893148239263401725e-20 4.486840009534831575e-21
3.214143687080748714e+04 4.016936279634863208e-20 4.567038114727149041e-21
3.215935182474703470e+04 3.722071099819337249e-20 4.076552890357201610e-21
3.217726671071038436e+04 3.289243938690589663e-20 4.383144109603040384e-21
3.219518152865807133e+04 2.675402798794475192e-20 4.277908838583217960e-21
3.221309627852993071e+04 3.764361775085347560e-20 4.464661909208788520e-21
3.223137152383835564e+04 3.393013943175692970e-20 4.235378160412025067e-21
3.224928616950305877e+04 4.348861287114575515e-20 4.422107321414327248e-21
3.226720074683413986e+04 3.632137879406000718e-20 4.426772385199437580e-21
3.228511525591216196e+04 7.876374741451308392e-20 5.135954175357369783e-21
3.230302969667157959e+04 1.076375107962601655e-19 5.267129977255128513e-21
3.232094406906401855e+04 8.712089391204967174e-20 5.230250151325960929e-21
3.233885837304994857e+04 6.814005481529131757e-20 4.569773748403424237e-21
3.235677260858401496e+04 7.204403217598426190e-20 4.910637852407674730e-21
3.237468677560637661e+04 8.222388541013544874e-20 5.123213872225049783e-21
3.239260087407729588e+04 7.046099939411103597e-20 4.942286741504882831e-21
3.241051490393997665e+04 4.844866125487094090e-20 4.549486814401407176e-21
3.242842886515202554e+04 5.220015303564558412e-20 4.950077215818335079e-21
3.244634275767665531e+04 3.103865663453623073e-20 4.332931206407002826e-21
3.246425658144261979e+04 2.670830838487576152e-20 4.251778254858925658e-21
3.248217033641884700e+04 3.884175095062283965e-20 4.075767455401563695e-21
3.250008402254292014e+04 4.054241844888736054e-20 4.511369009109188117e-21
3.251799763978960254e+04 2.798685253833019008e-20 4.495990217412306242e-21
3.253591118808473402e+04 3.649381562684645146e-20 4.592734569608747773e-21
3.255382466739450319e+04 2.752395509423961746e-20 4.213319039590442126e-21
3.257173807767077960e+04 3.927287515028922102e-20 4.411682366969459956e-21
3.258965141885666526e+04 2.827210142587432552e-20 4.029817515866627731e-21
3.260756469091552935e+04 2.365495274591838860e-20 4.025574555688843007e-21
3.262547789378766174e+04 1.084122371089376840e-20 4.836344578859083820e-21
3.540467484413472266e+04 3.445364437555141596e-20 6.749098182402827522e-21
3.542257568358656135e+04 3.423843633926134685e-20 4.088255136661969454e-21
3.544047644634707103e+04 4.899041267388498500e-20 3.931787376912708402e-21
3.545837713234672992e+04 3.735594291403053955e-20 3.840481539395148746e-21
3.547627774154692452e+04 3.638548398704924363e-20 4.047178519829787620e-21
3.549417827389665035e+04 3.016982029609918738e-20 3.783601586044932840e-21
3.551207872935422347e+04 2.889409543971447115e-20 3.947138954159350956e-21
3.552997910786864668e+04 2.871681618124639269e-20 3.920615522856367199e-21
3.554787940938583051e+04 2.737581252238297179e-20 4.551852422387199107e-21
3.556577963387023919e+04 3.616759234099467991e-20 4.289372441348101073e-21
3.558367978127091192e+04 2.701247140614126655e-20 4.151691006142529243e-21
3.560157985152753099e+04 2.880736535920314985e-20 4.135235138497163010e-21
3.561947984461078158e+04 2.359745290408287606e-20 4.600004930044068260e-21
3.563737976046036056e+04 3.552217620575656327e-20 4.279212805315614005e-21
3.565527959902524890e+04 4.213022310215038704e-20 4.140506512968579718e-21
3.567317936027302494e+04 2.480563563410294473e-20 4.210063302943595833e-21
3.569107904413718643e+04 2.833361303988478921e-20 4.190945704544058444e-21
3.570897865058531897e+04 3.012061577933429740e-20 4.310200093408926834e-21
3.572687817955708306e+04 2.497911673566249768e-20 4.099265094594190939e-21
3.574477763101695746e+04 2.516430571094352329e-20 4.032744137448333019e-21
3.576267700490770221e+04 2.690371596968758869e-20 3.987521022217139999e-21
3.578057630118133238e+04 3.616724182161587246e-20 4.069528625985583749e-21
3.579847551979921991e+04 3.567185742214168826e-20 4.048713900870532143e-21
3.581637466070726805e+04 3.654858193141574174e-20 3.872041496590794545e-21
3.583427372385446506e+04 3.818765675489986807e-20 3.797610490571731636e-21
3.585217270919902512e+04 3.643124546792841296e-20 3.673101770787431480e-21
3.587007161668994377e+04 3.330164961536996715e-20 3.849012335983286391e-21
3.588797044627302967e+04 2.993884542012778554e-20 4.074219478182436612e-21
3.590586919791586843e+04 2.134928325615384041e-20 3.752528516627618728e-21
3.592376787155807688e+04 3.072356496938028016e-20 4.090026664708841127e-21
3.594166646714860690e+04 3.088531311502741822e-20 3.934335497249602856e-21
3.595956498465187906e+04 3.872084099599323086e-20 3.854145453594960627e-21
3.597746342400753201e+04 2.872513886113582686e-20 4.154011050402331310e-21
3.599536178517380904e+04 2.644074563683086065e-20 4.001158455184544333e-21
3.601326006810269610e+04 4.424081562982447536e-20 3.993679368295264254e-21
3.603115827274936601e+04 4.150176434335821103e-20 4.012272863454256651e-21
3.604905639906582655e+04 3.247760560559231665e-20 3.881352282991865504e-21
3.606695444699473592e+04 3.713261901815802332e-20 4.074004265518381883e-21
3.608485241649436648e+04 3.207158625828648973e-20 3.900019472960841312e-21
3.610275030752291786e+04 3.515046544937436841e-20 4.116596076565070688e-21
3.612064812001995597e+04 3.895554561914022726e-20 4.149009836810338412e-21
3.613854585394680907e+04 2.304432473944855467e-20 4.172756047667524144e-21
3.615644350924927130e+04 3.332458113098967594e-20 4.057716917903403459e-21
3.617434108588862728e+04 4.139479069862639458e-20 4.206864266435311921e-21
3.619223858380431193e+04 2.692075104550807117e-20 4.089038803848897674e-21
3.621013600295464857e+04 2.473389527190199526e-20 3.949109859318353423e-21
3.622803334329160862e+04 2.589653581136041149e-20 3.939456336412877906e-21
3.624593060476719256e+04 3.046352345107568164e-20 3.749405006809480037e-21
3.626382778733957093e+04 2.528423059796340963e-20 4.107802859473131495e-21
3.628172489094828779e+04 3.315823862222722159e-20 3.833778727655321632e-21
3.629962191555151367e+04 2.569615641627976317e-20 3.903254674016637342e-21
3.631751886110119085e+04 2.788748965710491428e-20 3.800325423803793910e-21
3.633541572754930530e+04 3.389986313165335593e-20 3.810495738656385590e-21
3.635331251484779204e+04 3.328689193112292686e-20 3.753677215281022705e-21
3.637120922294857155e+04 3.455634986434098123e-20 3.962417790172126477e-21
3.638910585180672206e+04 3.524273603439440732e-20 3.982642372623835526e-21
3.640700240136794309e+04 4.743622040734106390e-20 3.831310995688887207e-21
3.642489887158726924e+04 3.648637447736188669e-20 3.801872650429008464e-21
3.644279526241664280e+04 2.928121959179598679e-20 3.746232780335262520e-21
3.646069157380796969e+04 3.782579417188513679e-20 3.735251293970604321e-21
3.647858780571315583e+04 3.169089594254174036e-20 3.774963925256592189e-21
3.649648395808414352e+04 3.481053787580426658e-20 3.920336356835617028e-21
3.651438003087276593e+04 3.465853485397494495e-20 4.181945786918240743e-21
3.653227602402772027e+04 3.442399839223368844e-20 3.867943276542193897e-21
3.655017193751932064e+04 3.334531615859773105e-20 3.525870946933895963e-21
3.656806798941905436e+04 2.531634738964969293e-20 3.901759779112064832e-21
3.658596405439962109e+04 2.246917569830437053e-20 3.763549084409434655e-21
3.660386003956561035e+04 2.685086068426243253e-20 4.028822195096299871e-21
3.662175594485644979e+04 2.792824961754651697e-20 3.769291778932341892e-21
3.663965177021774434e+04 2.558192411574513197e-20 3.971573473519816245e-21
3.665754751561387820e+04 3.425981203783965273e-20 3.846267631275968939e-21
3.667544318099040538e+04 2.788738443566067483e-20 3.609270153752636369e-21
3.669333876629923179e+04 2.568222505382286799e-20 3.625012689432992269e-21
3.671123427149215422e+04 3.124697493311252852e-20 3.962817963837447825e-21
3.672912969652104221e+04 2.493764429255118356e-20 3.902103140173999501e-21
3.674702504133147886e+04 3.160464122964423680e-20 3.809520845296221451e-21
3.676492030588776834e+04 2.756001785863243463e-20 3.964977310566854540e-21
3.678281549012610776e+04 3.102303958197108225e-20 3.761750651405623761e-21
3.680071059401709499e+04 3.331082118516697033e-20 3.760029190208046593e-21
3.681860561750295892e+04 2.738849184776395716e-20 3.585016377086218186e-21
3.683650056053566368e+04 2.755747967504367886e-20 3.579153007694838682e-21
3.685439542305764917e+04 3.288003525955901224e-20 3.770574783038615586e-21
3.687229020503948414e+04 3.375087108011644727e-20 3.920272969923899714e-21
3.689018490641728567e+04 2.661942358039173250e-20 3.980699511380637727e-21
3.690807952715539432e+04 2.921596332459975209e-20 3.901786107519142456e-21
3.692597406719301944e+04 4.050527259652617879e-20 4.019257146097018720e-21
3.694386852648822241e+04 2.641124270084779578e-20 3.989201842998437716e-21
3.696176290499902098e+04 3.058501956045229146e-20 4.050474963387826412e-21
3.697965720267091820e+04 3.627946457273196416e-20 3.556359147802527478e-21
3.699755141945250944e+04 2.784911674066284033e-20 3.632477481072454968e-21
3.701544555530181242e+04 2.982482687927948130e-20 4.053366026528320800e-21
3.703333961016116518e+04 2.874472067114802264e-20 3.756363943031123353e-21
3.705123358398855635e+04 3.065313179064526572e-20 3.962859578586078918e-21
3.706912747674193815e+04 2.602841140209860141e-20 3.699406864347735041e-21
3.708702128836351767e+04 2.949395881042777133e-20 3.695673556145424973e-21
3.710491501880513533e+04 2.516969171254164073e-20 3.675669177528824104e-21
3.712280866802795208e+04 2.697266001872911729e-20 3.654264648991315198e-21
3.714070223597106815e+04 2.895707760415472302e-20 3.817783420703108344e-21
3.715859572259562265e+04 2.772071989666662335e-20 3.716807368617285178e-21
3.717648912784702406e+04 3.177107881811175361e-20 3.707938141928469161e-21
3.719438245168007415e+04 3.409331560746932314e-20 3.745740565951693467e-21
3.721227569404959650e+04 2.587094849666412110e-20 3.602875461886928481e-21
3.723016885490095592e+04 3.227901449834273853e-20 3.641878373940787981e-21
3.724806193418896146e+04 2.340868996156832499e-20 3.654578228170139871e-21
3.726595493186211388e+04 3.265752632222018557e-20 3.773401868713016369e-21
3.728384784787835088e+04 2.774107497207323708e-20 3.774958558008006827e-21
3.730174068219247420e+04 3.163348945307874592e-20 3.706661848684440535e-21
3.731963343474645080e+04 3.260728271155810123e-20 3.615340008360628337e-21
3.733752610548574012e+04 2.795809821831027937e-20 3.923174773020352200e-21
3.735541869438407593e+04 3.456865146242836148e-20 3.886185867590301563e-21
3.737331120137414109e+04 3.450008208425036817e-20 4.042984586633770246e-21
3.739120362641702377e+04 2.700443975010196998e-20 3.754912096684074799e-21
3.740909596945797966e+04 3.075036838759630529e-20 3.525976152850706662e-21
3.742698823045176687e+04 2.436720565734704790e-20 3.590127369205738134e-21
3.744488040935308527e+04 3.139859152576354452e-20 3.599700392103836200e-21
3.746277250610724877e+04 2.824437290094593847e-20 4.008261931103382748e-21
3.748066452065947669e+04 3.038953190328033532e-20 3.783866923218108110e-21
3.749855645298652962e+04 2.758235059928294032e-20 3.673803492865132836e-21
3.751644830301793991e+04 2.569039315353670582e-20 3.684163334878854037e-21
3.753434007070827647e+04 2.596689568055412752e-20 3.561879375233377733e-21
3.755223175601528783e+04 2.617669629348000271e-20 3.828545686434067860e-21
3.757012335888435337e+04 3.346160656086029386e-20 3.509243089623524967e-21
3.758801487927331618e+04 3.739380311829968220e-20 3.829647827992542869e-21
3.760590631712738832e+04 2.742758130210850403e-20 3.734924328736215498e-21
3.762379767240435467e+04 2.569527334074660690e-20 3.711277750237578456e-21
3.764168894505888602e+04 2.461005125794993216e-20 3.645791085844220959e-21
3.765958013502666290e+04 1.897996479249098599e-20 3.436903675057370991e-21
3.767747124227179302e+04 2.599248200909474548e-20 3.596974239760178106e-21
3.769536226673943747e+04 2.939022282704597686e-20 3.569161785687649666e-21
3.771325320838105108e+04 2.289250416233519526e-20 3.644697803736627471e-21
3.773114406716072699e+04 2.118495361505464053e-20 3.727055456045871960e-21
3.774903484300759010e+04 3.259435240319345172e-20 3.564771308245757656e-21
3.776692553590161697e+04 2.104727736954973019e-20 3.645232337728909537e-21
3.778481614576270658e+04 2.307565371541679960e-20 3.516342486824856535e-21
3.780270667257392051e+04 3.209613666437638403e-20 3.811345841343094908e-21
3.782059711625816999e+04 2.388819551501621523e-20 3.848691971647359550e-21
3.783848747678269137e+04 2.420594084097999216e-20 3.717230732340920637e-21
3.785637775409888127e+04 3.107369104532129469e-20 3.740791253264806214e-21
3.787426794815496396e+04 3.157768328601182610e-20 3.877387441795379920e-21
3.789215805888961768e+04 2.992090833302188773e-20 3.949149977797729499e-21
3.791004808627956663e+04 2.424279225101017795e-20 3.935179896986566880e-21
3.792793803026348905e+04 3.020513548493270616e-20 3.901086484456683668e-21
3.794582789078308269e+04 2.657484918131298841e-20 3.641193671294461633e-21
3.796371766781189217e+04 2.058304804865279329e-20 3.585818564463117624e-21
3.798160736127915152e+04 2.708735340555580336e-20 3.577260872221732104e-21
3.799949697114892479e+04 3.030846606540852753e-20 3.678868358692756716e-21
3.801738649736931256e+04 2.548738817532829984e-20 3.694138440534611296e-21
3.803527593989481829e+04 1.946805403131187240e-20 3.725758137062567133e-21
3.805316529866721248e+04 2.037193970007919158e-20 3.745796962578846759e-21
3.807105457364091126e+04 1.921935709324746922e-20 3.843087554222611432e-21
3.808894376477676269e+04 2.839564183694431594e-20 4.079585342133065524e-21
3.810683287202285283e+04 2.448765557175850367e-20 3.885263525569086429e-21
3.812472189532405173e+04 3.083837523361397891e-20 3.923907140579682120e-21
3.814261083462814713e+04 2.714448400795905268e-20 3.981118232456125864e-21
3.816049968990575144e+04 2.897437833134299473e-20 3.669681855343127545e-21
3.817838846107949939e+04 2.899256318135228935e-20 3.382367857903851010e-21
3.819627714812920749e+04 3.644939292186218884e-20 3.557331549352115475e-21
3.821416575099335751e+04 2.742317782820511273e-20 3.697010803919989315e-21
3.823205426961044577e+04 3.117550384874179255e-20 3.745090578635088076e-21
3.824994270395073545e+04 2.677051934297947918e-20 3.795816240427877523e-21
3.826783105396540486e+04 3.444745803049164595e-20 3.915887654164819651e-21
3.828571931959290669e+04 2.592412844392353630e-20 3.685102819545160350e-21
3.830360750078440469e+04 3.648254496694218013e-20 3.891659497623213005e-21
3.832149559751616471e+04 2.544779053120967203e-20 3.654889526457790409e-21
3.833938360970784561e+04 2.017133928041278097e-20 3.642564487319056439e-21
3.835727153731695580e+04 3.229041724859818271e-20 3.480332209263261873e-21
3.837515938031367841e+04 2.501936846212191955e-20 3.743386193543212847e-21
3.839304713862366043e+04 3.138372109191724567e-20 3.657546773461014475e-21
3.841093481222353876e+04 3.124358628340112051e-20 3.614097999451456869e-21
3.842882240104522498e+04 2.459710116091462614e-20 3.529743075807607883e-21
3.844670990504619112e+04 2.480203797102397224e-20 3.926040601479855541e-21
3.846459732417752821e+04 3.167730537774791013e-20 3.628800113747284710e-21
3.848248465839013079e+04 3.174086205065916442e-20 3.586757302912318861e-21
3.850037190762860700e+04 3.543037873431534923e-20 3.704162117477059576e-21
3.851825907186335098e+04 2.959804800768138374e-20 3.885191860572090373e-21
3.853614615102623793e+04 2.839982728083121721e-20 3.827131661654151071e-21
3.855403314507469622e+04 2.860121539250353515e-20 3.795169147005667373e-21
3.857192005395334127e+04 3.456397986727952985e-20 3.906912279418051632e-21
3.858980687762589514e+04 3.497876907996634312e-20 3.808209077583427851e-21
3.860769361603700963e+04 3.493781247375840021e-20 3.733940699037983831e-21
3.862558026913125650e+04 2.652605310404519420e-20 3.757360175235162240e-21
3.864346683687867335e+04 2.385531292301621607e-20 3.725155352433323100e-21
3.866135331919810415e+04 3.041760908219095387e-20 3.521476518459099400e-21
3.867923971607907879e+04 2.264421874822027148e-20 3.709464955037104885e-21
3.869712602744057949e+04 2.569305813789207685e-20 3.767968313029558832e-21
3.871501225325270934e+04 2.818938849879703107e-20 3.584575753417024288e-21
3.873289839346638473e+04 2.377477218501301873e-20 3.727276918856805437e-21
3.875078444800693251e+04 2.464794742030721888e-20 3.696485458264656012e-21
3.876867041686358425e+04 2.592877843553684877e-20 3.327433933233861652e-21
3.878655629994888295e+04 3.086540373550499490e-20 3.662712742173184241e-21
3.880444209724555549e+04 3.517832093927120269e-20 3.873488219327856252e-21
3.882232780869147246e+04 2.369690371898639415e-20 3.741282397474543907e-21
3.884021343423138751e+04 2.452465820694577419e-20 3.718096669060732435e-21
3.885809897382893541e+04 2.194151006834124079e-20 3.680426623590875939e-21
3.887598442742848420e+04 2.273507680127852961e-20 3.763022649323075529e-21
3.889386979497157154e+04 2.505145042469157364e-20 3.673061752691274403e-21
3.891175508508278290e+04 2.452618791365518735e-20 3.529171238298633995e-21
3.892964030409312545e+04 3.070351268008782913e-20 3.633563289536265371e-21
3.894752543690834136e+04 2.499008169803999367e-20 3.560583064254571193e-21
3.896541048348532058e+04 2.407964273504652917e-20 3.693830406253647165e-21
3.898329544376214471e+04 3.120221427211322520e-20 3.575279666437106781e-21
3.900118031769611844e+04 1.890891543670164435e-20 3.534467715496582802e-21
3.901906510525073827e+04 2.283185637574548490e-20 3.506000380160899072e-21
3.903694980635110551e+04 2.756141683763539937e-20 3.619725951873582564e-21
3.905483442095435021e+04 3.054486533535414018e-20 3.382628701839856329e-21
3.907271894903676002e+04 2.270522177323199624e-20 3.603201017142614671e-21
3.909060339051700430e+04 3.380824033642020271e-20 3.552840899505939750e-21
3.910848774535200209e+04 3.161096888020075199e-20 3.581610027454526670e-21
3.912637201351153635e+04 2.533819076629411185e-20 3.902432919818937803e-21
3.914425619492728583e+04 2.134184455287666090e-20 3.775837028060572545e-21
3.916214028955627145e+04 3.311295309324607892e-20 3.551424659552803365e-21
3.918002429736196063e+04 2.217736656122224161e-20 3.578053493613928150e-21
3.919790821825645980e+04 3.009842676533937662e-20 4.043531398568921972e-21
3.921579205223530153e+04 2.819531502184658825e-20 3.848776618224091903e-21
3.923367579922334698e+04 2.723943653899827312e-20 3.899407734349041433e-21
3.925155945917750796e+04 2.671478783596225942e-20 3.672157933699474145e-21
3.926944303205457982e+04 3.227596823657448188e-20 3.648653835814140891e-21
3.928732651779257867e+04 3.140957096582715382e-20 3.972803309947496721e-21
3.930520991634845268e+04 2.705478292540172647e-20 3.919489383938472172e-21
3.932309322766628611e+04 3.344698790149969441e-20 3.766580362281512350e-21
3.934097645172227203e+04 2.468298941344200159e-20 3.689631960549890697e-21
3.935885958842839318e+04 2.956782828678299561e-20 3.789401076183093741e-21
3.937674263776081352e+04 3.278152254787790458e-20 3.693253012135274121e-21
3.939462559966336994e+04 1.967266888461892945e-20 3.569272519340953502e-21
3.941250847408009577e+04 1.549712054281680104e-20 3.659605717892442059e-21
3.943039126098092675e+04 1.883926626461028823e-20 3.878988546115841714e-21
3.944827396029700321e+04 2.373974605341200665e-20 3.790921375313193460e-21
3.946615657198518602e+04 2.501958380920865839e-20 3.780909773181153851e-21
3.948403909598944301e+04 1.344575822579779246e-20 3.860802407981777353e-21
3.950192153227303061e+04 1.837255891502792106e-20 3.662125085813990768e-21
3.951980388077990210e+04 2.266359967916166923e-20 3.782084315158709841e-21
3.953768614146647451e+04 3.175166457087461996e-20 3.696684402788007587e-21
3.955556831426412100e+04 3.065138357948196126e-20 3.859157154319411015e-21
3.957345039914255176e+04 3.552716046280324681e-20 3.967670662756778094e-21
3.959133239604564733e+04 3.220391303370121203e-20 3.973059058272860015e-21
3.960921430491728097e+04 2.673684410733459362e-20 3.843797262088433908e-21
3.962709612572064361e+04 2.779496699538241761e-20 3.507133172321091917e-21
3.964497785839955031e+04 3.548200251424686329e-20 3.493503692220400835e-21
3.966285950289770699e+04 2.778804344044108974e-20 3.705873199958497189e-21
3.968074105917812994e+04 3.137572658757315307e-20 3.496515270771249942e-21
3.969862252717844967e+04 2.711277909946716502e-20 3.473023799015800516e-21
3.971650390686181345e+04 3.271987048338043941e-20 3.708500306657941134e-21
3.973438519817197812e+04 2.534926969807200295e-20 3.539784100157255771e-21
3.975226640105267870e+04 2.652463629489325640e-20 4.068673166505408164e-21
3.977014751546704065e+04 2.626289504703048088e-20 3.835009357607846863e-21
3.978802854135873349e+04 2.844115195684478522e-20 3.594072139500180877e-21
3.980590947867107752e+04 2.431831933811674584e-20 3.709603511552969001e-21
3.982379032736113732e+04 2.719982217260349820e-20 3.736749437338744174e-21
3.984167108738547540e+04 2.503090599765565468e-20 3.725717890703082799e-21
3.985955175868129299e+04 3.066579001380878279e-20 3.608408783217471033e-21
3.987743234121161368e+04 3.081118457320458419e-20 3.692620836659351500e-21
3.989531283492007060e+04 2.937533216163064901e-20 3.704430877110910837e-21
3.991319323974387225e+04 3.432162709342145785e-20 3.562360773459441383e-21
3.993107355565840408e+04 2.685134093466748591e-20 3.647678691238462891e-21
3.994895378260126745e+04 2.750186743432363815e-20 3.652189596804744106e-21
3.996683392050961993e+04 3.502141511606970284e-20 3.914625203472473164e-21
3.998471396935926168e+04 2.075643950465122815e-20 3.645844837944861007e-21
4.000259392908733571e+04 2.255111879887889429e-20 3.711467457683825927e-21
4.002047379963734420e+04 1.550199677777051082e-20 3.650424814598741294e-21
4.003835358097217977e+04 2.608038644159260783e-20 3.646317675080921975e-21
4.005623327302845428e+04 2.617622556520341498e-20 3.615163282119750989e-21
4.007411287576302857e+04 2.538876434911946003e-20 3.755080560850632448e-21
4.009199238913228328e+04 3.102996106663636363e-20 3.376411996923176547e-21
4.010987181306676212e+04 2.879108261069213356e-20 3.665546965218461265e-21
4.012775114753578964e+04 2.327566995035540852e-20 3.662445981922491043e-21
4.014563039248273708e+04 2.464378544288119484e-20 3.891412543948006848e-21
4.016350954785740032e+04 1.622014464273074162e-20 4.002454117622427319e-21
4.018138861361586169e+04 2.245641538004853044e-20 3.567033901813312675e-21
4.019926758969539515e+04 3.003098789293297793e-20 3.866986043757826718e-21
4.021714647605230130e+04 2.504532825090697275e-20 4.277998709869262051e-21
4.023502527263637603e+04 1.820775190000009481e-20 4.249018861869425682e-21
4.025290397940389812e+04 2.119245811970018826e-20 3.495540336866177653e-21
4.027078259628525120e+04 2.685380662182488636e-20 3.635144989195972357e-21
4.028866112324933056e+04 3.058178005480065699e-20 3.686548573314070555e-21
4.030653956024598301e+04 2.819148547385056209e-20 3.633931806830670342e-21
4.032441790721220605e+04 1.846362600938958924e-20 3.741797306724977532e-21
4.034229616409769369e+04 2.393663220921948867e-20 3.743156152248745951e-21
4.036017433086516394e+04 1.846497250416941601e-20 3.739141970628543011e-21
4.037805240745776973e+04 2.785102184491762745e-20 3.688162878643726139e-21
4.039593039382521965e+04 2.260743661192742495e-20 3.528412285625866758e-21
4.041380828991668386e+04 2.223110147695689149e-20 3.553332681879030675e-21
4.043168609568230750e+04 3.277889104784289178e-20 3.611659795827138668e-21
4.044956381106525805e+04 2.167328643511029382e-20 3.772098253338167322e-21
4.046744143602810072e+04 2.669593502572047533e-20 3.733993356770334456e-21
4.048531897051393753e+04 3.088914569802308989e-20 3.883206544028269993e-21
4.050319641447236791e+04 2.999876445774068850e-20 3.734571624739884036e-21
4.052107376784618100e+04 2.526331390641038666e-20 3.687425986486350532e-21
4.053895103060445399e+04 2.315002825760548277e-20 3.447688523939237040e-21
4.055682820266454655e+04 1.688816471248595351e-20 3.489905643307534059e-21
4.057470528400839248e+04 1.924777759372198736e-20 3.442562477888900518e-21
4.059258227457898465e+04 1.883001153545733218e-20 3.438537262464641759e-21
4.061045917430641566e+04 2.586957714814276257e-20 3.550542439057716266e-21
4.062833598315940617e+04 3.792576765374236869e-20 3.633475949137885900e-21
4.064621270107422606e+04 3.576072572031261707e-20 4.006618597490799512e-21
4.066408932801370975e+04 3.691087616282335328e-20 4.252203359526761313e-21
4.068196586392074823e+04 2.429712100406591576e-20 3.566557556288985143e-21
4.069984230873826891e+04 2.627025817206551189e-20 3.601735297644821117e-21
4.071771866242220131e+04 2.698908803402176645e-20 3.861085029105665258e-21
4.073559492492829304e+04 2.531035918957381674e-20 3.515184599318125114e-21
4.075347109619902039e+04 2.893449912406582165e-20 3.536516447430394442e-21
4.077134717617122078e+04 2.794070355539318165e-20 3.574132161377837919e-21
4.078922316481368034e+04 2.406924588259976187e-20 3.476852661836895903e-21
4.080709906208223401e+04 2.638549107879382065e-20 3.544940427999820294e-21
4.082497486790019320e+04 2.983591144064692343e-20 3.677896381584480359e-21
4.084285058222978842e+04 1.963251726072857620e-20 3.574753790506617345e-21
4.086072620502626523e+04 2.261488788384902436e-20 3.577331577353868222e-21
4.087860173623293667e+04 1.665620511073467440e-20 3.602521989555047182e-21
4.089647717578599259e+04 2.705152231613121777e-20 3.605763988768378755e-21
4.091435252365413908e+04 2.637136017945819807e-20 3.377728990430028824e-21
4.093222777979310922e+04 2.178883216677766088e-20 3.268362561296565867e-21
4.095010294411949144e+04 2.742064051488032045e-20 3.930814345254146883e-21
4.096797801661451376e+04 2.401985057309830585e-20 3.615224912640573434e-21
4.098585299720177136e+04 2.208705315239757751e-20 3.614743659923225078e-21
4.100372788585647504e+04 2.029054942511135246e-20 3.332839579191807356e-21
4.102160268250814261e+04 1.931207137595160312e-20 3.600913330106943745e-21
4.103947738711893180e+04 2.795722351378154017e-20 3.598048774219247019e-21
4.105735199962482875e+04 2.512877881777007461e-20 3.519051763503977670e-21
4.107522651998095535e+04 3.120052121032165265e-20 3.699502253313537802e-21
4.109310094813685282e+04 3.908481930785296840e-20 3.613219234441154597e-21
4.111097528404805053e+04 2.688400854593348447e-20 3.780118623279031143e-21
4.112884952764400077e+04 2.281645670540687113e-20 3.433815931583267903e-21
4.114672367889325687e+04 2.535914249027696602e-20 3.528069090253671320e-21
4.116459773773809138e+04 2.593079731676035727e-20 3.462492887450730657e-21
4.118247170412716514e+04 1.949231796839635041e-20 3.663480970905446237e-21
4.119996904925261333e+04 2.175572554856302563e-20 3.761372121323371855e-21
4.121784279014202184e+04 2.025822583466860927e-20 3.579421383004146208e-21
4.123571644697344163e+04 2.812468091404367054e-20 3.953310397490632086e-21
4.125359001545314823e+04 2.243294773276451738e-20 3.582530117516413913e-21
4.127146388097578892e+04 2.721290722391549779e-20 3.447293395917889688e-21
4.128933768982189940e+04 1.726321749848919076e-20 3.712360177537759104e-21
4.130721140620212100e+04 2.979932159882147492e-20 3.832299606429590139e-21
4.132508502969803521e+04 3.210964042018002906e-20 3.633846155940872636e-21
4.134295856027728587e+04 2.879024217876417652e-20 3.658906052380693022e-21
4.136083199788218917e+04 2.670720248897362777e-20 3.582972559362634373e-21
4.137870534246135503e+04 3.084718317785209473e-20 3.738656404875308276e-21
4.139657859396373533e+04 2.805096816435905854e-20 3.835112216746791093e-21
4.141445175233180635e+04 2.075323500077588754e-20 3.504523954876499965e-21
4.143232481752677995e+04 3.549476912686078080e-20 3.455058610885846302e-21
4.145019778947851592e+04 2.553977876677079033e-20 3.446980059801024306e-21
4.146807066816696897e+04 2.612479302039383491e-20 4.086221987179925068e-21
4.148594345351565426e+04 2.444383034294839206e-20 3.524278769035195993e-21
4.150381614547329082e+04 3.571125613794809988e-20 3.876336147428867708e-21
4.152168874400741333e+04 3.122586074571615854e-20 3.920482971266703337e-21
4.153956124904128228e+04 3.060604947938095297e-20 3.853749379627725898e-21
4.155743366052961210e+04 2.482413435028686325e-20 3.791742842897430743e-21
4.157530597844631848e+04 2.635582786287383028e-20 3.725310840899700122e-21
4.159317820271469827e+04 2.366043119051395543e-20 3.382420343863622195e-21
4.161105033327703859e+04 2.411956471266291289e-20 3.630275608283724909e-21
4.162892237011351972e+04 2.695545879426139270e-20 3.708893664353979764e-21
4.164679431314713293e+04 3.512032868847494335e-20 4.068555924438909275e-21
4.166466616231958324e+04 3.269862758022418584e-20 3.928386585077954978e-21
4.168253791759870364e+04 2.905999837053342983e-20 3.868143671633100560e-21
4.170040957893308223e+04 1.952172717017504170e-20 3.724745457645961006e-21
4.171828114625843591e+04 1.747464926095979977e-20 3.633896970846249433e-21
4.173615261953574372e+04 3.379720622089794940e-20 3.831267939199383911e-21
4.175402399870040972e+04 3.896946212029734645e-20 3.854398578001692159e-21
4.177189528371336201e+04 3.167085812484339133e-20 4.074282020484771968e-21
4.178976647450430028e+04 3.255578513026419933e-20 3.827807006198882023e-21
4.180763757104690740e+04 2.819183144096225871e-20 3.715888634166265080e-21
4.182550857327680569e+04 1.484275700678691802e-20 3.614360065717987240e-21
4.184337948113556922e+04 2.360999517053831539e-20 3.735610698206228246e-21
4.186125029457761411e+04 2.730096341069528593e-20 3.680746003010673153e-21
4.187912101355163031e+04 1.764959383714855151e-20 3.747911815090023383e-21
4.189699163801209943e+04 2.172673322344035812e-20 3.633824288406071854e-21
4.191486216788823367e+04 2.823533027659018654e-20 3.840197034791041542e-21
4.193273260315336665e+04 2.340899892916861804e-20 3.635464363034781190e-21
4.195060294373648503e+04 2.578149858646220322e-20 3.936683107317200269e-21
4.196847318959220138e+04 2.848918321405106119e-20 3.765437314898499022e-21
4.198634334066875454e+04 2.753427830456695423e-20 3.817304609439477703e-21
4.200421339691418689e+04 2.497979940539443043e-20 3.805346497885133793e-21
4.202208335827023984e+04 2.541927080022258098e-20 3.603452803186470428e-21
4.203995322470363317e+04 2.305907762702560892e-20 3.860867858832107681e-21
4.205782299613727810e+04 2.815541790576831597e-20 4.076386000812353432e-21
4.207569267253830913e+04 2.361757277284754769e-20 3.782779853580048959e-21
4.209356225384853315e+04 2.836860615794720358e-20 3.816104403067151833e-21
4.211143174002206069e+04 2.776585538524620931e-20 3.594567730742905947e-21
4.212930113098742731e+04 3.064445607701227509e-20 3.482017146520679827e-21
4.214717042671178206e+04 2.219138351853848130e-20 3.762095110451018474e-21
4.216503962713701912e+04 2.930396652569793908e-20 3.800209502123913845e-21
4.218290873221096990e+04 3.458943873349047881e-20 3.788493234241507625e-21
4.220077774188139301e+04 2.936687456197449258e-20 3.651891392315934845e-21
4.221864665609582880e+04 3.541541124881799195e-20 3.648772107915428651e-21
4.223651547480221780e+04 2.926229475485774460e-20 3.711039747323055739e-21
4.225438419794230140e+04 2.915337830067531389e-20 4.708381014070521443e-21
4.227225282548280666e+04 3.869658009435568656e-20 4.410286942292713881e-21
4.229012135733971809e+04 2.735231384351589338e-20 3.786626465182150924e-21
4.230798979349227011e+04 1.967867452556715976e-20 3.704487003768482434e-21
4.232585813387577218e+04 2.713211445751556918e-20 3.646790073417482143e-21
4.234372637843799748e+04 2.601305753468782625e-20 3.767687147371905565e-21
4.236159452712650091e+04 2.951852545894095228e-20 3.857287908715102328e-21
4.237946257987623540e+04 2.878380572875780125e-20 3.630811137965241777e-21
4.239733053666639898e+04 2.096172716177650443e-20 3.549780821455522149e-21
4.241519839741304168e+04 2.960347579365471456e-20 3.497468919662296256e-21
4.243306616208293417e+04 3.031822195068233298e-20 3.595840206823268829e-21
4.245093383061723580e+04 1.452062386235353390e-20 3.395961822121512466e-21
4.246880140295063757e+04 2.362555573453889398e-20 3.959488625185105682e-21
4.248666887905600015e+04 2.782601796350186923e-20 3.800058142253768170e-21
4.250453625876923616e+04 2.587531546621493943e-20 3.657043003944062958e-21
4.252202464100063662e+04 1.966598340814437140e-20 3.999154286199435126e-21
4.253989179620979849e+04 2.512994948935519204e-20 3.726478015227919012e-21
4.255775885497371928e+04 3.314521406215781317e-20 3.814709126968288278e-21
4.257562581722668256e+04 3.251963147403653733e-20 3.896176231411645398e-21
4.259349268292303896e+04 2.142126049595731289e-20 3.688705302569290724e-21
4.261135945201013965e+04 1.994698382994808334e-20 3.634686842032542058e-21
4.262922612444197148e+04 2.062688164677790223e-20 3.759767412958724120e-21
4.264709270015209040e+04 2.310715575800784625e-20 3.619031290095302948e-21
4.266495917910143180e+04 2.042221334727194080e-20 3.421216810703820318e-21
4.268282556121761445e+04 3.090773310795684053e-20 3.585320351842396418e-21
4.270069184647432849e+04 2.896803674592620068e-20 3.593096050718385507e-21
4.271855803479899623e+04 3.062699244770233378e-20 3.663743712049055517e-21
4.273642412614482600e+04 3.921006297206123408e-20 4.063225418230965617e-21
4.275429012045965646e+04 2.438294630849816732e-20 4.183631429040910536e-21
4.277215601769734349e+04 1.917997263878261233e-20 3.810731513741921564e-21
4.279002181779175589e+04 1.682475390291606942e-20 3.876787073420851545e-21
4.280788752068980102e+04 2.860640412977524998e-20 3.697077721316290072e-21
4.282575312635827868e+04 2.066494483180821420e-20 3.834199954248529498e-21
4.284361863472486584e+04 2.756306827858277105e-20 3.863480467584203910e-21
4.286148404574325832e+04 3.136720361210801011e-20 4.065611427876480330e-21
4.287934935936053807e+04 2.598681191161651906e-20 3.729588302446603182e-21
4.289721457552316133e+04 3.047551988954732834e-20 3.599733680636965441e-21
4.291507969417850836e+04 2.900140472244916952e-20 3.824200684342147174e-21
4.293294471527375572e+04 2.214648567805162414e-20 3.772067140115367964e-21
4.295080963876249734e+04 2.761318645398077675e-20 3.706727156841084300e-21
4.296867446457166807e+04 3.029088228283646230e-20 3.740676661711764138e-21
4.298653919266094454e+04 2.994551795241609521e-20 3.685067388189253503e-21
4.300440382298445184e+04 2.471052628273984531e-20 3.586455809231890958e-21
4.302226835548250529e+04 2.401706046030543919e-20 3.778583351073717756e-21
4.304013279010188853e+04 1.865091085621034940e-20 3.725786343663866453e-21
4.305799712678235664e+04 1.834390336664488553e-20 3.852483283710504247e-21
4.307586136547754722e+04 2.363523784250514123e-20 3.850595116071062567e-21
4.309372550614782813e+04 2.979666309683566225e-20 3.731391974509362640e-21
4.311158954873328912e+04 2.105586815365994670e-20 3.638342523337523599e-21
4.312945349314734631e+04 1.987494896505992795e-20 3.504573684221783553e-21
4.314731733937606623e+04 2.937361630698339175e-20 3.752242581236862408e-21
4.316518108735346323e+04 2.275450699893089317e-20 3.703940813038143290e-21
4.318304473701959068e+04 2.529858291149655535e-20 3.813518917698452830e-21
4.320090828833437263e+04 2.855267197773400684e-20 3.820341116273791403e-21
4.321877174122398719e+04 2.962238360349359999e-20 3.789453526826882530e-21
4.323663509566196444e+04 3.378279309355271702e-20 3.922425393078432755e-21
4.325449835158172937e+04 2.850348586924303645e-20 3.958089456627624487e-21
4.327236150892321166e+04 4.015483273815025722e-20 3.877214575781703828e-21
4.329022456763945956e+04 1.567911000448152138e-20 4.043442419338579958e-21
4.330808752767654369e+04 2.449697820611924215e-20 3.818731190493945528e-21
4.332595038899490464e+04 2.620111749478632595e-20 4.004760356198910052e-21
4.334381315152093157e+04 3.099284393596173157e-20 3.640555583255494206e-21
4.336167581520113163e+04 4.055878356355448788e-20 3.987132659737376572e-21
4.337953837998797098e+04 2.652706718642452599e-20 4.048440037578323916e-21
4.339740084584165743e+04 2.754657081603954280e-20 3.861643305338457662e-21
4.341526321268196625e+04 3.633358923903249652e-20 3.964255565171635497e-21
4.343312548046863958e+04 2.943201110956316513e-20 3.870285074557304078e-21
4.345098764914761705e+04 2.720693233811108752e-20 3.682453011965070883e-21
4.346884971867856075e+04 2.677721327272454284e-20 3.759727893886511093e-21
4.348671168897469033e+04 2.673833606826411718e-20 3.961794911660482511e-21
4.350457356001569133e+04 3.348389955687075320e-20 4.050192313153950512e-21
4.352243533172762545e+04 3.401077833070945533e-20 3.632533663845297411e-21
4.354029700406284974e+04 2.801477168082616032e-20 3.684370216196745341e-21
4.355815857696818421e+04 3.290176893458963247e-20 3.840592064201316590e-21
4.357602005039648793e+04 4.052939444982632267e-20 3.987186257671437486e-21
4.359388142426919512e+04 4.577679411680353880e-20 4.188342320558837336e-21
4.361174237989198446e+04 7.641242882890619809e-20 4.319997464509984549e-21
4.362960274508783914e+04 6.800262857532640624e-20 4.283778927663967778e-21
4.364746301049475005e+04 5.510234812336719430e-20 4.236703178500350067e-21
4.366532317616194632e+04 3.456725717303591034e-20 3.808257539284155093e-21
4.368318324203496741e+04 3.943872399721554129e-20 3.865002986868213535e-21
4.370104320806000032e+04 2.835847030113817798e-20 3.758458156402806228e-21
4.371890307418326847e+04 3.304502869876571961e-20 3.726046020908961021e-21
4.373676284035076969e+04 3.026215944514174839e-20 3.922062421021959405e-21
4.375462250650137139e+04 1.675078821067608981e-20 3.530422932580608944e-21
4.377248207260098570e+04 2.269859418587544354e-20 3.736464212199760306e-21
4.379034153856911144e+04 2.781457090337481028e-20 3.719808137789289902e-21
4.380820090437170438e+04 1.706494755947612418e-20 3.848127563178313585e-21
4.382606016994771198e+04 2.547621242058291173e-20 3.924989941216238147e-21
4.384391933523585612e+04 2.411778014836300791e-20 3.847025876220958863e-21
4.386177840020254371e+04 2.384320092134848028e-20 3.899351732812602951e-21
4.387963736476009217e+04 2.486483243653726564e-20 3.909686881404873442e-21
4.389749622888760496e+04 3.200231398743672396e-20 3.885811296276116299e-21
4.391535499251677538e+04 2.239057692246703604e-20 3.620547990775091532e-21
4.393321365559400147e+04 2.242413115367985273e-20 3.827462958781979739e-21
4.395107221806493180e+04 2.642785712829363894e-20 3.889842533298071150e-21
4.396893067987517134e+04 2.470236146657610863e-20 4.393318277672943346e-21
4.398678904096959741e+04 2.566622132907046656e-20 3.807549369068296717e-21
4.400464730128111842e+04 2.411692632281332724e-20 3.991298111186519781e-21
4.402250546078210027e+04 2.302299356589063933e-20 4.128031346630696468e-21
4.404036351940468739e+04 2.923002161825593815e-20 4.182093433405162733e-21
4.405822147708026023e+04 3.111995776863072402e-20 3.896825098995023894e-21
4.407607933378842426e+04 2.064077752198495796e-20 3.938816412074260803e-21
4.409393708944123500e+04 2.911366343717348464e-20 4.036159334429571259e-21
4.411179474401089828e+04 2.179571844491505058e-20 3.805297972238521970e-21
4.412965229740866926e+04 2.079299134710910678e-20 3.861219336715170262e-21
4.414750974960725580e+04 1.966471023513796879e-20 3.898016992222227903e-21
4.416536710055213189e+04 2.340976113702628939e-20 3.941560863385225583e-21
4.418322435017526732e+04 1.948477978951575652e-20 4.494011604414011728e-21
4.420108149844129366e+04 2.708555828537675914e-20 4.047049767008799269e-21
4.421893854526264477e+04 2.454345372978203456e-20 4.133139898196796471e-21
4.423679549062481965e+04 2.674993024204119561e-20 3.799239012103927283e-21
4.425465233443957550e+04 2.237100423106258433e-20 3.874409578440265565e-21
4.427250907666482090e+04 2.881396740386206779e-20 3.950130820940410316e-21
4.429036571723960515e+04 2.598661325938966458e-20 3.859153010007081251e-21
4.430822225612927286e+04 3.371466931061227078e-20 4.111591979179734469e-21
4.432607869325218780e+04 2.995507106979041714e-20 3.793283104788667862e-21
4.434393502857944986e+04 2.540422765554632069e-20 3.645920518065623583e-21
4.436179126203671331e+04 3.640316228113411958e-20 3.865906583223055394e-21
4.437964739357579674e+04 2.975748664816694023e-20 3.966434362284018635e-21
4.439750342315513990e+04 3.212707991520646917e-20 4.182982132142630601e-21
4.441535935069211700e+04 2.949393750801501912e-20 4.261543590476445535e-21
4.443321517613916512e+04 4.086216178061353622e-20 4.041380636082858901e-21
4.445107089945466578e+04 2.972292776311640217e-20 3.945584337280234025e-21
4.446892652058346721e+04 2.971907901777363871e-20 4.134998406900568714e-21
4.448678203944962297e+04 2.889852356432997497e-20 4.029773980094097731e-21
4.450463745601887786e+04 2.552109690979083084e-20 4.066894452235927359e-21
4.452249277023606555e+04 2.956891219464247552e-20 4.049489229015791702e-21
4.454034798202576349e+04 2.250197925444002352e-20 3.948213926759911658e-21
4.455820309136567812e+04 1.552820244051017254e-20 4.157171723438051670e-21
4.457605809816107649e+04 3.400101589117042854e-20 4.163635416023479458e-21
4.459391300237680116e+04 2.710138223365077931e-20 3.914920632318782644e-21
4.461176780395726382e+04 2.884567642263927093e-20 3.805095397145607233e-21
4.462962250284682523e+04 2.726473439154073580e-20 3.915657169678846957e-21
4.464747709901079361e+04 2.012920861972670433e-20 3.799402888917502347e-21
4.466533159235365747e+04 1.580791482705807797e-20 3.831274674553554445e-21
4.468318598285970074e+04 2.804127989020398740e-20 4.076986034811277013e-21
4.470104027043339738e+04 2.644255710847324217e-20 4.173563456014932786e-21
4.471889445503299066e+04 2.561758318094089219e-20 3.954227315218393527e-21
4.473674853661651287e+04 2.005608930321899003e-20 3.845057603906925880e-21
4.475460251512777177e+04 2.913611281957191292e-20 3.946601920553662811e-21
4.477245639051825856e+04 2.783753560701800630e-20 3.918403419712844642e-21
4.479031016269924294e+04 3.092029586020834972e-20 3.971641109432619836e-21
4.480816383163516730e+04 2.405039592824198868e-20 3.839740652864843261e-21
4.482601739726965752e+04 2.966132958848627289e-20 3.906488998996552715e-21
4.484387085954772920e+04 2.272541990702556426e-20 4.073936517086479632e-21
4.486172421842721815e+04 1.621575118586615647e-20 3.873867715960240320e-21
4.487957747383219976e+04 2.022606399425553878e-20 4.107660548984677406e-21
4.489743062571303744e+04 3.420885667644613022e-20 4.120192047680161794e-21
4.491528367400129355e+04 2.622804017630829913e-20 4.030815685387377647e-21
4.493313661866130133e+04 1.644614239216390397e-20 3.972138722147475737e-21
4.495098945963683218e+04 1.689549890146556440e-20 3.947898747736712097e-21
4.496884219686525466e+04 2.183571016592383498e-20 4.247003084792767148e-21
4.498669483029118419e+04 3.447225129653276583e-20 4.134985247663083145e-21
4.500454735984536092e+04 3.138195006288420014e-20 4.043980398628429125e-21
4.502239978549130319e+04 2.688989056150118030e-20 4.063500685246470311e-21
4.504025210717345180e+04 2.664855778940521637e-20 3.939101819611553891e-21
4.505810432482935721e+04 2.620741051203518438e-20 4.205950213562406137e-21
4.507595643839627883e+04 2.495635622117344878e-20 3.896997860838635529e-21
4.509380844781742780e+04 2.148796772884936196e-20 4.152886545947963150e-21
4.511166035305093101e+04 2.603504588474826941e-20 4.338271239388563317e-21
4.512951215404740651e+04 3.395654408959657335e-20 4.048821121949910508e-21
4.514736385071690893e+04 1.501219003289611107e-20 4.074177802826812396e-21
4.516521544302987604e+04 2.069643094395964391e-20 4.044944154011769161e-21
4.518306693092398200e+04 1.554122715508314292e-20 4.255390465286678286e-21
4.520091831434972119e+04 2.286968748317702960e-20 4.312011452319788651e-21
4.521876959323684423e+04 2.127829033897857994e-20 4.101068006317074766e-21
4.523662076752947905e+04 2.568001524637451261e-20 3.921603545811013505e-21
4.525447183719163877e+04 3.335776349923765933e-20 4.088257598970689538e-21
4.527232280214678030e+04 2.960966262622518555e-20 4.166649791339869758e-21
4.528978975553375494e+04 3.141572062550455554e-20 4.125152028493762422e-21
4.530764047098412993e+04 3.084811856045113622e-20 4.293148377356573576e-21
4.532549108935621189e+04 2.105977739599692861e-20 3.988887835739569736e-21
4.534334160287395935e+04 3.044357892991311522e-20 4.359456360415518111e-21
4.536119201143362443e+04 2.599832684991361515e-20 3.905239266674689403e-21
4.537904231493387488e+04 2.141356027779221776e-20 4.093796300006114680e-21
4.539689251334360597e+04 2.564889414521145401e-20 4.177278385903358806e-21
4.541474260660593427e+04 2.176533409975941094e-20 4.106681357487272616e-21
4.543259259464548086e+04 2.497004014237035923e-20 4.158292017444195186e-21
4.545044247742499283e+04 2.436390058015444650e-20 4.091200172708604475e-21
4.546829225487440999e+04 2.626829006130621721e-20 4.264292534042077637e-21
4.548614192695034581e+04 2.876751559437035208e-20 4.217480395035952199e-21
4.550399149358989962e+04 2.122344396316957946e-20 4.227969740681853786e-21
4.552184095472963236e+04 1.990303477264530837e-20 4.332848201412302990e-21
4.553969031032538624e+04 2.169370418516322871e-20 4.267457522029444508e-21
4.555753956031442067e+04 1.957066971111891659e-20 4.011736317005244452e-21
4.557538870463348576e+04 2.154753099749801530e-20 4.511731315845125182e-21
4.559323774323173711e+04 2.600002661807778312e-20 4.519529577429985965e-21
4.561108667606554809e+04 2.450831417963740914e-20 4.316869592001532842e-21
4.562893550305879762e+04 1.955605884972699134e-20 4.462607563416372741e-21
4.564678422414785018e+04 2.833836194655553722e-20 4.425365016544970342e-21
4.566463283930129546e+04 2.443973523913056005e-20 4.372291209596272631e-21
4.568248134844992455e+04 2.130620042906530651e-20 4.351732854144545615e-21
4.570032975153653388e+04 2.940214542081546015e-20 4.263004345499561362e-21
4.571817804849057575e+04 3.023437118961399105e-20 4.220106777263678685e-21
4.573602623928129469e+04 3.089228995316974442e-20 4.441720913879066135e-21
4.575387432383887790e+04 3.371539437089974606e-20 4.677025161302033601e-21
4.577172230209311965e+04 4.596368826667681153e-20 4.578145851917345942e-21
4.578957017401864141e+04 5.783103220255430813e-20 4.243945239280092064e-21
4.580741793952666922e+04 9.637819180458054335e-20 4.933361478177012266e-21
4.582526559857269604e+04 1.287347255593439698e-19 5.449196107061378497e-21
4.584311315109902353e+04 1.493119269964394351e-19 5.772995109053697372e-21
4.586096059704884101e+04 1.246271496937691716e-19 5.474557615317846831e-21
4.587880793637147144e+04 7.584656599926378352e-20 4.748464783281057528e-21
4.589665516899639624e+04 4.650524706252639330e-20 4.821737213758874320e-21
4.591450229487878823e+04 3.016309505021506556e-20 4.669505495239598846e-21
4.593234931394885643e+04 2.959956073049542035e-20 4.617191256918180010e-21
4.595019623407038307e+04 2.647205215768029176e-20 4.598464229065190156e-21
4.596804376078625501e+04 3.709209179164750619e-20 4.238227838590831588e-21
4.598589140631945338e+04 2.344218878587199627e-20 4.446734809946908517e-21
4.600373894713508344e+04 3.005448468094322218e-20 4.373358670552715346e-21
4.602158638083322148e+04 2.793942048006077497e-20 4.538250707578782212e-21
4.603943370736965153e+04 2.844742926070504348e-20 4.607911273632574448e-21
4.605728092668708996e+04 3.262205582042934822e-20 4.474908190757929027e-21
4.607512803871461801e+04 2.075251351425894302e-20 4.478959287017730740e-21
4.609297504339412990e+04 3.687209603688121130e-20 4.602120055686342898e-21
4.611082194068796525e+04 2.285181624237031715e-20 4.551594916949135504e-21
4.612866873051250877e+04 2.407674240950910661e-20 4.720600782164655294e-21
4.614651541274313058e+04 1.469701968346778008e-20 4.588946900500173214e-21
4.616436197980121506e+04 1.454958670492302297e-20 4.696780930369816727e-21
4.618182291468262702e+04 9.441679815704797615e-21 4.581632210949390329e-21
4.619966924196988839e+04 2.018095379898096190e-20 4.768011702219507446e-21
4.621751546150982904e+04 1.683762577638460606e-20 4.503915369385882771e-21
4.623536157324468513e+04 2.314132711554699164e-20 4.513670668931719458e-21
4.625320757710929320e+04 3.019747010399180044e-20 4.244258509583842407e-21
4.627105347305910254e+04 2.374256060036317496e-20 4.293499207737660778e-21
4.628889926102981553e+04 2.670079482626963354e-20 4.136150879783361410e-21
4.630674494095653063e+04 1.370394350373419364e-20 4.238590193759885623e-21
4.632459051279399864e+04 3.028827272352754651e-20 4.556233036640165985e-21
4.634243597647142451e+04 2.919168734161917290e-20 4.613941954965605974e-21
4.636028133194411203e+04 1.266274006737099329e-20 4.403038453134089483e-21
4.637812657913952717e+04 3.094494531760207566e-20 4.193986916953583345e-21
4.639597171801373042e+04 3.872781573604314789e-20 4.419202131257060307e-21
4.641381674850187119e+04 3.634365811609747045e-20 4.661462133251606231e-21
4.643166167053825484e+04 3.758488749783049914e-20 4.437153221905775469e-21
4.644950648407165863e+04 2.518175098374660093e-20 4.597372956420924608e-21
4.646735118905075797e+04 3.503169680715273915e-20 4.748291595278364986e-21
4.648519578541683586e+04 2.483152578335603687e-20 4.631543963278318275e-21
4.650304027307766228e+04 2.323762700819969543e-20 4.568832938186157075e-21
4.652088465202916268e+04 2.636680612733636817e-20 4.667375586360508317e-21
4.653872892216569744e+04 2.603291211665312094e-20 4.670739040002700055e-21
4.655657308346168429e+04 3.789532437474515754e-20 4.562441879234985530e-21
4.657441713583929231e+04 2.213448769174335158e-20 4.352638960672227334e-21
4.659226107925341785e+04 3.357151532279788370e-20 4.518039285809847279e-21
4.661010491363102483e+04 3.103409365692942036e-20 4.515081797573677817e-21
4.662794863892788271e+04 2.609153095354463943e-20 4.734194260714149930e-21
4.664579225506522926e+04 2.886683590609572310e-20 4.818148960788996475e-21
4.666363576201049000e+04 3.078712975106164927e-20 4.854039569506736348e-21
4.668147915968530288e+04 2.518428776611285018e-20 4.513594210793434470e-21
4.669932244803786307e+04 2.729530979971338181e-20 4.653266628877889502e-21
4.671716562700888608e+04 3.496174559090421425e-20 4.542245010023672269e-21
4.673500869653961854e+04 2.163963206508327964e-20 4.377039488270633534e-21
4.675285165657843754e+04 2.693757500258006664e-20 4.283981622036992853e-21
4.677069450705258350e+04 2.397539983854491427e-20 4.444077708096215553e-21
4.678853724790295382e+04 2.603423428520130459e-20 4.293226276205967622e-21
4.680637987908464856e+04 2.854014879954197789e-20 4.301868567048416008e-21
4.682422240053179848e+04 2.013751223383559794e-20 4.516197100165681668e-21
4.684206481218479166e+04 2.996220174604181750e-20 4.749376353630668239e-21
4.685990711397861014e+04 2.892144575605375672e-20 4.928242500672138820e-21
4.687774930587442941e+04 2.667342913785077035e-20 4.706133606549306865e-21
4.689559138778519264e+04 2.806529969481593170e-20 4.588221999239761516e-21
4.691343335966628365e+04 2.380906902556303127e-20 4.693621785081057339e-21
4.693127522147200943e+04 2.750275580134774578e-20 4.629367832493236577e-21
4.694911697312870092e+04 2.110822059009548818e-20 4.500477372242782830e-21
4.696695861455777776e+04 2.549861656419033149e-20 4.664167237284625578e-21
4.698480014573383232e+04 2.481391002458955294e-20 4.429794855344695553e-21
4.700264156658989668e+04 2.494498434843022535e-20 4.396725220323913345e-21
4.702048287704709219e+04 1.789721169223565628e-20 4.651723726564333465e-21
4.703832407705974038e+04 2.148736483216995311e-20 4.427910919959829341e-21
4.705616516658122418e+04 2.972077677207497767e-20 4.630019344909436943e-21
4.707400614551199396e+04 2.402335041257337267e-20 4.370669140960521536e-21
4.709184701384696382e+04 2.030607566511382940e-20 4.166727542526665949e-21
4.710968777149221569e+04 2.545808976814695604e-20 4.353076155096735252e-21
4.712752841840195470e+04 2.365642383411291713e-20 4.631751392832793754e-21
4.714536895449001167e+04 3.350109819162285720e-20 4.559588379473020885e-21
4.716320937973000400e+04 3.285540511723955303e-20 4.863856006637689885e-21
4.718104969404212898e+04 2.683162537414292373e-20 4.778694403993481879e-21
4.719888989737394149e+04 1.361315328772794911e-20 4.537805263864819233e-21
4.721672998967880994e+04 2.982916323896435562e-20 4.866543814219900262e-21
4.723456997085630428e+04 2.656606362830156837e-20 4.488915210622183141e-21
4.725240984090143320e+04 2.671546836326711042e-20 4.454248863282219214e-21
4.727024959972005308e+04 2.689463413454459991e-20 4.681957277365806922e-21
4.728808924725221732e+04 2.894748451057628223e-20 4.430055097248852659e-21
4.730592878344539349e+04 2.749502366629280592e-20 4.463153287511413827e-21
4.732376820823254820e+04 2.350949326718742601e-20 4.570279942668662895e-21
4.734160752158060495e+04 2.008383850620027632e-20 4.577343841173076680e-21
4.735944672339633689e+04 3.091761633452872333e-20 4.579024147628922203e-21
4.737728581363298872e+04 2.600345004225029982e-20 4.544093715251746345e-21
4.739512479223015544e+04 1.605315941438706786e-20 4.431077214806678188e-21
4.741296365912173496e+04 2.761151555758645240e-20 4.732933555419957377e-21
4.743080241427435976e+04 1.644090376780767521e-20 4.454365130009700184e-21
4.744864105758689402e+04 2.547545307521504353e-20 4.577288901262128689e-21
4.746647958903375547e+04 2.563851021192059860e-20 4.687586343852568402e-21
4.748431800853405730e+04 2.509898706354385702e-20 4.831990531412738515e-21
4.750215631602721987e+04 2.673383669692742157e-20 4.648640810106870372e-21
4.751999451146725187e+04 3.402668564316564393e-20 4.724048970441033315e-21
4.753783259478668333e+04 2.697668340734066844e-20 4.770134083607208440e-21
4.755567056592489826e+04 3.702828681896118952e-20 4.571406481726437375e-21
4.757350842482215376e+04 2.898183970134243072e-20 4.829290214325692453e-21
4.759134617141771014e+04 3.102176161640268711e-20 4.726388596977390300e-21
4.760918380565082043e+04 1.059963088455397411e-20 4.339189169025419560e-21
4.762702132746170537e+04 3.103135378371793460e-20 4.683996441960030223e-21
4.764485873678261123e+04 2.866517681052186365e-20 4.812186404983447935e-21
4.766269603357320739e+04 2.855251310679720619e-20 4.805136621300279637e-21
4.768053321775315271e+04 2.973128699902574721e-20 4.877194917955459021e-21
4.769837028926132189e+04 3.066113957298604207e-20 4.769788512594581854e-21
4.771620724805063219e+04 3.644355148836979315e-20 4.931781806202884840e-21
4.773404409405416664e+04 3.088655544116082838e-20 4.836493085605122098e-21
4.775188082720379316e+04 3.287387746733019701e-20 4.953457155675875494e-21
4.776971744745247997e+04 2.443073576914886126e-20 4.610688946300191384e-21
4.778755395472635428e+04 3.559675750573355326e-20 4.794591170770349511e-21
4.780539034897752572e+04 2.482214870207282196e-20 4.886342852378949433e-21
4.782322663013856800e+04 3.487214428367960790e-20 5.005530900505760371e-21
4.784106279814224399e+04 2.512868407497073292e-20 4.993414789501522251e-21
4.785889885294045234e+04 3.709798916865365557e-20 5.016554574115005521e-21
4.787673479445908015e+04 3.410846563436497884e-20 4.948685783310586216e-21
4.789457062265104469e+04 3.587360273602280231e-20 4.844569858175362324e-21
4.791240633744087245e+04 2.734135021124675924e-20 4.838245704191004606e-21
4.793024193878854567e+04 2.827614858635741128e-20 4.388982265867922947e-21
4.794807742659233918e+04 3.127086698310813725e-20 4.699462996950699116e-21
4.796591280084462778e+04 3.384728013676315971e-20 4.989978154544703176e-21
4.798374806143740716e+04 3.356781937949648867e-20 5.333803803370038661e-21
4.800158320834370534e+04 3.350132236081056683e-20 5.001203257992919551e-21
4.801941824148753221e+04 1.944788590841243729e-20 5.046278015341165973e-21
4.803725316080188350e+04 2.339601659203257393e-20 5.153069869461351260e-21
4.805508796623896342e+04 2.816464919044780109e-20 4.904593817579041782e-21
4.807292265771613893e+04 3.890156564109440055e-20 4.932143352280370378e-21
4.809075723519345047e+04 2.373938679571063540e-20 4.919587872384898417e-21
4.810859169860237307e+04 1.740125770017478200e-20 5.202790339128311302e-21
4.812642604788776953e+04 1.784714654103993604e-20 5.004085942674973915e-21
4.814426028297533048e+04 2.322750334780136792e-20 5.143711353573350908e-21
4.816209440380987508e+04 2.632091141860211486e-20 4.735420870430995545e-21
4.817992841032962315e+04 3.939322724805426224e-20 5.001972166577689067e-21
4.819776230247354397e+04 2.753402422728682549e-20 4.804349663829941898e-21
4.821520678962437523e+04 2.662918323884989753e-20 4.982243436310213316e-21
4.823304041303008125e+04 3.885095797611285971e-20 4.755171293692112295e-21
4.825087392922395520e+04 2.653076262606406758e-20 4.954254301978968747e-21
4.826870733087505505e+04 2.022651784398194615e-20 5.225488807209689329e-21
4.828654061771505803e+04 2.471817557419928975e-20 5.256643226551725833e-21
4.830437376604184101e+04 3.273558733057945104e-20 5.347223623609365301e-21
4.832220574822545314e+04 4.156062327385835047e-20 5.476716635741696955e-21
4.834003760397557198e+04 4.613495533795148910e-20 5.892751530423418286e-21
4.835786934481254139e+04 2.906300874657060102e-20 5.262597773727569193e-21
4.837570097068747418e+04 2.235249209443774780e-20 5.186928517838958451e-21
4.839353248151922890e+04 2.833254258639587681e-20 4.968557445849014334e-21
4.841136387725150416e+04 1.433918974810640394e-20 4.714998567735580820e-21
4.842919515781608789e+04 2.363714302482958106e-20 4.935035797704268987e-21
4.844702632317092502e+04 2.066073990173033732e-20 5.103224097017457418e-21
4.846485737322024943e+04 1.963357679424497972e-20 5.199544504148368457e-21
4.848268830793541565e+04 1.930080907756731124e-20 5.098101070283786453e-21
4.850051912724122667e+04 2.505755391598099181e-20 5.026431667886981270e-21
4.851834983106806612e+04 3.561762540301226839e-20 5.175086973850265688e-21
4.853618041936757072e+04 3.274281525374854641e-20 5.230735334014322960e-21
4.855401089206423785e+04 3.050483255716806711e-20 5.332662496081864091e-21
4.857184124911471736e+04 2.802477455330689271e-20 5.508397442010031103e-21
4.858967149042458186e+04 2.938365586971877018e-20 5.728828303676981864e-21
4.860750161595729151e+04 4.311653200810441074e-20 5.211088077346260867e-21
4.862533162565703969e+04 3.176866400455416180e-20 5.529968585282673708e-21
4.864316151943543082e+04 4.653703026473016337e-20 5.495031262995510217e-21
4.866099129724213708e+04 1.810031650011696772e-20 5.174936304483152533e-21
4.867882095901540742e+04 2.545715470823568322e-20 5.248599655963659432e-21
4.869665050469935522e+04 2.722042439970966216e-20 5.253059461620293550e-21
4.871447993422391301e+04 2.503341728443628922e-20 5.422021880489569408e-21
4.873230924751395651e+04 2.628801090615170723e-20 5.664333099776840797e-21
4.875013844453288766e+04 2.613376736962060385e-20 5.392028415018045350e-21
4.876796752519139409e+04 2.902868577191647530e-20 5.419683774194288001e-21
4.878579648946016823e+04 2.734321689341680999e-20 5.279229990741768558e-21
4.880362533723634260e+04 2.355011228429016578e-20 5.257865528495010285e-21
4.882145406848337734e+04 3.259800676132476661e-20 5.550216425798205544e-21
4.883928268313246372e+04 3.185139097965829530e-20 5.660844670117497160e-21
4.885711118111986434e+04 2.674462395788494971e-20 5.205285976184934635e-21
4.887493956238974351e+04 1.997093568607285583e-20 5.249091974914036016e-21
4.889276782686587831e+04 1.791112144007648626e-20 5.159194901932839618e-21
4.891059597440926882e+04 2.537751016686170039e-20 5.373484616168397531e-21
4.892842399787543400e+04 3.808770833471121496e-20 5.399452404451055143e-21
4.894586131596332416e+04 2.122931374377818357e-20 5.362054347506532490e-21
4.896368908020117669e+04 2.127563764176370534e-20 5.274714812302124000e-21
4.898151672733430314e+04 2.935503708059676658e-20 5.629981633757735483e-21
4.899934425730516523e+04 2.985798005499780158e-20 5.230924714700436445e-21
4.901717167005845840e+04 2.080756318855975447e-20 5.478181218833822114e-21
4.903499896549636469e+04 2.845794401545225056e-20 5.038489791629975704e-21
4.905282614357562852e+04 3.376274329071758595e-20 5.268483393456174355e-21
4.907065320424042875e+04 3.300494109106170146e-20 5.094255022873467521e-21
4.908848014741974475e+04 2.872992701915476002e-20 5.270445942013722276e-21
4.910630697305733338e+04 3.122260880926133575e-20 5.353629971973412174e-21
4.912413368107641872e+04 1.510656179511768398e-20 5.631183656149348228e-21
4.914196027140550723e+04 2.345084552210886524e-20 5.640415937295561550e-21
4.915978674401625176e+04 3.108322933810030078e-20 5.675839233308844578e-21
4.917761309881049965e+04 2.078439017349601506e-20 5.414800751910808906e-21
4.919543933573798131e+04 -4.808665641216293380e-21 5.252373491881402690e-21
4.921326545474249724e+04 3.411295838300717515e-20 5.401987246025234719e-21
4.923109145574584545e+04 2.888284343370917172e-20 5.631662464667604853e-21
4.924891733870524331e+04 2.105443076597319115e-20 5.531760893948291444e-21
4.926674310352982866e+04 2.657814865753583022e-20 5.668437315642699488e-21
4.928456875016840058e+04 3.247963388772293486e-20 5.450707050663393166e-21
4.930239427856500697e+04 4.033280155517746514e-20 5.563398158877474197e-21
4.932021968864148948e+04 2.685886847126295426e-20 5.453303816097135597e-21
4.933804498034066637e+04 2.713331411031492086e-20 5.572218441247091924e-21
4.935587015361275553e+04 2.966887029021814183e-20 5.537145365802458676e-21
4.937369520835863659e+04 1.214467542351990223e-20 5.210705006832219879e-21
4.939152014454916207e+04 3.031492649600272450e-20 5.449363540523108724e-21
4.940934496209963982e+04 2.684026652215811086e-20 5.364748731878374685e-21
4.942716966095212410e+04 2.379961634012400361e-20 5.676723281832346444e-21
4.944499424104335048e+04 2.828191256929634401e-20 5.600997020877672332e-21
4.946281870230823552e+04 3.110938044784025595e-20 5.608778161888905291e-21
4.948064304469648778e+04 2.557905687395150615e-20 5.633191942153068503e-21
4.949846726811017288e+04 3.978722704200365112e-20 5.603650226221421850e-21
4.951629137251787324e+04 2.084655376916749715e-20 5.541683591510356044e-21
4.953411535782911960e+04 2.911733034442330507e-20 5.493370239511536547e-21
4.955193922399931034e+04 2.956657594267335096e-20 5.444266462651059976e-21
4.956976297095710470e+04 2.429097975582488723e-20 5.752346289956864090e-21
4.958758659863867797e+04 3.713884974232690859e-20 5.948744215739205253e-21
4.960541010697828460e+04 2.348896752261103300e-20 5.764518710378712543e-21
4.962323349591920123e+04 2.164904960757521311e-20 5.624200003070080649e-21
4.964105676537610270e+04 2.274060674510788708e-20 5.542499742035931900e-21
4.965887991530430736e+04 3.680020088645799113e-20 5.618070346949885305e-21
4.967670294563315110e+04 2.687595140161151597e-20 5.638600568587653703e-21
4.969452585629684472e+04 1.736565889835219630e-20 5.684887377553650352e-21
4.971234864723138890e+04 2.474939788810570511e-20 5.552477372649806684e-21
4.973017131837190391e+04 2.852150444536209941e-20 5.076418144935531410e-21
4.974799386965286976e+04 3.149220020852452794e-20 5.202917353368077072e-21
4.976581630100357143e+04 2.788358866617290036e-20 5.629490959686999512e-21
4.978363861237851233e+04 2.109481677791037156e-20 5.148561949468595117e-21
4.980146080368610274e+04 3.646550201898786269e-20 5.510589712022665206e-21
4.981928287488183560e+04 3.580124458139103432e-20 5.472959847752447422e-21
4.983710482589302410e+04 3.393583857742296621e-20 5.675076033441713467e-21
4.985492665664878587e+04 2.923193398977692086e-20 5.520542699656043137e-21
4.987274836709682131e+04 8.688806058096424766e-21 5.444705648193688633e-21
4.989056995715865924e+04 2.304167231364112344e-20 5.625903306264100460e-21
4.990839142678302596e+04 2.232262147346944501e-20 5.615001660484761360e-21
4.992621277589006786e+04 2.110126730884138229e-20 5.562814334226485902e-21
4.994403400441562553e+04 2.931143667442383960e-20 5.781010200712266320e-21
4.996185511231394776e+04 2.607540950659267840e-20 5.702965440139238042e-21
4.997967609950629412e+04 3.247204916477862564e-20 5.468128456482341225e-21
4.999749696592769760e+04 4.349464600586714092e-20 5.403171966927308478e-21
5.001531771151162684e+04 2.796587821755477418e-20 5.552875085145228382e-21
5.003313833618698118e+04 2.774866413016657016e-20 5.686335537843657120e-21
5.005095883990098810e+04 2.785757882249710532e-20 5.821855324456647745e-21
5.006877922257477621e+04 3.906165088956028660e-20 5.738327089003513640e-21
5.008659948414988321e+04 4.053386052437863791e-20 5.885259037510384188e-21
5.010441962455282919e+04 3.422471061134197177e-20 5.977849991516479952e-21
5.012223964373939816e+04 3.406304397385204342e-20 5.975587235150085542e-21
5.014005954162949638e+04 2.890190903346935365e-20 5.796929325876565034e-21
5.015787931815086631e+04 3.150567552678389624e-20 5.810856813025901740e-21
5.017569897324481281e+04 3.424995418366197389e-20 5.558967583814153799e-21
5.019351850684447709e+04 4.061973198168611218e-20 6.034186776481541091e-21
5.021133791888509586e+04 2.024027466751263175e-20 5.872353980723171685e-21
5.022915720929985400e+04 2.867113035711715558e-20 5.685335927609025860e-21
5.024697637802994723e+04 3.632101162276946285e-20 5.947652524351255578e-21
5.026479542498926457e+04 4.755056871296830297e-20 6.131910342466561759e-21
5.028261435013119626e+04 3.108131980906913319e-20 6.045786391591918960e-21
5.030043315338394314e+04 2.390868622049286939e-20 5.751024533235598576e-21
5.031825183468036994e+04 3.220937345062588117e-20 5.888555659245981495e-21
5.033607039395491302e+04 2.130785145923594633e-20 5.814932033788917113e-21
5.035388883114804048e+04 2.154616278155153272e-20 5.578754029289364622e-21
5.037170714617944031e+04 2.880287242539055931e-20 5.471978293830982232e-21
5.038952533898375987e+04 2.004834216383916140e-20 5.530294347637703933e-21
5.040734340950693877e+04 2.059827148465685885e-20 5.825865108292649978e-21
5.042516135767684318e+04 1.544164982931517023e-20 5.794824250929015729e-21
5.044297918343335186e+04 3.891790842484325192e-20 6.271008172840575139e-21
5.046079688668283052e+04 3.354296426007567718e-20 5.779791330544607618e-21
5.047861446739999519e+04 2.093332610917543312e-20 5.606494756860807971e-21
5.049643192547644867e+04 3.424998101762224038e-20 5.352364037408338296e-21
5.051424926088741631e+04 3.992916126760131284e-20 5.807807256205127472e-21
5.053206647353175504e+04 2.679031522040657317e-20 5.840381974728129680e-21
5.054988356335645949e+04 3.094426068591972336e-20 5.827871507559847284e-21
5.056770053030189592e+04 3.038908248999280427e-20 5.819783720461955348e-21
5.058551737429365312e+04 1.787801217157076237e-20 5.820378564791218137e-21
5.060333409524901799e+04 2.252993656028147615e-20 5.994669425208666942e-21
5.062075694531535555e+04 3.071328931409824822e-20 6.037249895421565153e-21
5.063857338784411695e+04 3.156278967797837375e-20 6.152725206401663489e-21
5.065638976077146071e+04 3.236150004746439074e-20 6.060701193748473852e-21
5.067420630850912858e+04 2.462274731409323259e-20 5.909834089309584107e-21
5.069202273620966298e+04 3.216411087836986373e-20 5.909328160176933776e-21
5.070983904049109697e+04 2.734331251466657230e-20 5.979284375728779159e-21
5.072765522126797441e+04 2.407267630004360408e-20 5.996236180786794250e-21
5.074547127848499076e+04 3.208833341875940686e-20 6.217102544987945073e-21
5.076328721206268528e+04 2.642685067311730629e-20 5.742521575794763986e-21
5.078110302194002725e+04 2.654281989283257561e-20 5.954730814857841799e-21
5.079891870804956852e+04 1.742669301119821814e-20 6.082759689786261512e-21
5.081673427032466861e+04 3.047423106088560851e-20 6.035324217981111076e-21
5.083454970870346733e+04 2.661959053901955838e-20 6.358821278678170065e-21
5.085236502310007199e+04 2.766568896592882367e-20 6.383749307811738377e-21
5.087018021347205649e+04 2.726273539066531491e-20 6.088244724580813600e-21
5.088799527972668875e+04 4.514885840201944317e-20 6.382342294048545244e-21
5.090581022182223387e+04 2.611079895267223848e-20 6.298413319932061325e-21
5.092362503967132216e+04 2.203640810174150259e-20 6.161559924626872468e-21
5.094143973321987141e+04 3.388692613592532543e-20 6.305035345369238690e-21
5.095925430237995170e+04 1.897378549237329191e-20 6.327694181922772698e-21
5.097706874711056298e+04 4.009796306309964554e-20 6.238658367394156502e-21
5.099488306731748162e+04 2.511075719669057384e-20 6.166779346045985141e-21
5.101269726295260625e+04 1.608990738930007587e-20 5.925981932944468807e-21
5.103051133394188946e+04 3.437769399328298251e-20 6.336640290027611445e-21
5.104832528021676262e+04 3.683097760468374507e-20 6.679111548861403065e-21
5.106613910171020689e+04 3.003296338999718579e-20 6.325767525585735697e-21
5.108395279835321708e+04 2.628466687504434313e-20 6.131522537147176648e-21
5.110176637007213867e+04 1.801912775998939189e-20 6.315021288460386025e-21
5.111957981680497323e+04 2.423754968104521643e-20 6.327731142967220147e-21
5.113739313849683094e+04 2.432037389895574122e-20 6.546897064095571186e-21
5.115520633505380101e+04 2.870659844873939419e-20 6.416723116876406273e-21
5.117301940642644331e+04 2.318782695519821531e-20 6.385352116508846753e-21
5.119083235254098690e+04 2.709780262371109976e-20 6.468413236990379350e-21
5.120864517324489861e+04 1.307677921303748529e-20 6.070327020535297233e-21
5.122645786189881619e+04 3.451538737807649965e-20 6.202986270424402713e-21
5.124387553735139954e+04 3.257120541261143682e-20 6.181970862214593174e-21
5.126168794896651525e+04 2.749018974795925338e-20 6.278316388385649981e-21
5.127950023499196686e+04 3.487955270827774391e-20 6.032809567414816607e-21
5.129731239532588370e+04 1.761353673200302364e-20 6.296903775103296163e-21
5.131512442993357399e+04 3.076216651761468146e-20 6.035127614427090471e-21
5.133293633872563078e+04 2.261339295709214199e-20 6.455171808393202842e-21
5.135074812164790637e+04 2.983783036398017282e-20 6.311571308105741858e-21
5.136855977861698921e+04 3.278353350435408200e-20 6.477552725057025336e-21
5.138637130957886984e+04 1.226216375136785999e-20 5.937606319392200698e-21
5.140418271445054415e+04 2.975845830022495255e-20 5.882999144491125912e-21
5.142199399317036296e+04 2.476458910323629840e-20 6.050232574354317912e-21
5.143980514566943020e+04 3.181856516677684263e-20 6.455230968475973717e-21
5.145761617187856609e+04 2.725213723786441085e-20 6.205803876266125461e-21
5.147542707173628878e+04 2.313480256722985303e-20 6.172297681227984201e-21
5.149323784515231091e+04 2.609973250323806916e-20 6.304136496636337545e-21
5.151104849208586529e+04 3.594111855637805880e-20 6.544456604307155848e-21
5.152885901244646084e+04 2.383860877358231504e-20 6.136483914562122483e-21
5.154666940617273940e+04 2.669803524438511420e-20 6.187986106612973107e-21
5.156447967320173484e+04 3.335380517416844572e-20 6.336102144490885369e-21
5.158228981344418571e+04 1.782662186523707209e-20 6.350114449038312178e-21
5.160009982685132854e+04 2.926701693851508586e-20 6.382703113252539505e-21
5.161790971333980997e+04 3.166412470832498071e-20 6.500864825246082040e-21
5.163571947286146315e+04 3.400875273228205381e-20 6.914992367822467303e-21
5.165352910532541136e+04 2.967628700627316180e-20 6.479043355358475601e-21
5.167133861067039834e+04 2.716389174469245677e-20 6.479835314592614646e-21
5.168914798881910974e+04 2.581704818694382154e-20 6.655347727689742142e-21
5.170695723971628468e+04 3.425794249066848849e-20 6.654924560377113544e-21
5.172476636328524910e+04 3.041682450206527259e-20 6.376990186618667463e-21
5.174257535945649579e+04 2.213064341320106692e-20 6.080804726685903008e-21
5.176038422816064849e+04 1.971145642310871505e-20 6.099163865764591777e-21
5.177819296931405552e+04 1.896389934840412866e-20 6.834833698070045946e-21
5.179600158288146486e+04 1.852008749557715218e-20 6.447455357144416711e-21
5.181381006876497850e+04 3.050008765309672332e-20 6.454169457616312803e-21
5.183161842688946490e+04 2.203089740092017467e-20 6.438515728401410780e-21
5.184942665721078811e+04 1.953092609117697833e-20 6.123901571558067021e-21
5.186723475963976671e+04 3.771090885867930961e-20 6.495090049598003482e-21
5.188504273412605107e+04 3.233506349808340247e-20 6.738990644110287698e-21
5.190285058057973947e+04 3.044839584899619180e-20 6.700976336856370761e-21
5.192065829892420879e+04 4.641560597095891298e-21 6.198688307547109822e-21
5.193846588911583240e+04 2.001722987271623823e-20 6.558312323469155160e-21
5.195627335106507235e+04 6.972982611861620674e-21 6.518649940046732308e-21
5.197408068472084415e+04 2.092809037304298250e-20 6.025766414672462789e-21
5.199188788998064410e+04 1.223536860723278324e-20 6.268228553058526964e-21
5.200969496679973236e+04 2.992393945174478585e-20 7.584501221449101817e-21
