1.699501044984906912e+04 7.774040212150219572e-19 2.123946882946034836e-20
1.700567491223017714e+04 7.106108104420091509e-19 1.240142065563782839e-20
1.701633934223640244e+04 7.257300197223626336e-19 1.265161174908298491e-20
1.702700373984903490e+04 7.433237957448825429e-19 1.313928037024683510e-20
1.703766810492441437e+04 7.339477524750921058e-19 1.312518353610552049e-20
1.704833242729121048e+04 7.161897594052113669e-19 1.319281503125973214e-20
1.705921245214775627e+04 7.473569800538873270e-19 1.321468980799062407e-20
1.706987673934359918e+04 7.377049869817715825e-19 1.293825272994875500e-20
1.708054099397887694e+04 7.721908176260325862e-19 1.309606732613986879e-20
1.709120521602961526e+04 7.054661155936570355e-19 1.271250408911505791e-20
1.710186940546302139e+04 7.252552983399147416e-19 1.272846467328395535e-20
1.711253356224038725e+04 7.717240765743704599e-19 1.281716544464046696e-20
1.712319768633615968e+04 7.548204095236082109e-19 1.296854382207085558e-20
1.713386177772106748e+04 7.140291566479231106e-19 1.251422675375325719e-20
1.714452583636395502e+04 7.235574048617329670e-19 1.291319959617703257e-20
1.715518986223156026e+04 7.372751506329013478e-19 1.283303419437036440e-20
1.716585385529099585e+04 7.355073778468074896e-19 1.310110276713077389e-20
1.717651781551501335e+04 7.353900029590511731e-19 1.281162262418718321e-20
1.718718174287063084e+04 7.334810019007546882e-19 1.297241231764264915e-20
1.719784563732863171e+04 7.626605018388617511e-19 1.333395775801605872e-20
1.720850949885414229e+04 7.375418808154707446e-19 1.318290095451093008e-20
1.721917332741030987e+04 7.308390538729046570e-19 1.328171791110519817e-20
1.722983712297922102e+04 7.161561358757913322e-19 1.300583024285209205e-20
1.724050088552624948e+04 7.242633734263292266e-19 1.293584656024876056e-20
1.725116461501848607e+04 7.530233244705580008e-19 1.249569113775202251e-20
1.726182831142298528e+04 7.185779271975984489e-19 1.234384425123687582e-20
1.727249197471254593e+04 7.351429034740264391e-19 1.281749587168555236e-20
1.728315560485619426e+04 7.418704889835256152e-19 1.312138223799400253e-20
1.729381920181508758e+04 7.336374303760085462e-19 1.301940642556868902e-20
1.730448276557172358e+04 7.510464168523325648e-19 1.351936075720445622e-20
1.731514629608184623e+04 7.589724767743368209e-19 1.344386020002846143e-20
1.732580979331834533e+04 7.348068110708650117e-19 1.295500167480252291e-20
1.733647325725601331e+04 7.549546956661832239e-19 1.303299156440236579e-20
1.734713668785819755e+04 7.432036129378045423e-19 1.314226869625754361e-20
1.735780008510163680e+04 7.224637131440454412e-19 1.311180753506412280e-20
1.736846344894366121e+04 7.346336358321238024e-19 1.260741836521689209e-20
1.737912677936512773e+04 7.368827599306469085e-19 1.263829287531131431e-20
1.738979007632171488e+04 7.115134625148646388e-19 1.253546802153815920e-20
1.740045333979605857e+04 7.104486501277266596e-19 1.252127548483247385e-20
1.741111656974955986e+04 7.726913424142778128e-19 1.252564745785036862e-20
1.742177976615139414e+04 7.307233654901256332e-19 1.225370743738667988e-20
1.743244292897844934e+04 7.414904319758807655e-19 1.253617964502593523e-20
1.744310605819189004e+04 7.141860658062052122e-19 1.233701435243861352e-20
1.745376915375924727e+04 7.342198519739205824e-19 1.210990530880785663e-20
1.746443221565164276e+04 7.541586324658332213e-19 1.206927419472038814e-20
1.747509524384412725e+04 7.643064863558100272e-19 1.275600327764208619e-20
1.748575823830397712e+04 7.601626858513307086e-19 1.251871784471638942e-20
1.749642119900043690e+04 7.509813101689850351e-19 1.251279288693617700e-20
1.750708412589497675e+04 7.569382388731826082e-19 1.243741860256707633e-20
1.751774701896435727e+04 7.636654377834825878e-19 1.267756792916723041e-20
1.752840987817810674e+04 7.111054825282219334e-19 1.217986566296122292e-20
1.753907270349772079e+04 7.340561275524331745e-19 1.222079566149632856e-20
1.754973549490615187e+04 6.957022064969228573e-19 1.170363196638771929e-20
1.756039825236293473e+04 7.436098794554349981e-19 1.210524247117671565e-20
1.757106097583934388e+04 6.959535987056655857e-19 1.167148470962618147e-20
1.758172366530471481e+04 6.995346145310994006e-19 1.162610829736977444e-20
1.759238632073013287e+04 7.162413706763348596e-19 1.120701634945347881e-20
1.760304894207526741e+04 6.930584247794583062e-19 9.977997909954035433e-21
1.761371152931935285e+04 7.153271493976377876e-19 1.102871042209402017e-20
1.762437408243568643e+04 7.090498557559073690e-19 1.180676856942924524e-20
1.763503660138187479e+04 7.205209497881720478e-19 1.201139735491892011e-20
1.764569908614106316e+04 7.221118751199174249e-19 1.165925362935007456e-20
1.765636153666889368e+04 7.445761748392985643e-19 1.173601197152786112e-20
1.766702395294059170e+04 7.428833820686079198e-19 1.179229328124709247e-20
1.767768633492744630e+04 7.183191983817532427e-19 1.155482150244270412e-20
1.768834868259711584e+04 7.117734233080305340e-19 1.154879515392921842e-20
1.769901099592102400e+04 7.504000369535543855e-19 1.157744902662288007e-20
1.770967327486467548e+04 7.299733504949539393e-19 1.119694844901553208e-20
1.772033551939951576e+04 7.439828828305707014e-19 1.144408790415063275e-20
1.773099772949303951e+04 7.744927036899911211e-19 1.177316032837091547e-20
1.774165990513403449e+04 8.814704849944290745e-19 1.252052218603984292e-20
1.775232216692590373e+04 9.309197222407888013e-19 1.303846327357568723e-20
1.776298443319105718e+04 9.043672031080687940e-19 1.251049778791891583e-20
1.777364666489134834e+04 8.237394704255264429e-19 1.218558833704556779e-20
1.778430886199632369e+04 7.664572527803677024e-19 1.136968166577746987e-20
1.779497102447552606e+04 7.333860785386529344e-19 1.112242808912050611e-20
1.780563315230643639e+04 7.251922352174124588e-19 1.127730367234527237e-20
1.781629524545465756e+04 7.249888368348763120e-19 1.110516613621847080e-20
1.782695730387981894e+04 7.392304196268940769e-19 1.121843201182046173e-20
1.783761932756715396e+04 7.420965831476000027e-19 1.105008213417000831e-20
1.784828131647657938e+04 6.839806688508154903e-19 1.069846871274174006e-20
1.785894327057369082e+04 7.087477333563511038e-19 1.084895432211573271e-20
1.786960518984207010e+04 6.976550633799827508e-19 1.100832060596894698e-20
1.788026707424137567e+04 6.984084552460011450e-19 1.088531255385070444e-20
1.789092892374122675e+04 7.520275672566400632e-19 1.103925108821694249e-20
1.790159073831327623e+04 7.020858388292548962e-19 1.090208981496454915e-20
1.791225251792716881e+04 6.618622379171206064e-19 1.097484124547630439e-20
1.792291426255433544e+04 7.421361769896521137e-19 1.106032791211934643e-20
1.793357597216068825e+04 7.259364621034378893e-19 1.106102852687898673e-20
1.794423764671792014e+04 7.516361919488804193e-19 1.090108617358377291e-20
1.795489928619773855e+04 7.548305470095614607e-19 1.134510558804899121e-20
1.796556089056984638e+04 7.121296732129214627e-19 1.084265873634867813e-20
1.797622245979794025e+04 7.333164926679543828e-19 1.087320941161415228e-20
1.798688399385978482e+04 6.834316987984677253e-19 1.042027766060221795e-20
1.799754549272108852e+04 6.943529407690535523e-19 1.079804505837244501e-20
1.800820695634740332e+04 7.234785200075244232e-19 1.105826794058739033e-20
1.801886838471463489e+04 7.395646227033409935e-19 1.115292832796451261e-20
1.802952977778857894e+04 7.179221748207238936e-19 1.095138273712634969e-20
1.804019113554104842e+04 6.993722449558292186e-19 1.107680081860394553e-20
1.805085245794585353e+04 6.966392322647405518e-19 1.109142704617355344e-20
1.806151374495864366e+04 7.389524152841671619e-19 1.127050106168878487e-20
1.807217499656741347e+04 7.647206983894886817e-19 1.122631632760200038e-20
1.808283621273594326e+04 7.526928100353239837e-19 1.107857225872847854e-20
1.809349739342383691e+04 7.517478585575268308e-19 1.149270203600035053e-20
1.810415853861705182e+04 7.705923007296329834e-19 1.126189473820235336e-20
1.811481964827547199e+04 7.761600791124898825e-19 1.133238598896881371e-20
1.812548072237300221e+04 7.817850907047913696e-19 1.146489778094957423e-20
1.813614176087749365e+04 7.759914130244725990e-19 1.148672582033397557e-20
1.814680276375879475e+04 7.739031303528092161e-19 1.134329583850102634e-20
1.815746373098274125e+04 7.874945265623449394e-19 1.161743593331781891e-20
1.816812466252735976e+04 7.695025034500828421e-19 1.133871549618882217e-20
1.817878555835848965e+04 7.828330097895862213e-19 1.134526468305437373e-20
1.818944641844184298e+04 7.730219079144857180e-19 1.165191496747687216e-20
1.820010724275549364e+04 8.063680261272581886e-19 1.164329987827270754e-20
1.821076803126543018e+04 8.057946243481442663e-19 1.209107733254567474e-20
1.822142878394157742e+04 8.119413873791209981e-19 1.258565655881583986e-20
1.823208950074978929e+04 8.839622727413403515e-19 1.329114029680968690e-20
1.824275018166823793e+04 8.501264044940547217e-19 1.282972549977428425e-20
1.825341082666071816e+04 8.800976616282811646e-19 1.263333241645824715e-20
1.826407143569721666e+04 8.936163398892263976e-19 1.224933897733353367e-20
1.827473200874978284e+04 8.938576187669524903e-19 1.229074483557020877e-20
1.828539254579241242e+04 9.527795530445441976e-19 1.224532835038798849e-20
1.829605304679099208e+04 9.597071887843239490e-19 1.206511610462386542e-20
1.830671351171358037e+04 1.001254757761664422e-18 1.232876726028288690e-20
1.831737394053022217e+04 9.944509265336144556e-19 1.226224624944000392e-20
1.832803433321712146e+04 1.049722617577000129e-18 1.265086078362182747e-20
1.833869468974020856e+04 1.083494020394144703e-18 1.254679127799333054e-20
1.834935501006952836e+04 1.091104680812118172e-18 1.238300698341602959e-20
1.836001529417514394e+04 1.093130945315321062e-18 1.262872808313498910e-20
1.837067554202713291e+04 1.178907063510649708e-18 1.286143147280208937e-20
1.838133575359556926e+04 1.200741581731496259e-18 1.314634930809662022e-20
1.839199592885034872e+04 1.263678287622491506e-18 1.332712611995784152e-20
1.840265606776174172e+04 1.277439842107613347e-18 1.320077402123087464e-20
1.841331617029987319e+04 1.271097886822260680e-18 1.332606578294729298e-20
1.842397623643486804e+04 1.381886183382616428e-18 1.382897729923693656e-20
1.843463626613683664e+04 1.540192928161927384e-18 1.439302689813457377e-20
1.844529625937176752e+04 1.768090453080079725e-18 1.546305169192496377e-20
1.845595621611810202e+04 2.006775550281364323e-18 1.656153104086379960e-20
1.846661613634183595e+04 2.622925362998730734e-18 1.858686780003973994e-20
1.847727602001313790e+04 4.275219363409015349e-18 2.359688453505470051e-20
1.848793586710215095e+04 6.161929796224486535e-18 2.881564350698508424e-20
1.849859567757888726e+04 5.673066714732757520e-18 2.743196355639596680e-20
1.850925545141788098e+04 4.069451872169134885e-18 2.266227597120969445e-20
1.851991518858100244e+04 2.542259408768878490e-18 1.794373052752216304e-20
1.853057488904678394e+04 2.032054916278786633e-18 1.620342736031381634e-20
1.854123455277917674e+04 2.324923230896657030e-18 1.730568539467215844e-20
1.855189417974631579e+04 2.597348185170555291e-18 1.888219722500676920e-20
1.856255376993096797e+04 2.265302098876014583e-18 1.680307799292871000e-20
1.857321332328872450e+04 1.748710034323241608e-18 1.466727252796973854e-20
1.858387283979612403e+04 1.307157195294981575e-18 1.295319358732696173e-20
1.859453231942758430e+04 1.232166324014797192e-18 1.296751264062961110e-20
1.860519176214065010e+04 1.147815168723799061e-18 1.263734976499307598e-20
1.861585116792248300e+04 1.093197080673321163e-18 1.228809618333750807e-20
1.862651053673291244e+04 1.160751007043758146e-18 1.245655370348352562e-20
1.863716986854643255e+04 1.094250010160955027e-18 1.220235925010276701e-20
1.864782916332700552e+04 1.118281365775546770e-18 1.231085115205039563e-20
1.865848842105338190e+04 1.099081019918458812e-18 1.201172321197812102e-20
1.866914764168742840e+04 1.110630823233611800e-18 1.254713527832218156e-20
1.867980682520368646e+04 1.079946805461010991e-18 1.199956167846100140e-20
1.869046597157247379e+04 1.018476624923507130e-18 1.189646272326278200e-20
1.870112508076413360e+04 9.833817818332081686e-19 1.167384978298036223e-20
1.871178415274900544e+04 9.498327032878968778e-19 1.157856429666271594e-20
1.872244318750150342e+04 9.458037300309415464e-19 1.171987371550707754e-20
1.873310218498369431e+04 9.512374217729058714e-19 1.192942856362505378e-20
1.874376114517229507e+04 9.291916185126325553e-19 1.184472924828431559e-20
1.875442006803344339e+04 8.831513242375825792e-19 1.139359214348163701e-20
1.876507895354389257e+04 8.998569124718465127e-19 1.149709977437519279e-20
1.877573780166979486e+04 8.513330762101222969e-19 1.112607416084126921e-20
1.878639661237942710e+04 8.621480102612191447e-19 1.140106834641531040e-20
1.879705538564743983e+04 8.371127129987041840e-19 1.104303253198200545e-20
1.880771412143786438e+04 8.495773140777146760e-19 1.098648100342129243e-20
1.881837281972965502e+04 9.091486256827881848e-19 1.145090292771111891e-20
1.882903148048470030e+04 8.399239971987218841e-19 1.107873609305340593e-20
1.883969010367763622e+04 8.465346736455910603e-19 1.136109564187872653e-20
1.885034868927888965e+04 8.747440917118103442e-19 1.144186287534073356e-20
1.886100723726113574e+04 8.271125643040667704e-19 1.087866753954005097e-20
1.887166574759484502e+04 7.991937761984238976e-19 1.021142916122708292e-20
1.888232422025048072e+04 7.989462085208121962e-19 1.023030109492503902e-20
1.889298265519855340e+04 8.413895749794919774e-19 1.036174551218972594e-20
1.890364105240096251e+04 9.072616889964908055e-19 1.084050469659256145e-20
1.891429941183248957e+04 1.078389630860787434e-18 1.200969473911380265e-20
1.892495773347433351e+04 1.259188096148416986e-18 1.312663694746259110e-20
1.893561601727986636e+04 1.297760602465624814e-18 1.338819736371716079e-20
1.894627426323031250e+04 1.229186781798735312e-18 1.255838580095389102e-20
1.895693247129191150e+04 1.218939955863009371e-18 1.266781916842718593e-20
1.896759064144157674e+04 1.248643499599410993e-18 1.312410691962195858e-20
1.897824877364549684e+04 1.174064687763236469e-18 1.281424538441102529e-20
1.898890686787431696e+04 9.942021698890152731e-19 1.158703322782861318e-20
1.899956492409644488e+04 8.083619983282370851e-19 1.028920623444856404e-20
1.901022294228674582e+04 7.627105586826847836e-19 1.014862154090635284e-20
1.902088092240932383e+04 7.331562735388122273e-19 9.915546130920249278e-21
1.903153886444551972e+04 7.345207802275771754e-19 1.007120845660497741e-20
1.904219676835729115e+04 7.502610660702593737e-19 9.978432439164426410e-21
1.905285463411739693e+04 7.523493404045554644e-19 9.946614537607709931e-21
1.906351246169425576e+04 7.145012307062861122e-19 9.876734241142044651e-21
1.907417025107144582e+04 7.561873092627243877e-19 9.664500792257198830e-21
1.908482800220013451e+04 7.605804510242648112e-19 9.836993056385981404e-21
1.909548571505523068e+04 7.515429646382939067e-19 9.807926493336612892e-21
1.910614338961599788e+04 7.661845246682660585e-19 9.847417850675923675e-21
1.911680102584864289e+04 7.579279820086224112e-19 9.734506470633955732e-21
1.912745862372824922e+04 7.303955126325807430e-19 9.210429860189456367e-21
1.913811618321681453e+04 7.436877226487299118e-19 9.797604638750152567e-21
1.914877370428496215e+04 7.808991640155292238e-19 1.016409737383405970e-20
1.915943118691203927e+04 7.274534988422510511e-19 1.006605943779256934e-20
1.917008863106436911e+04 7.341188551433546432e-19 1.003910349614514726e-20
1.918074603670827491e+04 7.551071545212712742e-19 1.001662783803183879e-20
1.919140340382312934e+04 7.622996143643436315e-19 1.017910222658994561e-20
1.920206073237962482e+04 7.739357454184472941e-19 1.031643671201571787e-20
1.921271802234847200e+04 7.418538470023586556e-19 9.950438374335405852e-21
1.922337527368727388e+04 7.443061953903931590e-19 1.010050465041131757e-20
1.923403248637982324e+04 7.529842158991524166e-19 1.015632208598634396e-20
1.924468966038373401e+04 7.752115694741264415e-19 1.032171491461224764e-20
1.925534679568281717e+04 7.764132298108305220e-19 1.033236150652856770e-20
1.926600389224331957e+04 7.254807156528467058e-19 1.005000654139479687e-20
1.927666095003606461e+04 7.583023338088610613e-19 1.010911971853914758e-20
1.928731796903620125e+04 7.470293144031458001e-19 9.955672204267767368e-21
1.929797494920132522e+04 7.585616083512604691e-19 9.901936640653544735e-21
1.930863189051533482e+04 7.603663100180795922e-19 1.003617188957158804e-20
1.931928879295337174e+04 7.862075098425361453e-19 1.019843531956123166e-20
1.932994565646426418e+04 7.724573470460475873e-19 1.022718115093456121e-20
1.934060248104511629e+04 6.926507632452697940e-19 9.839362238596390982e-21
1.935125926664915823e+04 7.470873901790445401e-19 1.008902864797216769e-20
1.936191601324714793e+04 7.491382647863949728e-19 9.809552828832540710e-21
1.937257272081428164e+04 7.336812678666840561e-19 9.858824714897130942e-21
1.938322938932134275e+04 7.332861495444349664e-19 1.006314720602218435e-20
1.939388601873913649e+04 7.534901241566664607e-19 1.006205274544200304e-20
1.940454260904728653e+04 7.538502940819795737e-19 9.857879281203515488e-21
1.941519916019457378e+04 7.296366055137671569e-19 9.866359829198721896e-21
1.942585567217383505e+04 7.242561855808647183e-19 9.745739258260428500e-21
1.943651214494699525e+04 7.365429970594370927e-19 9.764179163202590229e-21
1.944716857848499785e+04 7.627240019498532938e-19 9.774256250202717949e-21
1.945782497275867354e+04 7.481655900941564331e-19 9.868948835956661754e-21
1.946848132773444740e+04 7.600364918395204139e-19 9.781361406621084725e-21
1.947913764339200134e+04 7.626716928463326523e-19 9.893781376161557562e-21
1.948979391969336211e+04 7.304999500775053613e-19 9.280161169412922420e-21
1.950045015661823345e+04 7.109666386430387333e-19 9.436818551878269257e-21
1.951110635412862030e+04 7.117825509982197220e-19 9.555492001375295030e-21
1.952176251219984260e+04 7.133911630667220792e-19 9.579371344950590947e-21
1.953241863081164047e+04 7.105283188084587794e-19 9.384426076260954024e-21
1.954307470992159870e+04 7.488588844193423770e-19 9.576539099215347517e-21
1.955373074950502996e+04 7.154131532416332387e-19 9.406361394369920440e-21
1.956438674953285954e+04 7.244112513950564743e-19 9.342620797150635277e-21
1.957504270997150888e+04 7.441739207370514382e-19 9.376852212789693660e-21
1.958569863079635252e+04 7.112213593341867178e-19 9.109640221328890078e-21
1.959635451198274677e+04 6.807818073619815519e-19 1.002725696679406218e-20
1.960701035349717495e+04 6.986059691540058949e-19 1.012988022627506594e-20
1.961766615530605122e+04 6.934987006689198883e-19 1.023585575525879166e-20
1.962832191738919937e+04 7.261814868408953126e-19 9.166856335206955190e-21
1.963897763971763561e+04 7.336939534330008646e-19 9.332870520436059420e-21
1.964963332225336490e+04 7.228696481661396449e-19 9.303723466685246705e-21
1.966028896496733068e+04 6.990189864962942057e-19 9.423614662015835193e-21
1.967094456783942951e+04 7.167516488338917342e-19 9.512302378315094752e-21
1.968160013083167360e+04 7.552594983176351651e-19 9.611209427946481944e-21
1.969225565392844510e+04 7.386650481491236655e-19 9.580156360763150499e-21
1.970291113708729608e+04 7.194122392818982497e-19 9.410580268524689155e-21
1.971356658028367747e+04 7.386965836427889305e-19 9.118110527682312556e-21
1.972422198349304381e+04 7.481330248335926883e-19 9.102365343147321360e-21
1.973487734667292534e+04 7.097534959810925974e-19 8.920716738752650055e-21
1.974553266980778426e+04 7.005101604672173218e-19 9.209920075558561753e-21
1.975618795286411114e+04 7.212319767204126433e-19 9.470262514682239018e-21
1.976684319581292948e+04 7.127699469387360555e-19 9.413662719212525094e-21
1.977749839862973022e+04 7.335224625919336103e-19 9.468913489928679619e-21
1.978815356127652194e+04 7.118074568859767813e-19 9.230498406584611006e-21
1.979880868373332123e+04 7.425892717448725157e-19 9.447215973966284262e-21
1.980946376596215850e+04 7.300725251450989058e-19 9.327041822855731252e-21
1.982011880793404271e+04 7.385034948226453903e-19 9.391932027416871757e-21
1.983077380962901952e+04 7.219094478440186445e-19 9.242027128399484401e-21
1.984142877101359772e+04 7.253167312772889174e-19 9.218249316059996007e-21
1.985208369205878262e+04 7.419400562698353830e-19 9.388894189820889171e-21
1.986273857274020702e+04 7.252580365928427554e-19 9.401475922335666967e-21
1.987339341302892717e+04 7.324559413396185727e-19 9.510644120804199936e-21
1.988404821287788582e+04 7.302096996178664325e-19 9.486049620646302354e-21
1.989470297227172341e+04 7.577470096157934204e-19 9.422813362752427001e-21
1.990535769119056931e+04 7.718405986689567900e-19 9.628433057337353222e-21
1.991601236959190646e+04 7.422772503003279013e-19 9.800519272657638286e-21
1.992666700746041897e+04 7.229132076454531644e-19 9.325596240476415400e-21
1.993732160474902412e+04 7.406715271059094371e-19 9.392266938242197192e-21
1.994797616143789128e+04 7.238439424947204667e-19 9.340850936780910812e-21
1.995863067749809852e+04 7.115511399477212424e-19 9.019921267306986432e-21
1.996928515290529685e+04 7.151038886409678356e-19 9.099259579012541580e-21
1.997993958762604962e+04 6.833429276332370907e-19 9.174939609367574498e-21
1.999059398162688012e+04 6.824632992732926812e-19 9.052416072946900984e-21
2.000124833488803415e+04 6.722042640019095741e-19 8.844123209623299659e-21
2.001190264737148027e+04 6.862224913498575917e-19 9.073919405386616635e-21
2.002255691905747153e+04 6.786819152490297890e-19 9.075968562019767131e-21
2.003321114990343631e+04 7.106867544830727566e-19 9.042034812967804934e-21
2.004386533990332464e+04 7.017203003710162860e-19 8.877800975132935790e-21
2.005451948900546631e+04 7.133210843421519710e-19 9.028146327505019667e-21
2.006517359719464002e+04 6.990107339753011955e-19 8.831627985933250684e-21
2.007582766443287619e+04 6.872274439946574364e-19 8.894230637044969246e-21
2.008648169071434677e+04 7.247802028386108934e-19 9.198342575328196355e-21
2.009713577579048797e+04 7.805161286515593539e-19 9.406382586752645848e-21
2.010779011196196370e+04 7.974034628032347370e-19 9.394391935452676539e-21
2.011844440712934738e+04 7.575752070484129181e-19 9.427249853399727676e-21
2.012909866120618244e+04 6.985446618577140327e-19 9.294877194755072363e-21
2.013975287414979539e+04 7.242177985445383239e-19 9.474975335402075596e-21
2.015040704594057388e+04 7.505552756759553523e-19 1.000796615699615062e-20
2.016106117655429262e+04 7.016852142682765040e-19 9.502091185431642826e-21
2.017171526596213516e+04 6.921210271585941461e-19 9.285441585974455430e-21
2.018236931412607009e+04 7.085524561910681052e-19 9.186933914434379444e-21
2.019302332102188302e+04 6.960905889020022632e-19 9.099353123284292023e-21
2.020367728662076115e+04 6.983193217863316037e-19 8.788086352329371102e-21
2.021433121088928237e+04 6.905326419814355238e-19 8.955548083424115784e-21
2.022498509380784526e+04 7.171118214370300715e-19 8.941651832531215645e-21
2.023563893534304589e+04 7.059385615966485160e-19 9.049923366192373567e-21
2.024629273546609329e+04 6.524925498028713552e-19 8.924270452924353634e-21
2.025694649414355445e+04 6.817741276718072925e-19 8.942082480866465293e-21
2.026760021135590068e+04 6.993232204624242269e-19 9.114553732628616583e-21
2.027825388706968806e+04 6.993677309474115424e-19 9.060886208914489942e-21
2.028890752126080042e+04 6.894979283465262644e-19 8.801938393790250289e-21
2.029956111388655336e+04 6.851117357658068854e-19 8.944965069505565849e-21
2.031021466493667322e+04 6.784696807892496985e-19 8.866298680583428001e-21
2.032086817436388810e+04 6.950186078317799730e-19 8.992389973973413323e-21
2.033152164215331504e+04 6.903222468167487603e-19 8.896164343916040828e-21
2.034217506827618490e+04 7.440348831618323252e-19 9.214918387139869327e-21
2.035282845269446625e+04 7.128198622853968461e-19 8.894253920366653819e-21
2.036348179538403565e+04 6.993642094057820525e-19 8.977939898482859194e-21
2.037413509631151464e+04 6.967248315886751848e-19 8.873125204029824233e-21
2.038478835546205300e+04 7.217802300184447565e-19 8.822346403168817003e-21
2.039544157279763385e+04 6.515641702141689219e-19 8.526530872410622511e-21
2.040609474828020029e+04 5.295701433024736653e-19 1.000318760466714611e-20
2.205923531956864099e+04 7.708876140378225088e-19 1.446494036008605635e-20
2.206988161085942193e+04 7.511760692859643088e-19 8.884119217506713594e-21
2.208052785581572243e+04 7.345019998626756169e-19 8.692626686798445993e-21
2.209117405439402864e+04 7.106799893791049893e-19 8.514983994336954892e-21
2.210182020659072805e+04 7.127693719572529393e-19 8.479462238797895236e-21
2.211246631235226232e+04 7.119723049233856114e-19 8.493761496879612275e-21
2.212311237165507191e+04 7.088500400070884996e-19 8.874726668460393185e-21
2.213375838448053037e+04 7.223005915045832666e-19 8.841046518797311559e-21
2.214440435079504095e+04 6.708240938459085770e-19 8.365742556528328219e-21
2.215505027057511688e+04 7.196244856124965309e-19 8.558765906165386464e-21
2.216569614379216000e+04 7.354873940970025372e-19 8.688338577153559831e-21
2.217634197039758510e+04 7.319476709629575195e-19 8.632043009937944036e-21
2.218698775038282110e+04 7.306472740084073697e-19 8.651327582267190858e-21
2.219763348371929897e+04 7.098576932755206296e-19 8.406664950282977784e-21
2.220827917037344014e+04 6.862231917764746720e-19 8.293323964083439562e-21
2.221892481031664647e+04 7.056896937183410661e-19 8.375480542340718892e-21
2.222957040351532123e+04 7.110437750830782996e-19 8.561836026284946701e-21
2.224021594995092164e+04 6.894370377036942182e-19 8.411735671690811141e-21
2.225086144957977376e+04 6.893875518147657671e-19 8.514349757045771315e-21
2.226150690239340111e+04 7.097600864602733575e-19 8.472369977519372306e-21
2.227215230835313560e+04 6.667441520709266824e-19 8.293934839938900696e-21
2.228279766742540232e+04 6.920241292193953322e-19 8.366344917450742584e-21
2.229344297959666073e+04 7.031623171353625185e-19 8.175753072848026828e-21
2.230408824481819829e+04 6.755877470884476743e-19 7.978249853280218532e-21
2.231473346307651809e+04 6.926229241768893145e-19 8.192885414876150117e-21
2.232537863433788516e+04 6.806298740149225764e-19 8.343605978245113044e-21
2.233602375856872459e+04 6.897548153114000108e-19 8.282352701659668174e-21
2.234666883575054817e+04 6.945473625651410860e-19 8.422254088887562950e-21
2.235731386584970096e+04 7.187109353439658505e-19 8.528207473128916900e-21
2.236795884883252438e+04 7.068624055864151356e-19 8.464695194436885436e-21
2.237860378468050476e+04 7.027192752637440431e-19 8.540385279793766331e-21
2.238924867336001262e+04 6.927061222224406622e-19 8.434752770563112212e-21
2.239989351484238432e+04 6.947432021602635303e-19 8.485350143165212214e-21
2.241053830909904354e+04 7.043235787734853142e-19 8.308630224483790123e-21
2.242118305609629169e+04 7.049548737859566266e-19 8.439757996120534601e-21
2.243182775582069371e+04 6.986895153971100324e-19 8.369759242868657094e-21
2.244247240824941400e+04 6.983695118002445480e-19 8.336746501869480519e-21
2.245311708684025871e+04 7.330001625975365720e-19 8.352586497733737754e-21
2.246376173722724707e+04 7.143335660675704904e-19 8.265709204517316568e-21
2.247440634022059385e+04 7.540604445462434576e-19 8.477906445268725071e-21
2.248505089578658590e+04 7.208902502493786493e-19 8.265383900054549318e-21
2.249569540390155453e+04 7.104933588731151130e-19 8.146356450503102378e-21
2.250633986452176759e+04 6.991906187590642260e-19 8.200940022252885220e-21
2.251698427763380823e+04 6.840687225503151591e-19 8.076361647195024318e-21
2.252762864320904191e+04 7.031046805971851833e-19 8.080135673084128246e-21
2.253827296120358733e+04 7.090981277531792521e-19 8.208321676930311738e-21
2.254891723160910988e+04 7.064429678800847143e-19 8.044844098512276799e-21
2.255956145438172825e+04 7.114947143655545723e-19 8.184216163869349461e-21
2.257020562949785744e+04 7.305129119059080215e-19 8.154157888833817439e-21
2.258084975692886292e+04 7.090646958650515221e-19 8.161652709685318687e-21
2.259149383665116693e+04 6.858937435813957030e-19 7.824902903250680864e-21
2.260213786862085544e+04 7.067692349391429549e-19 8.081897664879142302e-21
2.261278185282960476e+04 7.101063377637335603e-19 8.194317706456913710e-21
2.262342578923859037e+04 7.002661628394474415e-19 8.148565194921591940e-21
2.263406967780894411e+04 6.877400595499805907e-19 8.168783491812223060e-21
2.264471351852713269e+04 7.123958114073793848e-19 8.153823812076531133e-21
2.265535731136464892e+04 7.105229531384532779e-19 8.278529799516433263e-21
2.266600105628259917e+04 7.140256501899243594e-19 8.333009215142712066e-21
2.267664475326252796e+04 7.154129725815412684e-19 8.474761413135033503e-21
2.268728840226554530e+04 6.934154592784138642e-19 8.270389290519131875e-21
2.269793200327317027e+04 6.957959777236924090e-19 8.248023132078151667e-21
2.270857555624650922e+04 7.246789078717356916e-19 8.357087965558026789e-21
2.271921906116197351e+04 6.966418313094442108e-19 8.316089543708371352e-21
2.272986251799599268e+04 7.252027792286471995e-19 8.363735253520653876e-21
2.274050592670964033e+04 6.957205458896175328e-19 8.118499832637225352e-21
2.275114928728445011e+04 7.023300579254675158e-19 8.138109260578041667e-21
2.276179259968660699e+04 7.042858910781013644e-19 8.481999473822470899e-21
2.277243586388228869e+04 6.916659700544972056e-19 8.207939977427714068e-21
2.278307907985798010e+04 7.024706071817735062e-19 8.349174200512199297e-21
2.279372224755952629e+04 7.027761245562463201e-19 8.208347963823171955e-21
2.280436536698896816e+04 6.824565473363620388e-19 8.226988492778420715e-21
2.281500843809706930e+04 7.050682815852413658e-19 8.424184003990453315e-21
2.282565146086025561e+04 7.005054301173449667e-19 8.393267662976391786e-21
2.283629443523953523e+04 6.917696299850173145e-19 8.118505342519350333e-21
2.284693736122669361e+04 6.907182402060725553e-19 8.129581153839346208e-21
2.285758023877762025e+04 6.995898185127981441e-19 8.097809710065225208e-21
2.286822306787900015e+04 7.041937243971180972e-19 8.134388429069789044e-21
2.287886584848665370e+04 7.126547470812812012e-19 8.085753765377918876e-21
2.288950858057701771e+04 6.896038473323003539e-19 8.162460441313264123e-21
2.290015126411618985e+04 6.562427728450519063e-19 7.978986911087502730e-21
2.291079389908554367e+04 6.956035955333300550e-19 8.187394802201348356e-21
2.292143648545648102e+04 6.971431812925631583e-19 8.083518864573188390e-21
2.293207902318481865e+04 6.966211457136575500e-19 7.994534638199380435e-21
2.294272151225725611e+04 7.060035072639952703e-19 8.066321083134932428e-21
2.295336395263472878e+04 7.160035360452178766e-19 8.107214583544220785e-21
2.296400634429876300e+04 7.128209528328794486e-19 8.507477821326519398e-21
2.297464868722061510e+04 7.056331841420899124e-19 8.043776757172916709e-21
2.298529098136120228e+04 6.825762556481327362e-19 7.914503253256883722e-21
2.299593322670206180e+04 7.050000850231471832e-19 8.008369959441741447e-21
2.300657542319892309e+04 7.017609803809251576e-19 8.143798468392280074e-21
2.301721757084366618e+04 7.077531210609328140e-19 8.060148362194822426e-21
2.302785966959192228e+04 7.151248238187946430e-19 8.047074418769675069e-21
2.303850171940973087e+04 6.880301521607652783e-19 8.072912670359498939e-21
2.304914372029938022e+04 7.098596022282209567e-19 8.246150010910527028e-21
2.305978567219592151e+04 7.133339755814522578e-19 8.073267730279496568e-21
2.307042757509637158e+04 7.235833825792958187e-19 8.103716744492473692e-21
2.308106942895645261e+04 7.057605922968681958e-19 8.047438561547755949e-21
2.309171123375248862e+04 7.162817239073570982e-19 8.166438190235055228e-21
2.310235298945569593e+04 7.225367287747883799e-19 8.004620529717654863e-21
2.311299469603723992e+04 7.161284293394070479e-19 8.024556659211164226e-21
2.312363635346831506e+04 7.011836786600004710e-19 7.957415696408392386e-21
2.313427796172008675e+04 7.236139123775336513e-19 8.121933355721110576e-21
2.314491952076878806e+04 7.112201489334571892e-19 8.124505792783409173e-21
2.315556103057527798e+04 7.255863015179301597e-19 8.214508523784577582e-21
2.316620249111597514e+04 7.270557976744972874e-19 8.319514009498371571e-21
2.317684390236201943e+04 7.172415080368886962e-19 8.277133744721515846e-21
2.318748526428459445e+04 6.992634042111048366e-19 7.983883685517099697e-21
2.319812657686002422e+04 7.436155446917510127e-19 8.182994553759662342e-21
2.320876784004907677e+04 7.089066115719009335e-19 8.090746473266403533e-21
2.321940905384369398e+04 7.284372365524273228e-19 8.190455779443565851e-21
2.323005021818899695e+04 7.203214817884317064e-19 8.067097083287141760e-21
2.324069133305613650e+04 7.362810601527022796e-19 8.302463843967156548e-21
2.325133239843697447e+04 7.156972810601676351e-19 8.135419052119923530e-21
2.326197341428695654e+04 7.166024260918080628e-19 8.260185399862911679e-21
2.327261438059294960e+04 7.033176334886089439e-19 8.182692016463194603e-21
2.328325529730005292e+04 6.940803888590026436e-19 7.964296007884620010e-21
2.329389616440539976e+04 7.122116769181897030e-19 8.115124163768469406e-21
2.330453698186446854e+04 7.016430713720861952e-19 8.135598739950907680e-21
2.331517774965358694e+04 7.149872540277630757e-19 8.010593877285193436e-21
2.332581846774907171e+04 6.966707691099415034e-19 8.158500374069983049e-21
2.333645913611679498e+04 7.074205711897158507e-19 8.267344269551322726e-21
2.334709975472784572e+04 7.149800369652162947e-19 8.744831917836830259e-21
2.335774032355319287e+04 7.265310827657458456e-19 8.461811882512507224e-21
2.336838084256917136e+04 7.047072734191138153e-19 8.179247855475486378e-21
2.337902131173124144e+04 7.052710173429962764e-19 8.064419779014954398e-21
2.338966173102618268e+04 7.247002519221858950e-19 8.203530480156040283e-21
2.340030210040937527e+04 6.956104040246571428e-19 8.181395078287561300e-21
2.341094241987801433e+04 6.945310474773052945e-19 8.006972833114373226e-21
2.342158268938224137e+04 6.942933528868704626e-19 8.014618874265444906e-21
2.343222290889835858e+04 6.898278155965767829e-19 7.948956553297133821e-21
2.344286307839737128e+04 7.059019289610173605e-19 8.077142363172742801e-21
2.345350319784509338e+04 7.063634919801588102e-19 7.945391715222327924e-21
2.346414326722810438e+04 7.093372255283636277e-19 8.124021003493733190e-21
2.347478328650187177e+04 7.041785815013768304e-19 8.026824709421782737e-21
2.348542325564271960e+04 7.003515586784804431e-19 8.071600948824536528e-21
2.349606317461113940e+04 7.120901570358605852e-19 7.973460224405502765e-21
2.350670304340964140e+04 6.919434098286865606e-19 7.832715156647266932e-21
2.351734286198301561e+04 6.905504593517716270e-19 7.926752105129498459e-21
2.352798263029698501e+04 7.035971234465840164e-19 8.004956933668078696e-21
2.353862234833831826e+04 6.878128175010839686e-19 7.966298501532161800e-21
2.354926201607277835e+04 7.033784213041342997e-19 8.151677617511058249e-21
2.355990163348161877e+04 7.147357029046073272e-19 8.181425355214345584e-21
2.357054120051502105e+04 7.038633962705854806e-19 8.183017648758408492e-21
2.358118071715450060e+04 7.029937675359230222e-19 8.112163931212963783e-21
2.359182018336575493e+04 7.095597237367260822e-19 8.101522533460159609e-21
2.360245959913028491e+04 7.074604500845196292e-19 7.992854909812785963e-21
2.361309896441378805e+04 7.237087510068304467e-19 8.045846338614888635e-21
2.362373827919777614e+04 6.786680756324060050e-19 7.951183109862547071e-21
2.363437754343211418e+04 7.082949688801776675e-19 8.222169506628200864e-21
2.364501675710351265e+04 7.173777338691748136e-19 8.179768884535518352e-21
2.365565592016695882e+04 7.236894284161386058e-19 8.163600886849027043e-21
2.366629503260939600e+04 7.456116771074452067e-19 8.479403984675370323e-21
2.367693409440176401e+04 7.072951173115170777e-19 8.324808078176284574e-21
2.368757310550971306e+04 6.511261967397709833e-19 8.660959160795231130e-21
2.369821206590416841e+04 6.882801243976264142e-19 8.804173314451535169e-21
2.370885097554547610e+04 7.178276167389780544e-19 8.271536344515059533e-21
2.371948983442039389e+04 6.953395347558991023e-19 7.872323549137380521e-21
2.373012864249982886e+04 7.603459341080235068e-19 8.289111091026913808e-21
2.374076739975450619e+04 7.363242332762535698e-19 8.268009592416106188e-21
2.375140610614484467e+04 7.013382578987654297e-19 8.100613382102976229e-21
2.376204476163651270e+04 6.857174658652563609e-19 8.099011694528665992e-21
2.377268336622156858e+04 7.212883470918263826e-19 8.007769423881668000e-21
2.378332191986028192e+04 7.430937936216587963e-19 8.327683706106935308e-21
2.379396042252353436e+04 7.630674564017159941e-19 8.313220911889591184e-21
2.380459887418218932e+04 7.884065392330899930e-19 8.474026600395165476e-21
2.381523727479650188e+04 7.410816055574748655e-19 8.351710517528749347e-21
2.382587562435840664e+04 6.786451549724407766e-19 7.801631878583304517e-21
2.383651392283344831e+04 6.933373015520139498e-19 7.838281712090268057e-21
2.384715217018198382e+04 6.790800285135660167e-19 8.164996845284193984e-21
2.385779036637484023e+04 6.993497389153018141e-19 8.112835887905325329e-21
2.386842851138284459e+04 6.729350607421618722e-19 8.149024358507500011e-21
2.387906660519807338e+04 6.829200475415301246e-19 7.933444680596176688e-21
2.388970464777540110e+04 6.884799598740256380e-19 7.927036719810282850e-21
2.390034263908033608e+04 7.073699918243775007e-19 8.061982773132148601e-21
2.391098057908352348e+04 6.935544849764254175e-19 8.114687710060824300e-21
2.392161846776641323e+04 7.010400406919941590e-19 8.065456350900618286e-21
2.393225630509460825e+04 7.079977357565868685e-19 8.100715052265427327e-21
2.394289409103889557e+04 6.803521507927182873e-19 8.012867750959216680e-21
2.395353182557005130e+04 6.953429367545323207e-19 8.113117775728699634e-21
2.396416950865351828e+04 6.685900643608683595e-19 7.864915273195884776e-21
2.397480714028139118e+04 7.388435015731470687e-19 8.358403431271488135e-21
2.398544472039243556e+04 6.895671676399247254e-19 8.116763231688376908e-21
2.399608224897319451e+04 7.014774003659785558e-19 8.064600056680366115e-21
2.400671972600523804e+04 7.525547182394255249e-19 8.677753167558456213e-21
2.401735715145401628e+04 7.474751375074366260e-19 8.709190574608821775e-21
2.402799452526359892e+04 7.403651449271885535e-19 8.537114795268528097e-21
2.403863184743672537e+04 6.717816530190913271e-19 7.994268464907406490e-21
2.404926911793345062e+04 6.773570243470022432e-19 7.869516503338595110e-21
2.405990633673518096e+04 6.855469037672434589e-19 8.002410002282993872e-21
2.407054350378584786e+04 6.321052830085746863e-19 7.574570446755522499e-21
2.408118061908270101e+04 6.285514377701072355e-19 7.627144298712205031e-21
2.409181768258597367e+04 6.245550745741525918e-19 7.553703264208276330e-21
2.410245469425564806e+04 6.689113555520925930e-19 7.857650936313165039e-21
2.411309165407846740e+04 6.698814979041948235e-19 7.923915001280397604e-21
2.412372856202510593e+04 6.757345264452740783e-19 7.975371748643763798e-21
2.413436541806087553e+04 6.371936579255862391e-19 8.202575615725755310e-21
2.414500222215107351e+04 6.255510409350854416e-19 8.669110617268071812e-21
2.415563897427686607e+04 6.929520903630176410e-19 8.523639815007079966e-21
2.416627567440369603e+04 6.790491186070441680e-19 8.095256332355072622e-21
2.417691232249691529e+04 6.728722838397174925e-19 8.038380867884153511e-21
2.418754891853785739e+04 6.604194475680252859e-19 7.834734339141727644e-21
2.419818546248643543e+04 6.808528296441289674e-19 7.685692318541828563e-21
2.420882195432401568e+04 6.674139228105378282e-19 7.634912316202040369e-21
2.421945839401045669e+04 6.572732100483551797e-19 7.251846498939892231e-21
2.423009478152154770e+04 6.869658428679729558e-19 7.664833864481837246e-21
2.424073111682798117e+04 6.526074962326942094e-19 7.565262684823777907e-21
2.425136739991120703e+04 6.535448248868940481e-19 7.772264704376025473e-21
2.426200363072566324e+04 6.633696471353057188e-19 7.687494232172332298e-21
2.427263980923657073e+04 6.975129585071882264e-19 7.898728038304726637e-21
2.428327593544138290e+04 7.028789194841140638e-19 8.043139060045370534e-21
2.429391200928916078e+04 6.761422801853455636e-19 7.758970145153597352e-21
2.430454803075026211e+04 6.687824043906937751e-19 7.741074414543641792e-21
2.431518399980607501e+04 6.790357783989458688e-19 7.792344330981735942e-21
2.432581991643111905e+04 6.676100488353439018e-19 7.885220344463946827e-21
2.433622699067019857e+04 6.807457654020790883e-19 7.794299392852354639e-21
2.434686278344661696e+04 6.652866694660820389e-19 7.813230963728007397e-21
2.435749852358326825e+04 6.798042887101506099e-19 7.926328137285516042e-21
2.436813421115131860e+04 6.635750460324895260e-19 7.828476985672356497e-21
2.437876984614737012e+04 6.457373788770791828e-19 7.719487860003881011e-21
2.438940542852122962e+04 6.688915784448776606e-19 8.012094123209854715e-21
2.440004095824840624e+04 6.519385217684868292e-19 7.775744201987953882e-21
2.441067643529435372e+04 6.292916353865549625e-19 7.601380294551638563e-21
2.442131185964522228e+04 6.086629007641518143e-19 7.663369402428932229e-21
2.443194723126090685e+04 5.829737587177383661e-19 7.433508697354710041e-21
2.444258255009605637e+04 6.108308015595601778e-19 7.560092032618661303e-21
2.445321781615250075e+04 6.543936180547045897e-19 8.248136579560549112e-21
2.446385302938002860e+04 6.426998097339258265e-19 7.743505035983990079e-21
2.447448818975421818e+04 6.474086876073648305e-19 7.973830256958455094e-21
2.448512329725067684e+04 6.657363459590967996e-19 7.912738599913989830e-21
2.449575835182415176e+04 6.606616416989249695e-19 7.844715960555097942e-21
2.450639335346074222e+04 6.328145212915842129e-19 7.761980352084280633e-21
2.451702830213087145e+04 6.610638868344009789e-19 7.774893639096601011e-21
2.452766319779960759e+04 6.587965951822544811e-19 7.636696913908900463e-21
2.453829804043213881e+04 6.729545790730598667e-19 7.932615383354552559e-21
2.454893283000411247e+04 6.533453901389618572e-19 8.015535904260363279e-21
2.455956756648594455e+04 6.696990463672719475e-19 7.942031148416651944e-21
2.457020224984805100e+04 6.483891208755164137e-19 7.807728255211096544e-21
2.458083688006595185e+04 6.442778145939236713e-19 7.710042539827444147e-21
2.459147145710468249e+04 6.502571928145860815e-19 8.034702952045916035e-21
2.460210598093461158e+04 6.507136585950265129e-19 8.100087599167399925e-21
2.461274045152075269e+04 6.600759038842470917e-19 8.107510944389085012e-21
2.462337486883357269e+04 6.528517047211697330e-19 7.971563864831651391e-21
2.463400923285923272e+04 6.350121757735383596e-19 7.849136431533409155e-21
2.464464354355745309e+04 6.472526304715625739e-19 7.825100947344955716e-21
2.465527780089310181e+04 6.563098365957820138e-19 7.880661005089843965e-21
2.466591200484708315e+04 6.278550593313198749e-19 7.586142545464452321e-21
2.467654615538456346e+04 6.354987975314510966e-19 7.597849200363547536e-21
2.468718025247571859e+04 6.236878210009282219e-19 7.750557119499992695e-21
2.469781429608550752e+04 6.392044911175889046e-19 7.727983951270897459e-21
2.470844828618958854e+04 6.358092104134909938e-19 7.827861218253479140e-21
2.471908222276855304e+04 6.448839124442073197e-19 7.752463928742441215e-21
2.472971610577160754e+04 6.420225331422824652e-19 7.594598712764236448e-21
2.474034993518480769e+04 6.682244513447787544e-19 7.935349756935068177e-21
2.475098371096804840e+04 6.615754550852183129e-19 7.789276299105434801e-21
2.476161743310722522e+04 6.446092588930285424e-19 8.022203835827955816e-21
2.477225110155144648e+04 6.493884242098720214e-19 7.954824784157077402e-21
2.478288471628128173e+04 6.826909161959952669e-19 7.954635629359216311e-21
2.479351827713813327e+04 6.381798105186155374e-19 8.305696354335396838e-21
2.480415177207194574e+04 6.472363806786335908e-19 7.897277603446052501e-21
2.481478521119641664e+04 6.113642620521049187e-19 7.486770061201673188e-21
2.482541859646706143e+04 6.346466025571718116e-19 7.643989479238126733e-21
2.483605192787465785e+04 6.466599140715983138e-19 7.859008009907063286e-21
2.484668520538915254e+04 6.667357576774995510e-19 7.927849664378214484e-21
2.485731842898070317e+04 6.559638014600880387e-19 7.696530257566065808e-21
2.486795159861958382e+04 6.371898279664203235e-19 7.628776887603565655e-21
2.487858471427594122e+04 6.715178849270523897e-19 7.895781810144306755e-21
2.488921777591987484e+04 6.600337899053345485e-19 7.973506430009280869e-21
2.489985078352152050e+04 6.484432641263971673e-19 7.907780785872037958e-21
2.491048373705078120e+04 6.680805750732962138e-19 7.936351908344946808e-21
2.492111663647774549e+04 6.577869259944062078e-19 7.969585659951845744e-21
2.493174948177271654e+04 6.098321074988544001e-19 8.047922584458003248e-21
2.494238227291098883e+04 6.349700751789949874e-19 8.104059034354883136e-21
2.495301500984670929e+04 6.303175289529253396e-19 8.070351422483172323e-21
2.496364769256593718e+04 6.311742501673878818e-19 7.768024804445381870e-21
2.497428032104387967e+04 6.261131477248202225e-19 7.894834268445859259e-21
2.498491289522917941e+04 6.414622966658911013e-19 8.113832834895664244e-21
2.499554541509739283e+04 6.029832622766953884e-19 7.873935277408602291e-21
2.500617788063979606e+04 6.031739916272718405e-19 7.859281880645138611e-21
2.501681029179461257e+04 6.230992103633762088e-19 8.062602438186133275e-21
2.502744264855824076e+04 6.117251638586824385e-19 7.847398131613119272e-21
2.503807495089001168e+04 6.123577441386622968e-19 7.962598264702488629e-21
2.504870719875449504e+04 6.357121928845481961e-19 8.125211737851723726e-21
2.505933939212719633e+04 6.234836822720586059e-19 7.883237296296009712e-21
2.506997153098346098e+04 6.203526085984816944e-19 7.857907666046775930e-21
2.508060361528778958e+04 6.465979292945816702e-19 7.944414751337823547e-21
2.509123564499940039e+04 6.461435595893024867e-19 7.622391080790571411e-21
2.510186762010944221e+04 6.560018131018010076e-19 7.912956345476513202e-21
2.511249954057211653e+04 6.573982507732214398e-19 8.009997236296817558e-21
2.512313140636803291e+04 6.532485166589145441e-19 7.618498890048653612e-21
2.513376321746705071e+04 6.612790654689840512e-19 8.103202054529217229e-21
2.514439497382299305e+04 6.423399292124479411e-19 8.240143029937292993e-21
2.515502667542147901e+04 6.407049884871475256e-19 7.424963315269871696e-21
2.516565832221657911e+04 6.405909539633053005e-19 7.430474339778441657e-21
2.517628991420499733e+04 6.384502017134268005e-19 7.527752696774132733e-21
2.518692145133527083e+04 6.351625259245481747e-19 7.740488503244016998e-21
2.519755293357708433e+04 6.248492319639738070e-19 7.884244889492586289e-21
2.520818436091094918e+04 6.229732236285588947e-19 7.611532828671801383e-21
2.521881573329607272e+04 6.407441513645142639e-19 7.925717819420691843e-21
2.522944705082249493e+04 6.480005489922252830e-19 7.807832361316969138e-21
2.524007832198288088e+04 6.224572673240974305e-19 7.528052943819698706e-21
2.525047909787967728e+04 6.397758463473888113e-19 7.880364723260233956e-21
2.526111023119398305e+04 6.649140876562713039e-19 8.102535681195613950e-21
2.527174130940771283e+04 6.604924314112941073e-19 8.232975980283325640e-21
2.528237233250205827e+04 6.540519377779381876e-19 8.217187762064753154e-21
2.529300330044123621e+04 6.672887102177129722e-19 8.234868091435052362e-21
2.530363421320056659e+04 6.737136832278733915e-19 7.940240695196707051e-21
2.531426507073868561e+04 6.693929454367836452e-19 7.980058115332137372e-21
2.532489587303068765e+04 6.342594589899176018e-19 7.676060037162240655e-21
2.533552662004069862e+04 6.461843169426496173e-19 8.045491867334384368e-21
2.534615731174977554e+04 6.358326988856295869e-19 7.799527675179863276e-21
2.535678794812758861e+04 6.677449502563137255e-19 7.795620966316446987e-21
2.536741852913273397e+04 6.029329421306042561e-19 7.559185403092911379e-21
2.537804905474037150e+04 6.392258716224248369e-19 7.610511075094589064e-21
2.538867952491989490e+04 6.346688211429157812e-19 7.405673278667537764e-21
2.539930993964130539e+04 6.809319694220538478e-19 7.565820574917621517e-21
2.540994029887983197e+04 6.484305021029882826e-19 7.499902545039913523e-21
2.542057060259393256e+04 6.719749865636574340e-19 7.577612774903996402e-21
2.543120085076440591e+04 6.892251894941463739e-19 7.824042373913404487e-21
2.544183104334938616e+04 6.466303768060923163e-19 7.113056579952990672e-21
2.545246118032990489e+04 6.404559479543481572e-19 6.909290480088638392e-21
2.546309126165888665e+04 6.828361998623263875e-19 7.781119219932500756e-21
2.547372128732822239e+04 6.736730589848581295e-19 7.584623729708539914e-21
2.548435125729076753e+04 6.419055826363604381e-19 7.453263715224876079e-21
2.549498117152697523e+04 6.722118481137144049e-19 7.589499912093256095e-21
2.550561102999536160e+04 7.002459728581108232e-19 7.808704918780909036e-21
2.551624083267677270e+04 7.078306242095002970e-19 7.764071985101153892e-21
2.552687057952959367e+04 7.827479360666687979e-19 8.285219235500379234e-21
2.553750027053448866e+04 8.405007244755154349e-19 8.504051028172577244e-21
2.554812990564959546e+04 9.695103388831036064e-19 9.025689475638036849e-21
2.555875948485563640e+04 9.819825524972375530e-19 9.320347128529351805e-21
2.556938900811668645e+04 9.256642018835640329e-19 8.862214021779697429e-21
2.558001847539662413e+04 8.398873378984295445e-19 8.359757693545987566e-21
2.559064788667611720e+04 7.371085209839047107e-19 7.913723929291482064e-21
2.560127724191325979e+04 7.152693829932641675e-19 7.999499340430623410e-21
2.561190654108864328e+04 6.598822740604575672e-19 7.932530649879948384e-21
2.562253578416073287e+04 6.622796737096223886e-19 8.025555445062802896e-21
2.563316497111579520e+04 6.697283592148851035e-19 8.285708241569334449e-21
2.564379410190076669e+04 6.999366150868547008e-19 8.932748634143688652e-21
2.565442317650176119e+04 7.241182652335862545e-19 9.473159656635322836e-21
2.566505219489369483e+04 6.771419875349250027e-19 9.191100635705800961e-21
2.567568115700689668e+04 6.873582592676750055e-19 9.078190359855105436e-21
2.568631006286127376e+04 6.619838624627520749e-19 9.019813322829249735e-21
2.569693891239249569e+04 6.890615054013851935e-19 9.262550734912630925e-21
2.570756770558657445e+04 6.969880008099200942e-19 9.215954339341502625e-21
2.571819644240720299e+04 6.925077327505234739e-19 9.144344804748164077e-21
2.572882512282955940e+04 7.191263960152023409e-19 9.356603014735833770e-21
2.573945374681170506e+04 6.779319598801102018e-19 9.091089427131934282e-21
2.575008231432858884e+04 6.541329985402205214e-19 8.865370886595223773e-21
2.576071082534362358e+04 6.636465435406579546e-19 9.062732494888754892e-21
2.577133927984304319e+04 6.582199175201501552e-19 8.645164087573763058e-21
2.578196767777941932e+04 6.747317683928644529e-19 8.770521140790945155e-21
2.579259601912764629e+04 6.656210256467305563e-19 8.122034048620125966e-21
2.580322430386260748e+04 6.921763226203515113e-19 7.832484859565605455e-21
2.581385253193631797e+04 6.993149278705152677e-19 7.857821961940561458e-21
2.582448070333511350e+04 6.773879233063581172e-19 7.630312120646191251e-21
2.583510881802835138e+04 6.779001073968080107e-19 7.629902359666624783e-21
2.584573687597392927e+04 6.692443384679139502e-19 7.558893428071531526e-21
2.585636487714670147e+04 6.621370653366075903e-19 7.383555695199603388e-21
2.586699282152110391e+04 6.650092834310015219e-19 7.397723715571647460e-21
2.587762070905536166e+04 6.625618797550066043e-19 7.669246983010361823e-21
2.588824853971867560e+04 6.566338248382553455e-19 7.519473891439488969e-21
2.589887631350280571e+04 6.591317284745696527e-19 7.365054313070931044e-21
2.590950403035421186e+04 5.239700654646708631e-19 6.769777840139360680e-21
2.592013169023604496e+04 5.608809565266467220e-19 7.088816817504471202e-21
2.593075929314045061e+04 5.382828965959270534e-19 7.354022455994676101e-21
2.594138683902519551e+04 6.704874795641676255e-19 7.523256207572587867e-21
2.595201432784802455e+04 6.481910176140607974e-19 7.387555698901553958e-21
2.596264175960052307e+04 6.441671027999044033e-19 7.391555164132823599e-21
2.597326913424035229e+04 6.785328064519016197e-19 7.672355210369423955e-21
2.598389645173115423e+04 6.622173703940865575e-19 7.642604825015737170e-21
2.599452371205896998e+04 6.885026749787924485e-19 7.636212019907391415e-21
2.600515091517017936e+04 7.198632008029616344e-19 7.724790193589909730e-21
2.601577806104477349e+04 7.120541635512893397e-19 7.735553255910794644e-21
2.602640514965768307e+04 6.945360920803786810e-19 7.755685610749004168e-21
2.603703218097802528e+04 6.493519919549558647e-19 7.462215997084211439e-21
2.604765915495206718e+04 6.096987971219490005e-19 7.419300621417791593e-21
2.605828607158278101e+04 6.338184304465886707e-19 7.444651088548738542e-21
2.606891293081610638e+04 6.520153114666698429e-19 7.671627774632171803e-21
2.607953973262136060e+04 6.747828868485252098e-19 8.050046423378077276e-21
2.609016647697319422e+04 6.402526984293812247e-19 7.610004918368601127e-21
2.610079316385186394e+04 6.439717053294526097e-19 7.506624379669186378e-21
2.611141979320899918e+04 6.348382853752983446e-19 7.410037428572582842e-21
2.612204636502492576e+04 6.342616082449248837e-19 7.654477316700410944e-21
2.613267287925166238e+04 6.570388760005308533e-19 7.907072159486914473e-21
2.614329933586948391e+04 6.543522844822983385e-19 7.764445809351183008e-21
2.615392573485859975e+04 6.470140798496732434e-19 7.717924677481718563e-21
2.616455207617037013e+04 6.784474222945756069e-19 7.829916497674253586e-21
2.617517835977407958e+04 6.520847717696604488e-19 7.531498767937734467e-21
2.618580458565564913e+04 6.660322816952805348e-19 7.781468715602072232e-21
2.619643075376108754e+04 6.437601307003871996e-19 7.613810621539457713e-21
2.620705686407606481e+04 6.377061471987632903e-19 7.456134649052608588e-21
2.621768291656941437e+04 6.322005409509801729e-19 7.471090972885753965e-21
2.622830891119871740e+04 6.456499706154844156e-19 7.565171256792901807e-21
2.623893484794415053e+04 6.542163103352938227e-19 7.646278000377144501e-21
2.624956072675729956e+04 6.558602933523928717e-19 7.872662238812262186e-21
2.626018654762365986e+04 6.333669817226370610e-19 7.845008957432469624e-21
2.627081231050668066e+04 6.515920866685328009e-19 7.882883024660245731e-21
2.628143801538077969e+04 6.537315481752610930e-19 7.806246414141969137e-21
2.629206366220895870e+04 6.873099003518419740e-19 8.063894034390140553e-21
2.630268925095387749e+04 6.479169861402262095e-19 7.997540978574110713e-21
2.631331478159009202e+04 6.483221062479598167e-19 8.170823196252255565e-21
2.632394025409215828e+04 6.609722215979125927e-19 8.198443588356999278e-21
2.633456566842297616e+04 6.429176203305562992e-19 8.521833847608684578e-21
2.634519102455108805e+04 6.354701461167594530e-19 8.272376743787869279e-21
2.635581632243345302e+04 6.029349913846206188e-19 7.831951761981861318e-21
2.636644156206194748e+04 5.806945722209408966e-19 7.654485381791167380e-21
2.637706674338796802e+04 6.117561923410124072e-19 7.659208261757452574e-21
2.638769186639159307e+04 6.255252527296731485e-19 7.479134975315388420e-21
2.639831693102944701e+04 6.627073432228166149e-19 7.981068376870457613e-21
2.640894193728204118e+04 6.456681253705811995e-19 7.811183588957572335e-21
2.641956688511219545e+04 6.310536991858988095e-19 7.532099500638916009e-21
2.643019177448843402e+04 6.171047402571672906e-19 7.491365073020016137e-21
2.644081660537899734e+04 6.513843586489462325e-19 7.579114295943498306e-21
2.645144137774678165e+04 6.485123845799546462e-19 7.532103250605788364e-21
2.646206609157198181e+04 6.607630585000414975e-19 7.577800310985946586e-21
2.647269074681728307e+04 6.440939776191237842e-19 7.511972957499483893e-21
2.648331534345101682e+04 6.279635498393921459e-19 7.438021411821434690e-21
2.649393988144150717e+04 6.266921303928066422e-19 7.207857359958233763e-21
2.650456436074603698e+04 5.980546529407545573e-19 7.445481409004196801e-21
2.651518878135601335e+04 6.227080461510311498e-19 7.617563552120689013e-21
2.652581314322829712e+04 6.460916504392124906e-19 7.722919357548263202e-21
2.653643744633095775e+04 6.291411628449971271e-19 7.391667055633458277e-21
2.654706169063279231e+04 6.298864742411106593e-19 7.475340042605090442e-21
2.655768587610221948e+04 6.724764830536079872e-19 7.571464667236945458e-21
2.656831000270756704e+04 6.449939049813901144e-19 7.637026813109445857e-21
2.657893407041674800e+04 6.110185935531395179e-19 7.429639086533902223e-21
2.658955807919855579e+04 5.308665264291078048e-19 6.867231475096943781e-21
2.660018202902132543e+04 5.255343637072933904e-19 6.742908221613113338e-21
2.661080591985338469e+04 5.465403578765673333e-19 6.771860219808541141e-21
2.662142975166265387e+04 6.345005365667354497e-19 7.270886016583624659e-21
2.663205352441770447e+04 6.489866466796783465e-19 7.502459444554629995e-21
2.664267723809269228e+04 6.388886270292498193e-19 7.517934360950735159e-21
2.665330089264432536e+04 6.546614412314203384e-19 7.524729953028339597e-21
2.666392448804630476e+04 6.537156709439968615e-19 7.540887395763270685e-21
2.667454802426701644e+04 6.534999290938660893e-19 7.603277728109494583e-21
2.668517150128065987e+04 6.469893846747543189e-19 7.665679735193686091e-21
2.669579491904384122e+04 6.538323578966808355e-19 7.737634939218174921e-21
2.670641827753030884e+04 6.417248456984366287e-19 7.549758115569075882e-21
2.671704157670824497e+04 5.879256845277019599e-19 7.461467447447684673e-21
2.672766481655189637e+04 6.407883743031520201e-19 7.737501466910385289e-21
2.673828799701777098e+04 6.249640669671983247e-19 7.716082992301152958e-21
2.674891111807960624e+04 6.256535236799296289e-19 7.722482546975931598e-21
2.675953417971126692e+04 6.296347086227461731e-19 7.575146820597228710e-21
2.677015718187537641e+04 6.360918363192423833e-19 7.499171976636174355e-21
2.678078012453420524e+04 6.388922908278875513e-19 7.584681659491912051e-21
2.679140300766143264e+04 6.386556561532641495e-19 7.569233213631600277e-21
2.680202583123085424e+04 6.413808059935783287e-19 7.565238253966930942e-21
2.681264859519921447e+04 7.234746546334104586e-19 7.685675345828393741e-21
2.682327129955197961e+04 7.671609274999527849e-19 7.920186126554858027e-21
2.683389394423372505e+04 9.217706958343870494e-19 8.943759611456286788e-21
2.684451652922400899e+04 1.206118839809290681e-18 1.024834876761358489e-20
2.685513905449114463e+04 1.556316079177075850e-18 1.151769445357739009e-20
2.686576152001471928e+04 1.483180255573812614e-18 1.137033987190468235e-20
2.687638392573923193e+04 1.160054705569152320e-18 1.004616897466378182e-20
2.688700627166167760e+04 8.557731410206904392e-19 8.656262411476706999e-21
2.689762855771539034e+04 8.173802462902322295e-19 8.586755983379447957e-21
2.690825078388572729e+04 7.642607327648565360e-19 8.377038408999674721e-21
2.691887295014619303e+04 7.068711894207181630e-19 8.055523218912403331e-21
2.692949505645883255e+04 6.489728662665852687e-19 7.570318625434832756e-21
2.694011710279768886e+04 6.436166027331467454e-19 7.647535619890757645e-21
2.695073908911309263e+04 6.556905506661676465e-19 7.742740650093387451e-21
2.696136101539596348e+04 6.251310558294158766e-19 7.640640425571205375e-21
2.697198288159084768e+04 6.343500131741642394e-19 7.753687794411533874e-21
2.698260468767752900e+04 6.292622432566340502e-19 7.740991771678586025e-21
2.699322643363544194e+04 5.847195231417482725e-19 7.703887487275796075e-21
2.700384811940872896e+04 6.520789868612252489e-19 8.054132778201393012e-21
2.701446974498868803e+04 6.369830720862201431e-19 7.806424111318162393e-21
2.702509131032576988e+04 6.454474877624923253e-19 7.871477484479278048e-21
2.703571281539355186e+04 6.415291554370587921e-19 7.889854298033327327e-21
2.704633426016024896e+04 6.203893686060763603e-19 7.822537354889950436e-21
2.705672193714421155e+04 6.387808886469743584e-19 8.082796130451681481e-21
2.706734324221641873e+04 6.535571470272867594e-19 8.365387348508673779e-21
2.707796448678660090e+04 6.150365269938257203e-19 7.871661294133201057e-21
2.708858567091947407e+04 5.997055805693380651e-19 7.838441543330318448e-21
2.709920679460552128e+04 6.149684098790431492e-19 7.795678275911829845e-21
2.710982785777869503e+04 6.230521813038835653e-19 7.869050313281176044e-21
2.712044886044004670e+04 6.418221487535784076e-19 8.098184324746201709e-21
2.713106980252902576e+04 6.394625232067869135e-19 8.040996986252687096e-21
2.714169067680972148e+04 6.328633858723717018e-19 8.016999614907091803e-21
2.715231085156229528e+04 6.099261782083906090e-19 7.785413140006332510e-21
2.716293064428022262e+04 6.026585447004925580e-19 7.850223872787332226e-21
2.717355037276085204e+04 6.144426539688387348e-19 7.929469822645177792e-21
2.718417004053512574e+04 6.041649888656370756e-19 8.158174625548840658e-21
2.719478964756490313e+04 6.107555603656130657e-19 7.979541785100282209e-21
2.720540919382309585e+04 6.060497343163542322e-19 7.875001072625104212e-21
2.721602867927760235e+04 6.200541024299053925e-19 8.206389623615462993e-21
2.722664810390166531e+04 5.803212004697563824e-19 7.830138012467458141e-21
2.723726746765141434e+04 6.014658742217084409e-19 7.890006960489421756e-21
2.724788677051092600e+04 5.846252205395693074e-19 7.995310466593975028e-21
2.725850601242538687e+04 5.939208056748918927e-19 8.032088718229761684e-21
2.726912519337915364e+04 5.978171082623937473e-19 8.375074822195154591e-21
2.727974431332828317e+04 5.881248785006438024e-19 8.218113740043549173e-21
2.729036337225702300e+04 5.821586252184742637e-19 8.368382679039942734e-21
2.730098237011033780e+04 6.083378378178721454e-19 8.278978072630581858e-21
2.731160130686701450e+04 5.950079737701631998e-19 8.173098325906331361e-21
2.732222018250553811e+04 6.037290608920595576e-19 8.142271946663680904e-21
2.733283899697633024e+04 5.879306293352486041e-19 7.989992315974061475e-21
2.734345775025251351e+04 5.971167916298335503e-19 7.960408792185336711e-21
2.735407644230133155e+04 5.944966776323375715e-19 8.053560507440021623e-21
2.736469507308976608e+04 5.818413373005744999e-19 7.976193810338181203e-21
2.737531364257983660e+04 5.824954343209027761e-19 8.069687477218130822e-21
2.738593215075597982e+04 5.748611369870360524e-19 8.239480017024630414e-21
2.739655059756821720e+04 5.678057218621992958e-19 8.099411904086643191e-21
2.740716898299490276e+04 5.665330569725544511e-19 8.110312739727144248e-21
2.741778730699216612e+04 5.836174606741740069e-19 8.279778126905102329e-21
2.742840556952720726e+04 5.738812847024024938e-19 8.399002607275372301e-21
2.743902377057842023e+04 5.759016133719931669e-19 8.467129278041341457e-21
2.744964191011327057e+04 5.630715515106349063e-19 8.250143903221028005e-21
2.746025998808745499e+04 5.846803954226961441e-19 8.340319589712374941e-21
2.747087800446810797e+04 5.892718511656919854e-19 8.320938882797048668e-21
2.748149595924506866e+04 5.772316633622555212e-19 8.256388850253530312e-21
2.749211385235708804e+04 5.981913123393123720e-19 8.411412515583330611e-21
2.750273168378262926e+04 5.918723406992110041e-19 8.658742706959425279e-21
2.751334945348861220e+04 5.872050870921382893e-19 8.550187426579707398e-21
2.752396716144229140e+04 5.581761736742506491e-19 8.970759587875354978e-21
2.753458480762239196e+04 5.769011925255296725e-19 8.836817489161706745e-21
2.754520239197278352e+04 5.897884604124210759e-19 9.107277631566927108e-21
2.755581991447168184e+04 5.947535360981995064e-19 9.351922748533936341e-21
2.756643737509215134e+04 6.108850637198358141e-19 9.478784657502746522e-21
2.757705477378415162e+04 6.103733522052061892e-19 9.259220541711459234e-21
2.758767211054314248e+04 5.873866125620073148e-19 9.163725710570658147e-21
2.759828938541222669e+04 5.658468409177113494e-19 9.270969651988815330e-21
2.760867191822873792e+04 5.828429537225709380e-19 9.150995263389811892e-21
2.761928904980087464e+04 6.271420850511401145e-19 9.769043690313930338e-21
2.762990611928942599e+04 6.398565486108485208e-19 9.539858715133983820e-21
2.764052312664976489e+04 6.025597575667300943e-19 8.537489095787477222e-21
2.765114007187275274e+04 6.042520316368338158e-19 8.624212128895355540e-21
2.766175695490690850e+04 5.996641295163676976e-19 8.815306626310662306e-21
2.767237377574325728e+04 6.022059015665031619e-19 8.615602315682789233e-21
2.768299053431881111e+04 6.146264745237127542e-19 8.560120874546763704e-21
2.769360723060628152e+04 6.189626837134196567e-19 8.578807019666885815e-21
2.770422386457206449e+04 5.765314428952438481e-19 8.405952140338686395e-21
2.771484043620754164e+04 6.109229557777441746e-19 8.194709596558882559e-21
2.772545694545537845e+04 6.125251973530432919e-19 8.096245274716532413e-21
2.773607339229396894e+04 5.955733083432228019e-19 7.885605980230859266e-21
2.774668977667822401e+04 6.130882229864240516e-19 7.809759946531680936e-21
2.775730609856903538e+04 6.150439393330982210e-19 8.098480036662558008e-21
2.776792235796306340e+04 6.435741752308772270e-19 8.831417676860251567e-21
2.777853855480260609e+04 6.339163795716423589e-19 8.896563079165023473e-21
2.778915468906684691e+04 6.111190117542789516e-19 8.577157532106979818e-21
2.779977076071035481e+04 6.232078407334868581e-19 8.369466522993836643e-21
2.781038676969928565e+04 6.215226092658565280e-19 8.538963301237633177e-21
2.782100271601271015e+04 6.299925580865256403e-19 8.309521277311765355e-21
2.783161859961736263e+04 6.201987279098513526e-19 8.330180292604227963e-21
2.784223442047959543e+04 6.656200128146176628e-19 8.518477058350708408e-21
2.785285017854163380e+04 6.183429052840365604e-19 8.469463585352703617e-21
2.786346587378854019e+04 6.249251203775628346e-19 8.355040291151693850e-21
2.787408150618687432e+04 6.429576065100128387e-19 8.552631980862576855e-21
2.788469707572682455e+04 6.417348819063717244e-19 8.451565193506750005e-21
2.789531258233303379e+04 6.096676366414501726e-19 8.226430020316044051e-21
2.790592802599014249e+04 6.394071523503104739e-19 8.632353192896421775e-21
2.791654340665823838e+04 6.279421216268149675e-19 8.463755952197490099e-21
2.792715872432819015e+04 6.170469121964011872e-19 8.477631072603226963e-21
2.793777397895452668e+04 6.131119390793357246e-19 8.385017922684227199e-21
2.794838917047312134e+04 6.060260997301628085e-19 8.592099460246463401e-21
2.795900429886826896e+04 6.021678498312243450e-19 8.377299479794328787e-21
2.796961936412511932e+04 6.340027597322772926e-19 8.566625916847254891e-21
2.798023436622221561e+04 6.274438976055876866e-19 8.405849991962216321e-21
2.799084930507663375e+04 6.324483012773260960e-19 8.321035981493386151e-21
2.800146418067956984e+04 6.178889193937921865e-19 8.465076525489620815e-21
2.801207899299128258e+04 6.313569045437587313e-19 8.807863260605988306e-21
2.802269374200825041e+04 6.406600662908563800e-19 8.460572901823761269e-21
2.803330842766634305e+04 6.219228484241597609e-19 8.530959296665116233e-21
2.804392304991374840e+04 6.308585462521421613e-19 8.511100565327566751e-21
2.805453760874711224e+04 6.759488717372705480e-19 8.493015649800014337e-21
2.806515210415066758e+04 6.591690551345023227e-19 8.630012429289894892e-21
2.807576653606671607e+04 6.782308020875670874e-19 8.787955032353507274e-21
2.808638090443691544e+04 6.267663731051806181e-19 8.559217975362136389e-21
2.809699520925134857e+04 6.452534274834082762e-19 8.562956733779784213e-21
2.810760945049513975e+04 6.542759438897247559e-19 8.671202082846643512e-21
2.811822362812221763e+04 6.754205107149945335e-19 8.861502339587820791e-21
2.812883774206760791e+04 6.568596134998488044e-19 8.789333704911007733e-21
2.813945179232831288e+04 6.524049923965985007e-19 8.503087805892255085e-21
2.815006577887678213e+04 6.307838710623841527e-19 8.502058429328776954e-21
2.816067970167272506e+04 6.481403255221396948e-19 8.869706703753398167e-21
2.817129356065131287e+04 6.576653386730583782e-19 8.801965341548493109e-21
2.818190735580972978e+04 6.150588231893204378e-19 8.720692178779966402e-21
2.819252108713236157e+04 6.497874080197527569e-19 8.760295134498858714e-21
2.820313475454167201e+04 6.579202771396787226e-19 8.865634950546548189e-21
2.821374835801038716e+04 6.462934700940497336e-19 8.599386392315030292e-21
2.822436189752289647e+04 6.579957031194271170e-19 8.579979530123236592e-21
2.823497537308162646e+04 6.671592433206957067e-19 8.536062254666391708e-21
2.824558878456055027e+04 6.478261823848896852e-19 8.638596874067024291e-21
2.825620213198109923e+04 6.790172754461596504e-19 8.624856406148609069e-21
2.826681541529640890e+04 6.632432165690176152e-19 8.615357135228200963e-21
2.827742863452205347e+04 6.455445817504503365e-19 8.591027664830389027e-21
2.828804178953757946e+04 6.661388267190124997e-19 8.801336018728622742e-21
2.829865488035795715e+04 6.832715426343829244e-19 8.772425455455757247e-21
2.830926790696138778e+04 7.046521663308096921e-19 9.032302578264182841e-21
2.831988086929546625e+04 7.650115227006864062e-19 9.173647840641135607e-21
2.833049376730102085e+04 7.282403592142366748e-19 8.989375050460223594e-21
2.834110660097451546e+04 6.832849726753710233e-19 8.679192203409244533e-21
2.835171937031938069e+04 6.879606484097895810e-19 8.715166324446539826e-21
2.836233207520829092e+04 6.418251846150122718e-19 8.458655645111303062e-21
2.837294471565605272e+04 6.424596706155226763e-19 8.114028413766156275e-21
2.838355729167243771e+04 6.092870588841539320e-19 8.151892538635304737e-21
2.839416980314238754e+04 6.481482772844703930e-19 8.661414168290917268e-21
2.840478225006821594e+04 6.257771075999152962e-19 8.578139023644694243e-21
2.841539463242863712e+04 6.200003809664855003e-19 8.350566688636164075e-21
2.842600695019550039e+04 6.088976468834163518e-19 8.268923244731142526e-21
2.843661920327792541e+04 6.233194054797496443e-19 8.364172252920183520e-21
2.844723139168547641e+04 6.081341195866077292e-19 8.533382412500775456e-21
2.845784351542119839e+04 6.436769484623008787e-19 8.451989796898258264e-21
2.846845557435680530e+04 6.417399943543842771e-19 8.529098920071871399e-21
2.847906756851412138e+04 6.266577289655961795e-19 8.491984879609799578e-21
2.848967949789012346e+04 6.411382631489850080e-19 8.549835056759940384e-21
2.850029136237502826e+04 6.722885996937166998e-19 8.862250817105621270e-21
2.851090316197187713e+04 6.375582326183565336e-19 8.891686572370963397e-21
2.852151489669016883e+04 6.505873831613937534e-19 8.681270119023130631e-21
2.853212656640753994e+04 6.797082773682892408e-19 8.707413939713951471e-21
2.854273817112690449e+04 6.335934469503374299e-19 8.395426724133445824e-21
2.855334971085781217e+04 6.618329738422777483e-19 8.658590779193739943e-21
2.856396118551533073e+04 6.305339377326715300e-19 8.271366867109673578e-21
2.857457259505218462e+04 6.459891482004140365e-19 8.423118894680431614e-21
2.858518393949051097e+04 6.334792352665105079e-19 8.324212723818334343e-21
2.859579521875784121e+04 6.421805263129151411e-19 8.503099686439995636e-21
2.860640643280670702e+04 6.303032046020560814e-19 8.414488941904450385e-21
2.861701758165307911e+04 6.150472939332134608e-19 8.312047972231497886e-21
2.862762866521184333e+04 6.454973962485026233e-19 8.536173727091057654e-21
2.863823968344791501e+04 6.376704305840325349e-19 8.496584701694393521e-21
2.864885063638364591e+04 6.506064193724448471e-19 8.909913341551451143e-21
2.865946152393379452e+04 5.923379554799341167e-19 8.647888183878961485e-21
2.867007234605061240e+04 5.482689913334418014e-19 8.468414012051712335e-21
2.868068310277533601e+04 5.954982450732688030e-19 8.298407547451970567e-21
2.869129379398491437e+04 6.057953742956548993e-19 8.534753975717678240e-21
2.870190441966919025e+04 6.292894701982088800e-19 8.790204719811882076e-21
2.871251497985694004e+04 5.678340034857887909e-19 8.324301640810315247e-21
2.872312547442490904e+04 5.763192512148314540e-19 8.484101254029503237e-21
2.873373590336919733e+04 5.922334986879607380e-19 8.609542406614464591e-21
2.874434626670601574e+04 5.967973982012942071e-19 8.862208956318348923e-21
2.875495656431193493e+04 6.119921283403675533e-19 8.893605855514317238e-21
2.876556679620196883e+04 6.212783561110858524e-19 8.880049551844082365e-21
2.877617696236712072e+04 6.142439928166394992e-19 9.033159895946128802e-21
2.878678706270900875e+04 6.196711795328633409e-19 8.833473930376549208e-21
2.879739709724270870e+04 5.955425652174845050e-19 8.695343634131365674e-21
2.880800706590851405e+04 5.900111381451540347e-19 8.678803068918961275e-21
2.881861696865858175e+04 6.055922234691161310e-19 8.853848742705401405e-21
2.882922680552067686e+04 6.173003517133345146e-19 8.776735878689615393e-21
2.883983657637795841e+04 6.224576483822741693e-19 8.825348318627888981e-21
2.885044628123322764e+04 6.234317155774184539e-19 8.536194807852414515e-21
2.886105592008258100e+04 6.278089837671061777e-19 8.688457785876310537e-21
2.887166549282167762e+04 6.198047607080201326e-19 8.699766614860484558e-21
2.888227499947233082e+04 5.931610053230904091e-19 9.072943207400758109e-21
2.889264738885645784e+04 5.925776924610419834e-19 8.451334671035737003e-21
2.890325674402500590e+04 6.104317955367842357e-19 8.632521560994740262e-21
2.891386603291051870e+04 6.043062268043894716e-19 8.672380211493038195e-21
2.892447525550948194e+04 5.862279921483978975e-19 8.622258929180294691e-21
2.893508441182382376e+04 5.948621890901795712e-19 8.809052056052579013e-21
2.894569350184866562e+04 6.136219124167523759e-19 8.661034703117404916e-21
2.895630252548152930e+04 6.046079389896559858e-19 8.684597647159129730e-21
2.896691148276675085e+04 5.892982230921443261e-19 8.393946648704611461e-21
2.897752037358891539e+04 6.076391679170791134e-19 8.488966145724157523e-21
2.898812919796187271e+04 6.022781972636757858e-19 8.595274167290375850e-21
2.899873795585064727e+04 6.259441615617868566e-19 8.994453050387983314e-21
2.900934664718245403e+04 6.047014236617642696e-19 8.603932860190676716e-21
2.901995527197740375e+04 5.987687583479075081e-19 8.473851907420999761e-21
2.903056383014493258e+04 6.024146237845933298e-19 8.475697353292453499e-21
2.904117232167984548e+04 5.939763381316141119e-19 8.304182196545696122e-21
2.905178074655937598e+04 5.843820204415674320e-19 8.222400515087486795e-21
2.906238910469868642e+04 5.946514451119548215e-19 8.331084763813295499e-21
2.907299739611107725e+04 6.128147494173517343e-19 8.508416348483658708e-21
2.908360562073714027e+04 6.209587071581150970e-19 8.708437639441607659e-21
2.909421377855963146e+04 6.216962392441474645e-19 8.606280085275176705e-21
2.910482186952395932e+04 5.927656585859024566e-19 8.196373915902851574e-21
2.911542989359503190e+04 6.093699071453612827e-19 8.268378084666261335e-21
2.912603785076163331e+04 5.910843413709416542e-19 8.468576583776956803e-21
2.913664574093234114e+04 5.834103393134269311e-19 8.312203977204594731e-21
2.914725356414607813e+04 6.016455684519488287e-19 8.597168172622697613e-21
2.915786132030543740e+04 5.861659671468371476e-19 7.992877530349468419e-21
2.916846900941749846e+04 5.450606871205101627e-19 7.819632872408804509e-21
2.917907663142228557e+04 5.628267330182391920e-19 8.143215846627550622e-21
2.918968418627756182e+04 5.712311718095282654e-19 8.642694491551032905e-21
2.920029167398469872e+04 5.845932935507572158e-19 8.545611264432797381e-21
2.921089909445870580e+04 5.937595067335670450e-19 8.396963965902905693e-21
2.922150644770047074e+04 5.555804457667783693e-19 8.428217623495275697e-21
2.923211373366225234e+04 5.753827587836748651e-19 8.500570587598199974e-21
2.924272095231448839e+04 5.780662144553151852e-19 8.334839319090030390e-21
2.925332810360835356e+04 5.508948528712125520e-19 8.318550140276217968e-21
2.926393518752073942e+04 5.851118257772391083e-19 8.283784069388692341e-21
2.927454220400328995e+04 5.937045951107369022e-19 8.282273013673893054e-21
2.928514915301971996e+04 5.921925989601829574e-19 8.380742235266774074e-21
2.929575603455329110e+04 5.690683125805563377e-19 8.521517452725569243e-21
2.930636284854927726e+04 5.963769481934313031e-19 8.414997894532433905e-21
2.931696959507495194e+04 5.837940633353951631e-19 8.276438529768345743e-21
2.932757628233456126e+04 5.763189257755676680e-19 8.286873758683775879e-21
2.933794502430228022e+04 5.704899738981507594e-19 8.331704097487637706e-21
2.934855154851109910e+04 5.981652490308689123e-19 8.455633849945586480e-21
2.935915800502041748e+04 6.182664313166226388e-19 8.646813502854822759e-21
2.936976439376105191e+04 6.012262841318874708e-19 8.423797495811610284e-21
2.938037071473643300e+04 5.811024637891423016e-19 8.561145782300390675e-21
2.939097696787143650e+04 5.975122689626132948e-19 8.326848352255957833e-21
2.940158315316834342e+04 6.282844617372666044e-19 8.687232810130056790e-21
2.941218927055913082e+04 6.032109186140179535e-19 8.543404686529686017e-21
2.942279532002039923e+04 6.065132623667716246e-19 8.434608078370164208e-21
2.943340130152867641e+04 5.919486371665656822e-19 8.357705615533544493e-21
2.944400721501567023e+04 5.980184928346195663e-19 8.324288027626965678e-21
2.945461306047733160e+04 6.053876860021913908e-19 8.081895202733195649e-21
2.946521883785788305e+04 6.088751425456770853e-19 8.299636166433327214e-21
2.947582454714095729e+04 6.240827785435756739e-19 8.707962924728734501e-21
2.948643018825700346e+04 6.309312767046486966e-19 8.490380621114220126e-21
2.949703572896231708e+04 6.048692442156881425e-19 8.715550411183119974e-21
2.950764104187056728e+04 6.071980006983580355e-19 8.271929138264366392e-21
2.951824628649021179e+04 6.227784233788432196e-19 8.367011486034238901e-21
2.952885146282129426e+04 6.180903444390971120e-19 8.444055777482470634e-21
2.953945657082057733e+04 6.086015980967917437e-19 8.410508876283629645e-21
2.955006161046445413e+04 6.282283956479061731e-19 8.555282393601038362e-21
2.956066658171703602e+04 6.133195350220169880e-19 8.446872430437923295e-21
2.957127148452166875e+04 6.123840059336756848e-19 8.300057003556339868e-21
2.958187631886170129e+04 6.197535249044389657e-19 8.252919608528362662e-21
2.959248108470094303e+04 6.125900445666870072e-19 8.596870917881651717e-21
2.960308578198903342e+04 6.210000289351979742e-19 8.423180013460836195e-21
2.961369041068997831e+04 6.451865347367188064e-19 8.442905308101457501e-21
2.962429497078033091e+04 6.015601573669323719e-19 8.090717338980238328e-21
2.963489946222297294e+04 6.294400493425069055e-19 8.392876802705356637e-21
2.964550388496875894e+04 6.348062514493558022e-19 8.573382412110044417e-21
2.965610823898066883e+04 6.415095588090826305e-19 8.755730683648327771e-21
2.966671252424179329e+04 6.143404674431506175e-19 8.497592062215240290e-21
2.967731674069604196e+04 6.264178175589884472e-19 8.561153364657715348e-21
2.968792088831271030e+04 6.273926764555582278e-19 8.366070136074344986e-21
2.969852496706213788e+04 6.267072025260703368e-19 8.409808732261689717e-21
2.970912897689441525e+04 6.095356027374576431e-19 8.246961595306721584e-21
2.971973291777875784e+04 6.169836934896138549e-19 8.300334973174545071e-21
2.973033678969235189e+04 6.233104252779060506e-19 8.242869837189703958e-21
2.974094059257151821e+04 6.354077837256447678e-19 8.193817928939533242e-21
2.975154432639258812e+04 6.083311793141630074e-19 8.191390358433995882e-21
2.976214799111913089e+04 6.252578275724630841e-19 8.415235434134176608e-21
2.977275158672032194e+04 6.130396555124371810e-19 8.414985490018514332e-21
2.978335511314639734e+04 6.343338930193899765e-19 8.451153851230979526e-21
2.979395857037378664e+04 6.269648455404683024e-19 8.404561636646464226e-21
2.980456195835832477e+04 5.966348496580131779e-19 8.223255367678245699e-21
2.981516527705711269e+04 6.132696811227043927e-19 8.292231427003216202e-21
2.982576852644604514e+04 5.905753805797038405e-19 8.179296773197726800e-21
2.983637170648146639e+04 6.149513630070338942e-19 8.250060821683386460e-21
2.984697481712672015e+04 5.810791936787468620e-19 8.184743793885042784e-21
2.985757785833745584e+04 5.924593064966391400e-19 8.094258412434279262e-21
2.986818083009048132e+04 6.054220896345770028e-19 8.301248060216171292e-21
2.987878373233526872e+04 6.103312950276337919e-19 8.477114500036833991e-21
2.988938656505431936e+04 5.806391642035078983e-19 8.260010082480699615e-21
2.989998932818441244e+04 5.665574768108228623e-19 7.969476648674122516e-21
2.991059202170790377e+04 6.043004419767595514e-19 8.103783309681621511e-21
2.992119464558114123e+04 5.950622259465325010e-19 8.108491213906171560e-21
2.993179719976719934e+04 6.024728097012090937e-19 8.029596618063776306e-21
2.994239968422139646e+04 6.136631009087207161e-19 8.248789016911304647e-21
2.995300209892733619e+04 6.055691856530041004e-19 7.989473594653903870e-21
2.996360444383407230e+04 6.072063064812411176e-19 7.969979506950810631e-21
2.997420671888403012e+04 6.373602283975262919e-19 8.267695992691111041e-21
2.998480892408057844e+04 6.195951696574185714e-19 8.263489863713431374e-21
2.999541105935892847e+04 6.238902977802703729e-19 8.437706293873822902e-21
3.000601312469566255e+04 6.038127775230768102e-19 8.154002403607221713e-21
3.001661512003319149e+04 6.349668159086962981e-19 8.258976770612514852e-21
3.002721704536056495e+04 6.082213276491720246e-19 8.261639849666205492e-21
3.003781890063425089e+04 5.784124588593828886e-19 8.008664109423813647e-21
3.004842068578268299e+04 5.912258140903061209e-19 8.053675058937650957e-21
3.005902240082242861e+04 5.888748641213586507e-19 8.201175551849150704e-21
3.006962404567583872e+04 5.932709415157725963e-19 8.058765149577086148e-21
3.008022562031819325e+04 6.434176676770329711e-19 8.310141022306821341e-21
3.009082712471269770e+04 6.346100585709144381e-19 8.370525442285480690e-21
3.010142855882134609e+04 6.042714665837716293e-19 8.189092977409994241e-21
3.011202992261341205e+04 6.224849973890190515e-19 8.234665956946857700e-21
3.012263121604485787e+04 6.325634047058770102e-19 8.426051644164474823e-21
3.013323243907056531e+04 6.157201583134917607e-19 8.150411755574448643e-21
3.014383359166716400e+04 6.202955346686279181e-19 8.320527628245455208e-21
3.015443467378311107e+04 6.072400945532330194e-19 8.452618302504490757e-21
3.016503568539415573e+04 6.347226906516471113e-19 8.338487227198947927e-21
3.017563662644949727e+04 6.607503312557353721e-19 8.384371689085804709e-21
3.018623749691744160e+04 6.463869495939677070e-19 8.214562568332815960e-21
3.019683829677444737e+04 6.613254728315764695e-19 8.354647564841439044e-21
3.020743902595538384e+04 6.461414307518880137e-19 8.303251871287262355e-21
3.021803968444936982e+04 6.551820897034329420e-19 8.389356635523622728e-21
3.022864027219873242e+04 6.573568829025484770e-19 8.295766750201938833e-21
3.023924078917173392e+04 6.488157812517840047e-19 8.165305504941511634e-21
3.024984123533105958e+04 6.450889050296358519e-19 8.318066297594546022e-21
3.026044161063866704e+04 6.319524752073439435e-19 8.540763833906008653e-21
3.027104191504275514e+04 6.322378795812889969e-19 1.011639867426614206e-20
3.028164214853994781e+04 6.348901118344364946e-19 8.354400277289443196e-21
3.029224231106441221e+04 6.548109661143908355e-19 8.555165661055709767e-21
3.030284240258548016e+04 6.430504474814143714e-19 8.272733892211647149e-21
3.031344242306502565e+04 6.550492823388881911e-19 8.650356357469846991e-21
3.032404237247155470e+04 6.571412782394400202e-19 8.672730122523095419e-21
3.033464225075392460e+04 6.722014675148163655e-19 8.663646137381827133e-21
3.034524205788019026e+04 6.535831992605201402e-19 8.546525571332059118e-21
3.035584179380597561e+04 6.144661308150701149e-19 8.080744649719222367e-21
3.036620166489686017e+04 6.125473411288088294e-19 8.494077644762827637e-21
3.037680124741946929e+04 5.767266034180449161e-19 8.377466171421691903e-21
3.038740075020185395e+04 5.852626087648001128e-19 8.139918965680854773e-21
3.039800018155242287e+04 6.137406719986552109e-19 8.328073214864966144e-21
3.040859954151070269e+04 6.203822036700513045e-19 8.374688261688163025e-21
3.041919883004462463e+04 6.228874990557654776e-19 8.485955990417845846e-21
3.042979804712922123e+04 6.578312042864473480e-19 8.793212016683476723e-21
3.044039719269337002e+04 6.969686984360900507e-19 9.112886194760707683e-21
3.045099626673129751e+04 6.886373136516611583e-19 8.975017853965246968e-21
3.046159526919215932e+04 7.307145743251567103e-19 9.014467539974324226e-21
3.047219420003032428e+04 7.988061828659331025e-19 9.401883123235020867e-21
3.048279305922106141e+04 8.616904117328071038e-19 9.780070691591304678e-21
3.049339184671926341e+04 8.950853444341395605e-19 1.004728355187466817e-20
3.050399056247294357e+04 8.789578880045328944e-19 9.733359206177472859e-21
3.051458920647746709e+04 9.685545464751809976e-19 1.040842336296884365e-20
3.052518777866710298e+04 1.009742788799057078e-18 1.063325125466863216e-20
3.053578627899716230e+04 9.546734220087441460e-19 1.014275684056958277e-20
3.054638470746229723e+04 9.696563774905652706e-19 1.030067944242637562e-20
3.055698306399710782e+04 9.777078180010384619e-19 1.022700238842430301e-20
3.056758134855686876e+04 9.263836224169863217e-19 9.850998066951508385e-21
3.057817956114232948e+04 9.086096401857550458e-19 1.000123103605796763e-20
3.058877770166905248e+04 8.474623929205781166e-19 9.640969046095846308e-21
3.059937577013753253e+04 8.046917639893179452e-19 9.204900907351339052e-21
3.060997376646266639e+04 7.729677251721030170e-19 9.160660819412106887e-21
3.062057169063947367e+04 7.255748409660364085e-19 9.427922193906014010e-21
3.063116954264213200e+04 7.428490286746304935e-19 8.926814644244595143e-21
3.064176732238587647e+04 7.288345688698233971e-19 8.962914382781766670e-21
3.065236502988462598e+04 7.382817968808383177e-19 9.023542185018676581e-21
3.066296266506002576e+04 7.228236324694113725e-19 8.862068886598207303e-21
3.067356022788629707e+04 6.986076247158612172e-19 8.880295048770515445e-21
3.068415771831796155e+04 6.981428512888342669e-19 8.635805848844132202e-21
3.069475513634341041e+04 6.941001586068552281e-19 8.463429503157347994e-21
3.070535248188959304e+04 6.969525773897934758e-19 8.748945734662562250e-21
3.071594975492473895e+04 7.042333754240415839e-19 8.683782633347981190e-21
3.072654695542999980e+04 6.989920845811287820e-19 8.740881473285269912e-21
3.073714408346408891e+04 6.958315439223599502e-19 8.651367645282785526e-21
3.074750065331846781e+04 7.302478633683421548e-19 8.932755397686861462e-21
3.075809761647503910e+04 7.365352253165574132e-19 9.126735128994574576e-21
3.076869450693826730e+04 7.009430785438741137e-19 8.761284165144250510e-21
3.077929132466133160e+04 7.216429034440574617e-19 8.898438100364741935e-21
3.078988806959900103e+04 7.127076393458172848e-19 8.583875839542674996e-21
3.080048474172562055e+04 7.439526766246380234e-19 8.864880274088642529e-21
3.081108134098833762e+04 8.302962613875653177e-19 9.343405721958430872e-21
3.082167786735507980e+04 8.838371629177446129e-19 9.592344392150126682e-21
3.083227432079326900e+04 8.346160488684780006e-19 9.557266182817502329e-21
3.084287070125738319e+04 8.044373484582877601e-19 9.438028241929881882e-21
3.085346700870744826e+04 7.501904470614752787e-19 9.099609201632963125e-21
3.086406324310489435e+04 7.053878377291427191e-19 8.601458724159500205e-21
3.087465940441010389e+04 6.863312049649828803e-19 8.502904147015532553e-21
3.088525549259086984e+04 6.624395387736111856e-19 8.424722394052460254e-21
3.089585150759409953e+04 6.428315780170841518e-19 8.281912543076454982e-21
3.090644744937986979e+04 6.174207998741681918e-19 8.324706546509514114e-21
3.091704331790957076e+04 6.362451242154285796e-19 8.326575346116929206e-21
3.092763911316416852e+04 5.647539774037459261e-19 8.115149817659147404e-21
3.093823483509079961e+04 5.775950774163469824e-19 8.073791347293046606e-21
3.094883048365679133e+04 6.117983125339730642e-19 8.147924598665732022e-21
3.095942605881566124e+04 6.061120221429978271e-19 8.143512916798355161e-21
3.097002156051409111e+04 6.148367612185750172e-19 8.063754608061042991e-21
3.098061698873315981e+04 6.280587942907267427e-19 8.094073627692903905e-21
3.099121234342701428e+04 6.342204684173489857e-19 8.131970310529736793e-21
3.100180762456244338e+04 5.890061086780905815e-19 7.889665022291573608e-21
3.101240283208637629e+04 6.229183462026088298e-19 8.030004834251276619e-21
3.102299796596587839e+04 6.169161014634550243e-19 8.120296873701449608e-21
3.103359302615437628e+04 6.343485212470281268e-19 8.155008489077116069e-21
3.104418801263363275e+04 5.885757640369260297e-19 7.913721507985444118e-21
3.105478292534932916e+04 5.974658908491611198e-19 7.893242057774554335e-21
3.106537776425538686e+04 5.931007996435205566e-19 7.918648692355433689e-21
3.107597252931127150e+04 6.142718480577931826e-19 8.301396742690149202e-21
3.108656722050634198e+04 6.016144360278683777e-19 8.090997703035638724e-21
3.109716183776486287e+04 6.020189995822224820e-19 7.947151810974957986e-21
3.110775638106856422e+04 6.113668882583628652e-19 8.123591232196989875e-21
3.111835085036346209e+04 5.997854621508548700e-19 8.064372874953691993e-21
3.112894524562361403e+04 6.048780844147227086e-19 8.354138266740986199e-21
3.113953956680262127e+04 6.072303448696188616e-19 8.171457739674800571e-21
3.115013381385263347e+04 5.906962606234231841e-19 7.946913632473561730e-21
3.116072798674169826e+04 5.684780958935011470e-19 7.894347645166016254e-21
3.117132208542920853e+04 6.027541121620375095e-19 8.196766309458277710e-21
3.118191610988991306e+04 5.943473312294827628e-19 8.033154132240210463e-21
3.119251006006936950e+04 5.982909649299227263e-19 8.076676385798426179e-21
3.120310393592034961e+04 5.812340823614035656e-19 8.093996270422598083e-21
3.121369773739596349e+04 5.966260020995195822e-19 8.006191078340696203e-21
3.122429146448417669e+04 6.046379861509073794e-19 8.098223924217569236e-21
3.123488511712415857e+04 5.986056784936234369e-19 8.025289312822283008e-21
3.124547869530359094e+04 5.740031062768619305e-19 7.926092501632226144e-21
3.125607219894731679e+04 6.259313391817881932e-19 8.102433718031699419e-21
3.126666562801463442e+04 5.871813584924558615e-19 7.827566685864748630e-21
3.127725898250142927e+04 5.826082457024731835e-19 7.799462296371725336e-21
3.128785226233879439e+04 5.725366202447970854e-19 7.866490030982031123e-21
3.129844546750063455e+04 5.862401080825759661e-19 8.032578848872618998e-21
3.130903859792556977e+04 5.743331370212147393e-19 8.101118944638021374e-21
3.131963165359418417e+04 5.961161217631424818e-19 8.135600586120801619e-21
3.133022463446695110e+04 5.775985131959860406e-19 7.719896444270742841e-21
3.134081754048832227e+04 5.828156699574479679e-19 8.087811561522377001e-21
3.135141037162585417e+04 5.925513114914647446e-19 7.866156927148732351e-21
3.136200312784581547e+04 5.987484671591878534e-19 7.960183227534445536e-21
3.137259580909370561e+04 5.227228092694529638e-19 7.607529637640002635e-21
3.138318841533618615e+04 5.623088915148910519e-19 7.885388687048673885e-21
3.139378094653985681e+04 5.827588071314997200e-19 7.955171932565197950e-21
3.140437340265014791e+04 5.974018409665303058e-19 8.117051501222423047e-21
3.141496578363318258e+04 5.738800039031689968e-19 7.986941831910114547e-21
3.142555808944916134e+04 5.938300130042805042e-19 8.057111357556037184e-21
3.143615032006382535e+04 5.773877127694291779e-19 7.974067702845737678e-21
3.144674247543024467e+04 5.655405002206859212e-19 7.975773286681814844e-21
3.145733455549985592e+04 5.911717771597002939e-19 7.961782334007205942e-21
3.146792656024698590e+04 6.106539364516392031e-19 8.141113759552646638e-21
3.147851848961617725e+04 5.979579133342266979e-19 7.878186165703812632e-21
3.148911034358855250e+04 5.845828246323127417e-19 8.177719623945460209e-21
3.149970212208724115e+04 5.342348832606055369e-19 8.035114042741381961e-21
3.151029382511471340e+04 2.754452118539501638e-19 1.751837700678979743e-20
