9.794998543614368828e+03 -4.784579513606772926e-20 4.039064291876365368e-20
9.801352084612941326e+03 -8.773509584051326775e-21 2.252097952952818579e-20
9.807705634189913326e+03 -5.273982787480248937e-20 2.525740646883883058e-20
9.814209230172518801e+03 6.019914894844190252e-20 2.563444123821989483e-20
9.820562795132273095e+03 -1.069830019226596891e-20 2.708723375277672231e-20
9.826916362980855411e+03 2.792676536091738166e-20 2.487422970659779572e-20
9.833269933686040531e+03 6.569043111440940267e-20 2.420095379854253463e-20
9.839623507216292637e+03 2.101963605359955274e-20 2.357256772175646318e-20
9.845977083538919032e+03 3.003735741589889805e-20 2.382539529372087371e-20
9.852330662621978263e+03 7.685215557093976134e-20 2.285473416083809489e-20
9.858684244433567073e+03 7.473313958690359701e-20 2.411012027078679147e-20
9.865037828941492990e+03 6.147153448874889281e-20 2.348905395675326317e-20
9.871391416114656749e+03 8.952211876595181702e-21 2.132314578237441682e-20
9.877745005919363393e+03 7.647942023988875821e-20 2.266147928572976918e-20
9.884098598325872445e+03 8.026114902585763713e-20 2.323504032653609589e-20
9.890452193300508952e+03 5.390766131689615141e-21 2.293712329222072384e-20
9.896805790811520637e+03 4.388779503073588294e-20 2.165397508863116537e-20
9.903159390828459436e+03 6.614956541012961898e-21 2.359048041668635295e-20
9.909512993317681321e+03 -2.873090329491370212e-20 2.372965797707276756e-20
9.915866598248798255e+03 1.383049419304272596e-20 2.331253273894763781e-20
9.922220205589059333e+03 7.363044785171615706e-20 2.370549638239210243e-20
9.928573815306946926e+03 -1.266494680713981669e-20 2.370081562121475904e-20
9.934927427370846999e+03 5.468659513132159652e-20 2.307379324645177175e-20
9.941281041748648931e+03 6.130119227144833130e-20 2.146184027923237721e-20
9.947634658409218900e+03 -9.768478232972854579e-21 2.110966601233115021e-20
9.953988277320462657e+03 -2.407214320210384728e-20 2.111332368076543642e-20
9.960341898450384178e+03 1.367461858273356545e-20 2.178838777734544824e-20
9.966695521767787795e+03 9.455820422648523332e-20 2.219141984456191530e-20
9.973049147241179526e+03 7.741281624662526895e-20 2.288786672390695933e-20
9.979402774838155892e+03 5.176577560100200347e-20 2.270182917572852499e-20
9.985756404527734048e+03 2.880807909577744445e-20 2.184350169587985002e-20
9.992110036278196276e+03 1.010860495452838662e-20 2.056186416014774534e-20
9.998463670058039497e+03 2.887332183756008192e-20 2.285352650864457929e-20
1.000481730583592434e+04 1.029992811312681067e-19 2.241618535167428843e-20
1.001117094357950191e+04 2.130666211724775681e-20 1.981463381886168550e-20
1.001752458325802218e+04 2.738792150857711401e-23 2.105464452495928911e-20
1.002387822483997479e+04 6.373617430107786521e-20 2.295195194014708109e-20
1.003023186829333281e+04 -1.681413166087496161e-20 2.021754506067186162e-20
1.003658551358731711e+04 3.193076589471673519e-20 2.118522050940393273e-20
1.004293916068997351e+04 -2.658677459905060332e-22 2.239837594825250968e-20
1.004929280957007177e+04 -5.785782354870255040e-21 2.096610366924658131e-20
1.005564646019674728e+04 1.741595552948369107e-21 2.061108247149204393e-20
1.006200011253779485e+04 -2.549647160435039343e-20 2.079620989191417140e-20
1.006835376656255721e+04 3.079623334765720430e-20 2.183618138890707807e-20
1.007470742223896923e+04 1.804593561225142170e-20 2.251621079743757635e-20
1.008106107953655919e+04 2.837757761215638322e-20 2.126087107929558828e-20
1.008741473842373671e+04 1.713757156302489405e-20 2.117572376823465134e-20
1.009376839886873495e+04 -4.497162108725103460e-20 2.115470772380711867e-20
1.010012206084100944e+04 1.715467235945371461e-21 2.375699669316241884e-20
1.010647572430897890e+04 -4.177581988574442105e-21 2.082320126975142951e-20
1.011282938924158225e+04 7.076044796573074374e-20 2.208752785628108953e-20
1.011918305560788940e+04 -4.996125223106050561e-22 2.156027173396443286e-20
1.012553672337591888e+04 -1.172986899426400784e-20 2.225177869641069492e-20
1.013189039251542999e+04 -6.267451725355656881e-20 2.222973016715053759e-20
1.013824406299501061e+04 5.261754773482592773e-20 2.124730916204018843e-20
1.014459773478306670e+04 1.265631092266996277e-20 2.031462704997911120e-20
1.015095140784934301e+04 4.458842348800674986e-21 1.819031081388873721e-20
1.015730508216217277e+04 6.027265105515860241e-20 2.016149913379766224e-20
1.016365875769076411e+04 8.913458524609246529e-21 1.904515239529431787e-20
1.017001243440411417e+04 2.733977413013780027e-20 1.984347614559591381e-20
1.017636611227103094e+04 -4.297834648781299979e-20 2.099353502405196118e-20
1.018271979126091173e+04 2.722823567393998546e-21 2.017700973947415604e-20
1.018907347134231350e+04 6.378866663592064433e-21 2.056384494825656429e-20
1.019542715248463355e+04 3.784261588721374027e-20 2.008252382350741588e-20
1.020178083465709460e+04 3.029717047491351248e-20 2.106043482256991316e-20
1.020813451782818629e+04 4.839476327949430386e-20 2.025842725698205814e-20
1.021448820196779889e+04 1.366031839459741687e-20 1.995267916870820450e-20
1.022084188704438566e+04 2.223528098939992609e-21 2.005656727585795843e-20
1.022719557302749672e+04 6.223125386592650951e-20 2.001476532770626833e-20
1.023354925988638388e+04 3.222820401725191404e-20 2.016654828846213711e-20
1.023990294758985146e+04 5.979735616157494937e-21 1.996058684899414156e-20
1.024625663610757874e+04 2.385916959935995259e-20 2.056334723581087860e-20
1.025261032540849192e+04 1.071512283962786595e-19 2.196345176726614315e-20
1.025896401546185371e+04 3.529168916146848457e-20 2.052746167015795774e-20
1.026531770623732700e+04 3.116631600750996812e-20 2.124443732702695893e-20
1.027167139770366521e+04 3.015123359546456299e-20 2.120573923768030380e-20
1.027802508983195912e+04 6.108809098554798023e-20 2.074086417677141572e-20
1.028452992984341108e+04 3.964899163263348296e-20 2.088397606166763265e-20
1.029088363826376008e+04 7.999838684647350386e-20 2.061566268105401371e-20
1.029723734718403648e+04 2.703272426495353014e-20 2.013292226592077888e-20
1.030359105664012532e+04 -1.905006401484405268e-20 1.854129142837920296e-20
1.030994476660158944e+04 4.535484842618379818e-20 1.931893800265997175e-20
1.031629847703752966e+04 3.509093546118170627e-20 1.981063665389588852e-20
1.032265218791788902e+04 -5.684187629440907092e-21 1.802121211082218936e-20
1.032900589921158098e+04 3.915840840686750634e-20 1.593100820798771003e-20
1.033535961088855765e+04 4.943507314409748827e-20 1.949534248966986302e-20
1.034171332291824365e+04 9.675076628784620792e-21 1.825875883566819880e-20
1.034806703533638574e+04 3.945872261986907543e-20 1.880986216149186402e-20
1.035457206010840855e+04 1.619672029751277782e-20 1.951308457990291890e-20
1.036092578798774230e+04 5.385719273797287316e-20 1.946196028285668965e-20
1.036727951609622141e+04 -2.492447051350543702e-21 1.784339892635976039e-20
1.037363324440289034e+04 -1.108657969689882105e-21 1.808171831871363218e-20
1.037998697287772848e+04 2.225321590209102511e-20 1.869018769963177837e-20
1.038634070149041327e+04 7.474711520942585235e-20 2.023951896368105632e-20
1.039269443021024745e+04 1.723699710338220147e-20 1.955895650511284378e-20
1.039904815900753783e+04 4.946558491631443350e-20 1.895460528509135820e-20
1.040540188785126520e+04 3.474359019581372914e-20 1.874722004553795259e-20
1.041175561671179821e+04 4.702151991505800828e-20 1.971597574331144424e-20
1.041810934555861240e+04 6.657761784669440322e-20 1.899980495469724403e-20
1.042446307436144343e+04 2.132876859376051810e-20 1.850746948635800394e-20
1.043081680309043259e+04 -6.055409846102943156e-21 1.941178004830228822e-20
1.043717053171473162e+04 8.136465253495022931e-20 1.966434990493834403e-20
1.044352426020494568e+04 2.174462306900978579e-20 1.925900416506779782e-20
1.044987798853030654e+04 5.863381505664299515e-20 2.044159754374183311e-20
1.045623171666104463e+04 -1.429359697261875443e-20 1.929393942155745576e-20
1.046258544456705931e+04 2.122694801757052338e-20 1.829895147779991688e-20
1.046893917221794800e+04 2.361396186198246789e-20 1.918256347961847843e-20
1.047529289958421577e+04 4.282803446205803689e-20 1.895003734986309771e-20
1.048164662663498348e+04 2.921359492521139809e-20 1.896045519958907407e-20
1.048800035334099994e+04 3.613254370434636604e-20 1.943364897304982239e-20
1.049435407967182982e+04 4.109835271911999912e-20 1.760764440892952185e-20
1.050070780559763080e+04 6.714411294261169693e-20 1.724899654113833257e-20
1.050706153108854232e+04 5.243937134719596774e-20 1.856593226607856771e-20
1.051341525611422912e+04 4.933623875641344666e-20 1.852797253558501547e-20
1.051976898064537454e+04 2.382325326523075100e-20 1.914742673066101714e-20
1.052612270465130132e+04 3.477241150914439345e-20 1.823314762640492312e-20
1.053247642810270554e+04 2.816844708677991225e-21 1.700118761523291419e-20
1.053883015096942654e+04 3.345176390566423147e-20 1.789630055753808106e-20
1.054518387322180388e+04 3.430109870647807652e-20 1.847907230073829948e-20
1.055153759482995883e+04 3.039062365084519087e-20 1.812672344440395799e-20
1.055789131576385626e+04 -1.314256010913719580e-20 1.807571550556558357e-20
1.056424503599419222e+04 1.832583308769261418e-21 1.766844328617680552e-20
1.057059875549042044e+04 2.777733917534081245e-20 1.867573674752563558e-20
1.057695247422349530e+04 1.668441456589905043e-20 1.867092472151014155e-20
1.058330619216329069e+04 4.074959342315607287e-20 1.795358590220261307e-20
1.058965990928024621e+04 -7.249391845244610216e-23 1.693888894461926014e-20
1.059601362554472689e+04 2.124811248845489087e-20 1.839332347915227624e-20
1.060236734092666120e+04 5.102528838449133117e-20 1.846847204740729459e-20
1.060872105539708537e+04 4.661721454902725574e-20 1.777266266988162777e-20
1.061507476892541126e+04 3.697501026629732361e-20 1.797591389287871255e-20
1.062142848148303528e+04 1.234411706504158497e-20 1.758723248189483254e-20
1.062778219303955302e+04 3.639961247462927111e-20 1.779025016976582581e-20
1.063413590356580426e+04 5.112443291400499063e-20 1.646369228068323870e-20
1.064048961303211581e+04 4.023191122015195767e-20 1.667030861174808928e-20
1.064684332140872539e+04 6.188572858274815325e-21 1.882602708207229755e-20
1.065319702866663283e+04 6.817428744234648749e-21 1.650136721532317332e-20
1.065955073477563928e+04 1.090532024479591933e-20 1.766255681766471883e-20
1.066590443970698288e+04 5.129080773641794903e-20 1.808501441252409759e-20
1.067225814343044658e+04 2.810412388424086048e-20 1.759870721743974657e-20
1.067861184591712663e+04 1.864328429378955281e-20 1.865966838122476205e-20
1.068496554713735713e+04 1.253423002947988159e-20 1.764541442518078935e-20
1.069131924706181053e+04 2.143929557031241778e-21 1.785714107424644372e-20
1.069767294565995326e+04 7.531784706188384659e-21 1.726941990507847091e-20
1.070402663101995859e+04 -1.899586968122749729e-21 1.791863632615383332e-20
1.071038027993116339e+04 7.249214235067625988e-22 1.816981026527435387e-20
1.071673392742880242e+04 3.535855829220165827e-20 1.723422325377802219e-20
1.072308757348415566e+04 2.030394386517788935e-20 1.832071738424294481e-20
1.072944121806718795e+04 2.324020693493988041e-20 1.710700720179274475e-20
1.073579486114928841e+04 1.539654026366153021e-20 1.685233532530552707e-20
1.074214850270084389e+04 3.761472095621358958e-20 1.780979864656806777e-20
1.074850214269296339e+04 3.687202509552746084e-20 1.725968970594170761e-20
1.075485578109627568e+04 6.240155998009946298e-20 1.749257403439236546e-20
1.076120941788108576e+04 3.422681536131292009e-20 1.680863558440343496e-20
1.076756305301899738e+04 -3.173253148742458012e-21 1.821391081236400554e-20
1.077391668647994993e+04 1.562685243097148844e-20 1.794014890886350340e-20
1.078027031823591642e+04 3.954148061169888333e-20 1.797614815114813466e-20
1.078662394825661431e+04 1.199797749338205522e-20 1.738617129700565942e-20
1.079297757651350548e+04 -1.682817024989259729e-20 1.661964987854670711e-20
1.079933120297760979e+04 2.343963827388895452e-20 1.707756535147549904e-20
1.080568482761953055e+04 1.021285329752171774e-20 1.705328543523324874e-20
1.081203845041048226e+04 2.330150328232498610e-20 1.761727739022201631e-20
1.081839207132120282e+04 3.329799542574408302e-20 1.760104472098989505e-20
1.082474569032295403e+04 1.629997100618412271e-21 1.675060939768395173e-20
1.083109930738627372e+04 4.140960140602184847e-20 1.821760017644564314e-20
1.083745292248281476e+04 2.279453684127172628e-22 1.924198268494645598e-20
1.084380653558267113e+04 7.450030870616465850e-20 1.820152747496114252e-20
1.085016014665800321e+04 4.108088440645782348e-20 1.724031828262686006e-20
1.085651375567899413e+04 5.321538278026388496e-20 1.811027328271811416e-20
1.086286736261860824e+04 6.967942285413116580e-20 1.740355474042559692e-20
1.086937346051741770e+04 9.476154392370631348e-20 1.798669136711023036e-20
1.087572707807189545e+04 2.921410608077558013e-20 1.700277796745891565e-20
1.088208069338913083e+04 -2.124822387359826243e-21 1.687373380947987820e-20
1.088843430650617665e+04 -3.180162932319540589e-20 1.724063308306396408e-20
1.089478791739381631e+04 7.231557216408157244e-20 1.785005705148361616e-20
1.090114152602350077e+04 7.569762743533469643e-20 1.699164883102208596e-20
1.090749513236680468e+04 1.086412544743458664e-20 1.585636311207504241e-20
1.091384873639446414e+04 5.024703881782386901e-21 1.518129474190143639e-20
1.092020233807761724e+04 3.031368679378310120e-20 1.737871837168780973e-20
1.092655593738768039e+04 2.657228419384142775e-20 1.723489026035891237e-20
1.093290953436440941e+04 7.558355064075323163e-20 1.727223356966668289e-20
1.093926313433046380e+04 6.518448473343593043e-20 1.633126343898804817e-20
1.094576939144939570e+04 -3.566020416321419127e-22 1.507967118441064035e-20
1.095212299575956968e+04 2.271400974491211887e-20 1.524641709680476389e-20
1.095847659755236236e+04 -1.243064560573783353e-20 1.508107575343825365e-20
1.096483019679757854e+04 1.855178342457468534e-20 1.426514604944005595e-20
1.097118379346769871e+04 3.941777375503018029e-20 1.411453464019016070e-20
1.097753738753337166e+04 4.406819819545748564e-21 1.506565841537344508e-20
1.098389097896631392e+04 4.923711621793059056e-20 1.696142404136743226e-20
1.099024456773838028e+04 5.076980463626714278e-20 1.539263533801135764e-20
1.099659815382034139e+04 -1.907808091511631717e-20 1.547940178631330725e-20
1.100295173718453952e+04 1.162580916554230853e-20 1.551488955767265865e-20
1.100930531780168712e+04 5.472996017500760021e-20 1.388764019211958500e-20
1.101565889564388635e+04 5.123979365435768198e-20 1.424605897873031946e-20
1.102201247068235898e+04 1.958872063048969883e-20 1.386636773124173319e-20
1.102836604288912349e+04 3.238188885255602328e-20 1.442334804554379039e-20
1.103471961223483049e+04 4.192229670158422137e-20 1.510627376895459228e-20
1.104107317869211147e+04 4.994898616742296939e-20 1.555908172042904181e-20
1.104742674223185895e+04 3.591841056748045200e-20 1.566565604348829405e-20
1.105378030282614600e+04 2.881755741373050585e-20 1.506947737304645620e-20
1.106013386044628533e+04 -1.321655911923032659e-20 1.496712022190864086e-20
1.106648741506439910e+04 -9.826737210607345044e-21 1.569159993384432905e-20
1.107284096665166726e+04 -8.713564480290458320e-21 1.694459813964823992e-20
1.107919451518049209e+04 -8.588841574557520449e-21 1.499086294645322282e-20
1.108554806062182615e+04 2.537679392998135857e-20 1.464106412281558994e-20
1.109190160294788984e+04 4.430659598524899977e-20 1.559779646146806137e-20
1.109825514213048700e+04 2.095817607647348635e-20 1.480854759295059531e-20
1.110460867814105768e+04 6.552386655956137087e-20 1.535844191929678035e-20
1.111096221095118563e+04 2.580527521844534570e-20 1.419097950471683749e-20
1.111731574053412805e+04 2.524337257051154733e-20 1.544672382579181029e-20
1.112366926685994622e+04 2.774902061399329561e-20 1.551991707839424698e-20
1.113002278990129889e+04 1.444303197808796898e-20 1.442543901555004485e-20
1.113637630963044830e+04 1.474312203904031189e-20 1.486974232305881823e-20
1.114272982601860167e+04 3.204740119307289651e-20 1.565139307197494975e-20
1.114908333903798484e+04 2.121393424760860403e-20 1.568984688916253989e-20
1.115543684865988507e+04 2.204852606021243626e-20 1.571695565553146511e-20
1.116179035485742133e+04 2.253182860866963766e-20 1.591576826015756075e-20
1.116814385760178084e+04 2.080960957227776047e-20 1.519178195465057235e-20
1.117449735686532222e+04 1.747572352899766245e-20 1.542367359413418146e-20
1.118085085261936547e+04 1.681395856031849001e-20 1.477886222420189131e-20
1.118720434483690951e+04 5.521671856347802030e-20 1.514951670030485618e-20
1.119355783348917794e+04 1.024283163763842400e-20 1.560442683478240893e-20
1.119991131854860578e+04 2.002590007523460651e-20 1.352499329103374180e-20
1.120626479998707327e+04 -5.806974568105658569e-21 1.450367162069523064e-20
1.121261827777739018e+04 -3.536425434929511504e-21 1.474623849968496890e-20
1.121897175189016161e+04 4.622841395453987870e-21 1.485115197228435675e-20
1.122532522229854840e+04 2.527526076553895830e-20 1.440231596076486607e-20
1.123167868897459084e+04 1.415237357991136001e-20 1.487740998571924055e-20
1.123803215189086040e+04 3.910353106001372307e-20 1.501383997392698511e-20
1.124438561101857886e+04 5.262375085921071852e-20 1.339438714757095597e-20
1.125073906633115075e+04 4.251887562504466483e-20 1.335139555087503683e-20
1.125709251779908118e+04 1.980715585340081629e-20 1.603026236187394219e-20
1.126344596539626764e+04 8.205120709553572498e-21 1.370844713112312253e-20
1.126979940909304605e+04 1.906869675166164195e-20 1.443646594092542020e-20
1.127615284886435802e+04 7.661903834376907826e-20 1.567763557242733741e-20
1.128250628468063769e+04 3.390763529112521201e-20 1.528905952633651121e-20
1.128885971651440195e+04 8.997621954483254552e-21 1.526090127845489167e-20
1.129521314433776388e+04 4.970791563290759311e-20 1.572613344617854835e-20
1.130156656812403526e+04 3.223908541318101725e-20 1.470979215222309146e-20
1.130791998784489806e+04 1.110438905358403528e-20 1.367371093983962265e-20
1.131427340347198697e+04 9.656306549161834134e-21 1.423794567577077132e-20
1.132062681497898848e+04 -7.856055120790289733e-21 1.414856477775696782e-20
1.132698022233838128e+04 2.124318895495443714e-20 1.437212571136582961e-20
1.133333362552112885e+04 1.559480946791713826e-20 1.528941314053371328e-20
1.133968702450082128e+04 -1.380539207151840090e-20 1.509014925384400614e-20
1.134604041924990997e+04 8.784810967601659963e-21 1.441585359552271519e-20
1.135239380974057894e+04 3.899172235695633104e-20 1.556639812734617211e-20
1.135874719594445378e+04 2.478615802238435035e-20 1.467393217007037963e-20
1.136510057783517914e+04 3.632149756848544860e-20 1.427924173310458791e-20
1.137145395538531739e+04 -7.114145642148897611e-22 1.281592771610199867e-20
1.137780732856766008e+04 7.992563969080145408e-21 1.382892020308684894e-20
1.138416069735333804e+04 2.185521092276029594e-21 1.424798615839737374e-20
1.139051406171637427e+04 4.584577809547924927e-20 1.412190070016420621e-20
1.139686742162848350e+04 2.067924497303731583e-20 1.403462599224075723e-20
1.140322077706255914e+04 -6.354350211707730138e-21 1.345804676565053046e-20
1.140957412799093800e+04 7.625135097228736090e-22 1.406742566836128237e-20
1.141592747438748847e+04 -1.469286360688563863e-21 1.326623519071469709e-20
1.142228081622301215e+04 4.002804751426870613e-20 1.378520598460140994e-20
1.142863415347144837e+04 3.238153278187753857e-20 1.356922230553307149e-20
1.143498748610514122e+04 2.743022376838228265e-20 1.413455769047593172e-20
1.144134081409749342e+04 1.001566367454309944e-20 1.459462993503029501e-20
1.144769413741958124e+04 -5.382041950256714872e-21 1.347400645958308940e-20
1.145404745604519485e+04 1.620085910278569218e-20 1.237906789470772553e-20
1.146040076994696756e+04 2.416029496825665712e-20 1.155804776053001115e-20
1.146675407909881324e+04 2.673815574977559598e-20 1.149559720005622308e-20
1.147310738347140432e+04 9.988096905835235737e-21 1.292697957652260291e-20
1.147946068303905486e+04 2.531003565440371557e-22 1.383327948173198034e-20
1.148581397777403981e+04 -1.791025486243483133e-21 1.238825956024816528e-20
1.149216726765013118e+04 9.539024903788223284e-21 1.221270213849704109e-20
1.149852055263793045e+04 3.834547092152051102e-20 1.258704491430574079e-20
1.150487383271257568e+04 7.078504613827364787e-21 1.287990439287937853e-20
1.151122710784641276e+04 1.973756649580802635e-20 1.329873409541586169e-20
1.151773434631969940e+04 1.795675951929025872e-20 1.329233786647267764e-20
1.152408762615682463e+04 3.726265503050914497e-20 1.324073320863193551e-20
1.153044090090433929e+04 3.234978324340280062e-20 1.424690684020704265e-20
1.153679417060196647e+04 -2.423928608700945965e-21 1.381047352784244370e-20
1.154314743521985110e+04 -1.025723095724205132e-20 1.354259123842229578e-20
1.154950069473255280e+04 1.680072786924325802e-20 1.292344059664990305e-20
1.155585394911381081e+04 2.145558791159718577e-20 1.372388690079692411e-20
1.156220719833635667e+04 3.341918339154914992e-20 1.421772292637988534e-20
1.156856044237178685e+04 5.011103505705617130e-20 1.404629442976702620e-20
1.157491368119469007e+04 2.666947869808173792e-20 1.380864576877312515e-20
1.158126691477793429e+04 2.312744315319204721e-20 1.435786282635940839e-20
1.158762014316057321e+04 2.269663966565139283e-20 1.360840019989628542e-20
1.159412750959698133e+04 -1.825868225672087991e-22 1.386258594658594461e-20
1.160048074187816928e+04 2.634458315637895252e-20 1.359636764198483438e-20
1.160683396881188128e+04 4.745928804092105471e-20 1.442468430108931939e-20
1.161318719036708171e+04 6.294797902340207339e-20 1.428864599930325042e-20
1.161954040652051663e+04 1.074667375884092118e-20 1.422118371124687844e-20
1.162589361724355513e+04 3.614707611389581830e-20 1.407188060079758819e-20
1.163224682251246486e+04 -9.189848704671866230e-22 1.284880395266192376e-20
1.163860002229660859e+04 2.399463168760046821e-20 1.346853537275887934e-20
1.164495321656987835e+04 1.002600657584311809e-21 1.391248098527166278e-20
1.165130640530778146e+04 1.021525015863066893e-20 1.310152748333691777e-20
1.165765958848259652e+04 3.841408943786701051e-20 1.292475232303722037e-20
1.166401276606666033e+04 3.217096262989956421e-20 1.426018736514056386e-20
1.167036593803320648e+04 2.264908714485287680e-20 1.385777543456368755e-20
1.167671910435786413e+04 1.039011856160293782e-20 1.343246433326276997e-20
1.168307226501217701e+04 2.524836741095325460e-20 1.422060618263380804e-20
1.168942541996929867e+04 2.669385463160326968e-20 1.378534406470701261e-20
1.169577856920255545e+04 -2.040980759027130486e-21 1.307891839325146425e-20
1.170213171268802216e+04 -9.815781269107195923e-21 1.165455333415467532e-20
1.170848485039578190e+04 4.386828751617154649e-21 1.276178663237611777e-20
1.171483798229975037e+04 2.265467105575162152e-20 1.381033869646648989e-20
1.172119110837457993e+04 1.375204202385085933e-20 1.266079085637634821e-20
1.172754422859440638e+04 -4.383009710192959115e-21 1.327928620748990129e-20
1.173389734293126094e+04 -5.661421442142396871e-22 1.303614729905706437e-20
1.174025045135743494e+04 3.523855341564398069e-21 1.314874196231428433e-20
1.174660355384872855e+04 2.917663120056927108e-20 1.297980845387286800e-20
1.175295665037973595e+04 9.213627337529527172e-21 1.315452182976740045e-20
1.175930974092040742e+04 4.799865259370188460e-21 1.301736556677603464e-20
1.176566282544559908e+04 2.944613559168957826e-20 1.359852258383120781e-20
1.177201590393031802e+04 4.478688654400997765e-20 1.387695627577140877e-20
1.177836897634852357e+04 2.090820149616619290e-20 1.303369654430266547e-20
1.178472204267129018e+04 2.352501423631767770e-20 1.337006181981153072e-20
1.179107510287287005e+04 1.717206526926499874e-20 1.466532260636569839e-20
1.179742815692904151e+04 7.615732570549064174e-21 1.331710249460813445e-20
1.180378120481273982e+04 2.527084132602807506e-20 1.344586066561575732e-20
1.181013424649447006e+04 6.189790457238274778e-21 1.293532787326577773e-20
1.181648728195165495e+04 -8.915192502816171799e-21 1.281257877123464101e-20
1.182284031115585094e+04 1.510602683751216040e-20 1.211646195250459850e-20
1.182919333408378225e+04 1.293821757032198804e-20 1.198112598158260430e-20
1.183554635070507720e+04 1.809978333833017771e-20 1.228915776342689277e-20
1.184189936099618899e+04 1.305105787530030431e-20 1.275650872880710868e-20
1.184825236493005286e+04 -6.891714679185380652e-21 1.340506321793974487e-20
1.185460536248158314e+04 3.460763885748505239e-20 1.275889797254715393e-20
1.186095835362235448e+04 2.722810103550302016e-20 1.407039651799245052e-20
1.186731133832739579e+04 4.681617139883796531e-21 1.293735103506769568e-20
1.187366431657167959e+04 2.644501774685671273e-20 1.239987109853417762e-20
1.188001728832821209e+04 2.409611209897196842e-20 1.198441931053013750e-20
1.188637025356926279e+04 1.980179974576275838e-20 1.273524086684580797e-20
1.189272321227057728e+04 1.384623746413730056e-20 1.364525762698617606e-20
1.189907616440737547e+04 -3.972482661784483635e-21 1.369069642570627552e-20
1.190542910994967315e+04 3.837924912693660065e-21 1.351012732652603259e-20
1.191178204887430365e+04 1.433689771254564753e-20 1.335630496586136092e-20
1.191813498115337461e+04 1.442043845873307909e-20 1.323971551539665032e-20
1.192448790676479075e+04 1.210447181555472125e-20 1.251435640088385065e-20
1.193084082567743826e+04 2.910422380049766614e-20 1.220522990281951240e-20
1.193719373786751930e+04 -2.300773308139835341e-20 1.104101249191912486e-20
1.194354664330929882e+04 2.315328146944789698e-20 1.145130778036452562e-20
1.194989954197820407e+04 1.234191656561900187e-20 1.104362263298616074e-20
1.195625243384572605e+04 1.894196117799466450e-20 1.220094981837878672e-20
1.196260531888598962e+04 4.315983429875242056e-21 1.272695718931894095e-20
1.196895819707394185e+04 3.498452079750247385e-20 1.255397018515742857e-20
1.197531106838577398e+04 2.419241060892935595e-20 1.276724591862219244e-20
1.198166393279239492e+04 1.296983714862631745e-20 1.237857980879350064e-20
1.198801679026900274e+04 -2.403101283299697701e-21 1.216755662171104038e-20
1.199436964078893288e+04 -9.646342008531342317e-21 1.216689870991205845e-20
1.200072248432925153e+04 -9.146261790280114017e-22 1.267475400561542220e-20
1.200707532086149331e+04 1.895294099051100694e-20 1.271518624489894564e-20
1.201342815036035245e+04 1.614286505568200359e-20 1.237808972104030724e-20
1.201978097279881695e+04 7.916931739775126097e-21 1.308504614435004853e-20
1.202613378815478609e+04 2.441855246395859920e-20 1.267377492522591272e-20
1.203248659639891230e+04 3.497362100188288747e-20 1.251746297047567271e-20
1.203883939750698482e+04 1.406353108761369957e-20 1.261446387168040881e-20
1.204519219145192255e+04 2.544370478348236733e-20 1.188721522113089567e-20
1.205154497821109362e+04 3.273822588315120602e-21 1.288723927257637343e-20
1.205789775775595263e+04 1.135023411971804963e-20 1.184491133101844359e-20
1.206425053006148482e+04 2.844672028265991924e-20 1.273265820995129919e-20
1.207060329510157680e+04 1.301966631415261100e-20 1.204367034481457335e-20
1.207695605285274905e+04 3.425124906072130910e-20 1.214298785807374760e-20
1.208330880328773492e+04 3.742021491021410465e-20 1.172325394327109692e-20
1.208966154638025000e+04 2.556605695483036835e-20 1.227854110012415906e-20
1.209601428210464110e+04 3.435949627643742636e-20 1.290819655567823459e-20
1.210236701043758694e+04 5.679563372037775625e-21 1.251244146566254805e-20
1.210871973135151165e+04 4.611477772651189647e-22 1.228955543451512309e-20
1.211507244482211718e+04 1.276604720955024643e-20 1.193443464744008857e-20
1.212142515082132559e+04 1.610445187864349494e-20 1.208851775517737011e-20
1.212777784932682698e+04 6.633700451399000380e-21 1.204070099647928847e-20
1.213413054031181673e+04 3.741926549146929197e-20 1.263978133483115739e-20
1.214048322375101088e+04 1.721555620969750992e-20 1.218198633732868345e-20
1.214683589961692996e+04 2.250268759062455898e-20 1.175147913599203385e-20
1.215318856788737139e+04 4.249213933608171965e-21 1.217738654508981359e-20
1.215954122853491572e+04 -2.700810179357599010e-21 1.250002534378066698e-20
1.216589388153481195e+04 -6.479408990041527854e-21 1.320474022274995931e-20
1.217224652686016270e+04 1.802732330930139023e-20 1.286857839351625193e-20
1.217859916448731565e+04 1.427752143680366798e-20 1.257287884483803685e-20
1.218495179439120329e+04 -1.383220732888007931e-21 1.212318193849225698e-20
1.219130441654483548e+04 3.702890195031883834e-20 1.219501255797751466e-20
1.219765703092314652e+04 3.477490715193267608e-20 1.122160721202563927e-20
1.220400963750182564e+04 5.460659422751266040e-21 1.141914343921589393e-20
1.221036223625529055e+04 -2.655188076013840149e-20 1.160193111169644611e-20
1.221671482715770799e+04 -4.048972466981149642e-21 1.193099261065202777e-20
1.222306741018295725e+04 -1.773947760290992551e-20 1.201283427994335892e-20
1.222941998530711317e+04 5.734560053065429750e-21 1.223265830924438988e-20
1.223577255250542476e+04 1.873020700021678916e-20 1.241931320945830360e-20
1.224228070258777552e+04 3.290168622582595564e-20 1.183046666536137988e-20
1.224863327353707245e+04 2.875354878877424422e-20 1.241522106999575939e-20
1.225498583126191261e+04 3.845621379503341214e-20 1.214508931269830998e-20
1.226133838089173332e+04 2.019305686316571533e-20 1.193244935039797074e-20
1.226769092246684158e+04 2.318292528084591987e-20 1.214944179804967190e-20
1.227404345596231542e+04 3.017948543653280703e-20 1.257261819442177820e-20
1.228039598135304732e+04 4.538603263037971645e-20 1.202513527369472567e-20
1.228674849861356233e+04 1.071385160490736867e-20 1.188293900249666541e-20
1.229310100771919133e+04 3.734198321212417487e-20 1.182417887850803377e-20
1.229945350864382272e+04 2.776829717748307188e-20 1.201882012438398975e-20
1.230580600136382236e+04 1.497137507686420798e-20 1.182597097827110967e-20
1.231215848585276035e+04 2.685560703534684113e-20 1.176235365886666562e-20
1.231851096208669696e+04 4.115570786339721023e-20 1.184961703798630535e-20
1.232486343010626842e+04 3.316690737593492826e-20 1.231878709090109592e-20
1.233137168725701849e+04 2.642568328426160911e-20 1.219075801634820408e-20
1.233772415294467828e+04 1.505879911119428202e-20 1.242811782458824684e-20
1.234407661027555878e+04 1.450252165404390468e-21 1.201714117957564619e-20
1.235042905922404680e+04 -1.368403617896120056e-21 1.104014785083737475e-20
1.235678149976554778e+04 2.500016614143057736e-20 1.142472947851069634e-20
1.236313393187439215e+04 -1.559622683482483379e-20 1.100987909804344524e-20
1.236948635552581436e+04 2.621814251192432024e-20 1.231251890808609886e-20
1.237583877069604750e+04 1.323433332002569033e-20 1.201527005759477238e-20
1.238219117735759028e+04 1.685574327428108340e-20 1.159412775782098623e-20
1.238854357548903317e+04 1.418704557109208548e-20 1.159757469075154826e-20
1.239489596506278940e+04 2.385984750669800253e-20 1.186504998208012910e-20
1.240124834605458818e+04 7.090339634099897119e-21 1.100756511714047327e-20
1.240760071844004597e+04 1.991909629980525436e-20 1.180844641566615889e-20
1.241395308219368962e+04 2.386941635612247260e-20 1.235784851765594099e-20
1.242030543729227247e+04 2.593361244786484650e-20 1.238042859282360140e-20
1.242665778370844055e+04 4.383985910116521337e-21 1.127287180010078406e-20
1.243301012141907086e+04 4.219726897267952124e-20 1.093004320923496619e-20
1.243936245039918504e+04 1.099019438244930884e-20 1.026728642646058467e-20
1.244571477062356644e+04 3.013859327983044756e-21 1.107158864808310957e-20
1.245206708206825715e+04 7.069781580123336343e-21 1.085743893402328006e-20
1.245841938470794594e+04 -1.241224498517061243e-20 1.121331918480120018e-20
1.246477167851824925e+04 1.313195856699793422e-20 1.127148549174162716e-20
1.247112396347254798e+04 2.375439864267942044e-20 1.232769043436490976e-20
1.247747623954988740e+04 6.536386109251200199e-21 1.093031588719644109e-20
1.248382850672210043e+04 1.832698561132087057e-20 1.128318607733470897e-20
1.249018076496648791e+04 2.854464443675564890e-20 1.132904939095588737e-20
1.249653301425798963e+04 2.181040111670891040e-20 1.257926460842412181e-20
1.250288525457078322e+04 2.339054996958979490e-20 1.178500243771647657e-20
1.250923748588214585e+04 8.713690108328796011e-21 1.146332480094870888e-20
1.251558970816631881e+04 3.508915900497374202e-20 1.088457774976589035e-20
1.252194192139836559e+04 2.394679005851669892e-20 1.187720669079194946e-20
1.252829412555441559e+04 -7.788917472676746507e-21 1.192571507950777920e-20
1.253464632061002158e+04 -9.368743708679569568e-21 1.099508422954600039e-20
1.254099850654066177e+04 -4.274193522015509958e-21 1.180273194194096428e-20
1.254735068332063202e+04 1.396970515168355350e-20 1.148679357031036455e-20
1.255370285092631821e+04 2.338554725164347503e-20 1.115928156778046551e-20
1.256005500933330040e+04 4.609023392757471062e-20 1.157830241295830115e-20
1.256640715851783534e+04 -1.134149014825285737e-20 1.195420327876842234e-20
1.257275929845421706e+04 -3.225896259220112816e-21 1.115217704191149632e-20
1.257911142911744355e+04 1.824576152495713887e-20 1.221419197617169419e-20
1.258546355048332407e+04 2.880017368435347657e-20 1.175972379753335253e-20
1.259181566253068559e+04 3.046336317620356371e-20 1.079290600080623096e-20
1.259816776522955479e+04 1.358012359047779568e-20 1.095010898746312339e-20
1.260451985855930434e+04 1.922551181344688923e-20 1.154870468000070852e-20
1.261087194249568893e+04 -5.276161404574179289e-21 1.084897728966076397e-20
1.261722401701136005e+04 1.504637432876360835e-20 1.098722800297980960e-20
1.262357608208531929e+04 1.140467765038277687e-20 1.127275276692339558e-20
1.262992813769134227e+04 2.794186096492958517e-20 1.122494775839845619e-20
1.263628018380513276e+04 -1.430705107714160392e-20 1.097251378613351862e-20
1.264263222040256005e+04 1.787989997531769010e-20 1.146986730890056607e-20
1.264898424745940974e+04 -7.913628961863812547e-21 1.106605048880855486e-20
1.265533626495235876e+04 9.717272735027057859e-21 1.063868260089431472e-20
1.266168827285508996e+04 1.135794083973727769e-20 1.026391564351344684e-20
1.266804027114536802e+04 1.853345109228604537e-20 1.120526468205738617e-20
1.267439225979730509e+04 2.625450869178529030e-21 1.070411802296782943e-20
1.268074423878721791e+04 4.968650302141377568e-21 1.146707581253759870e-20
1.268709620809131957e+04 2.817241623462081185e-20 1.055936657629361287e-20
1.269344816768535202e+04 1.859207326555220693e-20 1.130018067331163667e-20
1.269980011754505540e+04 2.196403599058037558e-20 1.158017022602243085e-20
1.270615205764544771e+04 2.041817420926152775e-20 1.179066169092382867e-20
1.271250398796337140e+04 1.958039053724799760e-20 1.063623637714825081e-20
1.271885590847255662e+04 2.740584311251067108e-20 1.039104033200579973e-20
1.272520781915226871e+04 2.457548942131917427e-20 1.089731900092554501e-20
1.273155971997673078e+04 5.561450629298824183e-20 1.175242911270655404e-20
1.273791161092061338e+04 6.888358419848692803e-21 1.136805563911460403e-20
1.274426349196258161e+04 3.529429067458684620e-20 1.170838309251310214e-20
1.275061536307519782e+04 4.092659710415393133e-20 1.152644451949558641e-20
1.275696722423666688e+04 3.143563812847296875e-20 1.129366037033612485e-20
1.276331907542362387e+04 1.598082670449840432e-20 1.117497232995383523e-20
1.276967091660972073e+04 2.918588062867421855e-20 1.151200740920715761e-20
1.277602274777087950e+04 8.175399973745486148e-20 1.242963741213053995e-20
1.278237456888504857e+04 5.086917052385015455e-21 1.052978646912027268e-20
1.278872637992809723e+04 7.174627371496001214e-22 1.109023200962456923e-20
1.279507818087501619e+04 1.448879563633442608e-20 1.164452585465699797e-20
1.280142997170101262e+04 1.717127135780406472e-20 1.164205318423178987e-20
1.280778175238367112e+04 3.973345612997119851e-20 1.126838549947309781e-20
1.281413352289857721e+04 1.563923903105898175e-20 1.129841596975859809e-20
1.282048528322273341e+04 -1.462958034322359136e-20 1.059383205700319836e-20
1.282683703333012272e+04 3.348619377178418890e-21 1.045389250310040140e-20
1.283318877319825333e+04 -2.255312414035729806e-21 1.042942445291541667e-20
1.283954050280366573e+04 6.806460430341960387e-21 1.087124536142846958e-20
1.284589222212015920e+04 1.659441273524306569e-20 1.159679167020512395e-20
1.285224393112644611e+04 1.559927908428722963e-20 1.172731587534565251e-20
1.285859562979814109e+04 2.464592590593894432e-20 1.130063370070766771e-20
1.286494731811031124e+04 1.083618705152480616e-21 1.144332665339936003e-20
1.287129899604002458e+04 -3.724457978378998717e-21 1.156771656230165515e-20
1.287765066356206444e+04 1.945865815097041674e-20 1.099845486705740665e-20
1.288400232065544515e+04 2.707848165909268705e-20 1.056506812415500497e-20
1.289035396729403874e+04 6.609144734557897565e-21 1.108431226021597398e-20
1.289670560345451668e+04 -8.524263084657935300e-21 1.090064471678201973e-20
1.290305722911432895e+04 1.235292330253688866e-21 1.147389964534413078e-20
1.290940884424712749e+04 2.472872047830407814e-20 1.175899270669639032e-20
1.291576044883221039e+04 3.163371808912604835e-20 1.173075583255356997e-20
1.292211204284329506e+04 -7.226495035313431945e-21 1.119979337127660512e-20
1.292846362625810798e+04 1.485341523375006153e-20 1.098125095381903375e-20
1.293481519905289133e+04 -6.454927934995949740e-21 1.091170754699807503e-20
1.294116676120384363e+04 3.139027788652219714e-21 1.194087051260118036e-20
1.294751831268689602e+04 -1.120372079561060683e-20 1.135462257537773007e-20
1.295386985347896007e+04 4.749308743829215079e-21 1.135267421326328882e-20
1.296022138355602692e+04 -4.836721517560578844e-21 1.096298678508713147e-20
1.296657290289447519e+04 2.174420353345066096e-20 1.126718003986387418e-20
1.297292441147033242e+04 3.161632318241395908e-20 1.201039692090196221e-20
1.297927590926160883e+04 3.395481054804372988e-20 1.084319036950020434e-20
1.298562739624292772e+04 8.960083682251447085e-21 1.085737023372087327e-20
1.299197887239232477e+04 9.648056848446702356e-21 1.074944629403519069e-20
1.299833033768264431e+04 4.938796813389465205e-21 1.072871256178820340e-20
1.300468179209467235e+04 4.927647711568914929e-21 9.782847263211911137e-21
1.301103323560322679e+04 -4.605922217035088508e-21 1.035630919666634656e-20
1.301738466818446250e+04 6.862929976936878557e-21 1.016263888739915189e-20
1.302373608981538382e+04 2.458097013672879675e-20 1.096444413524724760e-20
1.303008750047288959e+04 3.149528462961467733e-20 1.089098316458185824e-20
1.303643890013052624e+04 3.356640071458122975e-20 1.067787054624294602e-20
1.304279028876964185e+04 1.194409458922186075e-20 1.141834118987315397e-20
1.304914166638285133e+04 2.412495608016865387e-20 1.121606767697579109e-20
1.305549308764663510e+04 -5.484859694663354246e-21 1.091631580922794546e-20
1.306184455478631207e+04 -5.039352778342015747e-21 1.045126371404933224e-20
1.306819601081285145e+04 1.878526201433104309e-20 1.079263606489582748e-20
1.307454745569935403e+04 6.651119153663518803e-21 1.127462929801228306e-20
1.308089888942538710e+04 9.022882663571082986e-21 1.120027112273677129e-20
1.308725031196332384e+04 4.055465818414814012e-20 1.133877654277875054e-20
1.309375920561056228e+04 1.561092599906677740e-20 1.073523516475753997e-20
1.310011062506227063e+04 2.550473417096079241e-20 1.138332637581543898e-20
1.310646202814587014e+04 1.506046711180860159e-20 1.130821232108688521e-20
1.311281341988308668e+04 5.941482631146291780e-21 9.962842374191141589e-21
1.311916480031813444e+04 1.911499582920614636e-20 1.110531554521411472e-20
1.312551616942454893e+04 -1.064234490297812947e-20 1.075931603746748808e-20
1.313186752718155367e+04 1.954658401500723730e-20 1.001413886784814327e-20
1.313821887356503066e+04 4.903309244871341838e-21 9.559985024602967386e-21
1.314457020855149312e+04 1.576489450575383350e-20 1.032914590599605256e-20
1.315092153211661571e+04 1.476207763212952113e-20 1.158717808769205617e-20
1.315727284424061691e+04 2.429329664181278537e-20 1.037684682483356831e-20
1.316362414489646471e+04 1.386579170980494132e-20 1.081946259233087554e-20
1.316997543406356090e+04 4.126841469066309897e-21 1.117366016419933044e-20
1.317632671171760376e+04 2.321017594555410826e-20 1.143927820027778227e-20
1.318267797783544665e+04 4.050838943382998200e-21 1.125193397235622503e-20
1.318902923245933926e+04 2.734526349553132654e-20 1.155945090482780082e-20
1.319538048061387417e+04 1.847042269829544182e-20 1.122546507691728106e-20
1.320188943511466277e+04 1.648350409227633518e-20 1.033543558649567605e-20
1.320824066900766047e+04 -4.363540168015659390e-22 1.098796698261646401e-20
1.321459189124732984e+04 2.504885099564168016e-21 1.076692668859866613e-20
1.322094310181040055e+04 1.042252915798262090e-20 1.111768387265651854e-20
1.322729430067420799e+04 9.352006647344301185e-21 1.109883412157316392e-20
1.323364548781613485e+04 -4.505637604980686196e-21 1.077278188016747609e-20
1.323999666321229415e+04 -9.597954305751439818e-21 1.056752271260690209e-20
1.324634782683999038e+04 7.534354004672628001e-21 1.072177269169712486e-20
1.325269897867499640e+04 -2.234160227123746799e-20 1.033735241850044544e-20
1.325905011869596274e+04 -2.897632815565083257e-20 9.686175219248506215e-21
1.326540124687778189e+04 5.143412788426286238e-21 1.005036354932460185e-20
1.327175236320098884e+04 1.274291294610762419e-21 1.046894108432530716e-20
1.327810346763800771e+04 3.458866371716483208e-20 1.068639195108710100e-20
1.328445456017088873e+04 3.821706900545718338e-20 1.031235069849671971e-20
1.329080564077138843e+04 1.063759030858054003e-20 1.027593990772697174e-20
1.329715670942163342e+04 -1.129356157432501958e-21 1.000300138497334721e-20
1.330350776609487548e+04 2.590881470852074184e-21 1.080777057700586973e-20
1.330985881076928126e+04 -1.022183824668748036e-20 1.052345443792150915e-20
1.331620984342225893e+04 3.088297319726639833e-21 9.735821567421445345e-21
1.332256086403190056e+04 -5.903155444974533200e-21 1.021678741478376205e-20
1.332891187257396996e+04 1.098848588808582910e-20 1.021054093082647447e-20
1.333526286902514403e+04 1.725602249718296223e-20 1.086824202591878026e-20
1.334161385336353669e+04 9.281216980103054459e-22 1.037343253448927259e-20
1.334796482556654883e+04 -2.737530200985850883e-21 1.056735289021645755e-20
1.335431578561092829e+04 1.793948821390040235e-20 9.038596943395262895e-21
1.336066673347235519e+04 -3.896010003307240687e-21 1.043261472185260220e-20
1.336701766913072970e+04 -9.914301531929588091e-22 1.058646350693701328e-20
1.337336859256120078e+04 1.781761992130634542e-20 1.075057683111096498e-20
1.337971950374111293e+04 -1.959989738392274640e-20 1.087220956667974792e-20
1.338607040265043179e+04 3.659462945669844583e-20 1.090398640188103922e-20
1.339242128926348960e+04 2.659506863840529968e-20 1.044015404352702741e-20
1.339877216355684686e+04 -9.090106929018025072e-21 1.048288767603208738e-20
1.340512302550972163e+04 1.429107822002369267e-20 9.895911920006261723e-21
1.341147387510056069e+04 1.508748078955085568e-20 1.035165764783202268e-20
1.341782471230265946e+04 -1.441587035466632234e-20 1.061851193395501382e-20
1.342417553709613821e+04 7.921223320264851993e-21 1.035990746725509959e-20
1.343052634945862519e+04 -8.377771310455094702e-23 1.044776350157810105e-20
1.343687714936592420e+04 1.309936895637088006e-20 1.017768383588372016e-20
1.344322793679575989e+04 2.463122114900646187e-20 1.039628220458675720e-20
1.344957871172571322e+04 4.339972984977451002e-20 1.098665257150062808e-20
1.345592947413333422e+04 2.798887520157151640e-20 1.114720033398923224e-20
1.346228022399559086e+04 4.309752077843387722e-21 1.105968941220208970e-20
1.346863096129001315e+04 -4.822165763385456346e-21 1.005800375000450785e-20
1.347498168599508244e+04 1.852234049973816037e-20 1.000974055429305772e-20
1.348133239808616781e+04 1.411648247200142428e-20 9.765183671698296073e-21
1.348768309754240181e+04 4.038022536485031536e-20 1.091918671964579487e-20
1.349403378433983198e+04 2.203146180449691772e-20 1.002218739515812262e-20
1.350038445845644856e+04 1.147377959974521622e-20 1.045196191738082915e-20
1.350673511986962876e+04 -1.432315285914597647e-22 1.014801788986467267e-20
1.351308576855633146e+04 1.106671017384872753e-20 1.050476632896874563e-20
1.351943640449638769e+04 2.216536557919811847e-20 9.671422099108802836e-21
1.352578702766449169e+04 1.565944054339840815e-20 1.183254590113494932e-20
1.353213763803856637e+04 4.553226067164050805e-21 1.120726392658989901e-20
1.353848823559857374e+04 3.101530754739729417e-20 1.150580564922622813e-20
1.354483882031906978e+04 9.213337764626513863e-21 1.098849471975487100e-20
1.355118939217981460e+04 -6.294020557002686631e-21 9.448035352244659190e-21
1.355753995115485850e+04 2.189238475313151354e-20 1.058811030050173459e-20
1.356389049722639902e+04 4.106012044596873821e-20 1.059922086637058626e-20
1.357024103036997985e+04 1.112522011389910287e-20 1.044086131483622584e-20
1.357659155056146847e+04 -1.822950410537250900e-20 9.859443176362455828e-21
1.358294205778047763e+04 3.322879915186105684e-21 1.035865940238700270e-20
1.358929255200423540e+04 -5.344304023572577558e-23 1.074120607442868585e-20
1.359564303321044099e+04 2.115079912286123198e-20 1.210160262980150520e-20
1.360199350137538022e+04 1.623537953645104872e-20 1.136397951394129801e-20
1.360834395647958991e+04 2.379813952564280031e-20 1.091645795463316049e-20
1.361469439849826813e+04 3.427581465129748266e-20 1.089390712414343288e-20
1.362104482740963249e+04 1.681199908762576360e-20 1.030399843453716161e-20
1.362739524318961230e+04 8.885405404061880491e-21 1.052349621832759306e-20
1.363374564582059611e+04 9.711668253418499086e-21 1.047469226419317912e-20
1.364009603527745094e+04 2.780796284941008677e-20 1.081150597205968969e-20
1.364644641153676639e+04 -6.888649504137255559e-22 1.048909037067230327e-20
1.365279677457577964e+04 1.753668880994479400e-20 1.196119031901068399e-20
1.365914712437394701e+04 -5.802068765347661167e-21 1.067711414239600606e-20
1.366549746091296038e+04 -2.711415110378420251e-20 1.030107918944698380e-20
1.367184778416311383e+04 7.362322633618798296e-22 1.107668785583067402e-20
1.367819809410663220e+04 6.268338302127236472e-21 1.084037587379388959e-20
1.368454839071899551e+04 4.734951170341283452e-21 1.094273076292604786e-20
1.369089867398017486e+04 2.589171467683985558e-20 1.033839655032097217e-20
1.369724894386809137e+04 2.591278489226651883e-20 1.042757308496139849e-20
1.370359920035840696e+04 1.915024385665954517e-21 1.111843889400709231e-20
1.370994944342812050e+04 -1.957134800520382231e-20 1.042358210218998807e-20
1.371629967305803621e+04 1.525082183880759701e-21 1.019832306278617037e-20
1.372264988922581324e+04 8.360630612914513830e-21 1.068988321918478476e-20
1.372900009190817400e+04 -9.162615448865378205e-21 9.989741864163920987e-21
1.373535028108520419e+04 1.370729300323489511e-20 1.005021674043545957e-20
1.374170045672935339e+04 2.313275276115744400e-20 1.063848631533817735e-20
1.374805061882245172e+04 1.719642622356925916e-20 1.051422260418785551e-20
1.375440076734297872e+04 1.377431290524110212e-20 1.033169684110405240e-20
1.376075090226796237e+04 3.256989201929717616e-20 1.064504226436654109e-20
1.376710102357491996e+04 -3.825867469838111479e-21 9.927948963499644975e-21
1.377345113124106865e+04 1.937635242556505246e-20 1.059455554546473510e-20
1.377980122524547187e+04 1.185132570299856673e-20 9.866976489557440848e-21
1.378615130556772056e+04 -2.388653307593924475e-20 9.944044227297766058e-21
1.379250137218099553e+04 -3.748912290004828131e-21 1.056063495257746358e-20
1.379885142507011733e+04 2.734709975709021335e-20 1.038514996458500631e-20
1.380520146420663150e+04 1.775532311103344544e-20 1.051685315169451049e-20
1.381155148956979065e+04 3.447822958652885303e-20 1.037626112500174655e-20
1.381790150114187236e+04 4.968663794472830013e-21 1.024980632566777253e-20
1.382425149889537170e+04 2.238276804902880042e-20 1.085863309791429011e-20
1.383060148281167312e+04 2.539386892661801424e-20 1.164023218735203887e-20
1.383695145286987281e+04 1.944775267438950248e-20 1.029771638618748543e-20
1.384330140904361178e+04 1.156632282735058076e-20 1.011228299567982735e-20
1.384965135131736861e+04 -1.021955288293807469e-20 1.030292716167073274e-20
1.385600127966140826e+04 7.994620885881320284e-21 1.076833737872317312e-20
1.386235119405800833e+04 -1.388252992817932781e-20 1.021708011592581575e-20
1.386870109448716175e+04 9.968294784103427793e-21 1.058610573867275160e-20
1.387505098092559638e+04 1.236544300901613309e-20 1.010760074619494885e-20
1.388140085334893229e+04 2.099253946040503199e-20 1.070581922047297278e-20
1.388775071173825563e+04 3.039684463218618802e-21 9.521958169666279028e-21
1.389410055606963761e+04 1.221360138405998318e-20 9.576289626551791266e-21
1.390045038632103933e+04 -8.244256205789824976e-21 9.523118024283362692e-21
1.390680020247385255e+04 2.373713653680697325e-20 9.862178952361110329e-21
1.391315000450342268e+04 1.143843673488068346e-20 9.839404217545565198e-21
1.391949979238932247e+04 9.920914040528039432e-22 9.587480678651234873e-21
1.392584956610923837e+04 1.940744481636099495e-21 1.044051899833017203e-20
1.393219932563954535e+04 7.608547732022744612e-21 1.019749033074023842e-20
1.393854907096111128e+04 1.138108418108703946e-20 1.021359047443789259e-20
1.394489880205203735e+04 8.921215987405077160e-21 9.482250272595791402e-21
1.395124851888709600e+04 -5.960193801310081518e-22 9.300430046516217733e-21
1.395759822145219368e+04 2.437794083873573193e-20 1.012821817499294603e-20
1.396394790971839575e+04 2.034860948055249877e-20 9.841048027591002699e-21
1.397029758366440547e+04 1.598954724712961117e-20 1.018177053159499902e-20
1.397664724327242584e+04 1.841613463511424435e-21 9.326977279830041111e-21
1.398299688851668725e+04 4.854220848086864139e-21 9.641660580863420326e-21
1.398934651937824674e+04 -1.217998498709935195e-20 1.044151444425855293e-20
1.399569613583674800e+04 -1.108528704070833706e-20 9.459357539506484830e-21
1.400204573786569199e+04 1.138208559578031070e-21 1.004670662227283477e-20
1.400839532544779286e+04 2.358197775823942178e-21 9.675057335077665082e-21
1.401474489855884349e+04 7.132681964177483871e-21 9.515012079294456921e-21
1.402109445717731614e+04 1.536911349412499461e-20 1.051672784166129557e-20
1.402744400128339294e+04 2.651775572502464531e-20 1.005376726334588709e-20
1.403379353085419280e+04 2.608355504312524175e-20 1.016390126647783142e-20
1.404014304586950857e+04 1.232714159084899871e-20 1.062241900871210338e-20
1.404649254630579344e+04 1.704704826222201650e-20 1.056538425997593603e-20
1.405284203214110130e+04 2.805234442288923849e-21 1.029589609885564871e-20
1.405919150335696031e+04 2.748444861125707184e-20 1.038553920943107689e-20
1.406554095992806833e+04 2.603636520108853085e-20 1.054351407145083523e-20
1.407189040183580983e+04 1.131316441449341403e-20 9.784508276108838759e-21
1.407823982905715457e+04 1.337017838479348365e-20 9.499460176652902141e-21
1.408458924157205911e+04 1.292652061299529189e-20 9.706282488160123958e-21
1.409093863935705485e+04 4.359823639084778095e-21 9.744942591208584860e-21
1.409728802239139259e+04 -3.479871153492046258e-21 9.587899291835506111e-21
1.410363739065444861e+04 -6.888799836991201545e-22 9.669937117365951104e-21
1.410998674412207401e+04 2.073677018394947658e-20 9.317080773350747410e-21
1.411633608277477470e+04 1.983789335551816949e-20 9.544745573558927110e-21
1.412268540659170685e+04 2.566462758357228132e-20 1.025721981383784454e-20
1.412903471555062424e+04 9.257803574459343994e-21 9.743518908755946982e-21
1.413538400963124695e+04 2.294577169529741930e-21 9.270741372123010352e-21
1.414173328881011730e+04 -8.691914250678526026e-21 9.384030458258167773e-21
1.414808255306631509e+04 2.316749147273678449e-21 9.738915855639715412e-21
1.415443180237890920e+04 -1.462159584922525073e-21 9.522572367436734432e-21
1.416078103672650650e+04 2.598713453010596697e-20 1.017340628673511042e-20
1.416729009291586772e+04 -2.623142987054458955e-21 9.968253162024782564e-21
1.417363931127575597e+04 2.367318643560752887e-20 9.540627865408696686e-21
1.417998851453971656e+04 1.010786856512568525e-20 9.662720754114306105e-21
1.418633770275190545e+04 2.449298920261382849e-20 1.023908014757518816e-20
1.419268687588985449e+04 3.430394868123024612e-20 9.846487476409695755e-21
1.419903603393406956e+04 8.670493357523108846e-21 9.660479876069898758e-21
1.420538517686237537e+04 1.543569448657110655e-20 9.731921248674560558e-21
1.421173430465452111e+04 -5.525427134246404085e-21 1.018538408708627022e-20
1.421808341728605774e+04 2.772513381350261916e-20 1.013096903671938507e-20
1.422443251473759119e+04 2.037802932127109264e-20 9.725189678920260970e-21
1.423078159698897980e+04 1.297792402089794192e-20 1.025389704550926152e-20
1.423713066401707511e+04 -3.218561531064228727e-21 1.004201364804422442e-20
1.424347971580228295e+04 3.294557500528086717e-22 9.730227872851042154e-21
1.424982875232141851e+04 -3.166039607393226215e-21 1.007576647673271203e-20
1.425617777355538783e+04 2.308525580684487787e-20 9.151558098151233105e-21
1.426252677948197925e+04 4.547491525559020986e-21 9.641431145226887624e-21
1.426887577008071821e+04 -3.007344849727122090e-21 9.465507928997085697e-21
1.427522474532738124e+04 1.104692574305921885e-20 9.826433243420909573e-21
1.428157370520299628e+04 1.979145107430364337e-20 9.778706679713013350e-21
1.428792264975342550e+04 -1.361978714583215491e-21 9.279283579098943842e-21
1.429427158391827288e+04 4.675900545755287408e-21 1.014351143161505177e-20
1.430078062181417954e+04 2.518765451867283473e-20 9.574327774748936248e-21
1.430712953390896655e+04 -7.488515804221883756e-21 9.913833091088235051e-21
1.431347843052765893e+04 5.021510652096276819e-21 9.882585658602012555e-21
1.431982731164482175e+04 8.786116139403743134e-21 9.823058282738804063e-21
1.432617617724112824e+04 1.308913847230691485e-20 1.036481454067994599e-20
1.433252502729686967e+04 1.678992384958703963e-20 9.637338525512759772e-21
1.433887386178883207e+04 1.732597539165810821e-20 9.687353207901716440e-21
1.434522268069678466e+04 5.909014187554416480e-21 9.445773270642078696e-21
1.435157148399944344e+04 -1.796933746135853376e-20 9.288921630404904292e-21
1.435792027167815286e+04 -3.363741216315276769e-21 9.486593962059440239e-21
1.436426904370867123e+04 3.050910410439639809e-21 1.003860174386675339e-20
1.437061780006870504e+04 -2.244857985938842444e-20 9.321010298655653175e-21
1.437696654074125036e+04 3.569891048653411375e-20 9.738712669749259866e-21
1.438331526570239657e+04 1.772625325869550502e-20 9.522447128657002217e-21
1.438966397493216027e+04 3.365104935717643926e-20 1.009658897895993911e-20
1.439601266840932294e+04 1.568168092272251588e-20 1.040511407412092972e-20
1.440236134611379748e+04 8.315249512287054013e-21 9.805535978312919273e-21
1.440871000802379058e+04 8.116041970106563872e-21 9.194931709276470777e-21
1.441505865411619561e+04 2.763449795217305735e-21 9.590199907809654481e-21
1.442140728437408870e+04 -5.676227588884240184e-21 1.014167296378110959e-20
1.442775589877313359e+04 1.046328371624028166e-20 1.038281502752726907e-20
1.443410449729371976e+04 2.353126701060064494e-20 1.031887742633900162e-20
1.444045307991704431e+04 2.675978052053470294e-20 1.019250520191350385e-20
1.444680164661665003e+04 -5.776044985948463723e-21 1.006934482077106826e-20
1.445315019737672446e+04 -3.576947973884978069e-21 1.009884345071791802e-20
1.445949873217345703e+04 4.209845609529641571e-21 9.397875837416794764e-21
1.446584725098698800e+04 2.342623963691836679e-20 1.005300580015639693e-20
1.447219575379631351e+04 2.572336405493090390e-20 1.042580130195841163e-20
1.447854424058128279e+04 -4.727102127196961803e-21 9.477300937016310781e-21
1.448489271131923670e+04 1.653942974110781579e-20 9.747721310602484579e-21
1.449124116599035187e+04 -7.622443835328715630e-21 1.067520954610139593e-20
1.449758960457373360e+04 -4.479499313766219531e-21 9.760372530517492355e-21
1.450393802704806149e+04 1.144829901840116931e-20 1.009305094185895333e-20
1.451028643339292103e+04 1.507763437326862308e-20 1.051050467839755214e-20
1.451663482358745932e+04 -1.454381970289143441e-20 1.027544228509592762e-20
1.452298319761084167e+04 2.942336890207010327e-20 1.009506021893456058e-20
1.452933155544179317e+04 1.745004943745124117e-20 1.042096981325447737e-20
1.453567989705985201e+04 2.840440587550811174e-20 1.037842884101487531e-20
1.454202822244425261e+04 6.818440310231699545e-21 9.939502054871290210e-21
1.454837653157418936e+04 1.293532956271476099e-20 1.012082183008422291e-20
1.455472482442854380e+04 -1.903074906516970626e-21 9.331235515113391161e-21
1.456107310098668859e+04 8.176330102675942151e-21 1.005378888275856357e-20
1.456742136122797820e+04 -7.083068861522329600e-21 9.401182511061251477e-21
1.457376960513165614e+04 -2.490583367565710337e-20 9.114918647676555799e-21
1.458011783267675855e+04 -3.874029068202678873e-21 9.404897015404654526e-21
1.458646604384245620e+04 6.380575272658114562e-22 9.786334436259784585e-21
1.459281423860825817e+04 1.869845820442880407e-20 8.993264837651496860e-21
1.459916241695344797e+04 3.687951009576910328e-20 9.347386971045015943e-21
1.460551057885611590e+04 2.615282010173671401e-20 9.992184012918163195e-21
1.461185872429853225e+04 -1.260569330898407179e-20 9.772085614826409738e-21
1.461820685325595332e+04 -1.011542530203019093e-20 9.337999972335356660e-21
1.462455496571099138e+04 -1.387692180040659715e-21 9.471954406240631908e-21
1.463090306164187314e+04 -1.161800446850350145e-20 1.016431914403294565e-20
1.463725114102751832e+04 -9.831105185255784123e-21 9.597391667084723823e-21
1.464359920384755060e+04 -1.571222862332665688e-20 9.693618171133199186e-21
1.464994725008138812e+04 6.894008075799844731e-21 1.026577751100889828e-20
1.465629527970837808e+04 -1.058923540318165436e-20 1.006029972313873292e-20
1.466264329270767303e+04 2.568528940066181246e-20 9.588241082650454846e-21
1.466899128905857469e+04 -2.660503953546710184e-21 8.750357353549656182e-21
1.467533926873847122e+04 2.142072340142220236e-20 9.726702805393907294e-21
1.468168723173234321e+04 4.718993165652733157e-21 9.744116684216543413e-21
1.468803517801508497e+04 -9.656050082327358010e-21 9.460968870836194930e-21
1.469438310756567989e+04 2.015852197196757139e-21 1.000677252822545722e-20
1.470073102036618911e+04 1.414424974404667264e-20 9.453824138668740101e-21
1.470707891639492846e+04 -4.906250804795363843e-21 9.885715223845396971e-21
1.471342679563131423e+04 5.195293062257006565e-21 9.401722098127982245e-21
1.471977465805339307e+04 1.077821176011375724e-20 9.210348605089885415e-21
1.472612250364294050e+04 1.129097546551969674e-20 1.001173349957085689e-20
1.473247033237731193e+04 2.838181876407706862e-20 1.071941080162251647e-20
1.473881814423824108e+04 1.685108495008578265e-20 1.098286213692489615e-20
1.474516593920291416e+04 2.167763248588981319e-20 1.016062013488674076e-20
1.475151371725155150e+04 3.095196056507498614e-20 9.602144487600656032e-21
1.475786147836631790e+04 -7.407809994613544347e-21 9.404302507215340201e-21
1.476420922252102173e+04 -1.765933088293016495e-20 9.652117435595910555e-21
1.477055694969971955e+04 1.410817994611868645e-20 1.018310331670476333e-20
1.477690465988169854e+04 -2.832005612915163468e-22 9.947692191492295872e-21
1.478325235304535272e+04 -2.476733875783153264e-20 9.550861310397582589e-21
1.478960002917042220e+04 9.151707801092201103e-21 9.618940265651101567e-21
1.479594768823530467e+04 1.391308462869621628e-20 9.486264447266920872e-21
1.480229533022067881e+04 1.796220679419069170e-20 9.649574274522596092e-21
1.480864295510685042e+04 2.144553737420074523e-20 1.025508206893061360e-20
1.481499056287261556e+04 6.494487265647514337e-21 9.623836398880792495e-21
1.482133815349640827e+04 3.433966899586595657e-20 1.030799614490402018e-20
1.482768572696012052e+04 7.335381803029218015e-21 1.004937818532552013e-20
1.483403328324091308e+04 1.563648997391095034e-20 1.002378516369577058e-20
1.484038082231819317e+04 1.187931389036120171e-20 1.001597891782687526e-20
1.484672834417534250e+04 -3.300442790751202216e-21 9.715496544761166085e-21
1.485307584878965827e+04 1.601029557536471301e-20 9.747576615856200344e-21
1.485942333613960909e+04 1.722215699075038185e-20 9.434785843157548630e-21
1.486577080620457673e+04 5.352698281006187472e-21 9.438670294377857929e-21
1.487211825896775190e+04 1.064563992503445900e-20 9.898367781384196631e-21
1.487846569440664098e+04 -1.333698321717113562e-20 9.294432464731966790e-21
1.488481311249971986e+04 -4.571797060786852386e-21 9.118985769081626456e-21
1.489116051322783642e+04 6.112296059213280264e-21 9.761557894785555027e-21
1.489750789657030327e+04 -4.480931836065944787e-21 9.075185125309304929e-21
1.490385526250825205e+04 9.098426087077485113e-21 1.041571557454528899e-20
1.491020261101910364e+04 2.534334176095328535e-20 9.545481976022495435e-21
1.491654994208489370e+04 1.533192056789579141e-20 9.356598897425099002e-21
1.492289725568179711e+04 -8.866823656826717203e-21 9.608065246909382976e-21
1.492924455179149118e+04 6.767517203557972255e-21 9.860787578395188186e-21
1.493559183039644995e+04 2.636961223561742754e-20 1.065885653931216692e-20
1.494193909147286467e+04 4.093635674181386754e-20 1.023622319666675688e-20
1.494828633500283649e+04 -5.706031660164881781e-21 8.578638424859855989e-21
1.495463356096251300e+04 5.865632881844830274e-21 9.457998301770844818e-21
1.496098076933608900e+04 1.025254224384701050e-20 9.330504468042415057e-21
1.496732796009894628e+04 3.773699564618392131e-21 8.862138594386679878e-21
1.497367513323558160e+04 1.845285982645622012e-20 9.807825805781470805e-21
1.498002228872103478e+04 -5.632168515323228302e-22 9.896702343915753325e-21
1.498636942653976257e+04 2.119006683876122034e-21 9.647316326106529441e-21
1.499271654666657560e+04 4.890291595682330256e-21 1.003190279731315639e-20
1.499906364908516116e+04 -1.041895093939194572e-21 8.877286284857249856e-21
1.500541073377412795e+04 -4.110591886907035223e-21 9.692886466306295000e-21
1.501175780071450208e+04 -4.867508976094810163e-22 9.427105935178636466e-21
1.501810484988363532e+04 1.858240992960791462e-20 8.553092471432956809e-21
1.502445188126354151e+04 1.560385317139623738e-20 9.157550839034375731e-21
1.503079889482956969e+04 -5.543076532434087987e-21 8.538707428149498917e-21
1.503714589056756267e+04 9.978560622808317679e-21 8.543763885226811005e-21
1.504349286845499046e+04 1.015390540373361492e-20 9.341273177702207822e-21
1.504983982847162952e+04 7.447937459305633770e-21 9.725514391636594580e-21
1.505618677059713264e+04 4.935904003725516329e-21 9.631321967571277725e-21
1.506253369480928086e+04 2.867104504707609747e-21 8.899578849705807843e-21
1.506888060109399521e+04 2.481630250678467711e-20 9.339964088742313868e-21
1.507522748942634644e+04 8.899477124003414587e-21 9.965769959427039432e-21
1.508157435978742251e+04 1.762885532122689579e-20 9.564971026023106305e-21
1.508792121215681436e+04 2.295261472430446394e-20 9.107202599385839840e-21
1.509426804651358361e+04 -8.215286062754701137e-21 8.518553775791475056e-21
1.510061486284008424e+04 -1.500734469098267596e-20 9.080653974705376679e-21
1.510696166111504681e+04 -2.849390326438730404e-20 8.681290752478503954e-21
1.511330844131841513e+04 1.427899765845292785e-20 9.022411763818665130e-21
1.511965520342858872e+04 2.520435498012224284e-20 8.275045531202088031e-21
1.512600194742825443e+04 -9.208139398281259662e-22 8.822305925787453824e-21
1.513234867329499502e+04 1.227704793506606833e-20 9.323682408426184015e-21
1.513869538100999489e+04 1.240322918933202166e-20 9.877395123798324594e-21
1.514504207055447114e+04 1.349505228959249632e-20 9.547571482831131311e-21
1.515138874190817842e+04 -1.914753176974600839e-21 8.880980653986324835e-21
1.515773539504876862e+04 -1.954981063373595537e-20 8.376764214008935920e-21
1.516408202995638203e+04 2.640636872606135416e-20 8.766901736776794015e-21
1.517042864661225576e+04 3.297971492671366004e-20 9.218764527882188784e-21
1.517677524499519313e+04 2.718207927213750830e-21 8.815172019151100982e-21
1.518312182509002741e+04 -6.281524748865889834e-22 9.566470388088863224e-21
1.518946838686927003e+04 1.530337161109774604e-20 8.520870294170823309e-21
1.519581493032060098e+04 1.439420535271280661e-20 9.494698661896589314e-21
1.520216145541793048e+04 1.473279341766010322e-20 9.587107484797213558e-21
1.520850796214376533e+04 1.822324781498104058e-20 9.845110119208567223e-21
1.521485445047943176e+04 1.051190956772119844e-20 9.210538777815229445e-21
1.522120092040342570e+04 2.585070619070938420e-20 9.465297074869600594e-21
1.522754737189488333e+04 1.097062129128981459e-20 9.668392492623767879e-21
1.523389380493517456e+04 3.243355107930479522e-20 1.034511539274873813e-20
1.524024021950439783e+04 -1.101485104089127658e-20 9.870276347605752484e-21
1.524658661558389758e+04 7.454770222321602942e-21 9.255805305691256901e-21
1.525293299315116019e+04 1.478545657067415019e-20 8.873485768910770023e-21
1.525927935218871426e+04 -1.656693235945569430e-21 8.669992514857667632e-21
1.526562569267442450e+04 -6.380382799731411965e-21 9.272277818739572937e-21
1.527197201458965901e+04 -1.587871139338000430e-20 9.273752051893146302e-21
1.527831831791581862e+04 1.713103681623334249e-20 9.589659320478365477e-21
1.528466460263180124e+04 2.669680590546368179e-20 8.930475605859750151e-21
1.529101086871371263e+04 2.273217267323264347e-20 9.643034699231063819e-21
1.529735711614820684e+04 -5.352599669720872496e-21 8.699380199539145575e-21
1.530370334491301037e+04 -1.231037296771987627e-20 8.483182938968268614e-21
1.531004955498957133e+04 -1.966263301112365697e-20 9.033816491966051349e-21
1.531639574635680765e+04 5.179129789919672750e-21 9.006387771422443808e-21
1.532274191899360449e+04 3.260839156656141588e-20 8.065373250167249536e-21
1.532908807288118078e+04 6.447556986933853420e-21 8.318708553481914601e-21
1.533543420800128843e+04 7.995349252722646322e-21 9.395441559833682849e-21
1.534178032433036969e+04 8.079447056836453223e-21 9.500566870449152902e-21
1.534812642185242657e+04 6.747804471691334761e-21 9.192949201911147119e-21
1.535447250054769029e+04 -1.135885433265634571e-21 8.824332239722672676e-21
1.536081856039373633e+04 7.495720104834871696e-21 9.014081556218359896e-21
1.536716460137071954e+04 -2.896326549138766686e-21 9.091540741113233447e-21
1.537351062346292565e+04 1.810636461593306046e-20 9.111379169620888000e-21
1.537985662664550728e+04 5.143651290461645338e-21 8.928348394938391006e-21
1.538620261090383610e+04 -7.232889198546409234e-21 8.966576592635080415e-21
1.539254857621180054e+04 -1.000178622272039887e-20 8.779829371861994649e-21
1.539889452255106335e+04 2.713390861386660791e-20 9.066562250038704141e-21
1.540524042202704368e+04 -9.946436202743316692e-21 8.013175833198229545e-21
1.541158626847682535e+04 8.215879852775688413e-21 8.748347163587326830e-21
1.541793209590306651e+04 2.372232847591053319e-20 8.908678668082195114e-21
1.542427790428477965e+04 1.755622923560076013e-20 8.777385198015057632e-21
1.543062369360101184e+04 2.136863547711750596e-20 8.680654700683360448e-21
1.543696946383575232e+04 4.867613012329365124e-21 9.335675628658171629e-21
1.544331521496549794e+04 2.157929971159804615e-20 9.192535629590158363e-21
1.544966094697203334e+04 5.427664825031483576e-21 9.390024948561016706e-21
1.545600665983567342e+04 2.026518409346091702e-20 9.484220808159208643e-21
1.546235235353550524e+04 -2.242483462094908339e-22 8.879701456012352027e-21
1.546869802805315339e+04 -1.837618874992289473e-20 8.954606410320319271e-21
1.547504368337142114e+04 -7.269866152862130069e-21 9.214460996887249056e-21
1.548138931946549019e+04 -2.593126645812504581e-22 9.183907980486269288e-21
1.548773493631977908e+04 -1.376260859581561293e-21 9.369896444503419862e-21
1.549408053391336944e+04 1.064497964629965419e-20 9.045110343875818925e-21
1.550042611222668347e+04 1.926833094748968870e-20 8.741428733374174711e-21
1.550677167123748040e+04 6.924889529595766820e-21 9.127963736947620017e-21
1.551311721093259439e+04 8.089504149847827489e-22 9.009503062847249195e-21
1.551946273128448047e+04 2.653747147985306269e-20 9.283475323450828210e-21
1.552580823228289591e+04 1.320454047170531086e-20 9.132624986408297613e-21
1.553215371389784923e+04 1.756591822082076143e-20 9.098284154991162634e-21
1.553849917611888486e+04 2.077927769162616765e-20 8.900236156121372819e-21
1.554484461891862156e+04 5.509506512013380283e-21 8.698253974533416586e-21
1.555119004228402264e+04 -1.119348958424807503e-21 8.273153968250476196e-21
1.555753544619131935e+04 3.268945867978538099e-20 9.058772387631108961e-21
1.556388083062386795e+04 1.366616749031363293e-20 8.655160742689078671e-21
1.557022619556345489e+04 8.235439528626648278e-21 9.195911831677235204e-21
1.557657154098138381e+04 1.956034640948947108e-21 9.170667281577821182e-21
1.558291686686859975e+04 1.300921084792052391e-20 9.064034558600016096e-21
1.558926217319903481e+04 2.875914173069251763e-20 8.967496703289486088e-21
1.559560745995696743e+04 1.438955730600353483e-20 8.624032947918393526e-21
1.560195272712420410e+04 -4.376347629036899934e-21 8.179418229182012376e-21
1.560829797467745630e+04 -5.275980926734340128e-21 9.075962377239022165e-21
1.561464320259722263e+04 -6.104999319642572025e-21 8.443789978190254125e-21
1.562098841086534412e+04 2.568273192714750794e-20 8.925877972072842703e-21
1.562733359946100245e+04 -3.511115570874260481e-21 7.770757546286502232e-21
1.563367876836870528e+04 1.117079021768537116e-20 8.813323161434771585e-21
1.564002391756739962e+04 2.234515796805944253e-20 8.950346879369675528e-21
1.564636904703520486e+04 1.494369456244381682e-20 9.051477188539795900e-21
1.565271415675270691e+04 -6.684359776416852333e-21 8.968205943932058701e-21
1.565905924670044260e+04 1.793678131188202039e-20 8.867476552998662130e-21
1.566540431686029842e+04 -3.490182024497849769e-21 8.338943246827428640e-21
1.567174936721550876e+04 1.675603240141957754e-20 8.874671140634021747e-21
1.567809439774525890e+04 6.736791810498447391e-21 9.186302362797396140e-21
1.568443940842728443e+04 -1.060182964701087237e-20 8.889875948940348085e-21
1.569078439923971928e+04 5.763433912137193770e-21 9.212442516212160910e-21
1.569712937016716933e+04 5.045620077469181435e-21 8.948209800160554167e-21
1.570347432119556470e+04 -7.945046692223290663e-21 8.205585324128465886e-21
1.570981925229883382e+04 8.309204902080122967e-21 8.546991786623990327e-21
1.571616416345892139e+04 8.652701582491778007e-21 8.599726823882172233e-21
1.572250905465503638e+04 9.464128062332591529e-21 8.855766713590327399e-21
1.572885392586630223e+04 7.899972578308697243e-21 9.119213435560406344e-21
1.573519877707759042e+04 -4.168009466271630257e-21 8.201354111834790975e-21
1.574154360827221899e+04 1.821259912471919451e-20 9.002302149240361245e-21
1.574788841942680301e+04 2.263545023261159634e-21 8.915372440750859042e-21
1.575423321051929815e+04 -8.629797193156678289e-21 8.545436296563247910e-21
1.576057798152628493e+04 2.205382893653967889e-21 9.343617766843177347e-21
1.576692273244322314e+04 5.124542444596676806e-21 8.984832599235317999e-21
1.577326746324385022e+04 -7.385244247202391013e-21 8.894188364865528111e-21
1.577961217390637466e+04 4.674771696603850488e-21 8.790889696435250854e-21
1.578595686441280486e+04 3.484594323266853709e-20 9.578586967001087763e-21
1.579230153473434257e+04 8.644710759948737092e-20 1.021701593095765789e-20
1.579864618487064217e+04 1.004221213871019583e-19 1.091038493852999965e-20
1.580499081479427696e+04 1.050409667609352434e-19 1.083119951364157627e-20
1.581133542448322441e+04 7.231313608450113907e-20 9.893355579305756474e-21
1.581784340893249100e+04 1.761583393132088550e-20 8.678820156009738797e-21
1.582418799182245311e+04 2.301499665077505670e-20 9.449165129166039197e-21
1.583053255436102154e+04 1.638139087600769519e-20 9.343690895920389266e-21
1.583687709658964377e+04 1.305157931906784300e-20 8.939383418423595616e-21
1.584322161848636460e+04 7.696408699728341673e-21 9.756013276725809798e-21
1.584956612003179725e+04 -1.867407498173755522e-21 8.382001676833389171e-21
1.585591060120155089e+04 1.554534687112554419e-20 9.040132482176843200e-21
1.586225506199080701e+04 5.706809604351636875e-21 9.400278926774911824e-21
1.586859950237380872e+04 2.766714018179206233e-20 9.187754841753900457e-21
1.587494392232851533e+04 6.019696317668732451e-22 9.304054379387390224e-21
1.588128832182776387e+04 1.120542662406750527e-20 9.118629173885432064e-21
1.588763270087094133e+04 2.148940877742822288e-20 1.019937111973572729e-20
1.589397705942969333e+04 3.524401064536357483e-20 9.011279651248842052e-21
1.590032139748339614e+04 1.600684138538139661e-20 8.470417165995992370e-21
1.590666571501798899e+04 9.822656561567542783e-21 9.447610317096388495e-21
1.591301001199839448e+04 1.742409761919591620e-20 8.865332154742494777e-21
1.591935428842663532e+04 3.042779557538958113e-20 9.707901836747592542e-21
1.592569854427436439e+04 1.328749159708825794e-20 9.214749753536799873e-21
1.593204277952081793e+04 2.093445551062009763e-20 9.042069379177386510e-21
1.593838699414169605e+04 -9.493779540012773915e-21 8.425398445985032857e-21
1.594473118813377187e+04 2.017913845898375163e-20 8.804058590979809048e-21
1.595107536146732855e+04 1.734559920362251162e-20 9.375759516293933860e-21
1.595741951412436902e+04 1.679529451823251341e-20 8.687948771430537849e-21
1.596376364608290714e+04 4.301828111384846234e-21 9.464763184810373440e-21
1.597010775732260663e+04 -5.333850524990612359e-21 9.487269519294051254e-21
1.597645184783370860e+04 -1.026230756480241894e-20 9.091864829387073646e-21
1.598279591759305549e+04 3.486648011303626683e-20 9.264559010124032618e-21
1.598913996657875214e+04 1.369477971685575432e-20 8.163325317790473095e-21
1.599548399476635677e+04 -1.458361471443996583e-20 8.200902701154803242e-21
1.600182800215023417e+04 -1.151058391332394860e-20 8.612108607277905891e-21
1.600817198870861284e+04 -1.143170251550534808e-21 8.011003210619623176e-21
1.601451595441406425e+04 2.895642540935771525e-20 8.745335913172610413e-21
1.602085989924484784e+04 1.377131163090107120e-20 8.555075373836063049e-21
1.602720382319674718e+04 -4.931377027870169779e-21 8.635242479170846166e-21
1.603354772624122415e+04 -6.422536727386270538e-21 8.714853714720488556e-21
1.603989160836048359e+04 4.634879675919436510e-21 8.888743510876088739e-21
1.604623546953276491e+04 2.460029557119706430e-20 8.556940305470919404e-21
1.605257930974170085e+04 9.608414409217423243e-21 8.018714182414195962e-21
1.605892312897097872e+04 2.989262017504454376e-21 8.748224806552801718e-21
1.606526692720003666e+04 -1.019264317465121744e-20 7.988475037850113247e-21
1.607161070446867052e+04 5.238301161400233127e-21 7.756445070466382366e-21
1.607811841531784194e+04 2.189263847732997570e-20 9.039135287440866182e-21
1.608446216405853556e+04 1.293695663920788840e-21 9.141211837801789400e-21
1.609080589172483997e+04 8.969876068628504846e-21 8.410184314378711861e-21
1.609714959828507926e+04 1.490379789731194494e-20 8.565493427832517362e-21
1.610349328373152639e+04 1.009451140536654419e-20 7.903446991328693018e-21
1.610983694804656807e+04 1.345319408807626145e-20 8.445753800106910766e-21
1.611618059120549151e+04 1.574420668917139551e-20 8.081769041080580912e-21
1.612252421318501365e+04 6.044394452714089769e-21 8.526684187665704587e-21
1.612886781397747654e+04 3.772729329403874100e-22 8.712629390364718354e-21
1.613521139355959713e+04 9.669004405545511376e-21 8.521557662825211659e-21
1.614155495190653346e+04 1.765410735187895807e-20 8.822309611703017999e-21
1.614789848900359902e+04 -1.779059072861478436e-20 8.362333557207969921e-21
1.615424200483187633e+04 -4.266509974530430236e-22 9.568293297207078997e-21
1.616058549937664975e+04 -6.748714088659175577e-21 9.187983807553579000e-21
1.616692897261178950e+04 -1.301976267958556170e-20 9.225177869661729070e-21
1.617327242451542952e+04 -2.860019494318947745e-21 8.643378593802495821e-21
1.617961585508433018e+04 1.354810011889472631e-21 8.735398850267953306e-21
1.618595926428807616e+04 5.844917806750588516e-21 9.156948919457819157e-21
1.619230265210338075e+04 2.605768134969478754e-20 8.463838377088886781e-21
1.619864601851406223e+04 2.314698907052958727e-20 8.182347711448538521e-21
1.620498936351401971e+04 1.547653590006336371e-20 7.496399107271618479e-21
1.621133268706718991e+04 -2.431700390568671603e-21 9.021376606290724644e-21
1.621767598916757743e+04 8.299579933019341781e-21 8.141579635316212937e-21
1.622401926978469783e+04 4.575813613019938136e-21 7.985869793100415434e-21
1.623036252891113509e+04 1.801665565812395412e-20 8.444213342539673875e-21
1.623670576651641750e+04 9.851441001673242360e-21 7.908753174865469259e-21
1.624304898258882531e+04 8.557544898717515482e-21 8.639974961166008629e-21
1.624939217710942467e+04 1.074444454889495833e-20 8.985330763009693654e-21
1.625573535005784288e+04 1.738089862716053222e-21 8.389295739229969056e-21
1.626207850141214476e+04 1.051364061538496306e-20 8.697154061023126231e-21
1.626842163115925541e+04 2.538494860720260628e-20 8.234166644657027330e-21
1.627476473927889310e+04 1.964681415794026495e-20 8.288317359003331964e-21
1.628110782574635050e+04 4.331374025147366668e-21 8.429318025699559904e-21
1.628745089054851815e+04 2.245454418485555283e-20 8.242474868413063061e-21
1.629379393366796830e+04 9.527668823632762496e-21 8.442635371065614284e-21
1.630013695508144338e+04 8.677078876611503401e-21 7.851782322745332658e-21
1.630647995476858523e+04 1.761515405000193212e-20 8.108835919905337215e-21
1.631282293271634808e+04 1.424061736682215859e-20 7.945810313343753614e-21
1.631916588890293860e+04 -4.210220230837008750e-21 7.808876278810959785e-21
1.632550882330793684e+04 -4.193477326472799788e-21 8.102508110968737740e-21
1.633185173591244529e+04 9.647241778414380144e-21 7.939683553141944135e-21
1.633819462670209577e+04 -1.877031180619981550e-21 9.081698020042232914e-21
1.634453749565510043e+04 -9.726152608632857176e-21 8.672072671881389700e-21
1.635088034274967140e+04 -7.253095079674001708e-21 8.816914562906526664e-21
1.635722316797282292e+04 1.712215746490861624e-20 7.717394126165178196e-21
1.636356597130276896e+04 2.251877025063380176e-20 8.444616755421900566e-21
1.636990875271773803e+04 1.044704472809474703e-20 7.815007929811680072e-21
1.637625151220476255e+04 4.126389541598940933e-21 7.562319193564801221e-21
1.638259424974060130e+04 -3.276977703372977173e-21 8.370176077894266692e-21
1.638893696530641319e+04 3.345073197462238336e-20 8.807932507472178215e-21
1.639527965888768085e+04 5.380687061083084034e-21 8.433745573797265104e-21
1.640162233046269830e+04 3.743220537724394515e-20 8.852850965418040836e-21
1.640796498000975407e+04 2.712741975463255094e-20 8.667869781969794748e-21
1.641430760751594062e+04 1.956188122270433894e-20 9.171290519469706547e-21
1.642065021295653059e+04 2.468391134252058706e-20 8.494532787202630639e-21
1.642699279631865284e+04 -2.512073533012860303e-21 7.847702143795657886e-21
1.643333535757757272e+04 1.708746891619210850e-21 8.028848986484530812e-21
1.643967789672043000e+04 1.519830180937967957e-20 8.161405518447490465e-21
1.644602041372546228e+04 3.018691891702221724e-21 8.996555467536692087e-21
1.645236290857092172e+04 1.915158012345944066e-20 8.559403293891802581e-21
1.645870538124247832e+04 2.026218017869901180e-20 8.349234678448654833e-21
1.646504783171982854e+04 5.090368018996045590e-22 7.818145999452889275e-21
1.647139025998409852e+04 2.027812731793085053e-20 8.790986126579143746e-21
1.647773266601516298e+04 1.955636509728336757e-20 8.532646083196648782e-21
1.648407504979872829e+04 3.190843856218781496e-20 9.193798900818795432e-21
1.649041741131006711e+04 6.262089934634143191e-21 8.378581099469400434e-21
1.649675975053639559e+04 7.282992255850301871e-21 8.346419752558096442e-21
1.650310206745297546e+04 1.207715012237544784e-20 7.808568192549327763e-21
1.650944436204405065e+04 1.466292654345027409e-20 7.725007892321531106e-21
1.651578663429387598e+04 1.381580614223583702e-20 8.502554650483051175e-21
1.652212888417771319e+04 7.739584241799088409e-21 8.393229523185873709e-21
1.652847111167980984e+04 3.289933431373970294e-20 8.336212008285033806e-21
1.653481331678445349e+04 9.965443908390706815e-21 8.506133674548796019e-21
1.654115549946690226e+04 1.364443679061225383e-20 8.571830930536537370e-21
1.654749765971129091e+04 5.608314011042716049e-21 8.757514807837544544e-21
1.655383979750203071e+04 -1.053428162055940798e-21 8.631703792701691242e-21
1.656018191281440522e+04 3.056206717322859000e-20 8.823068314840422566e-21
1.656652400563571791e+04 2.712994496160185038e-20 8.315661009575679062e-21
1.657286607594124143e+04 9.967067282894640421e-21 7.619303064094734240e-21
1.657920812371527427e+04 9.624928035868940008e-21 8.337697170084741668e-21
1.658555014894212945e+04 3.037013304047065644e-20 8.472178046974568101e-21
1.659189215159707965e+04 -2.097275344019492151e-21 8.647353987929380464e-21
1.659823413166444516e+04 1.432710010946919284e-20 8.656653518447537096e-21
1.660457608912856813e+04 -9.258193346988086184e-21 8.070483509816531807e-21
1.661091802396166895e+04 -5.740349108973461974e-22 8.271522776011405387e-21
1.661725993615565676e+04 8.083229418205073935e-21 8.681718145540807409e-21
1.662360182568733580e+04 2.708314994321305257e-20 8.701893205228085720e-21
1.662994369253642799e+04 8.171070570684552134e-21 8.338661221917802332e-21
1.663628553668729364e+04 8.546626786280435642e-21 8.090525428531560661e-21
1.664262735811829771e+04 4.319098820263717647e-21 8.895691091998572345e-21
1.664896915681229075e+04 4.589449480096241319e-21 8.835731007947456360e-21
1.665531093275368039e+04 -1.061143293578647195e-20 8.986624437093791299e-21
1.666165268591463973e+04 6.587883821706366799e-21 9.623347336528678758e-21
1.666799441628567365e+04 3.762686817256280697e-21 8.655410121179088776e-21
1.667433612384813750e+04 2.488749699713546025e-20 8.373694793072711384e-21
1.668067780857727121e+04 1.451087316993375039e-20 8.065974580678891375e-21
1.668701947045442648e+04 1.550226633307538267e-20 7.600113272514700878e-21
1.669336110947015550e+04 -8.145417390876659838e-22 7.794611181545235180e-21
1.669970272559662772e+04 9.337892749935626928e-21 9.228765271356644615e-21
1.670604431881827259e+04 1.051036252442932458e-20 8.125552160252179411e-21
1.671238588911647457e+04 8.246142975923561923e-21 8.710612778950810291e-21
1.671872743647413517e+04 -2.386306293332701222e-21 8.505434531749657763e-21
1.672506896087100540e+04 1.422742052178546526e-20 8.245521211592620362e-21
1.673141046228545019e+04 6.720002548399265646e-21 8.501288605954498899e-21
1.673775194070349971e+04 2.232147288517826742e-20 8.618940474445784460e-21
1.674409339610501047e+04 3.011977439264209222e-21 7.607870521268337919e-21
1.675043482847136693e+04 5.219958267362431605e-21 8.221042663110610398e-21
1.675677623778397538e+04 1.912143367417512764e-21 8.083720324947000236e-21
1.676311762402422755e+04 -8.533815848544148729e-21 7.665630010572200843e-21
1.676945898717352611e+04 1.077722912748456618e-21 7.536552782390945726e-21
1.677580032721482348e+04 1.196635121644221651e-21 8.385024458929488020e-21
1.678214164412334503e+04 -2.503901885663111140e-20 7.613231250238258748e-21
1.678848293788823503e+04 8.531466982564754172e-21 7.549948118854207462e-21
1.679482420848781476e+04 1.674210133969104594e-20 8.041627001768034025e-21
1.680116545590349415e+04 -1.656447581160742293e-21 8.325453137474926326e-21
1.680750668011671223e+04 4.363340247751565134e-20 8.870201806138563766e-21
1.681384788110734007e+04 2.425038595034156736e-20 8.351627850391952312e-21
1.682018905886301218e+04 2.416555824574609998e-20 7.762086332764569280e-21
1.682653021335738958e+04 1.579162248069352531e-20 8.077295530861628089e-21
1.683287134457179855e+04 1.340741130438267970e-20 8.464523505335115323e-21
1.683921245249401181e+04 2.962205452189497951e-20 8.910173723767337005e-21
1.684555353710236159e+04 3.916220205988513053e-20 8.633377655045230101e-21
1.685189459837672257e+04 2.349726791322576489e-20 8.020468181321175993e-21
1.685823563630166973e+04 2.423250194850863684e-20 8.649403692273431053e-21
1.686457665085710323e+04 2.136925669979742732e-20 8.493707805075447515e-21
1.687091764202445847e+04 4.198124748686395405e-21 8.562789963963240363e-21
1.687725860978207493e+04 9.137997194365658057e-21 8.437517476763933643e-21
1.688359955411923147e+04 2.037935274320613640e-20 8.251982304295809017e-21
1.688994047501114255e+04 2.229806178202136148e-20 8.309884315469648154e-21
1.689628137244082609e+04 3.345754779993737919e-20 8.979211922713881779e-21
1.690262224638975749e+04 2.152572560212185442e-20 8.671361064576101605e-21
1.690896309683625441e+04 2.033824957206049297e-20 8.719901089664517053e-21
1.691530392376809323e+04 5.005490032882486365e-21 8.171061470141108602e-21
1.692164472716203454e+04 -4.839550515711939984e-21 8.347912306586014332e-21
1.692798550700269698e+04 5.572062039398445005e-21 8.588619506903489663e-21
1.693432626327000617e+04 1.775337404637345974e-20 8.123245237834758268e-21
1.694066699594227975e+04 2.492397607043323788e-20 7.868011934948192649e-21
1.694700770500889485e+04 2.156510512000898589e-20 8.090899382224651873e-21
1.695334839044186447e+04 7.357051091177106769e-21 8.420075709499000527e-21
1.695968905222736066e+04 -4.321203451009793712e-21 7.568093945476586908e-21
1.696602969035170827e+04 -1.170350801647920061e-20 8.823379677166740111e-21
1.697237030479007808e+04 1.206900278392782582e-20 8.757272609668262159e-21
1.697871089552238118e+04 3.045282011895355102e-20 8.592497799816208422e-21
1.698505146253647035e+04 1.128525035463706726e-20 8.926446350480844763e-21
1.699139200581068508e+04 -5.674375409951196087e-22 8.304497807157684679e-21
1.699773252532495098e+04 -3.741412179186053927e-21 7.355077046231086398e-21
1.700407302106076895e+04 1.475602064098482155e-20 8.257635169691961749e-21
1.701041349300762522e+04 3.001889014194644963e-20 7.943574843809793532e-21
1.701675394113430957e+04 1.026611629923760548e-20 7.815622257405180541e-21
1.702309436543029005e+04 -9.872782774110844762e-21 7.924116279125605802e-21
1.702943476587072291e+04 1.619476307289871171e-20 8.047627321688711180e-21
1.703577514245150087e+04 4.303569885657590357e-20 8.517390069367868933e-21
1.704211549513978753e+04 3.577958082047389251e-20 8.312602070525579541e-21
1.704845582392031793e+04 1.255759283492732641e-20 7.506803074241299825e-21
1.705479612877780528e+04 6.108424561586215767e-21 8.302706843942632739e-21
1.706113640969540211e+04 1.022704943911660434e-20 8.158629826975592662e-21
1.706747666664504868e+04 -1.075321977676253735e-20 7.580422189248984558e-21
1.707381689961628581e+04 7.854698646648887616e-21 8.402360024357720699e-21
1.708015710859388128e+04 6.207173729660372383e-21 8.464147268465136757e-21
1.708649729355296222e+04 1.829796795284689931e-20 7.572974425370841041e-21
1.709283745447347246e+04 1.306981143080781379e-20 7.962602389028912226e-21
1.709917759133857180e+04 1.991554934426254331e-20 8.908683268031941425e-21
1.710551770413625854e+04 1.163575473575880368e-20 8.037137138825297978e-21
1.711185779284324599e+04 4.658029425293533460e-21 7.799139307270742340e-21
1.711819785743621833e+04 -5.179951234316301061e-21 8.121644405971476994e-21
1.712453789790324299e+04 -6.437533720645277713e-21 7.767284482150930865e-21
1.713087791423072849e+04 1.330991414602078940e-20 7.707397702834225369e-21
1.713721790638732637e+04 -1.014469191901696615e-20 8.658897563060097798e-21
1.714355787435945967e+04 1.373626621150880487e-20 8.459201623984501149e-21
1.714989781813353329e+04 1.026153701101988656e-20 8.483437627205508224e-21
1.715623773768953833e+04 1.084576868892366806e-20 7.893582426221575223e-21
1.716257763300741499e+04 1.692151420145473156e-20 7.767551346044621679e-21
1.716891750406389110e+04 1.859511752766583967e-20 7.103577180198741990e-21
1.717525735085027191e+04 1.788740456530939994e-20 9.151343975095504105e-21
1.815899241991153758e+04 2.914428843532870176e-20 1.251026506752758121e-20
1.816532827914020891e+04 2.858016027391816296e-20 9.259556688155788488e-21
1.817166411121209239e+04 -9.906027175305292059e-24 9.390850115376747451e-21
1.817799991611415317e+04 1.883162178945098515e-20 9.353148763324617666e-21
1.818433569383161375e+04 1.441386585263493785e-20 9.129847446657908993e-21
1.819067144433574140e+04 3.357474001194678317e-21 8.907344144827327531e-21
1.819700716760824798e+04 4.384435550831850289e-21 8.737903625199376536e-21
1.820334286364135914e+04 1.063415499142257755e-20 8.884414108121052886e-21
1.820967853241156263e+04 2.736560341460711374e-20 9.292465557438266477e-21
1.821601417390408824e+04 1.293038449780652864e-20 9.399318649121951120e-21
1.822234978809015229e+04 6.601117442230569437e-22 9.104830538667565447e-21
1.822868537496551289e+04 1.029751587066391898e-20 8.961326946043698273e-21
1.823502093450136454e+04 -2.548310973729237581e-22 9.323893687416848189e-21
1.824135646667768378e+04 1.691431266221286779e-21 9.722444238667056658e-21
1.824769197148665990e+04 2.591055644660223468e-20 8.549240826499722626e-21
1.825402744890478425e+04 7.537621094488377488e-21 8.480510075188379576e-21
1.826036289891382694e+04 -7.351958078326672173e-21 8.973369497818721346e-21
1.826669832149902504e+04 1.216986723973141721e-20 8.656695780242756680e-21
1.827303371663506550e+04 -4.482541898266009446e-21 8.556713909437290653e-21
1.827936908430367112e+04 1.833590038938225698e-20 8.428945018564558041e-21
1.828570442449360417e+04 2.995525549686609594e-21 8.403609863901600438e-21
1.829203973717954432e+04 -2.037493827462382594e-21 8.442898463557629918e-21
1.829837502235203647e+04 1.108641824482237326e-20 8.524687083025089159e-21
1.830471027998219870e+04 6.777179649453535712e-21 8.092238137096822008e-21
1.831104551006060501e+04 6.407618107545351420e-21 8.618641175529716208e-21
1.831738071256541662e+04 1.114612804710925395e-20 9.487805272767360758e-21
1.832371588747837450e+04 -1.339961044122115490e-20 9.051644548995115407e-21
1.833005103477762896e+04 2.339734289039369366e-20 8.809272708861456098e-21
1.833638615445023606e+04 -3.619967546232626566e-21 8.304829791657633027e-21
1.834272124648145837e+04 1.959093350682757575e-20 8.468842911165150997e-21
1.834905631084056949e+04 1.849615776953351948e-21 8.678039899959050093e-21
1.835539134751983875e+04 1.603483560284748443e-21 8.246099367142732889e-21
1.836172635649397125e+04 2.630871056313688570e-20 8.340772094889111623e-21
1.836806133775537819e+04 4.380083255862998979e-21 8.362951390026741582e-21
1.837439629127152148e+04 1.010084888212692766e-20 9.029581261727580709e-21
1.838073121703301149e+04 -1.020316375673319521e-20 8.233375921879906352e-21
1.838706611502156375e+04 1.803921989142110867e-20 8.005052584027431023e-21
1.839340098521352775e+04 2.036975607748990806e-20 8.140104465141916303e-21
1.839973582759776400e+04 2.569466538203856389e-20 8.284461287228292869e-21
1.840607064215062201e+04 4.425067714547216644e-21 8.646630089203541636e-21
1.841240542885738250e+04 3.654246109222101680e-21 8.610066623453077394e-21
1.841874018769795657e+04 -1.493509359239437022e-20 8.460090427855254987e-21
1.842507491865046904e+04 7.590116651319811364e-21 8.707710446445851341e-21
1.843140962170021157e+04 4.082158315271729996e-20 8.141903703656983652e-21
1.843774429683425478e+04 4.735576493309731897e-21 8.474053376326369802e-21
1.844407894401991143e+04 8.229958098121538025e-21 8.390406550765714740e-21
1.845041356325498055e+04 1.767027299517069398e-20 7.820887550894455259e-21
1.845674815451407267e+04 5.192175978888489825e-21 7.624201677104892066e-21
1.846308271777709524e+04 1.559851992607960842e-20 7.802566583982594829e-21
1.846941725302933628e+04 1.562462569248307721e-20 7.291753493820518685e-21
1.847575176024710163e+04 -3.775705198335802473e-21 7.907766074217148044e-21
1.848208623941566839e+04 1.112369132602274910e-20 8.143027406069992180e-21
1.848842069051854196e+04 -4.292979415313436364e-21 7.720678476627947423e-21
1.849475511353380352e+04 3.159209277141353085e-20 7.947390642599596269e-21
1.850108950844857100e+04 7.943715139407034455e-21 8.213620785756659204e-21
1.850742387523911020e+04 -9.469808237833371243e-21 8.024104470708502521e-21
1.851375821389071280e+04 1.787258836081088234e-20 8.915499293787700499e-21
1.852009252437604300e+04 4.311261226603070176e-21 8.899330047642706011e-21
1.852642680669485344e+04 2.894959328810812829e-21 8.491109600362749880e-21
1.853276106081060425e+04 1.465939325071055666e-20 8.631955135228243068e-21
1.853909528671054431e+04 2.391166045668725339e-20 8.330250273092721264e-21
1.854542948438178428e+04 -1.300455576462207731e-20 7.538327939204586754e-21
1.855176365380057905e+04 4.250700801317653162e-22 7.637421508513317634e-21
1.855809779495404655e+04 -3.019720659391127496e-21 7.913695498270453437e-21
1.856443190781479643e+04 7.816291418013195546e-21 7.772105435308999099e-21
1.857076599237537448e+04 -4.301870145522815926e-21 8.370522609967264449e-21
1.857710004860840127e+04 1.588545706392294281e-21 8.442608442246507624e-21
1.858343407650645167e+04 7.966675881906981387e-21 8.443623150934694363e-21
1.858976807603299676e+04 1.048014483650622779e-20 9.176688231685917619e-21
1.859610204718608657e+04 -9.348688834870452937e-22 7.972043121961590054e-21
1.860243598993829437e+04 1.239959569092038761e-20 8.087253099718326858e-21
1.860876990428027420e+04 8.316957953193615734e-21 8.366233247186140349e-21
1.861510379018099047e+04 1.749886848314789546e-20 8.629129780995949506e-21
1.862143764763492800e+04 1.882644836906933625e-20 8.374336464130492816e-21
1.862777147661645358e+04 1.812071162243079737e-20 8.477803622391960959e-21
1.863410527710906172e+04 2.620316895339802166e-20 8.658107385566713169e-21
1.864043904909622506e+04 2.180651143902398101e-20 8.432632009595605369e-21
1.864677279255594840e+04 7.095345313513554791e-21 8.622378981818635166e-21
1.865310650747537875e+04 6.456174917541564289e-21 8.164970198369888598e-21
1.865944019382701663e+04 2.259585335850463790e-20 8.184309698611300621e-21
1.866577385159800542e+04 -8.463216719982830982e-21 7.862563789463250719e-21
1.867210748077550306e+04 2.944773547988938722e-20 8.311607588299019593e-21
1.867844108132816473e+04 4.000971170683462186e-21 8.055921156890126748e-21
1.868460515242764814e+04 7.055548806268178056e-21 8.087695227651559987e-21
1.869093867756908730e+04 8.705255574730118983e-21 7.660576606242096057e-21
1.869727217866305728e+04 2.245920229245550582e-20 8.359192462045180708e-21
1.870360565112987388e+04 -6.872150292487682788e-21 8.109810404793235706e-21
1.870993909488587451e+04 2.644719520495678523e-21 9.037385226127172326e-21
1.871627250991103574e+04 1.139968731973303231e-20 8.523312370872719116e-21
1.872260589619757593e+04 -5.153087625215795074e-21 8.684558755893623790e-21
1.872893925371474688e+04 1.755769115668165981e-20 8.800417415265173288e-21
1.873527258244772383e+04 3.682783305478276905e-20 9.305114999749701734e-21
1.874160588238702985e+04 2.711597383090414503e-20 9.000333502185708459e-21
1.874793915350365205e+04 -9.073280640328048467e-21 8.817034321736730958e-21
1.875427239578436274e+04 -1.353270560256571377e-20 8.789544205862446673e-21
1.876060560920381613e+04 6.361598608535501297e-21 9.606597445583910667e-21
1.876693879375069082e+04 -6.846507690831032670e-21 8.688649426549875780e-21
1.877327194940665868e+04 6.843149917021143547e-21 8.755094218475097328e-21
1.877960507615160532e+04 -4.633059190327714473e-21 8.522191595436602691e-21
1.878593817396712620e+04 1.151898150564450839e-21 8.780237107571453554e-21
1.879227124283657395e+04 1.714241963268548729e-20 9.097029938330705114e-21
1.879860428273444631e+04 2.097236799986721876e-20 9.207444686890778671e-21
1.880493729365123727e+04 2.110962147511334580e-20 1.464334577630986584e-20
