2.879020693051297712e+04 3.949294870753643260e-20 1.344547963608912075e-20
2.880813809929788113e+04 3.536169722812192994e-20 5.402620242638642753e-21
2.882606927100552275e+04 1.727620007941892341e-20 5.883328717067000161e-21
2.884400044554982742e+04 2.328611582637686928e-20 6.348505793476651862e-21
2.886193162284393838e+04 1.288585216551790733e-20 5.493023534709210392e-21
2.887986280280356732e+04 1.783311582533349843e-20 6.246427109322353847e-21
2.889779398534120992e+04 2.882417768064652100e-20 5.606941076011720586e-21
2.891572517037237048e+04 3.460936056857141016e-20 5.799867823678153637e-21
2.893365635781098172e+04 3.076264462943049581e-20 5.424214725071431981e-21
2.895158754757089628e+04 2.276886044330335070e-20 5.426169221281342069e-21
2.896951873956778581e+04 2.010787808723563885e-20 5.025746683270277237e-21
2.898744993371424061e+04 2.839405495896979176e-20 5.345919081876061644e-21
2.900538112992654351e+04 2.592652373934245945e-20 5.329154642586251678e-21
2.902331232811848531e+04 3.034489676341339536e-20 5.120296333320002889e-21
2.904124352820454078e+04 2.786462351826662416e-20 5.708722424734608569e-21
2.905917473010041795e+04 3.911244278145500752e-20 5.285646251727664191e-21
2.907710593371899449e+04 2.956793744746836495e-20 5.248255570561594964e-21
2.909503713897720809e+04 2.733472031525892753e-20 4.988991714593921273e-21
2.911296834578838025e+04 2.865898385614737874e-20 5.325307691249498146e-21
2.913089955406811350e+04 1.163305160132127156e-20 4.917521302703138203e-21
2.914883076373170479e+04 3.485769468813987938e-20 5.169923380756417244e-21
2.916676197469293766e+04 2.392136989712791677e-20 4.841301214545193830e-21
2.918469318686860061e+04 3.640108639874572721e-20 4.983301713973321323e-21
2.920262440017209519e+04 2.491727633726700008e-20 5.238360733076093174e-21
2.922055561452001712e+04 2.048232503726913001e-20 4.824169839257292741e-21
2.923848682982702667e+04 1.512338260908365005e-20 5.057164773051499038e-21
2.925641804600819523e+04 2.345858629870634590e-20 5.547235763603838782e-21
2.927434926298002028e+04 2.957255943277512200e-20 5.138027991090855918e-21
2.929228048065590338e+04 3.110983807675781181e-20 5.069349016753195520e-21
2.931021169895343337e+04 3.510438421565718199e-20 4.938063940536213452e-21
2.932814291778675033e+04 2.643702270561233346e-20 4.910292037272801977e-21
2.934607413707207888e+04 2.875909052206361735e-20 5.197063698324961333e-21
2.936400535672523984e+04 2.853535015793975263e-20 5.114176664181538367e-21
2.938193657666094077e+04 2.705546415143494532e-20 5.240056749308705526e-21
2.939986779679652682e+04 4.618531368348535437e-20 4.796117401246120552e-21
2.941779901704589065e+04 2.924358452104631029e-20 4.899583860312484509e-21
2.943573023732661022e+04 1.906500859619791873e-20 5.045975885360796538e-21
2.945366145755492107e+04 1.195925564403159024e-20 4.277215783570477268e-21
2.947200577526841153e+04 2.638701399366621817e-20 4.140123737980198922e-21
2.948993703511727654e+04 2.219190919715022269e-20 4.299872031948838988e-21
2.950786825267119275e+04 2.196797653573192951e-20 4.318207085286062393e-21
2.952579936533480941e+04 3.228826382205607189e-20 4.369918874535762627e-21
2.954373047630362271e+04 3.242131090260841403e-20 4.988346570153080170e-21
2.956166158671049197e+04 2.964446769581379059e-20 4.869243525877802075e-21
2.957959269647035035e+04 2.847064810001581737e-20 4.725315003545233223e-21
2.959752380550053567e+04 4.495019733898554598e-20 4.471030937361523031e-21
2.961545491371722892e+04 2.192159857666973175e-20 4.259902207751800428e-21
2.963338602103641460e+04 2.210475150538589858e-20 3.914439418859242704e-21
2.965131712737572889e+04 2.600846344972084357e-20 4.429628196901033910e-21
2.966924823272356298e+04 1.947517165702927333e-20 4.512901035771029893e-21
2.968717934303105721e+04 9.911336328131491689e-21 4.254693050100902284e-21
2.970552405858339625e+04 1.824548359275060131e-20 4.607584539701179525e-21
2.972345520047960963e+04 1.677928168525336503e-20 4.126581975996594404e-21
2.974138634097246540e+04 1.643778281148310554e-20 4.411665646582811858e-21
2.975931747997933053e+04 2.213762542356538196e-20 4.599890967983774345e-21
2.977724861741713539e+04 2.337494455025761852e-20 4.234486415279494169e-21
2.979517975320217010e+04 2.297613573832965981e-20 4.198156594890784144e-21
2.981311088725299851e+04 3.615060012178331239e-20 4.211010343737853746e-21
2.983104201948444461e+04 2.561530936003060415e-20 4.349761380112850579e-21
2.984897314981591990e+04 3.702760935966942652e-20 4.192494266260700974e-21
2.986690427816292504e+04 3.385752104055950335e-20 4.516977112362029335e-21
2.988483540444377650e+04 3.093249040071830062e-20 4.422616417493090923e-21
2.990276652857539011e+04 2.785730693679955906e-20 4.497656415767821749e-21
2.992069765047485271e+04 2.242566778551449437e-20 4.240346707317552820e-21
2.993862877006048075e+04 2.858902149895247070e-20 4.176700385761309196e-21
2.995655988724820418e+04 3.138612035961127041e-20 3.989456461589161985e-21
2.997449100195733990e+04 2.221177384331700157e-20 4.227502517884081407e-21
2.999242211410365780e+04 3.181119110757008933e-20 4.244298543189211648e-21
3.001035322360650025e+04 2.689863540223361765e-20 3.796671717518812944e-21
3.002828433038224830e+04 2.234127109982463595e-20 4.151247325824921466e-21
3.004621543434926934e+04 1.959338394560475529e-20 4.425417406660204018e-21
3.006414653542551605e+04 2.198002876826381206e-20 4.400937776232123432e-21
3.008207763352796974e+04 3.347192615537467511e-20 4.250382298033285455e-21
3.010000872857594004e+04 3.991019406619156497e-20 4.475979420772619001e-21
3.011793982048540784e+04 2.876249069161577545e-20 4.241564032727665403e-21
3.013587090917666865e+04 2.720020215867583016e-20 3.985383151840378975e-21
3.015380199456560877e+04 3.196557982016334904e-20 4.409920432949668243e-21
3.017173307657203986e+04 2.336537855672211259e-20 4.283772714862885355e-21
3.018966415511297964e+04 2.454344263403151263e-20 3.635851208194056036e-21
3.020759523010729026e+04 2.111073761951450244e-20 3.725012294356396491e-21
3.022552630147316813e+04 3.257869532351291843e-20 4.163880516607858601e-21
3.024345736912854409e+04 2.346835865566033672e-20 4.016552436381636875e-21
3.026138843299265500e+04 2.713772084123207784e-20 3.911471809241405340e-21
3.027931949298243853e+04 2.189472798223012484e-20 4.159161426466207687e-21
3.029725054901834665e+04 2.494981504002877260e-20 4.072231015111480734e-21
3.031518160101682224e+04 2.430445010769099798e-20 4.279504883086182434e-21
3.033311264889840459e+04 2.944340755240152015e-20 4.218892554400269209e-21
3.035104369258012957e+04 3.174894917130375504e-20 4.389462940175907042e-21
3.036897473198172884e+04 2.825846894717395655e-20 4.480809608513818891e-21
3.038690576702174803e+04 2.006615236989198869e-20 4.247178341086763904e-21
3.040483679761844905e+04 2.232068174156142913e-20 4.019728191390162180e-21
3.042276782369162538e+04 2.501302471839740320e-20 4.294864384575028284e-21
3.044069884515926606e+04 2.324528592617466058e-20 4.136351027379738886e-21
3.045862986194141922e+04 2.910177490073337415e-20 4.023062196093513382e-21
3.047656087395537543e+04 2.668342692060181494e-20 4.143767216879016559e-21
3.049449188112220145e+04 1.117450818574694791e-20 3.733924922092311982e-21
3.051242288335922422e+04 3.174684542234576478e-20 4.312497233966190630e-21
3.053035388058722310e+04 2.395990590875541223e-20 4.204287748710650509e-21
3.054828487272416169e+04 3.516125641237505514e-20 3.952037141663528022e-21
3.056621585969013177e+04 1.910919592564412458e-20 4.030553668688502493e-21
3.058414684140398822e+04 1.738751106473087078e-20 3.565757534819131847e-21
3.060207781778524441e+04 2.393562818140528368e-20 3.986478934217897214e-21
3.062000878875365743e+04 1.623419229032316370e-20 4.002864705448625430e-21
3.063793975422806398e+04 2.368982587131136946e-20 3.718330224521638657e-21
3.065587071412900696e+04 2.242785717289767352e-20 3.915075125436026790e-21
3.067380166837442448e+04 2.237248228418999822e-20 4.200194320485370013e-21
3.069173261688630737e+04 1.707411890356481174e-20 3.974900411313868374e-21
3.070966355958179338e+04 2.713954175264354622e-20 4.082268694422452714e-21
3.072759449638275692e+04 2.850416430510135697e-20 4.084235921370320219e-21
3.074552542720757992e+04 2.809177111644567413e-20 3.988478629120438300e-21
3.076345635197702723e+04 3.133652051760567053e-20 4.300534322333677112e-21
3.078138727061026657e+04 3.496288574166896328e-20 4.269734929618835842e-21
3.079931818302796819e+04 2.723981273450078864e-20 4.048839291688907570e-21
3.081724908914982007e+04 2.269944236460887613e-20 3.955314860828844929e-21
3.083517998889570663e+04 2.469540227564775806e-20 3.841384546658835075e-21
3.085311088218627265e+04 1.830079717476159672e-20 3.654023636766262095e-21
3.087104176894070406e+04 2.033792069991726530e-20 3.853355745890747592e-21
3.088897264908068246e+04 1.656334520265790478e-20 3.659927544246162809e-21
3.090690352252464436e+04 1.762313766628043334e-20 3.420450034322021239e-21
3.092483438919523905e+04 1.917935314069652384e-20 3.777843623662312028e-21
3.094276524901003359e+04 2.356299671160458659e-20 3.616284879571746905e-21
3.096069610189194645e+04 1.683135187670832704e-20 3.698657308989605782e-21
3.097862694775984710e+04 1.889955551779672748e-20 4.142588796241927104e-21
3.099655778653575180e+04 3.417411839736200563e-20 3.754800228780920839e-21
3.101448861813834810e+04 3.040853833170183238e-20 3.860917711004895292e-21
3.103241944248989239e+04 2.906434262939011914e-20 3.943211214337851745e-21
3.105035025951016360e+04 1.914906840086808754e-20 3.670829676468317627e-21
3.106828106912048315e+04 1.518727162499397512e-20 3.629276986923313999e-21
3.108621187124109565e+04 1.343432561014107334e-20 3.351818986148468890e-21
3.110414266579322066e+04 2.593776203964547622e-20 3.386997812023968962e-21
3.112207345269762664e+04 2.934689607801192560e-20 3.495150842746029153e-21
3.114000423187499473e+04 2.607706627453359103e-20 3.621891776308187562e-21
3.115793500324855631e+04 3.007722076585956949e-20 3.573655501346021585e-21
3.117628260421539017e+04 2.982711158331387587e-20 3.590037187658746103e-21
3.119421339963208811e+04 1.844209902165090929e-20 3.548296010604384795e-21
3.121214418693181506e+04 2.501814464064821112e-20 3.473407329168282718e-21
3.123007496610505768e+04 2.317190728552403846e-20 3.360800407169121062e-21
3.124800573707193689e+04 2.850918958186867602e-20 3.695203086652415445e-21
3.126593649975557491e+04 3.129174367992142514e-20 3.650367205596352068e-21
3.128386725407467748e+04 3.206592945237893744e-20 3.490116550875578061e-21
3.130179799995354551e+04 1.618041481705599466e-20 3.367178592063285634e-21
3.131972873731168511e+04 8.363993518054386694e-21 3.176589846371061955e-21
3.133765946607196383e+04 2.097163394690065013e-20 3.119949351078162277e-21
3.135559018615406239e+04 2.304118725241724569e-20 3.194846168097657341e-21
3.137352089748181243e+04 1.662043918094400462e-20 3.115199556497758626e-21
3.139145160004373247e+04 1.975295770783966821e-20 3.326741741046264304e-21
3.140938229942290491e+04 1.898862049968580324e-20 3.135703581246950781e-21
3.142773037274373928e+04 1.782375647350457333e-20 3.201640664753626351e-21
3.144566108801277005e+04 2.232627596812495934e-20 3.297385351292065135e-21
3.146359179412812955e+04 2.413555830750560530e-20 3.364744051955192597e-21
3.148152249101470079e+04 1.878204026261573168e-20 3.667324438528712929e-21
3.149945317859196439e+04 3.041352850474184809e-20 3.718715163933414930e-21
3.151738385678414488e+04 1.960328980904117556e-20 3.162775318492197759e-21
3.153531452551089751e+04 2.567538454279856115e-20 3.345990023262137072e-21
3.155324518469641771e+04 1.712153195213096140e-20 3.245897256843271437e-21
3.157117583426128112e+04 2.579333484918745942e-20 3.427271350935258715e-21
3.158910647412901744e+04 2.026312595491584632e-20 3.017260558383584748e-21
3.160703710422070435e+04 1.986514608888674476e-20 3.278607499427645543e-21
3.162496772445952229e+04 2.209495595393693642e-20 3.305073391402611434e-21
3.164289833476597778e+04 3.358823029888094472e-20 3.390357913393376325e-21
3.166082893506552500e+04 2.585488744537627682e-20 3.695158332036856154e-21
3.167875952527902700e+04 1.894726428297938422e-20 3.697218766072285669e-21
3.169669010532940592e+04 1.021774006841683442e-20 3.251366811793230085e-21
3.171462067513875445e+04 2.386847976125839824e-20 3.451237853333680824e-21
3.173255123463002383e+04 2.645334297736455303e-20 3.186421782259802213e-21
3.175048178372544135e+04 1.990779878726887387e-20 3.090628228652997822e-21
3.176841232234851486e+04 1.901514480652624158e-20 3.405445027474148364e-21
3.178634285042107149e+04 2.664956022268405592e-20 3.226790854282371731e-21
3.180427336786639717e+04 2.028836265073843417e-20 3.317321477543485094e-21
3.182220387460677739e+04 1.762481425923247090e-20 3.180888208316304198e-21
3.184013437061965669e+04 2.039157367047067810e-20 3.244416676889520636e-21
3.185806499711245124e+04 1.614813323566259218e-20 3.514378798860149118e-21
3.187599593872587138e+04 1.698835779745288942e-20 3.213773233956963776e-21
3.189392686932595825e+04 2.499123516624452289e-20 3.306484145380016324e-21
3.191185778883611783e+04 2.608154302241545469e-20 3.152790081110390713e-21
3.192978869717903217e+04 2.472339895843326090e-20 3.251800305524864321e-21
3.194771959427834736e+04 2.447193297959027666e-20 3.341856579307369106e-21
3.196565048005667995e+04 1.146109628774436970e-20 3.141788557495397012e-21
3.198358135443733045e+04 2.471974433416290807e-20 3.552776399514210059e-21
3.200151221734426872e+04 2.707867247023925656e-20 3.808622167357326090e-21
3.201944306870091532e+04 1.916163461880692397e-20 3.449446011383650608e-21
3.203737390843071626e+04 2.683198436743790486e-20 3.287783251616253191e-21
3.205530473645719030e+04 2.869577426368460987e-20 3.496667586659634045e-21
3.207323555270323050e+04 2.960008316278933087e-20 3.416008077556709929e-21
3.209116635709329785e+04 2.134724519588774114e-20 3.545881772414192280e-21
3.210909714955036907e+04 2.288366750706030243e-20 3.129643423559100334e-21
3.212702792999839585e+04 2.020499077365550522e-20 3.464912610051275736e-21
3.214495869836084967e+04 2.575195761043526300e-20 3.263574732930817779e-21
3.216288945456157671e+04 2.432596046153643003e-20 3.115231468180658408e-21
3.218082019852432495e+04 2.415035223993427643e-20 3.178036075382098795e-21
3.219875093017359904e+04 1.832659004886071827e-20 3.166911259571793464e-21
3.221668164943380907e+04 3.354511716339178147e-20 2.964943045582053169e-21
3.223461235622785171e+04 2.338961986707322705e-20 3.165828986359566613e-21
3.225254305048010792e+04 1.894631075741235495e-20 3.262145883544953788e-21
3.227047373211459853e+04 2.836587954034101042e-20 3.523182377671659879e-21
3.228840440105473681e+04 2.758846377165953752e-20 2.991341003051871072e-21
3.230633505722623522e+04 2.228036451710552202e-20 3.189880657936964034e-21
3.232426570055193952e+04 3.553450765308090649e-20 3.351726452332895837e-21
3.234219633095686368e+04 2.714874611804025256e-20 3.207944082994844515e-21
3.236012694836523224e+04 2.602198451476665093e-20 3.059194165202191247e-21
3.237805755270115696e+04 2.391556769297627929e-20 3.374317705982737350e-21
3.239598814388994288e+04 1.748372209173387821e-20 3.297176167668550789e-21
3.241391872185551983e+04 2.155034087875198218e-20 3.565211416833962310e-21
3.243184928652164308e+04 2.102415051019903215e-20 3.507871847390139196e-21
3.244977983781399598e+04 2.817428572790881366e-20 3.242632696686756982e-21
3.246771037565619190e+04 2.760706918000767897e-20 3.589224748329838271e-21
3.248564089997353221e+04 2.618169713699164931e-20 3.610138449700846112e-21
3.250357141069047429e+04 2.139447335973675627e-20 3.510441662823207856e-21
3.252150190773290524e+04 2.122410461427048367e-20 3.241041483702985502e-21
3.253943239102333609e+04 1.932881003562826270e-20 3.447710356559118675e-21
3.255736286048936745e+04 2.081697942396305791e-20 3.374863134760253343e-21
3.257529331605272091e+04 1.555940330663682822e-20 2.913858592207749612e-21
3.259322375764183380e+04 2.325986413961676412e-20 3.288521220948165477e-21
3.261115418517852959e+04 2.929972224063470988e-20 3.269125971338553650e-21
3.262908459859066352e+04 2.662173965887287077e-20 3.224256683410616288e-21
3.264701499780045560e+04 2.934278223119125961e-20 3.314671775766247693e-21
3.266494538273624494e+04 1.857520071212525893e-20 3.098917546089540816e-21
3.268287575331994958e+04 2.028572108152716986e-20 3.095841205170481380e-21
3.270080610947935565e+04 1.930472831377117687e-20 3.282738554366162670e-21
3.271873645113844395e+04 2.618045747151463160e-20 3.149122409760847939e-21
3.273666677822340353e+04 1.955892785088702490e-20 3.324218438296208682e-21
3.275459709065816060e+04 2.007421479660377915e-20 2.975986416230375530e-21
3.277252738837018842e+04 2.039563643958067948e-20 3.061266056547579846e-21
3.279045767128284933e+04 7.061006458584259619e-21 2.962763660731081935e-21
3.280838793932272529e+04 1.870360525531103891e-20 3.257263509391004565e-21
3.282631819241621270e+04 2.256377334488020932e-20 3.636365133446638917e-21
3.284424843048759067e+04 2.341254635750307737e-20 3.509530335761825369e-21
3.286217865346272447e+04 2.163962708216270845e-20 3.344383302349622843e-21
3.288010886126740661e+04 2.528049051268007165e-20 3.047581790437030089e-21
3.289803905382783705e+04 1.523188267126666522e-20 3.024027592697095762e-21
3.291596923106941540e+04 2.492568088580465192e-20 3.268848235296304931e-21
3.293389939291864721e+04 1.637066909660933373e-20 2.899225197547428365e-21
3.295182953930023359e+04 2.003761906373825263e-20 3.096929408312269597e-21
3.296975967014132766e+04 2.360849432777591933e-20 2.923149971845210564e-21
3.298768978536697250e+04 2.680148707417230358e-20 3.065015633116454622e-21
3.300561988490389194e+04 1.743977180471734068e-20 2.939383572955088248e-21
3.302354996867742739e+04 2.066584310189769643e-20 3.293944095227671604e-21
3.304148003661506664e+04 3.737769919737867890e-20 3.745636940205499593e-21
3.305983101980490028e+04 4.866560936687364213e-20 4.015586557421518475e-21
3.307776109515664575e+04 3.344250598689704412e-20 3.292981246455578338e-21
3.309569115438080189e+04 2.144890194712001413e-20 3.058425683008670484e-21
3.311362119746798999e+04 1.831442123259412097e-20 3.036321610146198037e-21
3.313155122434384248e+04 1.722222282687660963e-20 3.150621146525809105e-21
3.314948123493573075e+04 1.208517947062929773e-20 2.753296663645253158e-21
3.316741122917026223e+04 2.145952557996469955e-20 2.749020079651885081e-21
3.318534120697250182e+04 2.017347461441218560e-20 3.060797379508500762e-21
3.320327116827107966e+04 1.345676529253292120e-20 3.329799845049775113e-21
3.322120111299054406e+04 1.730151435739487172e-20 2.807379694176041723e-21
3.323913104106018000e+04 1.878399907956071973e-20 3.002192323813431338e-21
3.325706095240403374e+04 2.272256841050070073e-20 2.957522043661057939e-21
3.327499084695023339e+04 2.160964550647015393e-20 2.929127928793950428e-21
3.329292072469050618e+04 1.444158056106587357e-20 2.676803436734420790e-21
3.331085059089456627e+04 2.090014926932767549e-20 2.618618854264337847e-21
3.332920194844269281e+04 2.429989263218606569e-20 3.077990559528871383e-21
3.334713181423186325e+04 2.012064731398980545e-20 3.417273322394820557e-21
3.336506166285333165e+04 1.414973057165609266e-20 3.032123025391789171e-21
3.338299149423240306e+04 1.435860057406410440e-20 2.587851427167871482e-21
3.340092130829754024e+04 1.494526248334612171e-20 2.908013202845777243e-21
3.341885110497423011e+04 3.150342987921331121e-20 3.081853516177881325e-21
3.343678088419084088e+04 2.337627852179085947e-20 3.172372457126569550e-21
3.345471064587374713e+04 1.766635715554996256e-20 3.037377035184795031e-21
3.347264038995092415e+04 1.629552743808809854e-20 2.747160415701870005e-21
3.349057011634938681e+04 1.915279919235495180e-20 2.885152408317269588e-21
3.350849982499693579e+04 2.433111069110006295e-20 3.122267442109454462e-21
3.352642951582060778e+04 1.456548430251099863e-20 2.935065054460002064e-21
3.354435918874675554e+04 2.748643893917792018e-20 3.059704912631989103e-21
3.356228884370536252e+04 1.139049887114312442e-20 2.688468266725471414e-21
3.358021848061999481e+04 1.884119772869837641e-20 2.878898086808222991e-21
3.359814809942262218e+04 2.292748753908856329e-20 2.630838836113413966e-21
3.361607770003795304e+04 3.200375834777988864e-20 3.309552567275494493e-21
3.363400728239493765e+04 2.420522539011926422e-20 3.260930839806388236e-21
3.365193684642037260e+04 2.120273944399741390e-20 3.266864709721663314e-21
3.366986639204344829e+04 2.567724476374645044e-20 3.182886781930568385e-21
3.368779591919033555e+04 2.207809858319154193e-20 3.183659677756698154e-21
3.370572542778933712e+04 1.473125801609007020e-20 2.871318006375249357e-21
3.372365491776868294e+04 2.074926626742469380e-20 3.122959332832848701e-21
3.374158438905678486e+04 2.242893807762222349e-20 2.987008689270169161e-21
3.375951384158063593e+04 2.307233333851563015e-20 2.995727742707151412e-21
3.377744327526802226e+04 2.140433218601253122e-20 3.119563935656528021e-21
3.379537269004825794e+04 3.263428559126981616e-20 3.404409492851364413e-21
3.381330208584832872e+04 9.459447726782623270e-20 4.065282336245533534e-21
3.383123146259735950e+04 8.583286846057445181e-20 4.098960885263954690e-21
3.384916082022206683e+04 3.814281011764756798e-20 3.285285847609426847e-21
3.386709015865228866e+04 2.861688291957662716e-20 3.244491092634761986e-21
3.388501947781594208e+04 1.960096189038608526e-20 2.737226065020798267e-21
3.390294877764013654e+04 1.725344027678898898e-20 2.842643280964740114e-21
3.392087805805504468e+04 2.710475790684776639e-20 2.903980341361967580e-21
3.393880731898773956e+04 1.962062064111439018e-20 2.745782358312091782e-21
3.395673656036708417e+04 1.305093055338133881e-20 2.849718193291235155e-21
3.397466578212079185e+04 1.255474618606319561e-20 2.905066205794682667e-21
3.399259498417953000e+04 1.622262210385104807e-20 2.639752792832533694e-21
3.401052416646963684e+04 1.764379272796381258e-20 2.823749390570546012e-21
3.402845332892176521e+04 2.530183838717658774e-20 2.993951006902201779e-21
3.404638247146354115e+04 2.531970678328856311e-20 3.188674247413241150e-21
3.406431159402234334e+04 3.279570100587688399e-20 3.316366580216182349e-21
3.408224069652964681e+04 1.997488114203007794e-20 3.064829550851951578e-21
3.410016977891235001e+04 1.010725856945092276e-20 2.767817170570096870e-21
3.411809884109979612e+04 2.355145268605598918e-20 2.871552398862913613e-21
3.413602788302100089e+04 1.440505292804828814e-20 2.741594216547661323e-21
3.415395690460489277e+04 1.280401035169635066e-20 2.850817901297793370e-21
3.417188590577966534e+04 2.745676435868246804e-20 3.091662200179148172e-21
3.418981488644281490e+04 2.066772304456648171e-20 2.902793217560687569e-21
3.420774360425976192e+04 2.347785799098881046e-20 3.246961412528626775e-21
3.422567171272226551e+04 1.847281061695393929e-20 2.769832871661512601e-21
3.424359980049474689e+04 2.284702419634870244e-20 2.723493193762812272e-21
3.426152786750653468e+04 1.969192144094641213e-20 2.823690872136071144e-21
3.427945591368905298e+04 2.091616125028730909e-20 2.753962350363685154e-21
3.429738393896923662e+04 1.979340759025543711e-20 2.964089778647637409e-21
3.431531194327821868e+04 2.284525594391059751e-20 2.806225620859561017e-21
3.433323992654430185e+04 2.150965089612601305e-20 2.600749798861115772e-21
3.435116788869768789e+04 2.735896746479367986e-20 2.779960807732714534e-21
3.436909582966779271e+04 1.241262575790691124e-20 2.579958599019484648e-21
3.438702374938161665e+04 2.551327213853359124e-20 2.954623129495459812e-21
3.440495164777377067e+04 2.608147650788359081e-20 2.940592499028403530e-21
3.442287952476827195e+04 3.176888526931247012e-20 2.987645540521016180e-21
3.444080738029988424e+04 2.493865240761473721e-20 2.992560592732684426e-21
3.445873521429469838e+04 1.844173403408117825e-20 2.720069986870391555e-21
3.447666302668419667e+04 1.766677200595412244e-20 2.801189680014176768e-21
3.449459081739790417e+04 1.817551496396646823e-20 3.012582594386947593e-21
3.451251858636325051e+04 2.181641546139587078e-20 2.738102854285834619e-21
3.453044633351431548e+04 2.063258227681483843e-20 2.788096645370059850e-21
3.454837405877772107e+04 1.182069370621076475e-20 2.741630503260268153e-21
3.456630176208552439e+04 8.149782706390563338e-21 2.572118274926037455e-21
3.458422944336635555e+04 2.061681491212515933e-20 2.920377932625006522e-21
3.460215710255084559e+04 2.226688843305969179e-20 2.814579285713748861e-21
3.462008473956926900e+04 1.787753892393741521e-20 2.916160974292826614e-21
3.463801235434999398e+04 1.676362988385174721e-20 2.625658191354416372e-21
3.465593994682674384e+04 2.291705831564739589e-20 2.667550733577277002e-21
3.467386751692650432e+04 2.146528474084525529e-20 2.882730695065170456e-21
3.469179506458061951e+04 1.905199583726487649e-20 2.866965745096246321e-21
3.470972258971908741e+04 1.813720858174126034e-20 2.860141604555768069e-21
3.472765009227331757e+04 2.084279039400333047e-20 2.970429675339087030e-21
3.474557757217263133e+04 2.082298115031209193e-20 2.633800428321565510e-21
3.476350502934770338e+04 2.593300691331771661e-20 2.882578592825390958e-21
3.478143246372877911e+04 2.307098662476226917e-20 2.621061703833484988e-21
3.479935987524734810e+04 2.528666318513158060e-20 2.740528625261731026e-21
3.481728726383217872e+04 2.645306905294674764e-20 2.776169594077082630e-21
3.483521462941569189e+04 2.234307376120648644e-20 2.752903274484700439e-21
3.485314197192661231e+04 1.671112742682930239e-20 2.843811041854490188e-21
3.487106929129887430e+04 1.598875343019426073e-20 2.882700147954896479e-21
3.488899658745974739e+04 1.918883496790254922e-20 2.752783075158492934e-21
3.490692386034068477e+04 2.076311178852516418e-20 2.549985810078904607e-21
3.492485110987506778e+04 1.754868173256885788e-20 2.494617606239683542e-21
3.494277833598950383e+04 1.578385023131988536e-20 2.729114643256150423e-21
3.496070553861997178e+04 1.987984664821043949e-20 2.960184954486444098e-21
3.497863271769224957e+04 1.663780183013506968e-20 2.721414822491967835e-21
3.499655987314011145e+04 1.821028134602951476e-20 2.737132488128746313e-21
3.501448700489406474e+04 1.616908852552332662e-20 2.752821755950928124e-21
3.503241411288571544e+04 2.099294135998111829e-20 2.819680532834508946e-21
3.505034119704566547e+04 1.946420525293288330e-20 2.754955287096029651e-21
3.506826825730383280e+04 1.992638077121989553e-20 2.746082334311702401e-21
3.508619529359427543e+04 1.825931725167976173e-20 2.677060876884557284e-21
3.510412230584534700e+04 2.011294147766178291e-20 2.645462267450161306e-21
3.512204929398989771e+04 1.507660199930731957e-20 2.805976119101002161e-21
3.513997625795938802e+04 1.582040019087908901e-20 2.761679031074329572e-21
3.515790319768365589e+04 1.205455127118603409e-20 2.566051871518578839e-21
3.517583011309547874e+04 1.616916865204751490e-20 2.578812807413886806e-21
3.519418247461170540e+04 1.117366948825725978e-20 2.774632772661616787e-21
3.521210938491379784e+04 2.193298093703806405e-20 2.857645629531201746e-21
3.523003626567164611e+04 1.991611866106979363e-20 2.566401105474526615e-21
3.524796312177711661e+04 1.755357865660122625e-20 2.678508296544279691e-21
3.526588995322168194e+04 1.048590172039454322e-20 2.368858909769108528e-21
3.528381675993841782e+04 1.890318947738483836e-20 2.526482958806817353e-21
3.530174354185908305e+04 2.402799147246489651e-20 2.921102019922293811e-21
3.531967029891339917e+04 1.875766317802584081e-20 2.871270686947852059e-21
3.533759703103500942e+04 1.859975340895037222e-20 2.648492867279948395e-21
3.535552373815511237e+04 1.642381418670068226e-20 2.575331184090114033e-21
3.537345042020574328e+04 1.481174588476172859e-20 2.578298510921856242e-21
3.539137707711855910e+04 2.084802570925617144e-20 2.747905713024978976e-21
3.540930370882577699e+04 2.172692236886822246e-20 2.937397748997877435e-21
3.542723031525891565e+04 2.057066017663288706e-20 2.684825361590239798e-21
3.544515689634971932e+04 1.689578870620729235e-20 2.930409311886101388e-21
3.546308345209278195e+04 1.155481014913152209e-20 2.788673510644732093e-21
3.548100998731968139e+04 1.457166209120987038e-20 2.732171328414596667e-21
3.549936261877318611e+04 2.217146046799270185e-20 2.797522953712176239e-21
3.551728913637775258e+04 5.718524446733432057e-20 3.409050035147534277e-21
3.553521562829773029e+04 1.654354478218388976e-19 4.879513470024971469e-21
3.555314209446299355e+04 1.638299962191707071e-19 4.607064627806775802e-21
3.557106853480719292e+04 6.510790635533407860e-20 3.472251188048907989e-21
3.558899494926280749e+04 3.978640437463492008e-20 3.080876527712339230e-21
3.560692133776187256e+04 3.527246616466176476e-20 3.124832941662114575e-21
3.562484770023622696e+04 2.220554425186335611e-20 2.889067287489792696e-21
3.564277403661867720e+04 1.678490049218081446e-20 2.867176857773075547e-21
3.566070034684293205e+04 1.913441973035460951e-20 2.899909763341078892e-21
3.567862663083991356e+04 1.853521587067523571e-20 2.768041179690226913e-21
3.569655288854207902e+04 1.368389681462574386e-20 2.657020757742306453e-21
3.571447911988294072e+04 9.924973290308917189e-21 2.413399167631342797e-21
3.573240532479533431e+04 1.215404428738486938e-20 2.822766023497926436e-21
3.575033150321064022e+04 1.140592812941179588e-20 2.539792436485683258e-21
3.576825765506413882e+04 1.759402928486952545e-20 2.949511478888881755e-21
3.578618378028423467e+04 1.852770834565109474e-20 3.001637505982493302e-21
3.580410987880916218e+04 1.495125201063726993e-20 2.663079895902201352e-21
3.582203595056697668e+04 1.407345582456450832e-20 2.563859535799704515e-21
3.583996199549424637e+04 1.235823678813144301e-20 2.510114921542113590e-21
3.585788801352262817e+04 1.535492769620718192e-20 2.658462302869140776e-21
3.587581400458224380e+04 1.968565466155550327e-20 2.604560079266257819e-21
3.589373996861201158e+04 2.161357162777633235e-20 2.586782229246654987e-21
3.591166590553885180e+04 1.428168607404272877e-20 2.828268979566100912e-21
3.592959181529904890e+04 1.211410773217146736e-20 2.832463549244883607e-21
3.594751769782554766e+04 7.906204059689364983e-21 2.745416786278514460e-21
3.596544355305082718e+04 1.973560373508012925e-20 2.556970135340460952e-21
3.598336938091069169e+04 1.600925286801034559e-20 2.475787444014594454e-21
3.600129518133376405e+04 1.514175606096824896e-20 2.554789220364753444e-21
3.601922095425588486e+04 2.113879976226612089e-20 2.809933948882756371e-21
3.603714669961050822e+04 2.311000395706060274e-20 2.989023177933870000e-21
3.605507241733071714e+04 2.469649937339173904e-20 2.825446947717306272e-21
3.607299810734898347e+04 1.881691052897546312e-20 2.597064826340875476e-21
3.609092376960271213e+04 2.486978954636858324e-20 2.882436021344091699e-21
3.610884940401880885e+04 1.773623485311882236e-20 2.746370597847862905e-21
3.612677501053694141e+04 1.410320543963572644e-20 2.593256826935744424e-21
3.614470058908709325e+04 1.884127384700739552e-20 2.763540385457473220e-21
3.616262613960244198e+04 2.603064228102546373e-20 2.733167731243678602e-21
3.618055166202011605e+04 2.333083246990478204e-20 2.489765492732263772e-21
3.619847715626953141e+04 1.478916448509998922e-20 2.622804623666350797e-21
3.621640262228818756e+04 2.109926522623097764e-20 2.778032621314046730e-21
3.623432806000750134e+04 1.183758566851683944e-20 2.448963698781244086e-21
3.625225346936233109e+04 1.235743064769897999e-20 2.612803099191493386e-21
3.627017885028618912e+04 1.388050205760978545e-20 2.437358864991492553e-21
3.628810420271167823e+04 1.941991565350785435e-20 2.910286194987765941e-21
3.630602952657503192e+04 1.384995667459535350e-20 2.744900491969552623e-21
3.632395482180930412e+04 1.577514673472849700e-20 2.794049748912573875e-21
3.634188008834637731e+04 1.272478797624139713e-20 2.615535440287420908e-21
3.635980532612389652e+04 1.443326412692067766e-20 2.653974542921220039e-21
3.637773053507438453e+04 1.062203624717924117e-20 2.666936265034258396e-21
3.639565571513014584e+04 2.226244644152861106e-20 2.984850045733078185e-21
3.641358086622837436e+04 2.278880204951544039e-20 2.908757341845063752e-21
3.643150598830004310e+04 1.945827429791088296e-20 2.653827478586745525e-21
3.644943108128171298e+04 1.625489768147941302e-20 2.656962401961974204e-21
3.646735614510718005e+04 1.141390807000983784e-20 2.600289055852232744e-21
3.648528117971013853e+04 2.090137524061322137e-20 2.585844199353465199e-21
3.650320618502561410e+04 1.853322604158039321e-20 2.568431900173370583e-21
3.652113116098785395e+04 2.279722798952462169e-20 2.863208289915851769e-21
3.653905610753100336e+04 1.915052909192410271e-20 2.715179389165194042e-21
3.655698116259209928e+04 1.493010827915080515e-20 2.685188448263983836e-21
3.657490657655062387e+04 2.232601234666545413e-20 2.749530843084155851e-21
3.659283196089002740e+04 1.559565859053198170e-20 2.587605208413490493e-21
3.661075731554688537e+04 2.743145339742673176e-20 2.726738552139278506e-21
3.662868264045299293e+04 1.905547727536973928e-20 2.621283640654198201e-21
3.664660793554710835e+04 2.007189986658106399e-20 2.669989460613430273e-21
3.666453320075918600e+04 2.013671725205405639e-20 2.737002189282452283e-21
3.668245843602684181e+04 1.589137879229632426e-20 2.740054445533714683e-21
3.670038364128376270e+04 1.844770718084890005e-20 2.647489523160862971e-21
3.671830881646470516e+04 1.410530597944171455e-20 2.731912256322647423e-21
3.673623396150553162e+04 2.142495030127631974e-20 2.725924802957120124e-21
3.675415907634054020e+04 1.689440644014786660e-20 2.635553460540177124e-21
3.677208416090313403e+04 8.763896409273795501e-21 2.622909820826162669e-21
3.679000921513070352e+04 1.122460153503632316e-20 2.534643047345958087e-21
3.680793423895621527e+04 1.770017635866573411e-20 2.800908845313620323e-21
3.682585923231520428e+04 1.652297191272650038e-20 2.763252035388026203e-21
3.684378419514359121e+04 1.909648380845202312e-20 2.832237987615844976e-21
3.686170912737598701e+04 1.053834616465210456e-20 2.789682251140746265e-21
3.687963402894709725e+04 9.007272652086212436e-21 2.625209474074624733e-21
3.689755889979191852e+04 1.680146763047313743e-20 2.593435551618172750e-21
3.691548373984562204e+04 1.443137427639015778e-20 2.623432937264613394e-21
3.693340854904365551e+04 5.283866181861700531e-21 2.756247945610722514e-21
3.695133332732242707e+04 9.616613631318736495e-21 2.565642159510142761e-21
3.696925807461552176e+04 1.562270638754597535e-20 2.772236455247415702e-21
3.698718279086000985e+04 2.140370705885018212e-20 2.696967250767668414e-21
3.700510747598831949e+04 1.785882867377578660e-20 2.678663407698634555e-21
3.702303212993863417e+04 9.181615093959421592e-21 2.646363280686311046e-21
3.704095675264440797e+04 2.099738433192770045e-20 2.819529610730847912e-21
3.705888134404328594e+04 1.240480826394524672e-20 2.659659767902550707e-21
3.707680590406924603e+04 1.532822297525882494e-20 2.772095066491046994e-21
3.709473043265850720e+04 1.483970520428754575e-20 2.636827784822883991e-21
3.711265492974598601e+04 1.663776373016582694e-20 2.679258961121370765e-21
3.713057939526694827e+04 1.354738698917298151e-20 2.586521971226816021e-21
3.714850382915941736e+04 1.343008936237655579e-20 2.513257113396584834e-21
3.716642823135499930e+04 1.895572280601434691e-20 2.538730734831416900e-21
3.718435260179438046e+04 1.963300077774091875e-20 2.570770350038469169e-21
3.720227694040867209e+04 1.132162568353223880e-20 2.523145075020854779e-21
3.722020124713730911e+04 1.312472501376956405e-20 2.622694111982913256e-21
3.723812552191349823e+04 1.096588412716877926e-20 2.675574962363257511e-21
3.725604976467481174e+04 1.053294880906012463e-20 2.437438275408956842e-21
3.727397397535578784e+04 7.447153583163551220e-21 2.500062768529339506e-21
3.729189815389480646e+04 1.068250482082859713e-20 2.735449434139022042e-21
3.730982230022371368e+04 1.528292514029025207e-20 2.727569010826101574e-21
3.732774641428302129e+04 1.562993644664307179e-20 2.724246922212300268e-21
3.734567049600560131e+04 1.985580550154025239e-20 2.705397756312490137e-21
3.736359454532823293e+04 1.691062739656242655e-20 2.596490472354422850e-21
3.738151856218828470e+04 1.620401415171424530e-20 2.614034974108089302e-21
3.739944254652118980e+04 1.687949767376636267e-20 2.493345131301480624e-21
3.741736649826209032e+04 1.997711453958889100e-20 2.559291907422977244e-21
3.743529041734980274e+04 1.307949030941695630e-20 2.573225424072428613e-21
3.745321430371668976e+04 2.377719785178971949e-20 2.670727848536276743e-21
3.747113815730289934e+04 4.415481427212959761e-20 3.092737169933694862e-21
3.748906197804207477e+04 3.517123235452210097e-20 3.010708188638662665e-21
3.750698576587163552e+04 2.072413777146003558e-20 2.730247916597529285e-21
3.752490952072860091e+04 1.527304478519106176e-20 2.663978234090087155e-21
3.754283324254964100e+04 1.177874564397366426e-20 2.327961170813296650e-21
3.756075693126743863e+04 1.276242054960230320e-20 2.570509526492155525e-21
3.757868058682409173e+04 1.858088532689227643e-20 2.572261181513910162e-21
3.759660420915320719e+04 2.097926396940200369e-20 2.631896081230288480e-21
3.761452779819088028e+04 1.967688734473016482e-20 2.574166374007165305e-21
3.763245135387506889e+04 1.632258089400278932e-20 2.570849273246131939e-21
3.765037487614149723e+04 2.095555916124706732e-20 2.814397158563133481e-21
3.766829836492647883e+04 2.179436088424450931e-20 2.854544172810222801e-21
3.768622182016908482e+04 1.009399207226018543e-20 2.430293379836085720e-21
3.770414524180451554e+04 2.114720293849274574e-20 2.830760723250655713e-21
3.772249944932730432e+04 1.368877492496132334e-20 2.546625777622162934e-21
3.774042284162252326e+04 1.572521667024506795e-20 2.539713572599534367e-21
3.775834620006178739e+04 1.286198384377235353e-20 2.667897171295105896e-21
3.777626952463438647e+04 1.315024688385459899e-20 2.558514047570654132e-21
3.779419281528254942e+04 1.553758636460988909e-20 2.585189490709642505e-21
3.781211607194069802e+04 1.799217487532801200e-20 2.556192356603353471e-21
3.783003929454414174e+04 2.165843844659798629e-20 2.602789742437720413e-21
3.784796248303361790e+04 1.445998869382557757e-20 2.472788337682406157e-21
3.786588563734264608e+04 1.443556015481941132e-20 2.630871316762312732e-21
3.788380875740863848e+04 1.058087373069824809e-20 2.556876999636703151e-21
3.790173184317251435e+04 9.870208181545704602e-21 2.701694454538928921e-21
3.791965489456737851e+04 1.345923706454213763e-20 2.662976601686590942e-21
3.793757791153120343e+04 1.742974542108669940e-20 2.644161023661027424e-21
3.795550089400300203e+04 1.933975470177326769e-20 2.637849748980140432e-21
3.797342384191958990e+04 2.031461963508369277e-20 2.609817021327404555e-21
3.799134675521591271e+04 2.467032769108322324e-20 2.663780942526670570e-21
3.800926963383210386e+04 1.479740215391335041e-20 2.641733057171775329e-21
3.802719247770517541e+04 1.881127030421879683e-20 2.598994076665861070e-21
3.804511528682521748e+04 1.693865470855798599e-20 2.609700268478700929e-21
3.806346960206858785e+04 1.289717034657137076e-20 2.605630806550460533e-21
3.808139237926688656e+04 1.652410271391298939e-20 2.661576343244177972e-21
3.809931512146516616e+04 1.992820486070522438e-20 2.781471017752196641e-21
3.811723782860414212e+04 1.965780193072785774e-20 2.667984047361649551e-21
3.813516050062125578e+04 2.249132483415378122e-20 2.906816603844601172e-21
3.815308313745049236e+04 1.216557983387928817e-20 2.837061388156856404e-21
3.817100573903429904e+04 1.343904776738162973e-20 2.292364300730547263e-21
3.818892830530877109e+04 1.641863076163588031e-20 2.496652737601543020e-21
3.820685083620891237e+04 1.693043325769655807e-20 2.634818136391495368e-21
3.822477333167514007e+04 1.897535820524105058e-20 2.683309463598457622e-21
3.824269579164740571e+04 1.660646319490048014e-20 2.505130484538688428e-21
3.826061821605671867e+04 1.339826756915126597e-20 2.345916286570342712e-21
3.827854060484755610e+04 1.061470430470849518e-20 2.528637198205433543e-21
3.829646295795583865e+04 1.399630510143669218e-20 2.551481784812969537e-21
3.831438527531720320e+04 1.561354462683122845e-20 2.711596878615015981e-21
3.833230755687142664e+04 1.599804822595857381e-20 2.574039485082234557e-21
3.835022980255805305e+04 2.320635456643457765e-20 2.704322280662034218e-21
3.836815201231191895e+04 1.594783838280249922e-20 2.666728771765764502e-21
3.838607418607250293e+04 1.982177578843617235e-20 2.702865444055627199e-21
3.840399632378076785e+04 1.487589423857302561e-20 2.717602792342689436e-21
3.842191842536851618e+04 1.917687316300864387e-20 2.712302377431163577e-21
3.843984049077823875e+04 1.574370793020690611e-20 2.530156136121280524e-21
3.845776251995004714e+04 1.828474105734251596e-20 2.631342514709780464e-21
3.847568451281618036e+04 1.630249210451613094e-20 2.458324523223382803e-21
3.849360646931864176e+04 1.891248122109893818e-20 2.459567739741220422e-21
3.851152838939799403e+04 1.372030902126566155e-20 2.741207318478268933e-21
3.852945027298673085e+04 1.584790750517295105e-20 2.791168626715058722e-21
3.854737212002647721e+04 1.177852056444453402e-20 2.464463036441127878e-21
3.856529393045814504e+04 5.732202657870291204e-21 2.460951360045782977e-21
3.858321570421455544e+04 1.894446931875385406e-20 2.608293636917386338e-21
3.860113744123712968e+04 1.787354264769221075e-20 2.725966138893277604e-21
3.861905914146684518e+04 1.530613118514475064e-20 2.532556384245361380e-21
3.863698080483670492e+04 2.060539329743235489e-20 2.537742716510673145e-21
3.865490243128860311e+04 1.533925211939734201e-20 2.458292279638082231e-21
3.867282402076292783e+04 1.199333491505608792e-20 2.516505535750072252e-21
3.869074557319314044e+04 2.181474005937285143e-20 2.548393734093980098e-21
3.870866708852153533e+04 1.529047085976752898e-20 2.632055604985075023e-21
3.872658856668794760e+04 1.281522157093424983e-20 2.552790168530096281e-21
3.874451000762625335e+04 1.410539203071571021e-20 2.709814972965089947e-21
3.876243141127921990e+04 1.276985481474434659e-20 2.455192116357671760e-21
3.878035277758490702e+04 1.542101319430922004e-20 2.386819052570606098e-21
3.879827410648102523e+04 9.720255788852025301e-21 2.191692778839540277e-21
3.881619539790751151e+04 1.187952441924977417e-20 2.361445961747751244e-21
3.883411665180166892e+04 2.187465591734530641e-20 2.908725176051658421e-21
3.885203786810509337e+04 1.961871346727050869e-20 2.589760077302186002e-21
3.886995904675444763e+04 1.369259101054656314e-20 2.591215205147682024e-21
3.888788018769237533e+04 1.458441629247649735e-20 2.490825352350114432e-21
3.890580130555502546e+04 1.289098770471927589e-20 2.782735997623296254e-21
3.892372244238705025e+04 9.770424481420417826e-21 2.514286119638175327e-21
3.894164354132996959e+04 1.892725027400968999e-20 2.695964237335194988e-21
3.895956460231596429e+04 1.998705402758213804e-20 2.740895108989956176e-21
3.897748562527940521e+04 1.632702430615515547e-20 2.568850546060445734e-21
3.899540661016147351e+04 1.533144912865160519e-20 2.514375826386216011e-21
3.901332755690701742e+04 1.750244172888151944e-20 2.419920998925646008e-21
3.903124846544639149e+04 1.771165056303602479e-20 2.791070946937646398e-21
3.904916933572333073e+04 1.838898175299105127e-20 2.604005984038622637e-21
3.906709016767937283e+04 1.693605466785912966e-20 2.452213679225458654e-21
3.908501096124784090e+04 1.414128325990180361e-20 2.307925069660778533e-21
3.910293171637181513e+04 2.237987638138780533e-20 2.358105922171745060e-21
3.912085243299342255e+04 1.619413011641998574e-20 2.621460340825391409e-21
3.913877311104501132e+04 1.528271084320438924e-20 2.896092542386289791e-21
3.915669375047145877e+04 1.451924522002346329e-20 2.625046371599249936e-21
3.917461435121211252e+04 1.797619139355158559e-20 2.629745253404165783e-21
3.919253491320282774e+04 2.213726772611579188e-20 2.823084202981154786e-21
3.921045543638458912e+04 1.529833302679551793e-20 2.613000946341343105e-21
3.922837592069921084e+04 1.655127357717579718e-20 2.647827038301496975e-21
3.924629636608524743e+04 2.316458403045199955e-20 2.629235305274438247e-21
3.926421677248060587e+04 2.413052438044691076e-20 2.883669645991524895e-21
3.928213713982533227e+04 1.715313717517492577e-20 2.854474148043878983e-21
3.930005746806337993e+04 1.382242270342673682e-20 2.840888060722124926e-21
3.931797775712682051e+04 1.575518213599815994e-20 3.091201825338562118e-21
3.933589800695992017e+04 1.183992625279088705e-20 2.844558080664265359e-21
3.935381821750479139e+04 2.012196360374147505e-20 2.579666262093410848e-21
3.937173838869647443e+04 2.022042493297823412e-20 2.879169679065488700e-21
3.938965852047586668e+04 1.944587884781324142e-20 2.684936466468500199e-21
3.940757861278299242e+04 2.126726511639787878e-20 2.593903083394819184e-21
3.942549866556417692e+04 1.952413389408118613e-20 2.674585477403293711e-21
3.944341867874856689e+04 1.700275312069166373e-20 2.616522074226747528e-21
3.946133865228163631e+04 1.681404173841918199e-20 2.784694356197987087e-21
3.947925858610687283e+04 1.344579231608849631e-20 2.478228478357438319e-21
3.949717848015589698e+04 1.648934133846879914e-20 2.469289385262740473e-21
3.951509833437354246e+04 1.077806110664532668e-20 2.436782101662987883e-21
3.953301814870117232e+04 1.409373255619784746e-20 2.588759609794792571e-21
3.955093792307817785e+04 2.116608665434430503e-20 2.783234984214951163e-21
3.956885765744104719e+04 1.591131421405791932e-20 2.970947388372852272e-21
3.958677735173195106e+04 2.026490708572202526e-20 2.751544841594772670e-21
3.960469700589925196e+04 1.478437842209415301e-20 2.796141979102363307e-21
3.962261661986770196e+04 1.091437462367376946e-20 2.521156845488623999e-21
3.964053619358592550e+04 1.568814116159636029e-20 2.556491464931441856e-21
3.965845572699900367e+04 1.630797767215530656e-20 2.770364747096627871e-21
3.967637522003833146e+04 1.954786835675303682e-20 2.787372129987988909e-21
3.969429467264876439e+04 1.391768447656517838e-20 2.751676502703086265e-21
3.971221408476799115e+04 1.560422035072084361e-20 2.876751338528814022e-21
3.973013345634345751e+04 1.982810963698654723e-20 2.879514524681823936e-21
3.974805278730729333e+04 1.533189223798971705e-20 2.708185512002522716e-21
3.976597207760097808e+04 1.691918835661663935e-20 2.682294343105855662e-21
3.978389132717230677e+04 1.444461756165960257e-20 2.596594095580884962e-21
3.980181053595188860e+04 1.481677088928101409e-20 2.650902299141987457e-21
3.981972970388680551e+04 2.434291908801450756e-20 2.724407713215491780e-21
3.983764883091508091e+04 1.928518634606237820e-20 2.904169695772308503e-21
3.985556791698086454e+04 1.519677770690899116e-20 2.777145482607686072e-21
3.987348696202025167e+04 1.268235572799542766e-20 2.718857845672512202e-21
3.989140596597208059e+04 1.301892849865216868e-20 2.632503654287618729e-21
3.990932492878941412e+04 1.449760461554475462e-20 2.724430686752344250e-21
3.992724385039732442e+04 1.710187560891581912e-20 2.854504307596801525e-21
3.994516273074250057e+04 1.322441823722489099e-20 2.545417078626800763e-21
3.996308156976944883e+04 1.292433528801027854e-20 2.787955331569562381e-21
3.998100036741660006e+04 2.153179771055070068e-20 2.814396638551848215e-21
3.999891912362417497e+04 1.536497161430272005e-20 2.880666202220652427e-21
4.001683783833044436e+04 1.343575830339848210e-20 2.885043281648503599e-21
4.003475651148551697e+04 1.089304938314294278e-20 2.668490031670213820e-21
4.005267514301945630e+04 1.930750046787206917e-20 2.606782621711612343e-21
4.007059373287583730e+04 2.227865595182455160e-20 2.713473292714945597e-21
4.008851228099868604e+04 2.179896391360811748e-20 2.762345686476759410e-21
4.010643078733061702e+04 1.586396987298627444e-20 2.540256563700204645e-21
4.012434925180893333e+04 8.749836221022299989e-21 2.862951680006783775e-21
4.014226767437107628e+04 1.537857658367878953e-20 3.142587591144966156e-21
4.016018605497031240e+04 1.450478751414379446e-20 3.042171425354729578e-21
4.017810439353569382e+04 1.435876788419045837e-20 2.952412298878785820e-21
4.019602269001149398e+04 1.198337347852303543e-20 2.792783442549567613e-21
4.021394094434213912e+04 1.484019819519869267e-20 2.511397535298678171e-21
4.023185915646726789e+04 1.521104814186320148e-20 2.726569192441977994e-21
4.024977732632814877e+04 1.330945887394883710e-20 2.810105719289991644e-21
4.026769545386158279e+04 2.060310410543653992e-20 2.818722720261390745e-21
4.028561353901639086e+04 1.404488674883610878e-20 2.697752265813924514e-21
4.030353158172960684e+04 8.622841702587355360e-21 2.725068042669435230e-21
4.032144958194744686e+04 1.115666677708458071e-20 2.941647886027692248e-21
4.033936753960042552e+04 2.049050247319911688e-20 2.977879921659269809e-21
4.035728545464057970e+04 5.874870463488199496e-20 3.552108060552514921e-21
4.037520332700835570e+04 1.786570911236062414e-19 4.959799691132796594e-21
4.039312115663662553e+04 2.211400676605418642e-19 5.543048807438385321e-21
4.041103894347536698e+04 1.092844360242796598e-19 3.912689345554270415e-21
4.042895668746253796e+04 2.974954045387770928e-20 2.880332478944454761e-21
4.044687438854332140e+04 1.587405595226400082e-20 2.616804220456472805e-21
4.046479204665296857e+04 2.705577286932088909e-20 2.884531330198945722e-21
4.048270966173708439e+04 2.309512790675006474e-20 3.154604084603056138e-21
4.050062723373842891e+04 1.849174462423996128e-20 3.130896660988899436e-21
4.051854476259739749e+04 1.424838679366439844e-20 2.949008155522139518e-21
4.053646224825279933e+04 1.291802656133866629e-20 2.632999749503325201e-21
4.055437969064956997e+04 1.219663298993308907e-20 2.779803413742598520e-21
4.057229708973279776e+04 1.924354696034466423e-20 2.740417038645611860e-21
4.059021444543437974e+04 1.727643793464381980e-20 2.593986895984894233e-21
4.060813175770537782e+04 1.286672893399105714e-20 2.721357260007825061e-21
4.062604902648133429e+04 9.582496252895268422e-21 2.638930587164795227e-21
4.064396625171219785e+04 1.411830280952229570e-20 2.758749328247010298e-21
4.066188343332998193e+04 8.710703616348298824e-21 2.696480510547722211e-21
4.067980057128203771e+04 1.305894555862015556e-20 2.821450380783577547e-21
4.069771766550918255e+04 2.458857365194279876e-20 2.940245622799754936e-21
4.071563471595641749e+04 1.579851270943179361e-20 2.573262040942682507e-21
4.073355172255830985e+04 1.701666244101765216e-20 2.783241523359907531e-21
4.075146868526351318e+04 1.531071176900962224e-20 2.875605020512485125e-21
4.076938560401435825e+04 3.075087156103307379e-20 2.907053858912352567e-21
4.078730247874841007e+04 6.061323443997674017e-20 3.594233577406298920e-21
4.080521930940901075e+04 4.471660350708828106e-20 3.511149354854532039e-21
4.082313609593998262e+04 2.754073869235345818e-20 3.446833091690721572e-21
4.084105283828625397e+04 2.141787730147803887e-20 2.620331740325756925e-21
4.085896953638177365e+04 8.632741900404088206e-21 2.668503297876361989e-21
4.087688619017370365e+04 1.508735664230237514e-20 2.804282981813817257e-21
4.089480279960472399e+04 9.176731483878297189e-21 2.503431271558540308e-21
4.091271936461990845e+04 4.859802962464579687e-21 2.662840370655887236e-21
4.093107337399497192e+04 1.312379794134757798e-20 2.484839882407586694e-21
4.094898988737874606e+04 1.619930223302445759e-20 2.644002278424511473e-21
4.096690635611228208e+04 1.311063918825156342e-20 2.638202938073056186e-21
4.098482278020165541e+04 1.567097696444051905e-20 2.807786944272093411e-21
4.100273915957156714e+04 2.193083140380039191e-20 2.686353972238778440e-21
4.102065549417542206e+04 2.177328959996291937e-20 3.052101198072678513e-21
4.103857178395067604e+04 1.460960645289315021e-20 2.985385783176358554e-21
4.105648802884907491e+04 7.790894023767112742e-21 2.657364191431884991e-21
4.107440422879891412e+04 8.966710866360849038e-21 2.593640940747456991e-21
4.109232038375265256e+04 1.350841970537677621e-20 2.821829615098609659e-21
4.111023649364906305e+04 1.319754026152047389e-20 2.714987882643394760e-21
4.112815255843631894e+04 1.261461552134062904e-20 2.610097122401732397e-21
4.114606857804634637e+04 2.072397586812553281e-20 2.892547370331557872e-21
4.116398455243055650e+04 1.818695296887164939e-20 2.966102446476104055e-21
4.118190048152676900e+04 1.663609315034940294e-20 3.144902840126334265e-21
4.119981636528679519e+04 2.366124044676493351e-20 3.077875359850078071e-21
4.121773220363890141e+04 1.783206337571029747e-20 2.956997423774435541e-21
4.123564799685509206e+04 1.455887383944973927e-20 2.843037872597299568e-21
4.125356377308497031e+04 1.356306136274028283e-20 2.856813934945242330e-21
4.127147976266126352e+04 1.134506647744342854e-20 2.700162052930607247e-21
4.128939570978138363e+04 8.348227864507904408e-21 2.795030054361325384e-21
4.130731161121169862e+04 2.000465608579099773e-20 2.962318085209520068e-21
4.132522746689635824e+04 1.392039300168705714e-20 2.975397875766263093e-21
4.134314327678015252e+04 1.519694419886983593e-20 3.148129441124937887e-21
4.136105904085306975e+04 1.280899751111807763e-20 2.954340650426376725e-21
4.137897476293330692e+04 1.367358380254866287e-20 2.985796582700139692e-21
4.139732889666102710e+04 8.268203377946172378e-21 2.886210779147935676e-21
4.141524456001169892e+04 6.636419528152950144e-21 2.864351124092555572e-21
4.143316017727040162e+04 7.913570483181855432e-21 2.745617265199570919e-21
4.145107574837778520e+04 1.766133093109343143e-20 3.013341123861574042e-21
4.146899127327995666e+04 1.561672068699479659e-20 3.152678525867128673e-21
4.148690675192125491e+04 1.643887761080749434e-20 2.825046016241461677e-21
4.150482218424577150e+04 1.587296992768392751e-20 3.123586028650454917e-21
4.152273757018966717e+04 2.027879892697648520e-20 3.249140054725302711e-21
4.154065290969952184e+04 8.064760417337795791e-21 2.987320903877407356e-21
4.155856820272363984e+04 1.137206414923157885e-20 2.994101275445988394e-21
4.157648344920008094e+04 1.883217022203989517e-20 3.106508285833888743e-21
4.159439864907223819e+04 1.758652775231701858e-20 3.136006010307422546e-21
4.161231380228313355e+04 9.805040681740178015e-21 2.867197873989747243e-21
4.163022890877867030e+04 1.158361758858640251e-20 3.195129076054256194e-21
4.164814396850214689e+04 9.492164172065746835e-21 3.277196651356881653e-21
4.166605898139368219e+04 1.472719515340720067e-20 3.266019254458421669e-21
4.168397394739669835e+04 8.111424465027417802e-21 2.956994870234686330e-21
4.170188886645512684e+04 9.994586898009559376e-21 2.997218181681941911e-21
4.171980373851623881e+04 1.374635887649725036e-20 3.138299691592841270e-21
4.173771856352199393e+04 1.737463021103618643e-20 2.822225853277380101e-21
4.175563334141238738e+04 1.493514257521535689e-20 2.893424424064508770e-21
4.177354807213062304e+04 1.050726845409747348e-20 3.061532769398363697e-21
4.179146275562533992e+04 1.568534336505195937e-20 2.963598412317220693e-21
4.180937739183750091e+04 1.245651056351259073e-20 3.195684176687249026e-21
4.182729198071116843e+04 1.673085427913898165e-20 3.051436700221041010e-21
4.184520652218504983e+04 2.107926480594043948e-20 3.268856022967236348e-21
4.186312101620839530e+04 1.204455235136395971e-20 2.923519019005184673e-21
4.188103546272474341e+04 -5.528036949045274248e-21 2.856906747052554778e-21
4.189894986167759635e+04 -1.695246214782971026e-20 3.492478288673564504e-21
4.191686421300721122e+04 -1.013540837266595644e-21 3.164245401603159553e-21
4.193477851665821800e+04 2.055024275058693770e-20 3.363415203644722755e-21
4.195269277257435169e+04 2.001802087453577418e-20 3.316869169194414417e-21
4.197060698070454237e+04 1.539807117349424282e-20 3.220429472777175288e-21
4.198852114098665334e+04 1.925796078371156853e-20 3.404681373197466058e-21
4.200643525336468156e+04 2.286647352293645754e-20 3.405097116075962743e-21
4.202434931778551982e+04 1.957540853409596382e-20 3.260149262274636035e-21
4.204226333418905415e+04 2.207199887501610567e-20 2.958204086278757361e-21
4.206017730252434558e+04 1.910804671149602656e-20 3.149355294604047998e-21
4.207809122273157118e+04 2.562587916708872558e-20 3.395463106577394280e-21
4.209600509475569561e+04 2.405792751120550604e-20 3.612201119165373887e-21
4.211391891853803827e+04 1.587173525799310830e-20 3.751711103837164823e-21
4.213183269402779115e+04 2.186745314099987860e-20 3.542812539875983580e-21
4.214974642116723408e+04 1.161791733143220947e-20 3.630788025211285779e-21
4.216766009989475424e+04 1.331072114862957253e-20 2.977708617201130150e-21
4.218557373016166093e+04 1.544639227085135649e-20 3.098798470610096046e-21
4.220348731190670514e+04 1.490528785477649451e-20 3.394303138320857130e-21
4.222140084508056316e+04 9.050520356240087250e-21 3.116388479950651894e-21
4.223931432962129475e+04 1.357840326460291844e-20 2.973395060656445564e-21
4.225722776547336252e+04 1.750232287039520031e-20 3.338090516941810098e-21
4.227514115258258244e+04 1.996701474811356286e-20 3.639635788964614831e-21
4.229305449089177273e+04 1.378835784743611803e-20 3.422451422081944305e-21
4.231096778035042371e+04 1.207895659561465619e-20 3.336885683593482743e-21
4.232888102089644963e+04 1.254160598297149346e-20 3.254416573198926851e-21
4.234679421247489518e+04 1.435511392890168795e-20 3.278267398049825443e-21
4.236470735503016476e+04 9.513055731370645377e-21 3.324480328200312710e-21
4.238262044850915845e+04 1.565217527347651686e-20 3.479719577501175688e-21
4.240053349285603326e+04 1.050835517399349028e-20 3.127285106122689119e-21
4.241844648801293806e+04 1.734159645680494540e-20 3.292415497357058987e-21
4.243635943392513582e+04 1.671709484969986274e-20 3.275075747113951705e-21
4.245427233053305099e+04 1.795716999519708147e-20 3.110641349410074853e-21
4.247218517778893874e+04 1.249471708915851432e-20 3.286756023974056856e-21
4.249009797563169559e+04 1.360618214656318284e-20 3.194759533108809548e-21
4.250801072400786506e+04 2.216555767926578009e-20 3.406698124757425507e-21
4.252592342286132771e+04 1.838201792383149315e-20 3.368907909643481973e-21
4.254383607213386131e+04 1.885868156227453327e-20 3.333683031375129346e-21
4.256174867177398846e+04 1.298501321958490877e-20 3.365397495593829324e-21
4.257966122172453470e+04 1.528191319851024636e-20 3.533061783166663388e-21
4.259757372193098854e+04 2.728366798887398390e-20 3.333015453913870709e-21
4.261548617233864934e+04 1.862329248340928158e-20 3.534116227108351774e-21
4.263339857288533676e+04 8.942461385366124580e-21 3.517172735273009573e-21
4.265131092352505220e+04 1.369528511322152625e-20 3.282789102582296821e-21
4.266922322419535340e+04 1.843925415943281628e-20 3.305550988480694059e-21
4.268713547484594164e+04 2.103519118237798817e-20 3.485056898540347491e-21
4.270504767541678302e+04 1.620320008574187987e-20 3.558351249938261060e-21
4.272295982585789898e+04 2.205926974064052348e-20 3.485345174371472856e-21
4.274087192610863713e+04 2.552595979292065466e-20 3.436934081629439264e-21
4.275878397611877881e+04 1.636349903105494094e-20 3.351129571210858907e-21
4.277669597582866845e+04 1.822400068113437875e-20 3.555239310748587742e-21
4.279460792518647213e+04 2.151394166603952522e-20 3.726645072625207634e-21
4.281251982413428777e+04 2.393079607181134213e-20 3.364714491270982213e-21
4.283043167261822964e+04 1.492815498850110676e-20 3.407229997588883984e-21
4.284834347058162530e+04 1.188030821099115770e-20 3.327706748792796568e-21
4.286625521797275724e+04 2.295090042169024131e-20 3.540533575800290001e-21
4.288416691473057290e+04 2.071536525740079451e-20 3.802840539665722357e-21
4.290207856080941565e+04 1.972680418103269806e-20 3.491828431726798260e-21
4.291999015614608652e+04 2.137107525432084795e-20 3.627934358310331657e-21
4.293790170068819134e+04 2.091092522836787745e-20 3.584710777864347200e-21
4.295581319437979255e+04 1.366474061049319699e-20 3.253475635778917169e-21
4.297372463716681523e+04 7.417343370460927927e-21 3.308922814217020731e-21
4.299163602899561374e+04 1.126254942789448862e-20 3.472327687603587436e-21
4.300954736980714370e+04 1.493389316896673261e-20 3.474750848226189296e-21
4.302745865954916371e+04 1.189470598612148886e-20 3.424075401329983926e-21
4.304536989816594723e+04 1.821260438824093359e-20 3.560847217806567863e-21
4.306328108560589317e+04 9.440212446483688005e-21 3.616706226568228331e-21
4.308119222180889483e+04 1.256891153836954346e-20 3.261080347192342103e-21
4.309910330672543932e+04 1.994270804383663911e-20 3.817962035221032940e-21
4.311701434029668599e+04 6.854301189303549237e-21 3.354504836105490622e-21
4.313492532246866176e+04 7.055395779202924374e-21 3.710749458686094592e-21
4.315283625318512350e+04 1.455276342824606925e-20 3.562393930505385916e-21
4.317074713239457924e+04 1.054648267512889416e-20 3.698814565707097326e-21
4.318865796004082949e+04 1.197506795352167036e-20 3.851621742539554291e-21
4.320656873607054149e+04 8.625813394774957437e-21 3.602845146199089538e-21
4.322447946042472904e+04 1.540135163349451622e-20 3.879159212465086820e-21
4.324239013305208937e+04 1.961516747118202826e-20 3.617482402507067000e-21
4.326030075389601552e+04 1.353155168231535501e-20 3.654741428411910962e-21
4.327821132290460810e+04 1.411823184888440130e-20 4.117282155161431793e-21
4.329612184002181311e+04 1.478533049349446436e-20 4.111915106001327910e-21
4.331403230519300268e+04 2.142407898092602868e-20 4.402246718089777122e-21
4.333194271836301050e+04 1.833398429071931841e-20 3.898675541633890042e-21
4.334985307947608089e+04 2.053082835175698729e-20 3.774480514251004270e-21
4.336776338848078012e+04 2.425135430539052036e-20 3.677280823082467438e-21
4.338567364531842031e+04 1.186137528778393075e-20 3.981415494114536598e-21
4.340358384994271182e+04 1.343004659533410538e-20 3.852533781259819979e-21
4.342149400228807644e+04 2.250225346665097290e-20 3.729817803607948991e-21
4.343940410231026908e+04 1.966736593834109873e-20 3.780515633416019252e-21
4.345731414994463557e+04 1.063056317448878003e-20 3.626015901716389567e-21
4.347522414514501725e+04 1.492490419937282301e-20 3.704229902506954913e-21
4.349313408785421052e+04 1.439897866063457465e-20 3.984681353091632980e-21
4.351104397801779123e+04 1.388999283446383639e-20 3.895504734327582757e-21
4.352895381557822111e+04 1.077387663790721261e-20 3.956240465060460950e-21
4.354686360048795177e+04 1.596490522296365003e-20 4.054725397843590162e-21
4.356477333268620714e+04 1.466490879858801974e-20 3.963074686049672595e-21
4.358268301212141523e+04 1.553503678951305193e-20 3.562134887398974610e-21
4.360059263868090784e+04 1.768229581361182913e-20 3.944912681426574543e-21
4.361850182221302384e+04 2.365247519919983989e-20 4.190706488657353292e-21
4.363641092337774171e+04 1.340514208691546193e-20 4.193270578017342588e-21
4.365431997156583384e+04 6.562875255722741560e-21 3.746021386337594668e-21
4.367222896672183560e+04 9.960412755817278681e-21 4.224553752097401999e-21
4.369013790879433509e+04 1.335911533846863669e-20 4.294397259866504261e-21
4.370804679772639065e+04 1.879169304392641975e-20 3.984349177697751609e-21
4.372595563346515701e+04 2.746934317543298245e-20 4.226340806411817272e-21
4.374386441595709039e+04 2.963311942539628365e-20 4.411850091794205579e-21
4.376177314514739555e+04 9.564959313432219437e-21 3.954082433701563692e-21
4.377968182098207035e+04 2.027142808149774963e-20 4.348810279821989292e-21
4.379759044340558467e+04 1.035153882866032690e-20 4.385618155832011119e-21
4.381549901236523147e+04 1.686345775066613485e-20 4.134940326053406440e-21
4.383340752780697949e+04 2.228051715555047457e-20 4.200539649502396129e-21
4.385131598967732862e+04 3.137080532087135658e-20 4.411385537598953797e-21
4.386922439791892248e+04 2.058607119639512705e-20 4.178228516192720660e-21
4.388713275248333230e+04 8.485379995308963196e-21 3.806688278756407735e-21
4.390504105331377650e+04 7.625930559080719676e-21 4.034926171781656917e-21
4.392294930035629659e+04 1.188709721585558745e-20 4.274502160297597709e-21
4.394085749355552252e+04 2.105064574806730129e-20 3.735366656810036882e-21
4.395876563285812153e+04 1.352460425977956433e-20 3.934904759292978776e-21
4.397667371821239067e+04 1.907688453642568258e-20 3.772494081114358049e-21
4.399458174956028961e+04 1.525317280921967232e-20 3.941319745850718086e-21
4.401248972685204353e+04 1.708981273311592773e-20 3.684948623710806162e-21
4.403039765003387583e+04 1.321949455694423355e-20 4.171431567966222491e-21
4.404830551904913591e+04 5.544746952047176907e-21 4.138755172278100696e-21
4.406621333384601894e+04 1.250879887286087682e-20 3.884950591099777142e-21
4.408412109436860919e+04 1.911079925572380856e-20 3.906598873723474004e-21
4.410202880056599679e+04 1.065019714938124156e-20 3.568856036126794974e-21
4.411993645238023601e+04 1.087227207969495186e-20 3.879535062734322978e-21
4.413784404976316728e+04 1.692571680885956078e-20 4.222007780681409044e-21
4.415575159265683760e+04 1.665455811585218755e-20 4.192629400518278758e-21
4.417365908100843080e+04 2.594380229481329407e-20 4.138996633253568245e-21
4.419156651476586558e+04 2.461569471066062109e-20 4.527501474261425880e-21
4.420947389387297153e+04 2.917802484143778296e-20 4.332312047917886733e-21
4.422738121827611030e+04 2.783810421376264057e-20 3.987055574796077623e-21
4.424528848792579083e+04 2.696195395868229692e-20 4.090455514155550523e-21
4.426319570276283775e+04 1.742069794625316304e-20 3.944527327425642197e-21
4.428110286273893871e+04 1.134646897998097941e-20 3.696216087867826108e-21
4.429900996779463458e+04 1.617855617426831163e-20 3.802127173768524963e-21
4.431691701788110367e+04 2.341547043320668670e-20 4.178879782207851354e-21
4.433482401294476585e+04 2.534894446095224103e-20 4.308073296636399753e-21
4.435273095292931248e+04 2.760103695147036080e-20 4.267729219269528396e-21
4.437063783778402285e+04 2.046931141846619064e-20 4.059689698784445265e-21
4.438854466745116224e+04 1.423450903568889693e-20 4.038627151064940100e-21
4.440645144188082486e+04 2.052410735672827471e-20 4.677244288216275280e-21
4.442435816102004173e+04 2.474174995378635231e-20 4.199096640388371744e-21
4.444226482481131097e+04 1.504399301977596032e-20 4.163714032499440975e-21
4.446017143320676405e+04 1.773841047044609985e-20 4.283450260047368247e-21
4.447807798614741478e+04 8.555098010487780749e-21 4.359821803731112106e-21
4.449598448358546011e+04 2.734534887490359968e-20 4.525696341081684114e-21
4.451389092546314350e+04 2.689220017064171540e-20 4.105463420669649375e-21
4.453179731172524043e+04 1.391074035327936581e-20 3.639452241161854379e-21
4.454970364232743304e+04 1.655970161770364410e-20 3.653460571188051758e-21
4.456760991720657330e+04 1.990264742074001543e-20 4.294843215579679684e-21
4.458551613631492364e+04 2.073639414302363312e-20 4.198902958459468362e-21
4.460342229959642282e+04 1.167072710208744817e-20 4.248637067372063081e-21
4.462132840700198722e+04 1.991342048229597224e-20 4.476496876640654523e-21
4.463923445847236871e+04 1.935160610917048072e-20 4.269894912368948194e-21
4.465714045395990252e+04 3.515576643991772149e-20 4.441764703201506361e-21
4.467504639340608992e+04 2.472318255947196296e-20 4.649765523955398062e-21
4.469295227676336071e+04 1.819020374281724359e-20 4.265419991793948896e-21
4.471085810397432215e+04 2.056931543313855786e-20 4.275943044816528584e-21
4.472876387498434633e+04 1.548503789268045018e-20 4.345494502793649324e-21
4.474666958974731097e+04 3.086261753822988479e-20 4.716661793704548249e-21
4.476457524820126855e+04 1.417489320079372638e-20 4.278463112105628193e-21
4.478248085030150833e+04 2.158844618065584296e-20 4.529283682909527755e-21
4.480038639598824375e+04 1.283887645799899819e-20 4.186327481669279852e-21
4.481829188521399919e+04 9.483637206393961499e-21 4.212371657759084154e-21
4.483619731792005769e+04 5.155678674487117594e-21 4.394476670161367244e-21
4.485410269405759027e+04 2.325378516886964521e-20 4.642423219238962332e-21
4.487200801357348973e+04 8.580646436064422802e-21 4.541488717981995571e-21
4.488991327641024691e+04 2.141547591833804932e-20 4.482855845998553687e-21
4.490781848251890915e+04 2.458646635233444982e-20 4.535886510347005354e-21
4.492572363184408459e+04 8.520673012053918188e-21 4.099344062449989083e-21
4.494362872433416487e+04 1.195176672881070082e-20 4.076655897263533844e-21
4.496153375993621739e+04 1.373865681024099872e-20 4.269916774669378332e-21
4.497943873860006715e+04 1.234629303515576432e-21 4.357659906612550370e-21
4.499734366026853968e+04 1.984178415820166101e-20 4.507656072859810027e-21
4.501524852488721081e+04 5.063718301975954944e-21 4.166032307536818102e-21
4.503315333240831387e+04 1.273802720386250837e-20 4.135110465952362942e-21
4.505105808277808683e+04 2.428107542409652491e-20 4.336580345345690115e-21
4.506896277593947161e+04 1.336563276409389549e-20 4.422364925662221381e-21
4.508686741184237326e+04 2.433858334675250321e-20 4.331474918795027021e-21
4.510477199043538712e+04 1.939099822256048836e-20 4.121077759537586818e-21
4.512267651166424184e+04 1.530325411167579038e-20 4.512902398857379824e-21
4.514058097547470970e+04 1.272741505885835176e-20 4.537075626375510790e-21
4.515848538181498589e+04 2.295307840517455279e-20 4.877557564662458562e-21
4.517638973063524463e+04 2.969167007910684341e-20 4.349357813438808904e-21
4.519429402187593951e+04 2.979358169578268085e-20 4.774061966605793601e-21
4.521219825548992230e+04 2.308075569474698620e-20 4.912705593602340132e-21
4.523010243142444961e+04 3.610357266316889809e-20 5.065623537269369413e-21
4.524800654962541012e+04 3.103675660057442975e-20 5.408459856318769460e-21
4.526591061004001676e+04 4.056127496604229394e-21 4.727293911681550141e-21
4.528381461261422373e+04 1.071347925122855096e-20 4.693811003251569524e-21
4.530171855729608797e+04 1.230259363397889388e-20 4.742901986448476770e-21
4.531962244403357181e+04 1.711980209001590852e-20 4.468639040688041096e-21
4.533752627277399006e+04 2.131544485801926929e-20 4.719280903540019491e-21
4.535543004346617090e+04 9.823212720334394110e-21 4.768522035709797373e-21
4.537333375605462788e+04 1.267850493799084500e-20 5.197276691893482148e-21
4.539123741048957163e+04 1.366964348543267617e-20 5.159848216264915661e-21
4.540914100671558845e+04 9.976626900312563149e-21 4.488648904172021465e-21
4.542704454468145559e+04 1.742076350603946331e-20 4.711615404826635691e-21
4.544494802433546283e+04 1.691954520977196572e-20 4.748317565775334256e-21
4.546285144562423375e+04 2.124547205402431489e-20 4.750544674553219201e-21
4.548075480849239102e+04 8.862494318509776448e-21 4.728041749279224279e-21
4.549865811289449630e+04 1.652213554945734163e-20 5.007701739510035235e-21
4.551656135876952612e+04 2.188520189244531948e-20 4.677516338469669517e-21
4.553446454607065243e+04 1.186253014284872009e-20 4.388065400469171443e-21
4.555236767474396038e+04 2.758950246064322591e-20 5.052551551335237330e-21
4.557027074473702669e+04 3.120533674430406792e-20 5.362044024256954906e-21
4.558817375599819934e+04 2.714078739124280118e-20 5.424704706890777733e-21
4.560607670847271220e+04 1.453171265976583353e-20 5.082924194448494984e-21
4.562397960210961901e+04 1.995339984533352515e-20 5.207046203398657567e-21
4.564188243685507041e+04 3.155394574772161049e-21 5.051168950647979178e-21
4.565978521266093594e+04 1.481375675988151542e-20 4.585405636557033492e-21
4.567768792947059410e+04 1.991502872450101974e-20 4.869935602496658405e-21
4.569559058723445924e+04 1.837009532588064743e-20 5.123095198765494899e-21
4.571349318589735049e+04 1.677213588473446523e-20 5.037611472497397103e-21
4.573139572540949302e+04 2.001636524813194083e-20 5.353891665142069514e-21
4.574929820571425080e+04 1.522234164262199309e-20 4.992025634992476848e-21
4.576720062676531234e+04 2.515916418764681576e-20 5.019683560818077486e-21
4.578510298850606341e+04 2.454082006258020830e-20 4.565502327015578509e-21
4.580300529088426993e+04 1.672424597869481516e-20 5.019632115159608925e-21
4.582090753385041171e+04 1.817733920161757196e-20 5.071612188116515024e-21
4.583880971735089406e+04 2.570663787383326056e-20 5.200964895179956768e-21
4.585671184133482166e+04 3.049152642266982416e-20 5.244380816996557655e-21
4.587461390574576217e+04 1.497276964447756116e-20 4.594226601842797192e-21
4.589251591053530865e+04 2.563253757709134797e-20 4.524463456740370426e-21
4.591041785564857855e+04 1.928385028542529592e-20 5.262154830836555731e-21
4.592831974103645916e+04 2.947030588089109960e-20 5.628368496975902338e-21
4.594622156683065259e+04 2.462017143205313897e-20 5.380042709036792504e-21
4.596412380739277432e+04 1.331755342382727421e-20 5.335067557832528791e-21
4.598202619633048744e+04 2.350415038475065166e-20 5.103334335686353698e-21
4.599992852532297547e+04 8.817938692731607683e-21 4.845868013758306586e-21
4.601783079432096565e+04 6.676984766634974216e-21 4.646842207577590022e-21
4.603573300327373727e+04 2.814022463184704368e-20 5.373324024550070271e-21
4.605363515212884522e+04 5.979412592991819394e-21 5.338745566160674237e-21
4.607153724083000998e+04 2.521707249391884462e-20 5.809519053823462604e-21
4.608943926933108014e+04 1.336025097762547571e-20 5.206416201248160052e-21
4.610734123757426278e+04 1.319694224259523105e-20 5.302692919920997570e-21
4.612524314551174757e+04 2.568859847044251525e-20 5.158527767464071259e-21
4.614314499309008534e+04 1.983809517880157813e-20 5.197398240709613269e-21
4.616104678025582689e+04 2.660602372617785985e-20 5.243861512375278301e-21
4.617894850695830246e+04 1.919504663113211607e-20 4.767889355505622619e-21
4.619685017314839934e+04 1.568235622261666380e-20 5.198621752958382635e-21
4.621475177876833186e+04 1.665682162850132291e-20 5.360750252088908221e-21
4.623265332377142477e+04 3.069794607481162993e-20 4.854573218701023089e-21
4.625055480810040171e+04 3.286484333504346243e-20 4.916622844642991956e-21
4.626845623170763429e+04 9.588271115611142246e-21 5.474362155141847017e-21
4.628635759453826176e+04 1.859545604407586329e-20 5.579428222869750216e-21
4.630425889654326602e+04 3.411959526577533759e-20 5.474448825100136581e-21
4.632216013766886317e+04 1.550236628300221937e-20 5.037274518822065792e-21
4.634050988542362757e+04 7.530175917174387677e-21 5.252362106707007485e-21
4.635841104119980446e+04 2.784812584030919090e-20 5.228718633917932754e-21
4.637631213589535764e+04 2.769499747217837741e-20 5.712236712339189587e-21
4.639421316950224718e+04 2.044768361455472999e-20 5.321562552336068640e-21
4.641211414196703845e+04 2.478431964039449689e-20 5.585088981991592802e-21
4.643001505324084428e+04 2.642481997063749727e-20 5.581337683484645131e-21
4.644791590326896403e+04 1.980215147856282773e-20 5.262912874491687295e-21
4.646581669200090982e+04 1.538391588990751901e-20 5.524383108842345748e-21
4.648371741938500782e+04 1.969920840702982534e-20 5.454216270211550935e-21
4.650161808537085744e+04 1.729517309342420832e-20 5.489465538873933636e-21
4.651951868990526418e+04 1.077904831934711237e-20 5.474852658189810580e-21
4.653741923293501895e+04 1.516176935387457482e-20 5.826348097919209787e-21
4.655531971440973575e+04 2.684573024584448976e-20 5.392925205988775766e-21
4.657322013427771162e+04 1.719600451066784755e-20 5.745881559315957200e-21
4.659112049248976837e+04 2.577398782051683154e-20 5.939347678076874790e-21
4.660902078898869513e+04 1.681987362436991271e-20 5.580000296978412794e-21
4.662692102372558293e+04 1.839678484358482050e-20 5.805652891728028112e-21
4.664482119664856873e+04 2.550261947505091267e-20 5.890688911790461328e-21
4.666272130770749936e+04 2.688179040311784888e-20 6.001540778964811361e-21
4.668062135684928944e+04 2.699939369857959343e-20 5.796646116452194082e-21
4.669852134402088268e+04 1.281633707220179003e-20 5.976190799916295761e-21
4.671642126917198038e+04 2.129299687741010358e-20 5.441679661964467020e-21
4.673432113225231296e+04 1.139944286768630716e-20 5.418286233492938983e-21
4.675222093320748536e+04 9.837102479389154094e-21 5.485106389971083877e-21
4.677012067198857403e+04 2.371164129176622132e-20 5.456992257166342753e-21
4.678802034854104568e+04 1.695137093298185003e-20 5.306890227928936769e-21
4.680591996281473257e+04 2.128382727310680072e-20 5.461921932102924735e-21
4.682381951475811366e+04 2.467102407524896404e-20 5.724650950388663460e-21
4.684171900431948598e+04 3.523692500896848644e-20 6.192202219315689473e-21
4.685961843145007151e+04 3.996015958164109270e-20 6.046884572584549965e-21
4.687751779609138612e+04 2.239036791035575867e-20 5.725233732438620635e-21
4.689541709819885000e+04 1.287540937190015232e-20 5.387478794645165730e-21
4.691331633771672932e+04 2.777681708561735142e-20 5.660836174875659937e-21
4.693121551459484908e+04 2.950119792476515925e-20 5.828031138145794809e-21
4.694911462878169550e+04 1.748672187309157782e-20 5.061519863101487505e-21
4.696701368022574025e+04 3.016676761967576921e-20 5.523295022988573202e-21
4.698491266887549864e+04 8.435285110171836867e-21 5.857352197631661592e-21
4.700281159468064288e+04 7.193904388726549697e-21 5.508808301235723615e-21
4.702071045758703258e+04 2.153067475599947745e-20 5.748109338984439416e-21
4.703860925754463096e+04 2.274429916795765242e-20 6.384843320781549693e-21
4.705650799450180784e+04 2.360157693876672499e-20 6.069016016141464126e-21
4.707440666840718040e+04 1.603330055806948596e-20 5.805053677981460378e-21
4.709230527920935856e+04 2.513699264189471083e-20 5.821295587784925258e-21
4.711020382685687946e+04 3.483642539557073409e-20 6.229008115372050720e-21
4.712810231129833846e+04 2.794046362066668827e-20 6.148811290265701497e-21
4.714600073248232366e+04 1.197217767950694546e-20 5.980053024870181477e-21
4.716389909035880555e+04 1.692221795912278429e-20 5.841903791273397749e-21
4.718179738487352006e+04 3.035775784964086767e-20 5.938727615816751158e-21
4.719969561597513530e+04 1.675643377098760936e-20 5.849207765091164801e-21
4.721759378361642302e+04 3.216170634311687830e-20 5.653270784761581122e-21
4.723549188774025242e+04 1.946880237027275369e-20 5.825511312545416035e-21
4.725338992829962808e+04 2.202481892421081459e-20 5.520774068488036022e-21
4.727128790524183569e+04 2.777808954451466891e-20 6.229107277218416412e-21
4.728918581851533963e+04 2.454424838930038473e-20 6.012186135323208169e-21
4.730708366806749109e+04 3.582765361517592923e-20 6.250647664305791598e-21
4.732498145385127282e+04 7.188148688307319316e-21 5.735476142032582407e-21
4.734287917580966314e+04 2.639871760983099933e-20 6.387699459368548210e-21
4.736077683389562299e+04 1.330779041138305402e-20 5.960771068710536881e-21
4.737867442805645987e+04 1.604452050368036161e-20 6.205573064899384850e-21
4.739657195824087103e+04 1.335349099776765156e-20 5.653526240301248332e-21
4.741446942439753911e+04 6.404786663693013993e-21 5.972612242254193456e-21
4.743236682647520502e+04 1.286733031948398754e-20 6.771003762690133284e-21
4.745026416442263144e+04 1.478569052016203196e-20 6.198685063047736745e-21
4.746816143818843557e+04 2.264596680427148632e-20 5.999334695432971957e-21
4.748605864771995402e+04 1.863068397737654963e-20 6.101129827134031552e-21
4.750395579296889628e+04 1.053866670848013491e-20 6.154281824560455868e-21
4.752185287388261349e+04 1.700216682807610397e-20 6.100384144926731440e-21
4.753974989040978107e+04 2.305607498797790275e-20 5.860076407303537879e-21
4.755764684249922720e+04 2.624764817324138010e-20 6.629556325040364509e-21
4.757554373009978008e+04 2.495805279412034066e-20 6.468217154772751146e-21
4.759344055315886362e+04 2.858869740093306237e-20 6.319396802157970005e-21
4.761133731167147198e+04 2.181791750731075013e-20 6.181869307028170631e-21
4.762968519767623366e+04 1.707687178529477802e-20 6.363336086691417826e-21
4.764758186319689412e+04 2.512176046677519416e-20 6.215030750082035937e-21
4.766547846396962996e+04 3.337331617291512312e-20 6.979003276222292889e-21
4.768337499994625978e+04 3.433479783399719939e-20 6.830600843391977293e-21
4.770127147107419296e+04 3.767686903446577158e-20 7.007242469880676987e-21
4.771916787729927455e+04 2.113490388908215138e-20 6.683752107397174463e-21
4.773706421857781970e+04 2.177318622352090360e-20 6.713924727606259836e-21
4.775496049485130789e+04 3.410941423225671030e-20 6.980453398513544945e-21
4.777285670607010979e+04 6.184323465316671990e-20 7.198308793782531769e-21
4.779075285218757926e+04 1.814638811357879469e-19 9.023164909601149830e-21
4.780864893314966321e+04 1.882527089689679103e-19 8.928715390494171442e-21
4.782654494890503702e+04 9.315378536782138360e-20 7.944047476787732747e-21
4.784444089940128470e+04 3.579174230695994132e-20 6.719151672338509693e-21
4.786233678459043585e+04 1.173944941293451453e-20 6.316119351599028477e-21
4.788023260441991442e+04 1.604463061528837177e-20 6.865289883385053892e-21
4.789812835883718071e+04 2.451228216481415940e-20 6.902100385535670162e-21
4.791602404779416975e+04 1.965880199466860482e-20 6.532580210888544445e-21
4.793391967123540235e+04 1.064964898648523835e-20 6.258834254411871342e-21
4.795181522911574575e+04 2.783033680117793704e-20 6.400568120538193665e-21
4.796971072138127784e+04 2.093324382174857569e-20 6.532833521289027075e-21
4.798760614797794551e+04 1.161951645250948021e-20 6.434840919622593581e-21
4.800550150886073970e+04 2.865665003715850005e-20 6.674233919083601499e-21
4.802339680397569464e+04 1.618115049518127109e-20 6.542949079004045813e-21
4.804129203327177675e+04 1.500254067833342894e-20 6.126764139850277963e-21
4.805918719669654092e+04 2.633720484261109011e-20 7.156344273578897793e-21
4.807708229419898998e+04 1.704027108728229934e-20 6.960679049450602737e-21
4.809497732573264511e+04 7.932440127195826803e-21 6.510728468479394222e-21
4.811287229124357691e+04 2.102094790551649819e-20 7.162962743046612441e-21
4.813076719067782687e+04 1.726417365829178467e-20 6.882485284480504833e-21
4.814866202398874884e+04 3.241761001139252664e-20 7.248473228976118810e-21
4.816655679112552752e+04 2.488412301539804453e-20 6.885017211485687002e-21
4.818445149203277833e+04 2.257782305690634608e-21 7.127362274866483096e-21
4.820234612666562316e+04 1.048226932214172063e-20 7.198592626368696354e-21
4.822024069497010350e+04 2.682421508480575133e-20 7.932745492835833740e-21
4.823813519689383975e+04 3.523515390026577376e-20 7.167041106310681994e-21
4.825602963238740631e+04 1.257245653738226850e-20 6.851211500994695304e-21
4.827392400139988604e+04 3.165250128907417822e-20 7.086814779976928330e-21
4.829181830388194794e+04 2.901704105849150122e-20 7.015773251406630368e-21
4.830971215178836428e+04 2.111773981401893873e-20 6.938368240933079833e-21
4.832760546602396062e+04 1.526526940990343476e-20 6.887046281447624834e-21
4.834549871357141819e+04 1.892389763119323136e-20 6.897400154998058957e-21
4.836339189439299662e+04 1.572843189660210862e-20 7.135048391802919606e-21
4.838128500843935763e+04 1.882659546987953288e-20 7.142681178006602372e-21
4.839917805565662275e+04 1.179874039370213037e-20 7.417707916776734239e-21
4.841707103599701804e+04 1.256914507123625885e-20 6.546413644793226026e-21
4.843496394940516620e+04 1.878071294941754842e-20 7.187645480804894553e-21
4.845285679583326419e+04 1.139161352987221558e-20 7.199437425320771467e-21
4.847074957523350167e+04 5.181856799078305108e-21 7.735261181176736138e-21
5.124607149501372623e+04 4.971358403503764513e-20 3.271765398022314905e-20
5.126395381138072844e+04 1.664722682797270714e-20 1.161528217297115282e-20
5.128183605276976596e+04 3.382967486908478422e-20 1.100817172886222674e-20
5.129971821912837913e+04 2.133824612336557049e-20 1.099386418513322953e-20
5.131760031040760805e+04 3.473596155471207663e-20 1.183204363597815674e-20
5.133548232655602624e+04 6.348317107007983184e-20 1.173077322254297984e-20
5.135336426752366242e+04 3.220734608720849792e-20 1.209705187272536640e-20
5.137124613326062536e+04 3.530128333590123519e-20 1.213801306634638167e-20
5.138912792371545947e+04 3.570380329851590138e-20 1.177963084246495484e-20
5.140700963883817894e+04 1.031015705281752968e-20 1.183196798180847713e-20
5.142489127857938729e+04 5.795314709806556170e-21 1.164641736738937262e-20
5.144277284288607189e+04 3.017300172887177569e-20 1.120668192753777765e-20
5.146065433171031327e+04 3.300861797011167209e-20 1.190489995544946453e-20
5.147853574500015384e+04 5.784886729501573117e-20 1.137285115899651106e-20
5.149641708270614618e+04 4.116805807188623481e-20 1.098189444275819570e-20
5.151429834477682016e+04 7.113525051960494764e-21 1.037917170620860372e-20
5.153217953116220451e+04 2.395929937443251759e-20 1.064796814610244105e-20
5.155006064181181137e+04 3.714322619107684095e-20 1.084712102960788644e-20
5.156794167667566944e+04 4.506853460247044513e-20 1.066196883740386721e-20
5.158582263570183568e+04 3.669034174855898094e-20 1.180500127319105939e-20
5.160370351884186675e+04 2.574937641686372828e-20 1.132784409585091936e-20
5.162158432604431437e+04 2.192178903477148916e-20 1.142375042739260014e-20
5.163946505725815223e+04 2.150292720756997532e-20 1.248558097363447669e-20
5.165734571243289247e+04 4.350426096789468162e-20 1.295409360833382110e-20
5.167522629151951696e+04 1.586604006018253123e-20 1.141733721671553328e-20
5.169310679446611903e+04 5.161104019358163107e-20 1.225185237319381360e-20
5.171098722122274921e+04 2.738904778451110913e-20 1.218030023534716707e-20
5.172886757173886144e+04 1.183988873133214547e-20 1.195122437695341369e-20
5.174674784596401878e+04 3.165367297499942412e-20 1.217291634095715442e-20
5.176462804384769697e+04 2.668922577324338633e-20 1.137367231242659772e-20
5.178250816533992474e+04 2.905022581501994370e-20 1.173416788397347091e-20
5.180038821038820606e+04 3.661536834630116272e-20 1.058347473236444489e-20
5.181826817894502165e+04 2.860780611975443602e-20 1.133525698039456570e-20
5.183614807095791184e+04 1.800041623361070091e-20 1.111713376583531349e-20
5.185402788637734193e+04 1.702523636012569367e-20 1.108036450033188026e-20
5.187190762515179085e+04 3.295217429263153260e-20 1.147776264454168520e-20
5.188978728723078530e+04 3.172144731282017762e-21 1.143032762851651828e-20
5.190766687256429577e+04 2.102459690274907592e-20 1.205475217668165323e-20
5.192554638110330416e+04 7.032377084144100954e-21 1.134664402180156686e-20
5.194342581279469596e+04 1.240522728601721648e-20 1.106003693160156129e-20
5.196130516758852900e+04 3.859768966907738707e-20 1.154505062019799584e-20
5.197918444543526130e+04 1.854941671384315705e-20 1.147734388447062056e-20
5.199706364628441952e+04 1.065379660008973400e-20 1.186557063485309702e-20
5.201494277008396602e+04 4.780227652011879452e-20 2.433718024213515976e-20
