2.878492540614245445e+04 1.133992103615066690e-21 5.024241874633367019e-21
2.880280612536456465e+04 1.034683509253913276e-20 3.482792453146652182e-21
2.882068675364918454e+04 8.516969090695657348e-21 3.617117962958858459e-21
2.883856729094420734e+04 1.637462315423990026e-20 3.604012422739261103e-21
2.885644773720308513e+04 7.828710549763928817e-21 3.472452089242268206e-21
2.887432809237227048e+04 9.602692124863560768e-21 3.490187746061088067e-21
2.889220835640514633e+04 5.955153722317351823e-22 3.201271354486976706e-21
2.891008852924796520e+04 1.403367359708116503e-20 3.507743309334662033e-21
2.892796861085408818e+04 1.043544436481318171e-20 3.219416719461913090e-21
2.894584860116797063e+04 8.106307500501465569e-21 3.327787302201404827e-21
2.896372850014615688e+04 1.247952891399745735e-20 3.024833404366186440e-21
2.898160830773338967e+04 1.098252788548382592e-20 3.211935758660722565e-21
2.899948802388298282e+04 5.881420980374329475e-21 2.902720815761633396e-21
2.901736764853929708e+04 -6.634659406015970399e-22 3.086330465165346016e-21
2.903524718165918603e+04 9.369127034014420886e-21 3.076255520647808966e-21
2.905312662318516959e+04 1.654749903028122828e-20 3.103595752123284487e-21
2.907100597307210774e+04 1.119397045559868073e-20 3.349373115679304420e-21
2.908888523126789732e+04 1.302933785997044691e-20 3.062586086441142152e-21
2.910676439772232334e+04 7.365982127097915741e-21 3.023569503098550301e-21
2.912464347238501068e+04 1.315340451990902284e-20 3.370257550484293218e-21
2.914219773403045110e+04 1.253992610063765092e-20 3.289399135392055827e-21
2.916007658880469899e+04 1.762779560083893616e-20 3.250573122769557724e-21
2.917795535632187239e+04 3.807827642199942262e-21 3.001679079249651934e-21
2.919583403188660668e+04 9.460092666105637586e-21 3.044675817394134197e-21
2.921371261540846535e+04 6.407107576751559888e-21 3.231211563688403775e-21
2.923159110683525432e+04 5.336562569456924756e-21 3.025011899275073306e-21
2.924946950611297507e+04 9.378820014592152268e-21 3.040265013650651206e-21
2.926734781319805916e+04 1.039482011385235284e-20 3.030020413724654048e-21
2.928522602803460904e+04 7.534370643634148624e-21 3.199070846894662728e-21
2.930310415057556747e+04 9.602490419199059113e-21 3.357733904217251580e-21
2.932098218076880949e+04 5.569299537530294336e-21 2.888041190493597848e-21
2.933886011856197729e+04 5.032990164796411116e-21 2.976905524975479922e-21
2.935673796390619827e+04 7.591477302015160286e-21 2.693550647383045707e-21
2.937461571674915103e+04 1.357177276124369630e-20 2.960047986663995029e-21
2.939249337704525533e+04 1.436284173666538037e-20 2.924740222378083810e-21
2.941037094474040714e+04 1.442167017790414967e-20 3.261574522707790161e-21
2.942824841978227414e+04 1.092191846880892155e-20 2.719079832676983364e-21
2.944612580212026660e+04 7.888319201256420309e-21 2.961077199500129777e-21
2.946400309170887340e+04 8.812905715356186444e-21 2.975851914158837813e-21
2.948188028849216425e+04 7.910061243757985532e-21 2.715012013426905349e-21
2.949975739121025981e+04 5.929186798658790788e-21 2.817534376325798078e-21
2.951763427128530384e+04 1.020679874319331023e-20 2.790631935747377709e-21
2.953551103156084719e+04 1.192156708688661253e-20 2.856050436856745692e-21
2.955338769859647437e+04 1.168729188158022589e-20 2.763499147952258675e-21
2.957126427257714386e+04 7.707753008462841109e-21 2.877055044869099998e-21
2.958914075345025776e+04 5.457705495797145265e-21 2.482787585765619626e-21
2.960701714116823132e+04 9.416753812556891311e-21 2.804415669456441990e-21
2.962489343567688047e+04 1.154874073683842032e-20 2.837320258176298260e-21
2.964276963693063954e+04 5.925166163745088011e-21 2.850397188712228035e-21
2.966064574487168284e+04 1.157251974927124188e-20 2.796185697546524336e-21
2.967852175945426279e+04 8.780284770427530091e-21 2.711570114697759639e-21
2.969639768062397707e+04 4.421173883352596288e-21 2.767590047983833008e-21
2.971427350833312448e+04 8.103387898031845330e-21 2.777396160933905600e-21
2.973214924252746277e+04 8.591033255132369999e-21 2.934399403474779608e-21
2.975002488316128074e+04 9.921067621901350752e-21 2.608105645675752173e-21
2.976790043017490461e+04 3.878645385338459315e-21 2.651690491805067304e-21
2.978577588352596285e+04 8.257287000180119112e-21 2.765733043259860950e-21
2.980365124315813591e+04 1.204305817492306313e-21 2.683580625990490420e-21
2.982152650902197274e+04 1.108679208724359805e-20 2.485630521947454657e-21
2.983940168106830242e+04 9.075517397286650090e-21 2.503225060855344020e-21
2.985727675923918287e+04 2.320925038258062416e-21 2.477507681360573432e-21
2.987515174349564404e+04 3.591205444995876605e-21 2.622862473528908870e-21
2.989302663377613499e+04 5.860218060875998798e-21 2.477998630805345806e-21
2.991090143002923651e+04 5.927515748022076380e-21 2.426199808715260138e-21
2.992877613221605861e+04 8.254098437230036763e-21 2.650755707673432480e-21
2.994665074026818911e+04 1.357955757959750894e-20 2.679680681925143774e-21
2.996452525414485717e+04 8.544230866140410751e-21 2.652511950174559984e-21
2.998239967380006783e+04 5.217601875944732468e-21 2.931585909592034801e-21
3.000027399916507420e+04 4.168550777704968761e-21 2.549440216653132488e-21
3.001814823020413314e+04 9.108968838813041831e-21 2.432528200623270806e-21
3.003602236686614197e+04 4.684147471390120924e-21 2.689387159439215189e-21
3.005389640908245565e+04 1.763369648534812625e-21 2.693774752783412027e-21
3.007177035682266433e+04 4.392232201171377095e-21 2.506578486272575277e-21
3.008964421002673771e+04 9.596938149918901546e-21 2.458114300536836096e-21
3.010751796863607888e+04 6.493172124484845156e-21 2.408031864028309205e-21
3.012539163261334397e+04 1.131188018645782862e-20 2.892813827602179722e-21
3.014326520189863368e+04 7.894447397457378205e-21 2.657677732799451055e-21
3.016113867643871345e+04 1.008883315611831416e-20 2.703969614110282736e-21
3.017901205618744279e+04 4.367547601936820900e-21 2.767742649511506009e-21
3.019688534109499960e+04 3.056819186357897239e-21 2.659757451729663321e-21
3.021475853110106982e+04 1.042362084733805696e-20 2.737262458471889353e-21
3.023263162616478076e+04 1.075226549908405303e-20 2.636818423571853725e-21
3.025050462622600025e+04 7.826953037549762352e-21 2.538447572157478302e-21
3.026837753123484799e+04 1.038466397773703104e-20 2.364421172605668594e-21
3.028625034113814763e+04 5.114481975423183828e-21 2.652887536720727104e-21
3.030412305590147662e+04 6.786356336442532714e-21 2.911654519174308130e-21
3.032199567544898673e+04 1.596813260814068940e-21 2.735702528253253244e-21
3.033986819973618549e+04 1.085514378457490684e-20 2.983180128576093197e-21
3.035774062872885406e+04 4.148032437815515989e-21 2.704104119314614838e-21
3.037561296235094414e+04 8.180421752248026584e-21 2.779431986829372877e-21
3.039348520055750123e+04 6.402395160222227650e-21 2.544831631418883303e-21
3.041135734331437197e+04 1.112049167115550675e-20 2.699190414723925597e-21
3.042922939054387098e+04 1.137842471981660139e-20 2.654148354495553885e-21
3.044710134220462714e+04 1.314612038609454915e-20 2.635031184690026934e-21
3.046497319824859369e+04 4.939690787109923376e-21 2.458547277187306921e-21
3.048284495858898663e+04 8.945381441482217742e-21 2.613840305735454176e-21
3.050038950971225495e+04 1.249365212964984245e-20 2.515809262404953243e-21
3.051826104709778156e+04 9.116589775748593061e-21 2.309879764527234629e-21
3.053613248867083166e+04 1.090609525763129802e-20 2.470716700022659954e-21
3.055400383435441836e+04 3.826203279014862543e-21 2.269519771832683532e-21
3.057187508410359442e+04 8.523877560578724648e-21 2.394896882249803521e-21
3.058974623787197561e+04 1.201666946073283794e-20 2.564344429556960131e-21
3.060761729561676111e+04 7.934671873541847951e-21 2.448740201348012120e-21
3.062548825726451832e+04 1.109906133774551941e-20 2.590464662264128863e-21
3.064335912277224998e+04 7.162492306905066424e-21 2.548460007691766444e-21
3.066122989209313164e+04 7.552370896284886180e-21 2.245626604559288216e-21
3.067910056517881094e+04 1.335187543206657714e-20 2.443901363439842033e-21
3.069697114195952236e+04 7.660332395299695378e-21 2.457614913444014580e-21
3.071484162239402212e+04 8.278305948169349428e-21 2.398669228098125445e-21
3.073271200643381235e+04 1.306982157344798594e-20 2.469355341206337816e-21
3.075058229403377845e+04 1.138167400956658260e-20 2.578722359256367369e-21
3.076845248511495447e+04 7.348506974792698549e-21 2.376120406245363781e-21
3.078632257964514429e+04 6.856312536650809450e-21 2.379667125610680131e-21
3.080419257756505976e+04 8.809640366620070654e-21 2.443142410259201803e-21
3.082206247884046388e+04 1.208437440669522065e-20 2.404202800217036928e-21
3.083993228339382767e+04 9.861907706403109652e-21 2.312967097745739557e-21
3.085780199118196833e+04 1.022793302754677464e-20 2.305820567819929068e-21
3.087567160215466356e+04 1.174289975593207213e-20 2.413519280994822417e-21
3.089354111627043312e+04 1.646861354990345341e-20 2.431838076500970921e-21
3.091141053345728506e+04 1.531709122211932948e-20 2.598634398719439484e-21
3.092927985366981738e+04 1.026159021884947056e-20 2.289178700321224654e-21
3.094714907685943035e+04 6.287437512614978062e-21 2.103717516247761716e-21
3.096501820297220183e+04 9.707839861653293272e-21 2.247595593694700617e-21
3.098288723196294450e+04 3.453175483743082578e-21 2.242661296119042054e-21
3.100075616376492690e+04 8.497572652791844294e-21 2.096520968470358551e-21
3.101862499833078618e+04 8.352970041939887994e-21 2.054143306327022035e-21
3.103649373561017637e+04 9.243404159677536249e-21 2.091530752412065933e-21
3.105436237555255866e+04 8.188508485279487147e-21 2.295646674773879545e-21
3.107223091810906408e+04 1.094213684023138341e-20 2.246996369388640045e-21
3.109009936321643545e+04 9.236279153630395729e-21 2.618953945047210639e-21
3.110796771082710984e+04 5.188520200034795489e-21 2.124680695895999314e-21
3.112583596088545164e+04 4.286449870482771812e-21 2.361315140138516467e-21
3.114370411334609162e+04 8.545746062668265025e-21 2.362758859025483110e-21
3.116157216815645370e+04 1.013698028979048644e-20 2.156527864924705448e-21
3.117944012525850121e+04 8.703154629279104062e-21 2.319872531313121138e-21
3.119730798459930156e+04 8.642259610289232025e-21 2.143975969262918459e-21
3.121517574612486715e+04 1.748510099108172687e-21 2.111866273620710675e-21
3.123304340978968321e+04 2.235847938052746146e-21 2.202626885609877781e-21
3.125091097553931468e+04 5.203063364963125064e-21 2.227431139617622139e-21
3.126877844331719825e+04 1.043010954413847224e-20 2.240043166589443568e-21
3.128664581307425760e+04 8.411965032753622619e-21 2.176989515103029691e-21
3.130451308475077894e+04 9.253316127579133100e-21 2.194597338350423258e-21
3.132238025829941034e+04 4.871528885168551278e-21 2.121631598274946189e-21
3.134024733367092995e+04 7.224207782510965429e-21 2.199953593455101361e-21
3.135811431081033152e+04 7.712537963411028318e-21 2.086071554949623841e-21
3.137598118965797039e+04 1.059264584116975067e-20 2.020289005956433449e-21
3.139384797017182063e+04 5.416960545055252681e-21 2.008065634144556525e-21
3.141171465229184469e+04 9.879194829133293395e-21 2.153250197532860976e-21
3.142958123596320365e+04 4.982993238445456840e-21 2.007325439476450690e-21
3.144744772113994259e+04 5.272766306302563265e-21 2.141901853668206286e-21
3.146531410776409029e+04 8.735587934811105427e-21 2.077857328889416598e-21
3.148318039578447861e+04 8.771796160877625783e-21 2.142555903759643478e-21
3.150104658514811308e+04 4.037260511648228671e-21 1.961516005175979951e-21
3.151891267580528074e+04 6.193577067999001969e-21 2.133239988493154684e-21
3.153677866769409593e+04 9.724092123382875142e-21 2.012903748692862053e-21
3.155464456077067007e+04 4.381388969353370603e-21 2.150680066487186856e-21
3.157251035497654448e+04 8.983636558777876980e-21 2.125969974013042753e-21
3.159037605026034362e+04 9.075917960882314950e-21 2.123361096343003723e-21
3.160824164656856010e+04 1.459300566118845415e-20 2.214118022725769193e-21
3.162610714384671883e+04 1.244231369767882032e-20 2.101057464462872411e-21
3.164397254204519413e+04 4.345143857234369049e-21 1.922711041747548045e-21
3.166183784111264686e+04 7.853768017050002638e-21 2.128001049031516748e-21
3.167970304098471752e+04 7.314039125712728158e-21 1.981546368641875694e-21
3.169756814161912189e+04 8.028770786999437496e-21 1.831915693805290562e-21
3.171543314295737218e+04 1.062248436872304319e-20 1.994535342604113262e-21
3.173329804494976997e+04 1.885432347711604752e-21 2.026650368930685181e-21
3.175116284754113804e+04 5.759405838693166358e-21 1.995795012464599285e-21
3.176902755067779799e+04 6.187462094564434590e-21 1.806614553763424205e-21
3.178689215430503464e+04 6.707573567358143881e-21 2.017728711224494416e-21
3.180475665837305132e+04 4.451619222584717238e-21 2.003108517051815351e-21
3.182262106282485911e+04 7.766112662064437562e-21 2.132512826507949325e-21
3.184048536763694574e+04 6.622296721605123272e-21 2.104923678050848225e-21
3.185834972775865754e+04 6.634480032213716138e-21 2.186647999269711647e-21
3.187621430873103600e+04 8.724787380420079023e-21 1.995510262796975488e-21
3.189407878986537617e+04 3.340803641784374014e-21 1.875584103371240136e-21
3.191194317111334021e+04 2.940124896043968966e-21 1.998826085951322954e-21
3.192980745241589102e+04 4.060865763523730934e-21 2.113814679431301254e-21
3.194767163372333016e+04 3.440987079610394169e-21 1.922920345808064927e-21
3.196553571497851954e+04 7.638738817128356263e-21 2.088141035032149588e-21
3.198339969612955247e+04 8.930878957722797094e-21 2.268912073427417092e-21
3.200126357712412573e+04 9.460985392870602603e-21 1.967401347093097038e-21
3.201912735790370789e+04 1.237054986444470804e-20 2.183505336514191836e-21
3.203699103842175100e+04 5.266628729184958607e-21 2.135965117851206613e-21
3.205485461861917429e+04 7.505815866245790277e-21 2.003191130684235239e-21
3.207271809844362360e+04 8.827725310626796031e-21 2.069887768240243267e-21
3.209058147784160246e+04 3.808949760073795974e-21 1.955023783357160109e-21
3.210844475675944705e+04 -1.393655068888941727e-22 1.957187889931417040e-21
3.212630793513974277e+04 8.299891148522114669e-21 2.127896291262930349e-21
3.214417101293740052e+04 1.001834888565291385e-20 2.205974923735622772e-21
3.216203399008771885e+04 8.322323064418272749e-21 2.043887239277896012e-21
3.217989686654611432e+04 5.016142321291815157e-21 1.885717373148707647e-21
3.219775964225143980e+04 6.049329625850066569e-21 2.018665866276207657e-21
3.221562231715686357e+04 4.672695290485167142e-21 2.012841899184484482e-21
3.223348489120450176e+04 3.132240835594486520e-21 2.064479587303285922e-21
3.225134736434083607e+04 5.109454871847813263e-21 2.022398548229498265e-21
3.226920973650819724e+04 8.086618949496880276e-21 2.057145537730805402e-21
3.228707200765975722e+04 1.274446277009833281e-20 1.993874467570144189e-21
3.230493417773733745e+04 1.123211307631734175e-20 1.910618846605587358e-21
3.232279624668379256e+04 6.690545770067126390e-21 1.981014801400541175e-21
3.234065821445221081e+04 9.810273590817252191e-21 2.016792198469910191e-21
3.235852008098482838e+04 1.130963379872673492e-21 1.998368412192762246e-21
3.237638184622345580e+04 7.532980897313171412e-21 1.954455799654783542e-21
3.239424351012146872e+04 6.590756934843580591e-21 2.024752506840805831e-21
3.241210507261755265e+04 3.163161927938770575e-21 1.941783321329962998e-21
3.242996653366104147e+04 7.337408924215424209e-21 2.019595293393295254e-21
3.244782789320090887e+04 7.185542099165488875e-21 1.959333989665769980e-21
3.246568915117590950e+04 7.798766239102390098e-21 2.072108740698891885e-21
3.248355030753908068e+04 7.165993166680402498e-21 1.838407863786867118e-21
3.250141136222887508e+04 3.621875153173853145e-21 1.880471533004227424e-21
3.251927231519779161e+04 5.462890531070632100e-21 1.838178973304783313e-21
3.253713316638436663e+04 6.138841260021982199e-21 1.900818408772116223e-21
3.255499391573801404e+04 4.214375372288100113e-21 1.899450116946687504e-21
3.257285456320789308e+04 2.226305092857574667e-21 1.831397897229725229e-21
3.259071510873201623e+04 4.553738522898059601e-21 2.007032439160032046e-21
3.260857555226318073e+04 5.376366535760100785e-21 2.093996767862794824e-21
3.262643589373987197e+04 4.918276176092134564e-21 1.907486566542879663e-21
3.264429613311119465e+04 9.923982830153388662e-21 1.932209106047607659e-21
3.266215627032228076e+04 8.146507209291890653e-21 2.040117944594619407e-21
3.268001630532214767e+04 5.885274911581875241e-21 1.914712319853524758e-21
3.269787623804744362e+04 1.028449527111304966e-20 2.110261654880671642e-21
3.271573606845072209e+04 6.881039570576104831e-21 1.956406005426874772e-21
3.273359579647524151e+04 5.806888670526054419e-21 2.055531457284964294e-21
3.275145542206630489e+04 6.504296894833928866e-21 1.724949181163370704e-21
3.276931494516946987e+04 6.054193689113951648e-21 1.780516679206917544e-21
3.278717436572999577e+04 1.015745849673233041e-20 2.027742895737370409e-21
3.280503368369460077e+04 5.574523421594701729e-21 2.045991670509210244e-21
3.282289289900489530e+04 3.371268888007379831e-21 1.886832196861440959e-21
3.284075201160815050e+04 7.807886317911974232e-21 1.946574171928689731e-21
3.285861102144949109e+04 5.984951403203374937e-21 1.981190545570839481e-21
3.287646992847374349e+04 4.590842000745788719e-21 1.919517468048377036e-21
3.289432873262422800e+04 6.123522990138370962e-21 1.824506190929738980e-21
3.291218743384989648e+04 5.619808647435561263e-21 1.939889499209483201e-21
3.293004603209400375e+04 4.772768057698382732e-21 1.910813674866079326e-21
3.294790452730117249e+04 8.274150601528474322e-21 1.976511804848615915e-21
3.296576291941473028e+04 8.126637611937262234e-21 1.974903467671597167e-21
3.298362120837986731e+04 7.118611980272504315e-21 1.971701789082191253e-21
3.300147939415056317e+04 9.412373610946104510e-21 2.102595177470589740e-21
3.301933747665682313e+04 1.207933171292633120e-20 2.016216682718788226e-21
3.303719545585644664e+04 5.390080925166799489e-21 1.845074104153575662e-21
3.305505333168362267e+04 6.121768277618973041e-21 1.848516656025905048e-21
3.307291110409219982e+04 8.552096235509073760e-21 1.992719899359132908e-21
3.309076877302103821e+04 4.613032287092699049e-21 2.090257500964794011e-21
3.310862633841899515e+04 9.454502788912039646e-21 1.894486829315512736e-21
3.312648380022541824e+04 3.685450967086053613e-21 1.977522073900690780e-21
3.314434115839048900e+04 5.195003459659076827e-22 1.742792172535276584e-21
3.316219841285831353e+04 3.030422256543924558e-21 1.876320504440035702e-21
3.318005556356869056e+04 8.244229953899184202e-21 2.137374857862481709e-21
3.319791261047535954e+04 7.526948956322864904e-21 2.086077561097070191e-21
3.321576955350828212e+04 5.745377732410434842e-21 1.951356693778148012e-21
3.323362639262980520e+04 7.053728553232188354e-21 2.088235662849278300e-21
3.325148312777047249e+04 8.003921242758849035e-21 2.066459060931028226e-21
3.326933975888206623e+04 3.142186995983788358e-21 1.841600992212362447e-21
3.328719628590887442e+04 5.655037281551092727e-21 1.816011439797936467e-21
3.330505270878974989e+04 6.038554764255940544e-21 1.790258053887364926e-21
3.332290902747499058e+04 5.464474870384620463e-21 1.913129573752811481e-21
3.334076524190537748e+04 3.811565394638941396e-21 1.822094983143085040e-21
3.335862135202854552e+04 8.143058001159793900e-21 1.911184927663108024e-21
3.337647735778538481e+04 1.642732828856058985e-21 1.829505883613921923e-21
3.339433325912407599e+04 2.803658323682621189e-21 1.687814607595447366e-21
3.341218905598532729e+04 5.530392190612451994e-21 1.987185916004340724e-21
3.343004474831835250e+04 8.230371101682447700e-21 1.949799716482042085e-21
3.344790033606236830e+04 9.016724860773808435e-21 1.967268568822135494e-21
3.346542338263655984e+04 6.691811102195984254e-21 2.084357241490653691e-21
3.348327872926387499e+04 4.451836908026426683e-21 2.050756302580852826e-21
3.350113397118517605e+04 8.648214257336407782e-21 1.988190730859860529e-21
3.351898910828738735e+04 4.097153346415073288e-21 1.783202220704535923e-21
3.353684414052343345e+04 5.863965281405715934e-21 1.822952663561663113e-21
3.355469906783878832e+04 1.397879465632378566e-21 1.887331252362570984e-21
3.357255389016708068e+04 5.942327396111957381e-21 1.839106095614921527e-21
3.359040860746316321e+04 6.366908370942708409e-21 1.968315520828821323e-21
3.360826321966919932e+04 6.424301576742993379e-21 1.892027893740636101e-21
3.362611772672167717e+04 7.908746454412260083e-21 1.865753196850307235e-21
3.364397212857377599e+04 5.941370546231446887e-21 2.215023911835756267e-21
3.366182642516599299e+04 6.219494007643275999e-21 1.885996176062553637e-21
3.367968061644375848e+04 3.816301501539385932e-21 1.925367771250716680e-21
3.369753470234712586e+04 7.304293515876487449e-21 1.803542193602152959e-21
3.371538868281857140e+04 5.777945590862924756e-21 1.710380660184721411e-21
3.373324255780901149e+04 4.861127137722981940e-21 1.768400283315057661e-21
3.375109632725828124e+04 2.094013427702575300e-21 1.801874658253445437e-21
3.376894999111033394e+04 9.504059057955324804e-21 1.915904461767298376e-21
3.378680354931079637e+04 3.750791808463018396e-21 1.964975383741028289e-21
3.380465700179438136e+04 8.401936114866561308e-21 1.906993784139630094e-21
3.382251034851505392e+04 2.969528464822250056e-21 1.842958647547397619e-21
3.384036358941513754e+04 7.077756442822175607e-21 1.990394310586075877e-21
3.385821672443645366e+04 8.527079273985035297e-21 1.713836072617824576e-21
3.387606975351869187e+04 7.028768367767905867e-21 1.737078362741446489e-21
3.389392267660898506e+04 -1.773650387471395122e-21 1.892679931428661702e-21
3.391177549365824962e+04 6.430035537950595182e-21 1.898338948487641977e-21
3.392962820459570503e+04 7.582030872196450858e-21 1.955109501607107680e-21
3.394748080937147461e+04 6.602079744705699502e-21 1.706187832567764711e-21
3.396533330793644564e+04 1.015276775596245506e-20 1.813750602337304717e-21
3.398318570021643245e+04 7.007204411223854816e-21 1.803819161235511150e-21
3.400103798617577559e+04 7.866934386752891349e-21 1.803659156172584071e-21
3.401889016573994741e+04 4.375767373595566449e-21 1.903950371918872076e-21
3.403674223885966785e+04 9.830663871465171696e-21 1.965116732432293291e-21
3.405459420547653281e+04 1.014691038777383934e-20 1.826674150748976262e-21
3.407244606554220809e+04 4.949365835752193283e-21 1.967757499757735244e-21
3.409029781898780493e+04 4.893293385885160620e-21 2.161060364029465026e-21
3.410814946576548391e+04 4.338599291949698629e-21 1.841881462950450426e-21
3.412600100580933213e+04 2.876260941481045268e-21 1.913413209945188974e-21
3.414385243906935648e+04 2.438000122449431639e-21 1.789868162509240613e-21
3.416170376549093635e+04 6.204032732851502448e-21 1.838958412645901919e-21
3.417955498500997783e+04 7.264608236041019949e-21 1.895658163690198473e-21
3.419740609213971766e+04 3.934552515319677177e-21 1.862331086323775681e-21
3.421525651696821296e+04 6.095406397228765684e-21 1.835335296459694030e-21
3.423310660652589286e+04 9.326357247875649925e-21 1.769129964273929778e-21
3.425095658685237140e+04 9.736050243664496116e-21 1.906065691381687522e-21
3.426880646000541310e+04 9.067567182733749592e-21 1.863929387808156446e-21
3.428665622593009903e+04 8.689463773045031268e-21 2.058817139533140248e-21
3.430450588453259115e+04 6.698933921362204257e-21 1.996118998628935748e-21
3.432235543165984564e+04 3.782433985342529990e-21 1.909277984146943057e-21
3.433987090174226614e+04 4.812461116975099431e-21 1.905520953464547561e-21
3.435772020637860260e+04 5.426600118317601663e-21 1.695860583721962694e-21
3.437556940350202785e+04 3.739484463819467847e-21 1.648361611184538968e-21
3.439341849305365031e+04 4.276990949353828435e-21 1.615268357773193738e-21
3.441126747497637552e+04 2.009574476197753491e-21 1.932127749268866220e-21
3.442911634921086079e+04 6.106640699409310729e-21 1.973549280263529466e-21
3.444696511570308212e+04 6.230553645055705848e-21 1.843536817326994523e-21
3.446481377439426433e+04 5.546498508304581925e-21 1.724067226121838314e-21
3.448266232522517384e+04 7.408983436769833680e-21 1.814385903439279583e-21
3.450051076814141561e+04 6.578551905983561675e-21 1.785668371990040769e-21
3.451835910308235179e+04 3.259945210469676994e-21 1.864321871967593242e-21
3.453620732999415486e+04 4.935537513733706206e-21 1.731089960668975763e-21
3.455405544881716196e+04 7.427406049726845466e-21 1.722951589196611037e-21
3.457190345949192124e+04 4.720914677050316816e-21 1.710587580353917129e-21
3.458975136196297535e+04 6.397128386483681747e-21 1.670246253186582904e-21
3.460759915617625666e+04 7.459098632482878782e-22 1.790018309789854536e-21
3.462544684206262900e+04 7.404598208668434894e-21 1.804643892931948716e-21
3.464329441957954987e+04 6.370578785955609964e-21 1.741415640139428618e-21
3.466114188865836331e+04 8.549629218363748289e-21 1.881527235397976558e-21
3.467898924924076709e+04 4.359333707163571873e-21 1.937838523291994602e-21
3.469683650128026056e+04 9.044374720559401641e-21 1.841401946178394613e-21
3.471468364470820961e+04 9.988934811293618980e-21 1.933922434215537707e-21
3.473253067946830561e+04 8.991705525090191626e-21 1.828830118183592884e-21
3.475037760550621169e+04 8.068478882037350451e-21 1.814175943219041219e-21
3.476822442276616493e+04 8.841239538870455967e-21 1.929088813404036882e-21
3.478607113117924018e+04 1.987044533725384489e-21 1.776676589526911705e-21
3.480391773069783085e+04 6.299231931348018381e-22 1.739618411684677463e-21
3.482176422126089165e+04 4.307868466470939519e-21 1.814011667416161325e-21
3.483961060281034588e+04 1.693768663547872644e-21 1.699966838575217147e-21
3.485745687528575218e+04 1.930265324960616036e-21 1.714386613602809904e-21
3.487530303863307199e+04 5.385896825796405297e-21 1.692845234435885963e-21
3.489314909278879350e+04 7.921367998826511717e-21 1.660233315521079413e-21
3.491099503770168667e+04 1.000570717930332607e-20 1.767396433421939767e-21
3.492884087330992043e+04 6.768673166309052190e-21 1.858105105655748177e-21
3.494668659955742623e+04 1.013008518589588639e-20 1.831215320616890504e-21
3.496453221637843671e+04 9.120932671874313910e-21 1.557196145896819626e-21
3.498237772371980100e+04 6.001591785312945011e-21 1.707498517004706413e-21
3.500022312152550148e+04 7.625012149235318304e-21 1.772089118599860382e-21
3.501806840974078659e+04 6.154590508328215897e-21 1.752128467095448178e-21
3.503591358829386445e+04 4.968915844774645363e-21 1.606319000522431232e-21
3.505375865713426901e+04 4.094122553394494390e-21 1.759596827369481878e-21
3.507160361620897311e+04 4.502384053064797428e-21 1.703349083376314811e-21
3.508944846544803295e+04 7.531641735990079604e-21 1.584951670392297355e-21
3.510729320479876333e+04 5.618323920835794897e-21 1.628554968022900658e-21
3.512513783420639811e+04 4.227031097271052583e-21 1.763643039940609349e-21
3.514298235360649414e+04 6.729718722651913417e-21 1.656265994546549015e-21
3.516082676294416160e+04 2.665989058856598089e-21 1.656275434884693819e-21
3.517867106215375679e+04 1.689527605593545082e-21 1.644115458733556036e-21
3.519651525118725840e+04 7.210546167095975030e-21 1.724414028228819810e-21
3.521435932997663622e+04 4.597344368342347042e-21 1.673312108802864000e-21
3.523220329846908135e+04 7.288668536071580687e-21 1.715836840009551130e-21
3.525004715659840440e+04 8.528017220692090463e-21 1.783137825222512950e-21
3.526789090431619843e+04 4.302189750462499834e-21 1.737870669751464064e-21
3.528573454155694344e+04 1.632010535366397039e-21 1.719732751505001568e-21
3.530357806826538581e+04 4.105138506361778534e-21 1.700426425072137687e-21
3.532142148438192089e+04 7.383013275641292027e-22 1.757134251007266767e-21
3.533926478984099958e+04 6.249163890850648289e-21 1.857254387591095349e-21
3.535710798459097714e+04 4.994124109598172972e-21 1.743677725517526943e-21
3.537495106857034261e+04 4.595619473801168572e-21 1.687249679957673435e-21
3.539279404172238719e+04 3.858436924493470824e-21 1.683729686071657401e-21
3.541063690398268955e+04 4.404435334543409759e-21 1.825735736125832605e-21
3.542847965529713838e+04 4.478836110803209832e-21 1.722916505580843177e-21
3.544632229560858832e+04 7.596975473866711154e-21 1.764532837481494413e-21
3.546416482484907465e+04 4.802747527421754484e-21 1.600690642004460271e-21
3.548200724296439876e+04 5.715199549064696126e-21 1.577896006644571632e-21
3.549984954990083497e+04 3.651612217236680009e-21 1.597765749941826798e-21
3.551769174558675149e+04 3.215505053154652031e-22 1.628717887369939292e-21
3.553553382997518929e+04 3.543699149185236871e-21 1.591283989730612534e-21
3.555337580299768160e+04 2.853865124838555604e-21 1.822909958848191080e-21
3.557121766460065555e+04 8.972536568755991050e-21 1.788111535860845207e-21
3.558905941472267295e+04 6.021577983095699742e-21 1.657708743418403624e-21
3.560690105330223014e+04 7.281598908671607865e-21 1.635826984096390240e-21
3.562474258028576151e+04 7.633279541835133953e-21 1.757508573987535617e-21
3.564258399560815451e+04 5.951111436530168906e-21 1.685829193096379344e-21
3.566042529921128153e+04 7.861882973660970226e-21 1.731736126657172780e-21
3.567826649103431555e+04 4.799135705840557630e-21 1.730337691062379393e-21
3.569610757101576746e+04 7.379039024565815846e-21 1.796710753286979718e-21
3.571394853910807433e+04 6.508490048374445990e-21 1.673096595578218826e-21
3.573178939523412555e+04 8.289679385984807722e-21 1.767265156308300238e-21
3.574963013934683840e+04 -8.358979270775103739e-22 1.745336916864287718e-21
3.576747077138396708e+04 8.716767481658123551e-21 1.841133769339646943e-21
3.578531129128285102e+04 6.506753982457345490e-21 1.790620409103112983e-21
3.580315169898905151e+04 5.182840773253830702e-21 1.754077326105545847e-21
3.582099199443661200e+04 5.909805946039532900e-21 1.658978288527456389e-21
3.583883217756277736e+04 5.674007202269487774e-21 1.651991773631253858e-21
3.585667224831304338e+04 3.920580226503222533e-21 1.652234385193214732e-21
3.587451220663030836e+04 4.023122553894605003e-21 1.582298904048929149e-21
3.589235205245351972e+04 7.591067335247517681e-21 1.683746978877481263e-21
3.591019178571904195e+04 4.995388235371593631e-21 1.582177360333173036e-21
3.592803140636797616e+04 6.630222254538607812e-21 1.672398057266437741e-21
3.594587091434084141e+04 5.297968417391511149e-21 1.633311247979617730e-21
3.596371030957401672e+04 2.716778432018409291e-21 1.677705308925159015e-21
3.598154959201560268e+04 7.066587465687685378e-21 1.736742525219745485e-21
3.599938876159528445e+04 2.025517463106061946e-21 1.698502397382521279e-21
3.601722781826185383e+04 5.902693723573383664e-21 1.656820704122465184e-21
3.603506676195079490e+04 6.997619587580164766e-21 1.750853046071904807e-21
3.605290559260064765e+04 6.681160218050151205e-21 1.799149733980818555e-21
3.607074431015473965e+04 5.726852729955711165e-21 1.809080322155943714e-21
3.608858291454657592e+04 6.870466908737056406e-21 1.742875139919433564e-21
3.610642140572365315e+04 5.228515658393567063e-21 1.662036952870255764e-21
3.612425978362199385e+04 4.966003212104300627e-21 1.688077944345097153e-21
3.614209804817858094e+04 6.866551925799882361e-21 1.687531369843230763e-21
3.615993619933363516e+04 5.645562824328719565e-21 1.916183874669933025e-21
3.617777423703202658e+04 5.933233430648563720e-21 1.866608482522042333e-21
3.619561216120524477e+04 5.633624798044437421e-21 1.740137353520113056e-21
3.621344997179703932e+04 3.118659090329270772e-21 1.969865353830369722e-21
3.623128766874676512e+04 8.661902038480368900e-21 1.754137150767694602e-21
3.624912525200015079e+04 9.161138866269868692e-21 1.848534115081900778e-21
3.626696272148293792e+04 5.391755597297285669e-21 1.712103684172116118e-21
3.628480007714324893e+04 5.436528090716747060e-21 1.941579550704180656e-21
3.630263731891431235e+04 9.975551434920298483e-21 1.869578266805774236e-21
3.632047444674497820e+04 8.795788521118539920e-21 1.912444325221786796e-21
3.633831146056529542e+04 6.423738829971104716e-21 1.886195867679057515e-21
3.635614836031923915e+04 4.125534488666985603e-21 1.842503746920770777e-21
3.637398514594296284e+04 7.844475836038455090e-21 1.934538506711418246e-21
3.639182181738067447e+04 4.925550216149821199e-21 1.943359912718889477e-21
3.640965837456026929e+04 2.399095423754368731e-21 1.898335701403266921e-21
3.642749481743561773e+04 7.455232418417398543e-21 1.836065165349761391e-21
3.644533114593286155e+04 8.484907144676031069e-21 1.731910732910159461e-21
3.646316735999681987e+04 9.370362881823465838e-21 1.859800606969144886e-21
3.648066557804901095e+04 3.241378265219059917e-21 1.685449933394906488e-21
3.649850153095891437e+04 5.962092619140628969e-21 1.732996524053417578e-21
3.651633736928244616e+04 2.345544762069506131e-21 1.824154972148862474e-21
3.653417309293057770e+04 5.416253603732609149e-21 1.683418308171621641e-21
3.655200870680281514e+04 3.003392486991154640e-21 1.744087608917466376e-21
3.656984471544075495e+04 5.480224505235002065e-21 1.693706582736873947e-21
3.658768061892271362e+04 6.203465426361444125e-21 1.883039687870595713e-21
3.660551640751828381e+04 8.759608488343697770e-21 1.952577015891296968e-21
3.662335208111804241e+04 3.367469677158935476e-21 1.852108841355911160e-21
3.664118763965534890e+04 6.472771560766821542e-21 1.944211977916139329e-21
3.665902308307505155e+04 1.198788583319050215e-21 1.825222299553532233e-21
3.667685841130751942e+04 5.291079752450246519e-21 1.824921592354978632e-21
3.669469362429634930e+04 2.021541370006162555e-21 1.689013224318983713e-21
3.671252872198637488e+04 1.954769345622180123e-21 1.723322849734860603e-21
3.673036370430272655e+04 4.185700058462210303e-21 1.706018007899261019e-21
3.674819857119550579e+04 1.594385287929205802e-21 1.647038081886838319e-21
3.676603332259415038e+04 2.644020670923221270e-21 1.804784689905528848e-21
3.678386795843914297e+04 5.339790166114313550e-21 1.811608134355609189e-21
3.680170247867517901e+04 2.067908254852229837e-21 1.650022669733208196e-21
3.681953688323016104e+04 -6.661187536953828353e-22 1.788911558328232789e-21
3.683737117205114919e+04 6.383553762328166528e-21 1.783800153807359395e-21
3.685520534506884724e+04 9.425201020333596054e-21 1.724322802116178092e-21
3.687303940222854726e+04 3.320954237804995828e-21 1.797643840534031798e-21
3.689087334346500575e+04 5.263834640107225276e-21 1.747570804368552241e-21
3.690870716871209879e+04 2.572246305250958505e-21 1.691723566559675355e-21
3.692654087791012716e+04 6.667667363791386331e-21 1.806001284720016693e-21
3.694437447100908321e+04 6.001829450895789174e-21 1.776270457735065701e-21
3.696220794792729430e+04 4.162266443637269317e-21 1.604242178412403660e-21
3.698004130861000158e+04 4.952630751249658649e-21 1.624917169889744138e-21
3.699787455299843714e+04 3.455633159972683002e-21 1.554526835129839567e-21
3.701570768103175942e+04 5.218350109151952648e-21 1.705433770481230696e-21
3.703354069264134159e+04 5.598004434412278883e-21 1.822861353194274764e-21
3.705137358777131885e+04 4.223769332484582081e-21 1.672895588823475839e-21
3.706920636635246046e+04 7.594884647595765155e-21 1.727892817022247941e-21
3.708703902832283347e+04 3.238309396309010219e-21 1.744063099436921045e-21
3.710487157362980361e+04 5.157753255076282532e-21 1.685809583727435750e-21
3.712270400220440206e+04 4.203417951014225765e-21 1.659302720567307158e-21
3.714053631394242984e+04 7.080855477850699452e-21 1.635405250534122034e-21
3.715836850509134820e+04 6.156789884409937434e-21 1.714587380356010821e-21
3.717586144303742913e+04 9.960436985619144223e-21 1.679430397810447427e-21
3.719369337189489306e+04 7.281483066835116095e-21 1.838899706523511741e-21
3.721152518370277539e+04 5.930289997055456427e-21 1.817645247426045141e-21
3.722935687840061291e+04 7.669471102366368980e-21 1.725458575315692306e-21
3.724718845592688012e+04 8.237631824439469488e-21 1.742488859054008516e-21
3.726501991622098285e+04 5.418273638001788412e-21 1.687609906597954023e-21
3.728285125921141298e+04 6.205745036434932457e-21 1.522464323327090953e-21
3.730068248484172364e+04 6.749666055177915491e-21 1.680457895267105719e-21
3.731851359305156802e+04 3.717067025370257938e-21 1.633708940733285692e-21
3.733634458376894327e+04 4.646220161363287452e-21 1.655327958839025250e-21
3.735417545693231659e+04 5.380415324093719234e-21 1.807878087268896855e-21
3.737200621248822426e+04 9.647188238382344876e-22 1.714578978103187441e-21
3.738983685036959650e+04 7.690643986583308052e-21 1.654903775329454116e-21
3.740766737050993834e+04 6.592736505094341224e-21 1.669514767548809118e-21
3.742549777284292941e+04 7.054840355892415450e-21 1.684806376160110127e-21
3.744332805731545523e+04 5.937335811817591818e-21 1.713601688393547440e-21
3.746115822385777574e+04 8.039511134248655439e-21 1.786583429608427189e-21
3.747898827240850369e+04 4.454407082448345648e-21 1.720817920558234030e-21
3.749681820290554606e+04 6.498526212350406166e-21 1.622960803598369371e-21
3.751464801528457610e+04 6.164344184677696623e-21 1.767140378584354121e-21
3.753247770948008838e+04 3.899394559447277000e-21 1.794575873500886439e-21
3.755030728543046280e+04 4.577571392865736742e-21 1.873983806442634670e-21
3.756813674307271867e+04 1.531552344162353242e-21 1.816834234969065988e-21
3.758596608234100131e+04 5.086559551830886370e-21 1.784119853616193968e-21
3.760379530317945319e+04 8.236067586216238111e-21 1.737433041359420607e-21
3.762162440551393956e+04 9.489542885927857442e-22 1.657171771880851465e-21
3.763945338928738784e+04 5.758671036311352814e-21 1.796954730675938110e-21
3.765728225443160045e+04 1.248496928552648106e-21 1.694460196920458176e-21
3.767511100089149113e+04 3.140163575060391928e-21 1.684760120139830518e-21
3.769293962859617750e+04 6.130600408931703570e-21 1.698857223832090220e-21
3.771076813748419954e+04 6.594311070100249108e-21 1.691530230261502710e-21
3.772859652748759254e+04 2.393299181004097784e-21 1.743235971275967909e-21
3.774642479854838166e+04 1.516444758209298916e-21 1.646673983087665072e-21
3.776425295059925702e+04 5.433844945785407455e-21 1.549960378996597943e-21
3.778208098358467396e+04 7.092131755871683407e-21 1.802695236601174951e-21
3.779990889742896979e+04 9.214449568913915534e-21 1.744418630884524161e-21
3.781773669207134662e+04 4.396151535684364577e-21 1.693783634571215783e-21
3.783556436745318933e+04 8.948731696550506709e-21 1.613655399692850671e-21
3.785339192350376834e+04 4.385566997289884684e-21 1.658582809908279148e-21
3.787121936016716791e+04 -1.046081765527500847e-22 1.720127254472992283e-21
3.788904667736929696e+04 4.420238229546897146e-21 1.636469266120500868e-21
3.790687387505477818e+04 4.581708877331560397e-21 1.682052311844848288e-21
3.792470095315191429e+04 1.399910820368518327e-21 1.625365288033684911e-21
3.794252791160424385e+04 6.548570437848931340e-21 1.857089299976870884e-21
3.796035475033984403e+04 7.025244928568208304e-21 1.690331954088629369e-21
3.797818146930180228e+04 2.384095219735210903e-21 1.712972541040742723e-21
3.799600806842070597e+04 3.016695584771772921e-21 1.577526966917148622e-21
3.801383454763141344e+04 4.803610945592875902e-21 1.692233646137394549e-21
3.803166090687566611e+04 6.779214838861657189e-21 1.807892780772877312e-21
3.804948714608152659e+04 6.590487390423378675e-21 1.788170877278262030e-21
3.806731326518796413e+04 1.027261294578298288e-21 1.688749527653565512e-21
3.808513926413095760e+04 -2.238318028074850433e-21 1.786437457986891394e-21
3.810296514284869772e+04 6.169875833321221560e-21 1.665104866163052231e-21
3.812079090127016389e+04 3.703431055337258512e-21 1.886396386808527557e-21
3.813861653933405614e+04 8.918147927492115553e-21 1.902493415501229133e-21
3.815644205697184225e+04 7.673386048280052582e-21 1.798659698316208690e-21
3.817426745412648597e+04 7.997135016911340170e-21 1.712384463040525455e-21
3.819209273072904762e+04 5.743305261431955123e-21 1.707744805357431548e-21
3.820991788672223629e+04 1.131162737100873363e-20 1.742297397556878583e-21
3.822774292202703509e+04 5.391167197232728531e-21 1.736300636147296214e-21
3.824556783657803317e+04 1.957176603739598877e-21 1.739534162972492935e-21
3.826339263033237512e+04 3.562591599877014556e-21 1.545973429427187295e-21
3.828121730320314236e+04 4.114762658639923903e-21 1.594685742134838838e-21
3.829904185512918775e+04 6.873680541294322527e-21 1.698788448993627298e-21
3.831686628605634905e+04 6.382326011797174801e-21 1.711876759049524276e-21
3.833469059590101824e+04 6.881206785117810861e-21 1.727224841937805264e-21
3.835251478461669467e+04 5.115893144921558221e-21 1.805074766678977570e-21
3.837033885213058238e+04 3.951067400732819716e-21 1.789598425511390760e-21
3.838816279837759794e+04 3.119085978314904063e-21 1.620730045904114637e-21
3.840598662329286162e+04 8.156959519090765914e-21 1.590697013303009327e-21
3.842381032680666976e+04 1.337090750352679449e-20 1.768367938315906020e-21
3.844163390886165871e+04 1.933377959382770110e-20 1.839821367554056823e-21
3.845945736938851769e+04 1.097413742583009120e-20 1.638970832393970177e-21
3.847728070831827790e+04 6.923461690596390895e-21 1.650203096475471385e-21
3.849510392558945023e+04 6.400144487211044636e-21 1.758041986866147022e-21
3.851292702113926498e+04 7.359628905107276539e-21 1.778573353016390197e-21
3.853074999489945913e+04 7.853106423826625858e-21 1.613364032217021176e-21
3.854857284680411249e+04 5.047708078992994582e-21 1.861254101934640725e-21
3.856639557678750862e+04 2.371409607198187214e-21 1.571432357312442701e-21
3.858421818478449131e+04 3.779755173227510280e-21 1.663840386592245238e-21
3.860204067072852922e+04 7.478475136323446273e-21 1.880543895613602200e-21
3.861986303455114103e+04 1.056219933533708646e-20 1.745936094203860450e-21
3.863768527618973167e+04 4.258809008611934335e-21 1.807938076862557507e-21
3.865550739557841734e+04 3.979080305382586912e-21 1.628574355677078286e-21
3.867332939265183813e+04 6.757289544669631472e-21 1.745965911987398853e-21
3.869115126734320802e+04 7.564769397320848953e-21 1.723851612278752455e-21
3.870897301959100878e+04 4.813432139091126884e-21 1.593788217323867438e-21
3.872679464932528936e+04 2.436796560979307166e-21 1.827365639185735555e-21
3.874461615647644794e+04 8.789945492027846029e-21 1.691637844184104289e-21
3.876243754097886995e+04 6.323460187597405159e-21 1.772936145140836263e-21
3.878025880277626857e+04 4.969565410248229257e-21 1.766155168228444342e-21
3.879807994179269008e+04 5.167013302209332601e-21 1.687551243188902663e-21
3.881590095796502283e+04 7.173756083867312004e-21 1.765831537138578170e-21
3.883372185122714291e+04 1.129509626845395447e-20 1.786886613045621894e-21
3.885154262151311559e+04 8.333816746834844502e-21 1.788818191034710872e-21
3.886936326875586383e+04 5.335457808282951848e-21 1.779976340529308756e-21
3.888718379289381846e+04 1.068608525545763582e-20 1.697059308567001112e-21
3.890500420680476964e+04 3.042150564227199213e-21 1.809080527700677097e-21
3.892248217884960468e+04 5.904998489998242142e-21 1.884697025077596556e-21
3.894030237801116164e+04 8.495762495784801135e-21 1.912652867821292693e-21
3.895812245382848050e+04 2.037971971317546206e-21 1.665380689415287264e-21
3.897594240620380151e+04 4.106916835470925954e-21 1.692366068414868707e-21
3.899376223506640235e+04 2.647725334118189301e-21 1.578578140736653655e-21
3.901158194034687767e+04 4.750530631922718497e-21 1.676113154593663542e-21
3.902940152198846044e+04 6.823654782247677946e-22 1.678514802900647859e-21
3.904722097991413466e+04 3.315830856651521418e-21 1.732652220558895368e-21
3.906504031406078138e+04 4.939096509110528290e-21 1.665954831480397469e-21
3.908285952435419313e+04 7.645617290990826318e-21 1.703651969901455865e-21
3.910067861074543180e+04 5.215532817910726824e-21 1.680178664991457576e-21
3.911849757314976159e+04 5.339646767353234609e-21 1.837718944540717208e-21
3.913631641150750511e+04 3.977822552713697501e-21 1.658233031033546711e-21
3.915413512575859932e+04 3.277115308692797790e-21 1.711177206850299485e-21
3.917195371582182270e+04 7.012507328056946084e-21 1.765369418990424229e-21
3.918977218163759244e+04 7.158718300904380498e-21 1.840356740910953942e-21
3.920759052314162545e+04 5.583103556791162376e-21 1.699900100589836681e-21
3.922540874026386882e+04 5.176293205580459732e-21 1.722784058387054545e-21
3.924322683293341834e+04 6.654788444523848536e-21 1.830509669268804713e-21
3.926104480109320866e+04 3.676845336649924179e-21 1.915254372926632832e-21
3.927886264465579006e+04 8.606990498184080557e-21 1.811831206460310014e-21
3.929668036357726669e+04 2.628755766428048615e-21 1.797753643583663862e-21
3.931449795778072439e+04 8.499536926046075756e-21 1.667567342141344551e-21
3.933231542719467689e+04 4.802446267540565677e-21 1.575491923892417441e-21
3.935013277175885742e+04 4.410684367859618266e-21 1.707108669060675185e-21
3.936794999139548599e+04 5.753978948809806395e-21 1.831433373836671921e-21
3.938576708605051681e+04 7.949877593138578826e-21 1.721810345735280146e-21
3.940358405565002613e+04 4.322295829967878758e-21 1.727461170191177630e-21
3.942140090012220753e+04 5.407793404511560200e-21 1.644213892239287112e-21
3.943921761940349825e+04 1.369119588355582898e-21 1.821398693347629768e-21
3.945703421342584625e+04 5.658454971432407182e-21 1.755720593528572604e-21
3.947485068212498300e+04 3.601601128570540005e-21 1.777826146270389105e-21
3.949266702538799291e+04 6.591061394394284701e-21 1.685701126705491505e-21
3.951048323969497869e+04 4.239099187575300625e-21 1.552097948946839202e-21
3.952795584889299062e+04 3.880411925312918260e-21 1.724539607880511115e-21
3.954577178309620649e+04 6.018011176302715852e-21 1.662795479618623241e-21
3.956358759163109789e+04 2.450425791196082882e-21 1.664010484294698073e-21
3.958140327441830595e+04 4.592047642726666253e-21 1.839828733453792270e-21
3.959921883140796854e+04 6.011683475054859357e-21 1.770796422569274341e-21
3.961703426252833742e+04 2.750460033350317951e-21 1.848587356548052121e-21
3.963484956770394638e+04 -1.112253210053864612e-21 1.802566935858954430e-21
3.965266474686715810e+04 4.188793524981097373e-21 1.753350653041456023e-21
3.967047979995595961e+04 9.385925379827046290e-22 1.820627820393262049e-21
3.968829472690299008e+04 1.324419952829297172e-21 1.845488345524938259e-21
3.970610952762515080e+04 -1.601139553256131880e-21 1.832251720207450221e-21
3.972392420207212854e+04 3.998096970659650624e-21 1.841422517161279196e-21
3.974173875017192768e+04 7.826406090913563426e-21 1.754796942765644600e-21
3.975955317184525484e+04 5.370762993722902952e-21 1.781013475318435686e-21
3.977736746703124663e+04 2.959897525355817119e-21 1.693601778865496157e-21
3.979518163566403382e+04 5.827148980937743695e-21 1.656645362296218422e-21
3.981299567767602275e+04 4.530609696365521955e-21 1.740984367915410731e-21
3.983080959298007656e+04 6.355390289854747065e-21 1.745289277233578912e-21
3.984862338153641031e+04 5.132971826640252892e-21 1.715510305684529110e-21
3.986643704325841099e+04 -3.472519914166433126e-21 1.757863807958326814e-21
3.988425057807364647e+04 9.633022874955912617e-21 1.788958445586346998e-21
3.990206398592795449e+04 1.264903810329554052e-21 1.579985497859509086e-21
3.991987726674466830e+04 4.570416976527572435e-21 2.059662430831526209e-21
3.993769042044867092e+04 4.156898023192009855e-21 2.025519082259907129e-21
3.995550344698441768e+04 5.324363795350004153e-21 1.919668072553922218e-21
3.997331634628003667e+04 2.654173458836655124e-21 1.760663872501805817e-21
3.999112911825549963e+04 6.501922576733810640e-21 1.866348695883620239e-21
4.000894176284538844e+04 4.481849454293805498e-21 1.897034650920469736e-21
4.002675427999499516e+04 2.798175332815314927e-21 1.946008297458380869e-21
4.004456666960984148e+04 6.542426866033214494e-21 1.903445119110075403e-21
4.006237893164989509e+04 5.089436576475597361e-21 1.891266980275002805e-21
4.008019106602716056e+04 7.312813996524787471e-21 1.875636769213606525e-21
4.009800307266623713e+04 3.728748729511091840e-21 1.726625507083411776e-21
4.011581495151842682e+04 5.185181270542772398e-21 1.651068131479967187e-21
4.013362670250056544e+04 4.215238490483327806e-21 1.767773403698109440e-21
4.015143832554308028e+04 2.797209441299214368e-21 1.835870346774280980e-21
4.016924982058706519e+04 5.592891856868485083e-21 1.834188066544091763e-21
4.018706118755274656e+04 7.959278333243619428e-21 1.906756460108931567e-21
4.020487242637349118e+04 3.806007822924653379e-21 1.741142048539827036e-21
4.022268353698054125e+04 6.861143843023185267e-21 1.909203365657294160e-21
4.024049451929620409e+04 6.067920794304293639e-21 1.911630213117014288e-21
4.025830537327648926e+04 5.705301573268415277e-21 1.741948987259415259e-21
4.027611609881563345e+04 5.915087293742711230e-21 1.724516544627413291e-21
4.029392669587254932e+04 4.417515908215559096e-21 1.725969906879643942e-21
4.031173716435962706e+04 1.043027030357345828e-20 1.935949598670486872e-21
4.032954750421040808e+04 9.769344509209295149e-21 1.791991418686186331e-21
4.034735771536952961e+04 6.048157047201235430e-21 1.797847691686158257e-21
4.036516779775223404e+04 8.198329514834421639e-21 1.856948032271430617e-21
4.038297775129645743e+04 1.732459989362855584e-20 2.012481424488035919e-21
4.040078757592054171e+04 1.934237123565022252e-20 2.115643027545767050e-21
4.041859727155886503e+04 9.711963132794292359e-21 1.960948866526304698e-21
4.043640683815482043e+04 8.297225546388951857e-21 1.763858298359665999e-21
4.045421627562447247e+04 5.007451425452491988e-21 1.862289846007031803e-21
4.047202558389741171e+04 4.300787201142873055e-21 1.896449669541212568e-21
4.048983476291396073e+04 2.836747653425447708e-21 1.828862149048262461e-21
4.050764381258635694e+04 1.623718105745132637e-21 1.730497781635372360e-21
4.052545273286500742e+04 4.067271730150254516e-21 1.878097225381203829e-21
4.054326152365894814e+04 5.117651382321659723e-21 1.793367284000809096e-21
4.056107018491101189e+04 9.982649842198747240e-22 1.853275990115117353e-21
4.057887871654813353e+04 1.390213545529847860e-22 1.810322175861883942e-21
4.059668711850594991e+04 8.663842087883695848e-21 1.890634048330227070e-21
4.061449539070048922e+04 3.359939664070681137e-21 1.710785852437284869e-21
4.063230353306409961e+04 2.141934961465979168e-21 1.893198000915210816e-21
4.065011154553349479e+04 6.728952852565368290e-21 1.895368553953263779e-21
4.066791942804142309e+04 6.080061699481635627e-21 1.805963981549266275e-21
4.068572718050283584e+04 5.508536610869544000e-21 1.884268886703868618e-21
4.070353480285076512e+04 6.058820509365332477e-21 1.707908328679844456e-21
4.072134229502446397e+04 5.770339819699375714e-21 1.865761115425011407e-21
4.073914965693956037e+04 2.218389771939117304e-21 1.723095951624018901e-21
4.075695688854192849e+04 3.462455195450535901e-21 1.721404504473312933e-21
4.077476398974026961e+04 2.985664732128564491e-21 1.895495436380718527e-21
4.079257096048037783e+04 2.769122777952911741e-21 1.825424988140432561e-21
4.081037780067774293e+04 3.398097364937232939e-21 1.782270589068608975e-21
4.082818451027482661e+04 4.904959697598290335e-22 1.818975618052530307e-21
4.084599108918311686e+04 2.772691937072234615e-21 1.914675827639475838e-21
4.086379753735596751e+04 4.101496732742752297e-22 1.889211927055096798e-21
4.088160385469737957e+04 1.060412149730261340e-20 1.954676657897039149e-21
4.089941004115029500e+04 3.044018583846422822e-21 1.639675473108461122e-21
4.091721609663597337e+04 5.719044462063248392e-21 1.847144414292053810e-21
4.093502202109411155e+04 6.783362560018066017e-21 1.946048256668351567e-21
4.095282781444198918e+04 5.206713759094935196e-21 2.006287155068296892e-21
4.097063347660886939e+04 4.760596860647428630e-21 1.858987988292453410e-21
4.098843900752934860e+04 2.379862521423757804e-21 1.856648993484466323e-21
4.100624440712927026e+04 5.875277987411675038e-21 1.777547342264340345e-21
4.102370337513364211e+04 3.093770455480222535e-21 1.865930810437803252e-21
4.104150847570793121e+04 3.312104060756201911e-21 1.784130148708745731e-21
4.105931344811392773e+04 6.664070630270552784e-21 1.830975408838880826e-21
4.107711828893222264e+04 4.574314444904131728e-21 1.898887719822603035e-21
4.109492299808111420e+04 3.229915918525097515e-21 1.862433080374767244e-21
4.111272757545847708e+04 8.215989043170349259e-21 1.900333955085875027e-21
4.113053202101598436e+04 5.080260371321172028e-21 2.149727477727061248e-21
4.114833633468201151e+04 2.395428906774114646e-21 2.016060046684244315e-21
4.116614051637062948e+04 8.416401262939159701e-21 2.062699115048158630e-21
4.118394456601995626e+04 4.808514605137451654e-21 1.970606732438189805e-21
4.120174848355133145e+04 5.979052388366623196e-21 1.875821513269062558e-21
4.121955226890243648e+04 3.965462843836053325e-21 1.741154486564295696e-21
4.123735592246535089e+04 8.856512990300318175e-21 1.806059996558231789e-21
4.125515949406150321e+04 4.735091491350132547e-21 1.756672531007835000e-21
4.127296314647315012e+04 5.452089854673071441e-21 1.933482938039003273e-21
4.129076666845928412e+04 1.241099912420245391e-20 2.033694650628645380e-21
4.130857005790163385e+04 5.724472890656997007e-21 1.921578318336074224e-21
4.132637331470650679e+04 4.387518533606767032e-21 2.186794053670394323e-21
4.134417643881237018e+04 5.629797237218192043e-21 2.044957240147991393e-21
4.136197943015292549e+04 5.159598019537013751e-21 1.895650196956170089e-21
4.137978228864255652e+04 4.845485767825361148e-21 1.902712602110343890e-21
4.139758501422167319e+04 7.459040208908109059e-21 1.974847449567337310e-21
4.141538760681121494e+04 3.617512729406382867e-21 1.851887622847884730e-21
4.143319006632779929e+04 2.052084290985877082e-21 1.777958095543002365e-21
4.145099239272292471e+04 2.490253980493018523e-21 1.847948559538862890e-21
4.146879458590298600e+04 9.292362096658295625e-22 1.821731224266851035e-21
4.148659664579511445e+04 7.197119658636664917e-21 2.058456977884090114e-21
4.150439857234370720e+04 3.022330824193091918e-21 1.895563512965846473e-21
4.152220036546192568e+04 3.301165266628219776e-21 1.933459439532153396e-21
4.154000202504310437e+04 6.418478815198698925e-21 1.976136636101598573e-21
4.155780354774741136e+04 8.112626682914422477e-21 1.875219357307353853e-21
4.157525761749618687e+04 7.334596843785581356e-21 1.924334877896170107e-21
4.159305884330964182e+04 5.681511058585160771e-21 1.931537839556512869e-21
4.161085993533829605e+04 1.309508426776726554e-21 1.981400471805139659e-21
4.162866089348379319e+04 5.281538633608467969e-21 2.034160333981974827e-21
4.164646171769087960e+04 6.583561782202673859e-21 1.915644631060112545e-21
4.166426240788926953e+04 2.299356029021102926e-21 1.866016815584181841e-21
4.168206296398845006e+04 1.512114360184027299e-21 2.001864681058102930e-21
4.169986338593198889e+04 6.588559056373568492e-21 1.870920586024052807e-21
4.171766367364000325e+04 5.517744893777682173e-21 1.821716095738615271e-21
4.173546382703463314e+04 7.717791935438800780e-21 1.956911291433450637e-21
4.175326384605022758e+04 1.066508580430266432e-20 1.967659502443597589e-21
4.177106373060867190e+04 4.429743058026192385e-21 1.841969678764034955e-21
4.178886348063367041e+04 -9.898366198962898953e-22 2.009569688622744403e-21
4.180666309605401329e+04 5.524370966762088501e-21 2.095784408905373718e-21
4.182446257679697737e+04 2.087171657712658118e-21 1.935887960087559931e-21
4.184226192279117822e+04 1.650140215897856373e-21 1.932169973825922631e-21
4.186006113396022556e+04 7.958761857262641756e-21 2.000446968842052504e-21
4.187786021022209025e+04 3.145958565969584613e-21 2.057899130548844487e-21
4.189565915151437366e+04 6.422353812684579782e-21 2.001783464109383571e-21
4.191345795776215527e+04 5.586755607828061766e-21 1.935152127601855375e-21
4.193125662888152874e+04 7.365935900843686333e-21 2.032440228410848286e-21
4.194905516481178347e+04 7.405964092624476533e-21 1.984438316706174148e-21
4.196685356546525145e+04 8.386545591319472057e-21 2.075910314064089918e-21
4.198465183078120026e+04 5.436422525359098887e-21 1.889987036758476243e-21
4.200244996067895408e+04 2.181955989221415781e-21 1.948997904283529711e-21
4.202024795507996896e+04 2.560624378009995780e-21 1.847444573707787000e-21
4.203804581391043757e+04 5.856005518968447032e-21 1.978066620910490312e-21
4.205584353710253345e+04 3.326353906763288205e-21 1.928327231760937557e-21
4.207364112457867304e+04 6.487740657775081978e-21 1.917197634155628919e-21
4.209143857626392855e+04 5.285436906514527387e-21 1.907142818950202241e-21
4.210923589208057820e+04 8.782642121462093335e-21 2.061347209969528482e-21
4.212703307196422247e+04 7.499734564440973347e-21 1.918851202483191180e-21
4.214483011582993640e+04 4.028010056526782654e-21 1.871735390141402854e-21
4.216262702359908144e+04 4.238091879136506911e-21 1.905105498693408842e-21
4.218042379521498515e+04 4.046823138175540220e-21 1.913038584966463672e-21
4.219822043058834242e+04 -1.166783526649545430e-21 1.892705918601533127e-21
4.221601692964444374e+04 1.542049303288833662e-21 2.071494715413715325e-21
4.223381329231535346e+04 9.007873092569750932e-21 2.069779707072340930e-21
4.225160951852273865e+04 5.291762850239665877e-21 2.076741929283659720e-21
4.226940560819132952e+04 5.274071232030553024e-21 1.974743324843901681e-21
4.228720156123917695e+04 2.176115279350413528e-21 2.091843556343574293e-21
4.230499737760517019e+04 1.626313532585073333e-21 1.917894025510373438e-21
4.232279305721081619e+04 5.566889277967707295e-21 1.902430636340923587e-21
4.234058859996643150e+04 1.475752123047363281e-21 2.113453816733015808e-21
4.235838400581475435e+04 5.461912800039887775e-21 1.949302338169616758e-21
4.237617927466603578e+04 4.880795324697713184e-21 1.906720681186916449e-21
4.239397440646291216e+04 5.269744539730794539e-21 1.944065913801623480e-21
4.241176940110838041e+04 1.694300257152162097e-21 1.998970399883800148e-21
4.242956425854144618e+04 7.143887233523857219e-21 1.958507292802492878e-21
4.244735897868635948e+04 4.627194067169451942e-21 1.931044185301104998e-21
4.246515356146421982e+04 3.352211202987041901e-21 1.917467983985702877e-21
4.248294800679918990e+04 2.754726451420312572e-21 1.941981141820829749e-21
4.250074231460870942e+04 4.382039882431257657e-21 2.041298625226093593e-21
4.251853648482748395e+04 1.162144974913272544e-20 2.167542095266524840e-21
4.253633051738005452e+04 1.770023325817299854e-22 1.971043007929456118e-21
4.255412441217956803e+04 3.631194892089246504e-21 1.923634182009728133e-21
4.257191816916123935e+04 4.144652322617248672e-21 2.000414007869361639e-21
4.258971178824872186e+04 6.146916796239345258e-21 2.024881287528846800e-21
4.260750526935576636e+04 4.604578603187333687e-21 2.180084734808754827e-21
4.262529861241309845e+04 3.690210039586398092e-21 1.799629201926505448e-21
4.264309181735576567e+04 3.355094061728647173e-21 2.021179447326809551e-21
4.266088488408577541e+04 4.296916568498847318e-21 1.803367069849202252e-21
4.267867781254534930e+04 1.051777083635463510e-21 1.916411953254960477e-21
4.269647060264692118e+04 -1.515833872961906684e-21 1.875234090449583479e-21
4.271426325431489386e+04 5.080024069636506168e-21 1.980127181868512892e-21
4.273205576747938903e+04 1.914511334021797115e-21 2.059452879371297958e-21
4.274984814206120063e+04 5.192603973396893224e-21 2.072136755508562299e-21
4.276764037798315258e+04 9.880215018301339195e-22 2.085919744308283985e-21
4.278543247516600240e+04 5.147561501362010714e-21 2.092977834185551423e-21
4.280322443353947165e+04 3.181009103821031442e-21 2.085510691323846633e-21
4.282101625302083266e+04 9.612680044253092076e-21 2.026995783745188751e-21
4.283880793353956687e+04 4.904751008126341848e-21 1.885145108445024649e-21
4.285659947501646820e+04 6.154717430029987892e-21 1.977597058694841646e-21
4.287439087737372756e+04 3.475209776887652509e-21 2.100284591845464244e-21
4.289218214053566771e+04 1.626755157919346301e-21 2.113768711295007661e-21
4.290962338729843032e+04 3.370714793921719919e-21 2.054864739471421943e-21
4.292741433868211607e+04 6.057798358404456350e-21 1.892785433683872396e-21
4.294520515067201632e+04 5.605868794598496702e-21 2.031115076656106341e-21
4.296299582315539010e+04 5.210228961778144453e-21 2.104805996000604369e-21
4.298078635606179887e+04 3.159443961299960648e-21 2.154677084297794793e-21
4.299857674930046051e+04 3.722199459043522148e-21 2.177219324622602455e-21
4.301636700280102377e+04 7.662955908568502783e-21 2.317153090614290936e-21
4.303415711648984143e+04 6.297665223462660824e-21 2.013096742612745989e-21
4.305194709027932549e+04 4.910427928284754623e-21 2.025833961908164797e-21
4.306973692410586955e+04 4.141280193846131485e-22 1.928551381314924013e-21
4.308752661787864054e+04 3.150871144269020023e-21 2.006824155260162021e-21
4.310531617153706611e+04 1.825701035905667393e-21 2.010288966529189209e-21
4.312310558498348109e+04 8.836650893055692414e-22 2.252739221031298117e-21
4.314089485815700027e+04 4.399886753434923742e-21 2.169573529016395189e-21
4.315868399096356006e+04 4.795779599006859970e-21 2.281703565089449274e-21
4.317647298334902007e+04 5.608847681156410963e-21 2.194433097839410634e-21
4.319426183521230269e+04 -2.543183112413396926e-21 2.284871799252192140e-21
4.321205054649215890e+04 6.212096188211756778e-21 2.185476938151162669e-21
4.322983911710130633e+04 8.471754868004818942e-21 2.162623994412524090e-21
4.324762754696449701e+04 1.502461346956405128e-21 2.267408342556243484e-21
4.326541583600128797e+04 2.437369957044991467e-21 2.536315010300123938e-21
4.328320398414335068e+04 3.770306163026566294e-21 2.259074593234920916e-21
4.330099199129618501e+04 4.998256429884896602e-21 2.187118575275969052e-21
4.331877985740183067e+04 3.323037613284820285e-21 2.385825819307031255e-21
4.333656758236898895e+04 7.713531914475020039e-21 2.169335061368983563e-21
4.335435516611555067e+04 5.219895972087211266e-21 2.120552262925389914e-21
4.337214260854492750e+04 7.901746177419241010e-21 2.167865269657498178e-21
4.338992990641818324e+04 5.019005547758212751e-21 1.956407946568602664e-21
4.340736626366600831e+04 3.711097090941545350e-21 2.216853502725870965e-21
4.342515324857155065e+04 3.716679206579660923e-21 2.457565739850707209e-21
4.344294009187220945e+04 5.165708236196093553e-22 2.019789624360370219e-21
4.346072679348313977e+04 5.893035495031102546e-21 1.980673792910944297e-21
4.347851335332856252e+04 4.598444271296916298e-21 2.102767559875064823e-21
4.349629977133443026e+04 5.936795876753538946e-21 2.118678137037890103e-21
4.351408604741762247e+04 4.387883005157003168e-21 2.161657557864095520e-21
4.353187218149688124e+04 5.695295793517703433e-21 2.092978690958790184e-21
4.354965817349618737e+04 9.471271243878468617e-21 2.045698340143074102e-21
4.356744402333757898e+04 6.225427213906529530e-21 2.111912663175995423e-21
4.358522973094206100e+04 2.285821567794740035e-21 2.008765969671755375e-21
4.360301526857585122e+04 6.300261286024063850e-21 2.000976498145565152e-21
4.362080030282332154e+04 4.242760559547675560e-21 1.971857316602081416e-21
4.363858519460991374e+04 8.837840824012496408e-22 2.197118676203569709e-21
4.365636994384956779e+04 4.063878272411523870e-22 2.131381695084537530e-21
4.367415455046658462e+04 -8.703603976244224444e-22 2.114946276298850896e-21
4.369193901437866589e+04 4.804078398784698791e-21 2.057064106488357726e-21
4.370972333552037890e+04 5.396839750849170022e-21 2.148701074534507845e-21
4.372750751379179565e+04 5.628467486154044273e-21 2.121024189687304131e-21
4.374529154912705417e+04 3.244480552454542018e-21 2.145835379201336901e-21
4.376307544144779968e+04 2.855553835588666614e-21 1.984628487466160836e-21
4.378085919066300994e+04 1.380798236644131108e-22 2.017342333879848040e-21
4.379864279670477117e+04 2.310888915592606526e-21 2.136839625558903580e-21
4.381642625948946079e+04 4.385580828593411468e-21 2.401025348305964315e-21
4.383420957894151070e+04 3.751625690161716348e-21 2.278317860921364470e-21
4.385199275496683549e+04 4.561917940662895230e-21 2.179830300364545886e-21
4.386977578750722751e+04 6.135281427036645601e-21 2.215118163487002915e-21
4.388755867646530533e+04 5.908969070727449119e-21 2.188370913883036998e-21
4.390534142177530157e+04 8.043799421860673462e-21 2.108927249630785144e-21
4.392312402334363287e+04 5.957605721354946113e-21 2.342022145795337122e-21
4.394090648110046459e+04 1.052585984027828727e-21 2.223676219811096620e-21
4.395868879496318550e+04 1.720695868688594691e-21 2.253371735253136357e-21
4.397647096484724898e+04 4.984733426203624015e-21 2.179836634729216732e-21
4.399425299067721789e+04 5.482830461935349430e-21 2.345563079912433538e-21
4.401203487237577065e+04 7.188747181165282508e-21 2.081498594917673407e-21
4.402981660985985218e+04 2.717448594410070685e-21 2.166634816244253449e-21
4.404759820304533787e+04 4.628972322676546659e-21 2.265301787544770053e-21
4.406537965185572830e+04 9.149126101458778108e-22 2.265817621376525239e-21
4.408316095621434215e+04 2.358649682404272884e-22 2.151744668092970729e-21
4.410094211603348231e+04 5.988892501267050289e-21 2.147213874743790848e-21
4.411872313123679487e+04 7.568457565812642641e-21 2.085424441468959021e-21
4.413650400174668903e+04 -1.660509123359516124e-21 2.169158333275708050e-21
4.415428472747999331e+04 6.855998937402379649e-21 2.078622920159542589e-21
4.417206530835161539e+04 3.753504270567006768e-21 2.014381449444988199e-21
4.418984574428544875e+04 7.874536820804184957e-22 2.023426624286716385e-21
4.420762603520014090e+04 -1.732321137457083608e-21 2.095798798061736397e-21
4.422540618101542350e+04 3.547396457088630768e-21 2.056382030805125048e-21
4.424318618165390944e+04 5.692049975388783942e-21 2.050269336588427822e-21
4.426096603702050925e+04 6.192190937152494328e-21 2.187220059062897827e-21
4.427874574705591658e+04 3.538620329353980944e-21 2.407668565833475939e-21
4.429652531166811968e+04 2.976055737711296558e-21 2.183313898942938126e-21
4.431430473077326315e+04 4.839121491401819844e-21 2.153872392566897352e-21
4.433208400429291214e+04 6.426762742777198965e-21 2.104777085849877136e-21
4.434986313214339316e+04 2.567659468311377483e-21 2.122134060528322149e-21
4.436764211424995301e+04 1.663280600118411707e-21 2.161189092650959309e-21
4.438542095052832155e+04 -2.871772652202714220e-23 2.238745602944099549e-21
4.440319964089342830e+04 7.692928906562951221e-21 2.287496495128187314e-21
4.442097818527114578e+04 7.781423772615468024e-22 2.356406102640804256e-21
4.443875658358382498e+04 1.498707297960821313e-21 2.405261516183071782e-21
4.445653483572830737e+04 3.972589312182977753e-21 2.343361928008065333e-21
4.447431294164515566e+04 1.202611283254273858e-20 2.374639349985245670e-21
4.449209090124835348e+04 6.238306017244566525e-21 2.405385938841046149e-21
4.450986871444300778e+04 8.921297880788818089e-21 2.195127765676242678e-21
4.452764638116813148e+04 4.451360071932203642e-21 2.167676142488162528e-21
4.454542390132122091e+04 1.495423785678938348e-20 2.522066076747388851e-21
4.456320127483804390e+04 5.982800136956613834e-21 2.297870380846823847e-21
4.458097850162965187e+04 6.923204048051125534e-21 2.414945952439599416e-21
4.459875558161029039e+04 7.326457331145919289e-21 2.448791955520515745e-21
4.461617937180923764e+04 5.742717183080576880e-21 2.356042141920041810e-21
4.463395612444113067e+04 1.158725567041127817e-21 2.303137214967640704e-21
4.465173273005102965e+04 1.397102161300124316e-21 2.407004446822893242e-21
4.466950918852609175e+04 2.981894319382030708e-21 2.367468056948397512e-21
4.468728549978066440e+04 5.146106040439648343e-21 2.260424036897447976e-21
4.470506166372885491e+04 1.977368336620451788e-21 2.518327592879512517e-21
4.472283768029229395e+04 5.061097909628159702e-21 2.359225046449331902e-21
4.474061354938815930e+04 4.806227727050724333e-21 2.217793651914581110e-21
4.475838927093478560e+04 4.611551438819672224e-21 2.408970500318411378e-21
4.477616484485253750e+04 3.216581369694900781e-21 2.562683345885530093e-21
4.479394027105259738e+04 3.520352291124676176e-21 2.569743485847867693e-21
4.481171554945557000e+04 3.386644807463932277e-21 2.217895088782376601e-21
4.482949067997896782e+04 1.402507614127098649e-21 2.279569191409800588e-21
4.484726566254383215e+04 3.735048410206139404e-21 2.171832076261547237e-21
4.486504049705663056e+04 3.355723426644472995e-21 2.163284683515681608e-21
4.488281518344218057e+04 2.909437198169481498e-21 2.034494207115506323e-21
4.490058972162396094e+04 1.216951080724078325e-20 2.335165501780671970e-21
4.491836411150932690e+04 8.545606703146160908e-21 2.536401103963558572e-21
4.493613835301507061e+04 4.755398416624066288e-21 2.263220676833447348e-21
4.495391244606852706e+04 1.244982301603637328e-21 2.187402337941687863e-21
4.497168639057333348e+04 3.136987856575404085e-21 2.279163772683211640e-21
4.498946018645940057e+04 3.448316774768990950e-21 2.418470470780666668e-21
4.500723383362390450e+04 4.745346773962781302e-21 2.535052763010300838e-21
4.502500733201036928e+04 2.972076682542256294e-21 2.207033334148145521e-21
4.504278068149161845e+04 5.266726551638622185e-21 2.532676563517287690e-21
4.506055387899363268e+04 3.996098598090376347e-21 2.306177002932913375e-21
4.507797291967581987e+04 5.734485150600142591e-21 2.170682752328795673e-21
4.509574578851008118e+04 2.529829398299876877e-21 2.323174411427275897e-21
4.511351850813218334e+04 4.117950314444131486e-21 2.271099124069558698e-21
4.513129107845936232e+04 2.551943216423404295e-21 2.359254774016252178e-21
4.514906349941117514e+04 1.041203833970599102e-21 2.524087915569445128e-21
4.516683577090046310e+04 5.415625002194741974e-22 2.491139991326670922e-21
4.518460789284393832e+04 2.710941266757317408e-21 2.648997703046751325e-21
4.520237986515360535e+04 7.455662625937906395e-22 2.617889589214721894e-21
4.522015168775359780e+04 5.359998572670965331e-21 2.428047484266591142e-21
4.523792336055218766e+04 8.020518273358047314e-22 2.469730954559278577e-21
4.525569488346958678e+04 6.725266321253710666e-21 2.522443413238060884e-21
4.527346625642515573e+04 3.566671771706634657e-21 2.428679134917308672e-21
4.529123747932410333e+04 7.966808492807579303e-22 2.376180401839110593e-21
4.530900855209353176e+04 3.873839536023571983e-21 2.469466586985856763e-21
4.532677947464837052e+04 1.552820354567392683e-22 2.328669091227511852e-21
4.534455024689825950e+04 1.282980895747565624e-21 2.283850975980740323e-21
4.536232086876198446e+04 -1.001904866030267040e-21 2.385481200759247808e-21
4.538009134015189920e+04 -4.168473983440973179e-22 2.259775707681104909e-21
4.539786166099433467e+04 5.986964286769956798e-21 2.416641857964172615e-21
4.541563183119381574e+04 5.656503268039680281e-21 2.384357696255257397e-21
4.543340185067016864e+04 7.497464078868224136e-21 2.390592538115915149e-21
4.545117171933450300e+04 -1.056400037671414746e-21 2.430833604557695626e-21
4.546894143711342622e+04 2.259583508538139868e-21 2.419405571104071325e-21
4.548671100390802894e+04 5.413403165529681707e-21 2.329240572796057160e-21
4.550448041964392905e+04 3.461517139910613493e-21 2.388938484319202338e-21
4.552224968423349492e+04 2.245925430942712713e-21 2.320383848180886294e-21
4.554001879758742143e+04 7.087369538156152551e-22 2.285750723924199306e-21
4.555778775962882355e+04 2.112680181321446507e-21 2.329415518804493946e-21
4.557555657026870904e+04 6.228874777291161639e-22 2.362082080415766282e-21
4.559332522942220385e+04 3.474901689187421536e-21 2.404532459468711239e-21
4.561109373700109427e+04 2.155217097658997462e-21 2.344622469105426574e-21
4.562886209292658896e+04 7.789931022599503324e-21 2.296025405219866525e-21
4.564663029710730189e+04 3.977135186412517939e-21 2.590817667980066948e-21
4.566439834946798510e+04 3.200271167692620605e-21 2.642220116779742132e-21
4.568216624990609853e+04 2.065038098316922161e-21 2.366787805386165286e-21
4.569993399835396849e+04 4.854324718738976361e-21 2.493859902260523619e-21
4.571770159471519582e+04 7.623937610237640500e-21 2.687113853160514938e-21
4.573546903891206603e+04 8.277082830513740651e-21 2.722058930339453345e-21
4.575323633085133770e+04 4.111846955921649888e-21 2.581158098693154622e-21
4.577100347045151284e+04 2.874851409979034482e-21 2.488431810974545697e-21
4.578877045763036585e+04 3.768461600359324115e-21 2.430578560126252688e-21
4.580653729229488818e+04 4.708121531232610459e-21 2.380892585494580723e-21
4.582430397436350904e+04 2.917179989661894777e-21 2.596883887585773889e-21
4.584207050374967366e+04 3.383037473180672206e-21 2.629201422708785238e-21
4.585983688036462263e+04 2.822085696808057855e-21 2.395882926382865914e-21
4.587760310413636762e+04 8.387428597904139207e-21 2.513357616875816863e-21
4.589536917496106616e+04 2.335772415486490228e-20 2.873415935451374708e-21
4.591313509276036348e+04 1.837504847924758670e-20 2.924117178469311815e-21
4.593090085744395765e+04 1.087468449120957239e-21 2.391464190768604597e-21
4.594866646910614509e+04 2.862516695550407595e-21 2.551387402797783408e-21
4.596643247512888047e+04 -2.832903764643384876e-21 2.316923378220487723e-21
4.598419843560894515e+04 4.071895437039621362e-21 2.525385206360010546e-21
4.600196424261571519e+04 2.190532076957654358e-21 2.611718194560063365e-21
4.601972989606545889e+04 2.278547542689215530e-21 2.465309070699896581e-21
4.603749539587596519e+04 7.940473167028693654e-21 2.462512466706092342e-21
4.605526074193956447e+04 1.391630312662777260e-21 2.584857835029392047e-21
4.607302593419391633e+04 1.533189796049168745e-21 2.470357647565991168e-21
4.609079097253899818e+04 4.515442274338081245e-22 2.571473205212765523e-21
4.610855585688390420e+04 4.791107756286899053e-21 2.917830329838500475e-21
4.612632058715302264e+04 6.282278044623457727e-21 2.657760329109286275e-21
4.614408516326294921e+04 5.574198665053878127e-21 2.535895402742134878e-21
4.616184958511599689e+04 3.783322684908455432e-21 2.399356516901834425e-21
4.617925766141743225e+04 5.964506131419506752e-21 2.665374947300740831e-21
4.619702173776595009e+04 4.010061135145017288e-21 2.523571751772512116e-21
4.621478566251209122e+04 4.740876829990180522e-21 2.362602511049475969e-21
4.623254943268690840e+04 3.869531814764835778e-21 2.410972667995552022e-21
4.625031304816620832e+04 9.147211344704540791e-21 2.658887344814813067e-21
4.626807650887007185e+04 1.580804654714808978e-21 2.644873391010041429e-21
4.628583981470765866e+04 4.727137900060806106e-22 2.569891185816344183e-21
4.630360296558804112e+04 2.895659340299101225e-21 2.694850649695001684e-21
4.632136596142773487e+04 6.218297618365402014e-21 2.803714412778430877e-21
4.633912880213877361e+04 6.588274762139886742e-21 2.713116084249269532e-21
4.635689148763410049e+04 8.008834494807469565e-21 2.557801300981294905e-21
4.637465401782616391e+04 8.680275353363754646e-21 2.582477496419972272e-21
4.639241639262707031e+04 5.291697871835817260e-21 2.790342306337619705e-21
4.641017861195640580e+04 2.080258458990475231e-21 2.582782989938549357e-21
4.642794067570551124e+04 7.664055650490524817e-21 2.648204741409945300e-21
4.644570258381072199e+04 5.424692204421048161e-21 2.520439098284712131e-21
4.646346433616743889e+04 4.703389157207081652e-22 2.739077576170030961e-21
4.648122593270079233e+04 6.145052264905216608e-21 2.790162609674105667e-21
4.649898737330987933e+04 9.679127945433267565e-23 2.713113259803303223e-21
4.651674865791982302e+04 5.744285615416482439e-21 2.874733368377102717e-21
4.653450978642909467e+04 6.334722292020945528e-22 2.452513883412069142e-21
4.655227075876336312e+04 8.583531938664726615e-21 2.706841084711152557e-21
4.657003157482040842e+04 3.743754249536700335e-21 3.061948115582848390e-21
4.658779223449263372e+04 4.278877567605023305e-21 2.895543625547691574e-21
4.660555273482948542e+04 6.386064768288259230e-21 2.874042843468040374e-21
4.662295604447691585e+04 2.370364579813909740e-21 2.610773990820197895e-21
4.664071620068471384e+04 3.801938128193956234e-21 2.632509515645774144e-21
4.665847620018738962e+04 4.397294791173367155e-21 2.806469768395547772e-21
4.667623604287856870e+04 3.150569600026260290e-22 2.737336607512044273e-21
4.669399572867724783e+04 2.405647998161171516e-21 2.672654379791364276e-21
4.671175525749407097e+04 3.274542363378529545e-23 2.478568284930478320e-21
4.672951462924788939e+04 5.054949372818300446e-21 2.692699476149904171e-21
4.674727384383581375e+04 6.116404162102352718e-21 2.753529609163888324e-21
4.676503290117905271e+04 7.483573041807734973e-21 2.861820229115840941e-21
4.678279180118232762e+04 2.496945473060018469e-21 2.574653935085446917e-21
4.680055054375984764e+04 1.848120084120889442e-21 2.656964827877075470e-21
4.681830912882606208e+04 6.282935989814630569e-21 2.648630686645559427e-21
4.683606755628531391e+04 3.494949472384656392e-21 2.744885270580929934e-21
4.685382582604773779e+04 3.800392736158403298e-21 2.846419522606029401e-21
4.687158393803879153e+04 5.981627777455094648e-22 2.790918701434397348e-21
4.688934189214811340e+04 7.356514000994570079e-22 2.782992150833234434e-21
4.690709968829633726e+04 6.364872911344643492e-21 2.827623031983965850e-21
4.692485732640192873e+04 3.686139919022263948e-21 2.763796188136713147e-21
4.694261480636795022e+04 1.248407001979016608e-21 2.548658069138134822e-21
4.696037212810133497e+04 -1.130944884009016007e-21 2.530515980661426214e-21
4.697812929151652497e+04 7.181024066388230280e-21 2.920143902171230000e-21
4.699588629651968222e+04 7.353879267285773977e-22 2.639795260707429126e-21
4.701364314302871935e+04 9.005182390138821447e-21 2.701548464954514615e-21
4.703139983095043135e+04 1.334076784798968747e-21 2.676491424964389120e-21
4.704915636019437079e+04 5.337738332375247226e-21 2.763525364143520824e-21
4.706691273067144357e+04 -1.013394347443381368e-21 2.823765665155616519e-21
4.708466894229142781e+04 7.089662885184824194e-21 2.768213224710034790e-21
4.710242499496060191e+04 5.835359836963460463e-21 2.824923091071285725e-21
4.712018088860005082e+04 1.065940671844035941e-20 2.783937093620799858e-21
4.713793662310498621e+04 1.190451163906024064e-21 2.841293160689398434e-21
4.715569219839260040e+04 4.534029898236727225e-21 2.961288059406124303e-21
4.717344761437651323e+04 2.034907708437284786e-21 3.008916105991434139e-21
4.719120287096212996e+04 2.723303514464388289e-21 2.608431848906592536e-21
4.720895796805981809e+04 5.178485215579527993e-21 2.885151198699896498e-21
4.722671290557554312e+04 1.363547543157876305e-21 2.774791623908919786e-21
4.724446768342192809e+04 -1.249398922108322887e-21 2.786361777920181716e-21
4.726222230150905671e+04 4.019731273441801923e-21 2.843728292236712578e-21
4.727997675974603044e+04 3.572364919351675309e-21 2.780894122594794253e-21
4.729773105804919032e+04 1.048190425959317158e-20 2.877843106117973212e-21
4.731548519630701776e+04 5.615775856695460579e-21 3.015221783923547714e-21
4.733323917445661209e+04 7.587382066760779728e-21 2.942800832526412006e-21
4.735099299238612730e+04 3.763537590720673624e-21 2.867036285109141274e-21
4.736874665001207177e+04 5.565540508991041009e-21 2.928594649594483657e-21
4.738650014724272478e+04 3.438554831901800061e-21 2.895642067058412789e-21
4.740425348399132054e+04 3.760688487105815066e-21 3.096098163598591231e-21
4.742200666015969182e+04 8.664078310811298712e-21 3.017418413190578635e-21
4.743975967565961764e+04 4.548079824921813322e-21 2.856319076395467294e-21
4.745751253040065058e+04 9.013117317701728929e-21 2.717887031017117066e-21
4.747526522429128818e+04 2.763121903049983355e-21 2.496095481834116077e-21
4.749301775723638275e+04 6.919155411145650066e-21 2.577202172333931778e-21
4.751077012915220985e+04 8.510296748714082717e-21 2.709000711650485018e-21
4.752852233994337439e+04 1.646531067544227151e-21 2.796767017194149733e-21
4.754627438951848308e+04 -8.290794817897285220e-22 3.018317886113403278e-21
4.756402627778625902e+04 -5.088923927867089937e-22 3.032610560431877855e-21
4.758177800465460314e+04 -1.935392407068221415e-21 2.836141159471425958e-21
4.759952957003218035e+04 8.838487670789803622e-21 2.958736891883471014e-21
4.761728097382390843e+04 8.735200650055260352e-21 3.163297656556439333e-21
4.763503221594402567e+04 7.739438509713777031e-21 3.168233647178225900e-21
4.765242420329010201e+04 3.280091117290862067e-21 3.199546901639003511e-21
4.767017508763261867e+04 3.075946339025982066e-21 2.833593526762829701e-21
4.768792581005756801e+04 4.392493344352777683e-21 2.860182402935632147e-21
4.770567637043312425e+04 -1.636856620431930308e-21 3.212718012052991810e-21
4.772342676867424598e+04 5.727450073023635818e-22 3.018073709532988387e-21
4.774117700468483963e+04 8.347563778654257647e-21 3.185697822099284189e-21
4.775892707836952468e+04 6.915391643775287272e-21 3.105996462272544956e-21
4.777667698963611474e+04 3.449843854210553848e-21 2.824446753561401941e-21
4.779442673840226053e+04 -9.946882541880179109e-22 3.077614256900470426e-21
4.781217632456559659e+04 -6.225061439171795001e-23 3.033953820810969670e-21
4.782992574803697789e+04 6.642158495828024120e-21 3.274678422940871725e-21
4.784767500872359233e+04 2.508858229500917826e-21 3.410933955093588589e-21
4.786542410653333354e+04 3.306035806264638610e-21 3.227539939930253779e-21
4.788317304137679457e+04 -1.095525247671708001e-21 2.797200827844254567e-21
4.790092181315406924e+04 -2.164730224900461027e-21 3.140015486667647263e-21
4.791867042177976691e+04 3.173735485219331497e-21 2.767541705048536904e-21
4.793641886715036526e+04 4.323837206889755241e-21 2.885068387288679568e-21
4.795416714918666548e+04 1.301537074908381305e-20 3.128036095159992337e-21
4.797191526778586558e+04 6.148802583675857092e-21 3.194867360443905183e-21
4.798966322286134528e+04 3.174640223512774419e-22 3.213626736306681056e-21
4.800741101430966955e+04 7.587896627722469459e-21 3.207185509453356184e-21
4.802515864204842364e+04 7.825941226471170216e-21 2.979607427376246191e-21
4.804290610594364261e+04 -6.388796972132601938e-22 3.046716664286554339e-21
4.806029352729525999e+04 7.503355986569396273e-22 3.109272796484977680e-21
4.807804062913194502e+04 6.925579342566754205e-21 3.211204487397227612e-21
4.809578756687112764e+04 -5.431586906274714912e-21 2.953992992934564632e-21
4.811353434042623849e+04 5.235921252131940164e-21 3.057786444515287525e-21
4.813128094970784878e+04 3.941382614007102841e-21 2.913262072801128716e-21
4.814902739461851888e+04 2.713691789550325217e-21 3.037391457419075223e-21
4.816677367506438168e+04 3.066998140582879446e-21 3.185776427436778455e-21
4.818451979095579009e+04 7.404913009705681260e-21 3.316435188453356626e-21
4.820226574218794121e+04 4.419965597856720468e-21 2.985473337795209910e-21
4.822001152867037308e+04 3.342946902343999619e-22 2.944180959575703288e-21
4.823775715032045264e+04 5.294674773269643804e-22 3.066769893677708490e-21
4.825550260703314416e+04 5.342384490623466454e-21 3.163425803126721969e-21
4.827324789871786925e+04 -4.098796438337832040e-21 3.034924664386074308e-21
4.829099302514551528e+04 -3.630595376833609862e-22 2.942935160226783352e-21
4.830873764946353185e+04 6.718593231360725689e-21 2.971895893922830553e-21
4.832648161829831952e+04 6.292502408980947606e-21 2.881181668605152855e-21
4.834422542174840783e+04 -2.863004952779238575e-22 2.909420314190980317e-21
4.836196905972635432e+04 -5.634840138700645207e-21 3.051120256518661631e-21
4.837971253213403543e+04 -1.378958298645513025e-21 3.103079347880485142e-21
4.839745583886671375e+04 2.979145243663963465e-21 3.104019364891337118e-21
4.841519897984750423e+04 -1.088502972190042529e-21 3.009343539044067447e-21
4.843294195497092733e+04 6.865725524913912949e-21 3.284198910954448898e-21
4.845068476415354962e+04 1.804679443906805579e-22 2.972828332832059299e-21
4.846842740728963690e+04 3.291457822666816094e-22 2.987541413129899753e-21
4.848616988429140474e+04 -5.284883137478842626e-21 2.755370223364521958e-21
4.850391219505733898e+04 5.309546736408517704e-21 2.818244070488055358e-21
4.852165433949232101e+04 2.317329583240705239e-21 3.108663087306220179e-21
4.853939631750475382e+04 7.276456892939300068e-21 3.101332021290168711e-21
4.855713812900007179e+04 8.053712523011767597e-21 3.024427728984820372e-21
4.857487977388663421e+04 -1.046926016126818900e-21 2.886050651135714708e-21
4.859262125206885685e+04 3.940188754505014247e-21 3.258351702474779377e-21
4.861036256344862340e+04 3.974205792674382239e-21 3.094283470003685326e-21
4.862810370792332833e+04 4.788278841354731386e-23 3.236992102297831546e-21
4.864584468540433591e+04 5.855855301996352570e-21 3.264021196058765264e-21
4.866358549579327519e+04 1.209708010655569273e-20 3.501065513533470311e-21
4.868132613900891738e+04 -1.327101364813894342e-21 3.377591969218438294e-21
4.869906661493732099e+04 3.615273113426492156e-21 3.326155297686035729e-21
4.871680692349778838e+04 -2.636520570163020194e-22 3.349662695358119193e-21
4.873454706458402507e+04 -2.883127646037208498e-21 3.608976742814327251e-21
4.875228703809245781e+04 -1.211170989768140127e-21 3.523191860004346196e-21
4.877002684394583775e+04 1.253280417223639431e-20 3.569296825233586257e-21
4.878776648204121739e+04 1.158440887090079050e-20 3.347104880357360553e-21
4.880550595228563907e+04 4.969070408485088943e-21 3.262435052974880688e-21
4.882324525458364224e+04 3.000251492719026340e-21 3.481398640474733567e-21
4.884098438882867777e+04 -1.416687648647768382e-21 3.164237742940312937e-21
4.885872335492409911e+04 -1.727467554603044827e-21 3.323279479112879869e-21
4.887646215278832096e+04 2.775576052738562206e-21 3.304130032009723728e-21
4.889420078232175001e+04 3.073200332837244207e-21 3.520228613595425129e-21
4.891193924342058017e+04 -5.572613445373842170e-21 3.621916782155739225e-21
4.892967753600279684e+04 7.002282233057954462e-21 3.550217351443806334e-21
4.894741565994390112e+04 6.579238317303044323e-21 3.419438886150722504e-21
4.896515361516133271e+04 7.322751121258414672e-21 3.443492503792510084e-21
4.898289140157968359e+04 1.767094875542750048e-21 3.404649865272218615e-21
4.900062901907748892e+04 4.607476065798151431e-21 3.614497687382439152e-21
4.901800467032167217e+04 1.102146450891911328e-21 3.263971660421705785e-21
4.903574191523283662e+04 7.219220962955760555e-21 3.071922982878639184e-21
4.905347899096932815e+04 -1.722700586920994667e-21 3.039223096507445324e-21
4.907121589741221396e+04 9.854058957480693680e-21 3.599079982648664418e-21
4.908895263445380260e+04 8.340057464817566165e-21 3.364208311364896807e-21
4.910668920199021522e+04 2.962300001109312860e-21 3.589387595676307361e-21
4.912442559992820316e+04 3.420925733328388928e-21 3.476791665420082455e-21
4.914216182818073139e+04 -2.068542729633175517e-21 3.268567461952331599e-21
4.915989788664370280e+04 4.042620146466518920e-21 3.713938767809398650e-21
4.917763377522355586e+04 -3.774949834135166146e-22 3.623398375399707182e-21
4.919536949381240993e+04 3.058739869168578206e-21 3.313594392517505746e-21
4.921310504230947117e+04 4.884232516802783988e-21 3.257516134327259922e-21
4.923084042064835376e+04 5.965704270221653754e-21 3.419332233371143267e-21
4.924857562870442052e+04 6.318295746521989539e-21 3.468991448768150981e-21
4.926631066639289929e+04 4.404799455631362918e-22 3.423233447662702688e-21
4.928404553357924306e+04 5.137900344771438150e-21 3.355735447898832421e-21
4.930178023022719572e+04 -7.978448761066448143e-21 3.405648013334181859e-21
4.931951475619802659e+04 -2.845952869612831860e-21 3.392800000637357496e-21
4.933724911141059420e+04 5.771564635733027355e-21 3.278557253584832052e-21
4.935498329574031959e+04 1.573181451383973679e-20 3.416663324251098642e-21
4.937271730912975181e+04 8.192653945390147969e-22 3.490506484196156323e-21
4.939045115142894792e+04 4.542688606352079281e-21 3.486925443948690587e-21
4.940818481990297005e+04 5.151348705543432099e-21 3.663978181737966155e-21
4.942555573232787719e+04 7.903635054304948936e-21 3.423578888865622024e-21
4.944328902637119609e+04 -4.569387560742271437e-21 3.563909941915038072e-21
4.946102214895909856e+04 -5.573877711189927136e-21 3.506510236864778383e-21
4.947875509998997586e+04 4.082830061793948959e-21 3.406277193029064938e-21
4.949648787934771826e+04 -1.221802774613015210e-21 3.384014129773100811e-21
4.951422048697909486e+04 1.026613787720936876e-20 3.094378306122043684e-21
4.953195292275803513e+04 4.001300808547764963e-21 3.511551141199312290e-21
4.954968518657198001e+04 9.462302480387033670e-22 3.448964373969744083e-21
4.956741727835655911e+04 1.078126633614527162e-21 3.809414800808966453e-21
4.958514919799615018e+04 -2.941356221532929205e-21 3.362107917772236003e-21
4.960288094539203303e+04 7.663331389982345017e-21 3.734687120478090592e-21
4.962061252042744309e+04 2.780705785821029063e-21 3.459220860815363461e-21
4.963834392303852655e+04 5.224661947621142231e-21 3.375079152825340773e-21
4.965607515310558665e+04 1.086881388306385163e-21 3.347461788149675638e-21
4.967380621052598144e+04 5.087196954373113667e-21 3.520080008632753275e-21
4.969153709521064593e+04 8.147623270887000216e-21 3.569315982387286562e-21
4.970926780706785939e+04 -2.608147317784807035e-22 3.598525146576661962e-21
4.972699834598095913e+04 5.717183733530272765e-21 3.599447090597427453e-21
4.974472871183969983e+04 5.993983319261250099e-21 3.546091094928806260e-21
4.976245890458676149e+04 -3.506607182878167084e-21 3.438594959429400399e-21
4.978018892409158434e+04 2.194625588925219740e-21 3.510743530846536735e-21
4.979791877024747373e+04 6.110322496319241218e-21 3.252188630091123323e-21
4.981564844298592652e+04 -1.222302338066058219e-21 3.208927607495769592e-21
4.983337794218683121e+04 8.096093922957884566e-21 3.646237139100664663e-21
4.985110726774012437e+04 6.468770070173356298e-21 3.753399515313192861e-21
4.986883641957312648e+04 -1.033295224935762376e-21 3.459133025555173160e-21
4.988656539757968130e+04 3.070863568267426117e-21 3.621727213237665690e-21
4.990429420162863971e+04 2.430211677058903112e-21 3.422023766762450883e-21
4.992202283165793051e+04 2.015879289021326885e-21 3.617475333234168147e-21
4.993975128756391496e+04 2.102051167138291556e-21 3.779736121643085107e-21
4.995747956921918376e+04 7.558439453622499802e-21 3.606281399676873708e-21
4.997520767654433439e+04 -8.891381367120296870e-22 3.634610458154254838e-21
4.999293560944541969e+04 -7.637893573164105567e-22 3.400159032940818557e-21
5.001066336779159610e+04 5.523234075641791538e-21 3.503150567977926551e-21
5.002839095152055961e+04 9.761160956492077063e-21 3.871426662648072471e-21
5.004611836051775754e+04 4.573991602672043774e-21 3.612630009643983884e-21
5.006384559466187056e+04 5.673101245924754078e-21 3.635354054553199430e-21
5.008157265388030646e+04 2.957866283712085303e-21 3.662315214227717689e-21
5.009929953806903359e+04 -5.425546959516732171e-22 3.908226546360157686e-21
5.011702624709914380e+04 2.046299635465313033e-21 3.705474386409587572e-21
5.013475278090828942e+04 -1.382664562463692986e-21 4.014117086963639208e-21
5.015247913938192505e+04 8.651235782089143943e-21 3.635164450756856593e-21
5.017020532239486056e+04 3.608558396199689758e-21 3.729552903836012517e-21
5.018793132988373691e+04 9.431975075826347646e-21 4.091048011978253195e-21
5.020565716173077089e+04 4.818923142703533516e-21 3.814380541674040026e-21
5.022338281782111153e+04 5.815359698768796143e-21 3.706526783796347363e-21
5.024110829807716800e+04 1.236814405879790804e-20 3.719788293964696496e-21
5.025883360237742454e+04 1.757200544689561252e-21 4.062814986820255789e-21
5.027655873064131447e+04 3.946241083155885334e-21 3.975916937524330945e-21
5.029428368276058609e+04 2.010916340409326577e-20 4.184036182174722093e-21
5.031164405613125564e+04 3.893184702605058759e-21 3.733723945128262071e-21
5.032936861832245631e+04 7.333215782549649455e-21 3.915128918699137966e-21
5.034709300660967710e+04 6.155717669402627570e-21 3.724043304458452441e-21
5.036481721836231736e+04 -9.701963653839596555e-23 3.732223531142258638e-21
5.038254125346119690e+04 9.828871092064182012e-22 4.471980795974025728e-21
5.040026511178176588e+04 4.096961630561146724e-21 4.649413005596611688e-21
5.041798879325875168e+04 -2.092391567578744191e-21 3.967288622338505734e-21
5.043571229777007102e+04 4.672540673588620633e-21 4.112301874354902512e-21
5.045343562519713305e+04 1.389509984362135826e-20 3.882772571015622627e-21
5.047115877547103446e+04 6.880284325146675551e-21 3.618786670393662527e-21
5.048888174845038156e+04 3.457466699337683982e-21 3.597248052383528760e-21
5.050660454407895304e+04 1.229030201041648154e-20 3.973691608064521981e-21
5.052432716223469470e+04 1.171886193838022630e-21 4.158593606320944113e-21
5.054204960279235092e+04 5.748214183756876446e-21 4.036747598593177189e-21
5.055977186568222533e+04 9.127869919753161695e-21 3.587539728345745624e-21
5.057749395076914516e+04 6.806624295616595518e-21 3.612581037218258258e-21
5.059521585799352033e+04 1.253527081769600027e-20 4.071178824618899273e-21
5.061293758722987695e+04 3.086170224052346268e-21 3.968669798104811268e-21
5.063065913835874380e+04 3.250178689439820410e-21 3.571492472665486456e-21
5.064838051270848518e+04 6.067388087273052644e-21 3.994343494575314289e-21
5.066610184405647306e+04 -3.486411040023183258e-21 3.704494066200557871e-21
5.068382302275651455e+04 -1.907555747672589242e-21 3.782022196930784433e-21
5.070117885455751093e+04 -1.660534485243816186e-21 4.328517919625496286e-21
5.071889964410955872e+04 -3.712041222215389711e-21 3.872420368803274254e-21
5.073662025493774127e+04 2.456232788439638902e-21 4.256877868888615299e-21
5.075434068694571033e+04 -1.003927227215890066e-20 3.994989361892564893e-21
5.077206094003023463e+04 1.151167451138041894e-21 4.228094739069299640e-21
5.078978101408766088e+04 7.884279731572589766e-21 4.337196517885715016e-21
5.080750090901854128e+04 -2.754561969600138904e-21 4.142105102260231104e-21
5.082522062470254605e+04 4.631462375478439022e-21 4.204306465511788383e-21
5.084294016106661002e+04 4.450594549625474668e-21 4.093805708804855497e-21
5.086065951797981688e+04 1.142233420491606828e-20 4.110826193266457099e-21
5.087837869535591744e+04 1.321578687317050459e-20 4.195095327620061214e-21
5.089609769307435636e+04 4.614799098927710996e-21 4.298723775842387728e-21
5.091381651105151104e+04 3.632432177812349887e-21 4.242584948652811613e-21
5.093153514916654967e+04 3.486882083579824021e-21 4.220040389413498859e-21
5.094925360732609988e+04 6.425902685481940955e-21 4.013010245856115572e-21
5.096697188541947253e+04 8.359253874682193026e-22 3.852968909247511406e-21
5.098468998334582284e+04 9.531811990088864681e-21 3.997181265100800844e-21
5.100240790100775484e+04 1.080417837102124749e-20 4.115902287287936607e-21
5.102012563828466227e+04 4.124655928875149136e-21 4.102365405742900620e-21
5.103784319509252236e+04 7.476596897167130775e-21 4.048004441635066571e-21
5.105556057130652334e+04 1.162325315538231807e-20 4.400543411723072855e-21
5.107327776684264245e+04 3.253928984093564582e-22 4.375160883187303602e-21
5.109099478157315752e+04 5.616969514030854971e-22 4.319310550300616102e-21
5.110871161542393384e+04 -4.680963549918065342e-21 4.044011338993857340e-21
5.112642826825299562e+04 6.383685408421686150e-21 4.332192204159110096e-21
5.114414473999630718e+04 7.990015633130379491e-21 4.494360950296085775e-21
5.116186103050904785e+04 2.323532497273743668e-20 4.343845128314905081e-21
5.117957713972681813e+04 9.263842431104967084e-21 4.140961100320765440e-21
5.119729306750409160e+04 1.467771587763745175e-21 3.951170461094720314e-21
5.121500881377652695e+04 7.914706595345001866e-21 4.166786780980444154e-21
5.123272437839906343e+04 1.152418903021760620e-20 4.082649746228592944e-21
5.125043976130693045e+04 1.111758285445679524e-20 4.072519708138315759e-21
5.126815496235450701e+04 3.286127195761607552e-21 4.056747686585999378e-21
5.128586998147700069e+04 6.329064121758236901e-21 4.254464696224911460e-21
5.130358481852913246e+04 7.585915395860023694e-21 4.317774410536492146e-21
5.132129947343919048e+04 9.261612438008913128e-21 4.464130572485512581e-21
5.133901394608139526e+04 5.248147520434253800e-21 4.558988677825375941e-21
5.135672823636043177e+04 -5.790756630032674120e-22 4.079698901209916645e-21
5.137444234416771360e+04 6.479634782220331440e-21 4.249958211163803649e-21
5.139215626939767390e+04 1.203365161124915206e-20 4.205272847756732352e-21
5.140987001194443292e+04 1.176197407402701811e-21 4.364235626693064935e-21
5.142758357169894589e+04 -3.061815918976416992e-22 4.340016210005397447e-21
5.144529694856236893e+04 2.588476021070394387e-21 3.947604107424827353e-21
5.146301014241886878e+04 1.913004492529124704e-21 4.146579490233846557e-21
5.148072315318245819e+04 -4.421311388338332817e-21 4.013164443496436838e-21
5.149843598072019813e+04 2.025515154693126971e-21 4.270217305361734919e-21
5.151614862494648696e+04 3.222771222492984142e-21 4.296271323869970436e-21
5.153386108573710953e+04 -2.279749418407431296e-21 3.971607192148615914e-21
5.155120642790014972e+04 6.121668843354940742e-21 3.899811285727473879e-21
5.156891848646064318e+04 -6.595874500004555960e-21 4.319455447966490396e-21
5.158663036129909597e+04 1.096894164770610973e-21 4.321467444120687218e-21
5.160434205228719657e+04 -4.039189077108274302e-23 4.580043374194898940e-21
5.162205355931204394e+04 -6.663211973575697341e-21 4.285294920438707730e-21
5.163976488227007212e+04 -4.254241690365872425e-22 4.464799182819579610e-21
5.165747602105150872e+04 -1.770297310291911239e-21 4.550471224198725898e-21
5.167518697555637482e+04 9.177765346997110380e-21 4.481676789770734366e-21
5.169289774567479617e+04 9.614029776965491481e-21 4.524885297992524380e-21
5.171060833130290848e+04 9.868699709262762671e-21 4.925837484035542730e-21
5.172831873232418002e+04 9.266715054138449939e-22 4.594655509626472289e-21
5.174602894864144764e+04 3.680642277051134824e-21 4.186038878153581651e-21
5.176373898014458973e+04 3.976307932500844438e-21 4.167789239659638730e-21
5.178144882672324457e+04 -4.903807997995678886e-21 4.484574180358010397e-21
5.179915848827976151e+04 5.260197129223642915e-21 4.481033675213565255e-21
5.181686796469411638e+04 1.198994108556990099e-20 4.470174757350857539e-21
5.183457725586556626e+04 6.353346115682166164e-21 4.611953046354214687e-21
5.185228636168687808e+04 -2.269936466569511152e-21 4.755993464814810222e-21
5.186999528205674869e+04 5.105511173533279549e-21 4.590126391717605930e-21
5.188770401682605006e+04 4.255798322287931759e-21 4.414617326361234054e-21
5.190541256356817757e+04 1.219574377573634546e-21 4.303945684302682563e-21
5.192275325736145896e+04 1.754658041044999246e-21 4.190924088033049711e-21
5.194046139968500211e+04 1.237967923732446537e-21 4.219861792995196055e-21
5.195816935600835131e+04 -1.962817409449903880e-23 4.241557145676697451e-21
5.197587712622363324e+04 5.883814950115891332e-21 4.396627693764221492e-21
5.199358471022649610e+04 9.382170076878472819e-22 4.406104534466267101e-21
5.201129210790239449e+04 2.738580791105866280e-20 6.455483874202657190e-21
