1.699090608558576787e+04 1.705480118828998921e-20 1.977368831311667806e-20
1.700155411751155771e+04 1.273534437493638407e-20 1.082773674184850701e-20
1.701220211901664879e+04 1.090683000894026762e-20 1.125907766813458606e-20
1.702285009007505505e+04 5.892456133665508038e-20 1.205179450233615581e-20
1.703349803064367734e+04 3.990784523193377583e-20 1.209040144545491761e-20
1.704414594070223029e+04 5.715764156676113030e-20 1.099623348038864303e-20
1.705479382020946287e+04 4.952842750682354015e-20 1.133456836718890455e-20
1.706544166913041772e+04 4.610487340909713615e-20 1.176736664947014235e-20
1.707608948742767097e+04 4.238542951342407410e-20 1.163135613604515901e-20
1.708673727508119919e+04 2.814978338731287720e-20 1.152489486936149361e-20
1.709738503204597146e+04 4.374762365851888922e-20 1.219760107720608706e-20
1.710803275829202539e+04 3.655312949964737122e-20 1.092792171651926936e-20
1.711868045378843453e+04 5.673273428163530693e-20 1.228955025942628671e-20
1.712932811849788050e+04 4.897613039383583691e-20 1.235664025564409883e-20
1.713997575238888021e+04 4.838923444230715424e-20 1.228623400324343749e-20
1.715062335542799701e+04 6.979279242738751482e-20 1.179639142694537601e-20
1.716127092758548315e+04 4.669075791165408535e-20 1.147200070072382320e-20
1.717191846882046229e+04 2.500346911369913497e-20 1.097918677148868508e-20
1.718256597909976699e+04 3.859277666329470665e-20 1.077410505115542795e-20
1.719321345839975766e+04 1.381828009571470741e-20 9.906252617491748720e-21
1.720409320484319687e+04 3.137296155441110800e-20 1.068947412422627774e-20
1.721474065767952925e+04 3.370573490766085894e-20 1.102150647372169785e-20
1.722538806660846967e+04 1.145214243410560400e-20 1.060876180596172778e-20
1.723603544427035376e+04 5.153464949885129346e-20 1.149562893677025993e-20
1.724668279077724947e+04 4.147144978615610995e-20 1.057697014172727249e-20
1.725733010610536076e+04 5.897251639322933747e-20 1.165715257647868145e-20
1.726797739021195594e+04 4.847057113896566657e-20 1.124127084887077185e-20
1.727862464306161928e+04 3.755445912869904379e-20 1.064827680725300893e-20
1.728927186462701866e+04 3.505913264960123135e-20 1.062823209322132124e-20
1.729991905487328404e+04 3.269867803102818685e-20 1.088129932213050888e-20
1.731056621376529802e+04 6.387141440952229794e-20 1.136210964148162994e-20
1.732121334127549926e+04 6.142306937561336713e-20 1.122844235521370686e-20
1.733186043736128340e+04 3.232311151272537313e-20 1.039726462390514124e-20
1.734250750200045877e+04 3.369817863882824158e-20 1.087315735901357404e-20
1.735315453515094487e+04 3.407597892319021708e-20 1.043195244259404944e-20
1.736380153678148417e+04 4.582596352280049130e-20 1.109824682520526955e-20
1.737444850686848076e+04 1.084194412525655839e-20 1.004951732954564829e-20
1.738509544536550675e+04 4.154740196381324087e-20 1.044066474471574496e-20
1.739574235224876247e+04 5.438856238358109670e-20 1.135345958079121209e-20
1.740638922747559263e+04 2.398649700741604209e-20 1.064451805399806887e-20
1.741703607102474780e+04 5.911715236617232452e-20 1.088323606189053464e-20
1.742768288285357266e+04 4.181330766377827840e-20 1.161716925355285754e-20
1.743832966293096979e+04 1.244686236965096884e-20 1.097458104757233400e-20
1.744897641123340873e+04 1.796175368023233549e-20 1.109994878937030965e-20
1.745962312771240977e+04 2.746007645139739787e-20 1.021147830057931980e-20
1.747026981234259438e+04 2.499752168690005693e-20 1.029086596730103022e-20
1.748091646509715429e+04 2.697405870213860879e-20 1.022274459549400741e-20
1.749156308593532231e+04 7.882527293976082717e-20 1.099072283502680305e-20
1.750220967482408378e+04 4.533308126626409862e-20 9.998702121507788434e-21
1.751285623173430940e+04 6.138110177085548888e-20 1.129787442002241537e-20
1.752350275662899367e+04 5.065761891420941283e-20 1.083474006345287254e-20
1.753414924947341933e+04 5.326958794844391077e-20 9.981407278099287243e-21
1.754479571024843608e+04 2.782581534239113273e-20 1.080527215682733523e-20
1.755544213890560059e+04 5.113613821605737204e-20 1.085378591159562747e-20
1.756608853541392455e+04 4.025847939841526472e-20 1.015904966612509140e-20
1.757673489975210759e+04 4.017863025480296430e-20 1.066718945990367715e-20
1.758738123187170277e+04 1.298677140982633982e-20 1.010026303177765619e-20
1.759802753175340331e+04 3.611845594141884036e-20 9.897071756792210265e-21
1.760867379936077850e+04 7.155237597108397070e-20 9.893889550954814976e-21
1.761932003465119124e+04 2.970491903038251730e-20 9.037455455892666301e-21
1.762996623760541843e+04 4.880571545459486899e-20 8.469575543495679776e-21
1.764061240818286024e+04 3.368328334714450868e-20 9.328653023793100422e-21
1.765125854634867574e+04 3.002130441429855804e-20 9.333678871086452931e-21
1.766190465208166643e+04 3.068805846208710328e-20 9.672084345718605989e-21
1.767255072533770726e+04 4.447867016969348270e-20 9.713201666777194107e-21
1.768319676608397276e+04 3.711468461536532634e-20 9.467081213022682152e-21
1.769384277430138172e+04 3.423792848225209587e-20 9.839126438462328265e-21
1.770448874993759091e+04 6.539894884415457333e-20 9.921404836604060436e-21
1.771513469296958647e+04 2.663662897315121257e-20 8.788315167476240168e-21
1.772578060336838462e+04 2.721598313244131067e-20 8.922791201311249509e-21
1.773642648109782021e+04 1.911676875238140675e-20 9.040444142412900275e-21
1.774707232592221408e+04 2.743414500903012363e-20 8.797532656009724634e-21
1.775771811882833572e+04 3.012901198549119352e-20 9.530665801757053073e-21
1.776836376992533042e+04 6.545393802304006778e-20 9.729981785442605618e-21
1.777900938701210180e+04 6.576727082176597192e-20 9.671257179841555119e-21
1.778965497125518959e+04 4.151587030030425324e-20 9.311272186797557377e-21
1.780030052264183541e+04 4.080820081347733835e-20 9.227761339807854147e-21
1.781094604113369132e+04 1.416509194353466690e-20 9.057103194123175190e-21
1.782159152668816751e+04 3.862435492888359362e-20 9.746736896389314687e-21
1.783223697928660113e+04 2.312940716071034389e-20 9.150458219551326933e-21
1.784288239889635952e+04 2.267287888131154617e-20 9.308988056788731352e-21
1.785352778546886475e+04 1.796982340846285620e-20 9.129123732937892176e-21
1.786417313898118300e+04 3.986049531545045779e-20 8.976306258804157023e-21
1.787481845940525454e+04 2.905970230798915606e-20 9.332113865683444095e-21
1.788546374670059595e+04 1.813851397012975526e-20 8.423531432763805484e-21
1.789610900084644891e+04 2.499515313786056060e-20 8.763776212996748495e-21
1.790675422179053203e+04 3.007944264595633349e-20 8.195500109202119143e-21
1.791739940952407778e+04 7.386354786514860368e-21 8.540878093619305103e-21
1.792804456414275774e+04 2.424671788672122141e-20 9.041940287364042123e-21
1.793892355249878528e+04 4.861858554307087438e-20 8.900864778194761052e-21
1.794956866290969265e+04 1.820083012088520114e-20 8.339424012416841794e-21
1.796021373996070542e+04 2.448978942063894130e-20 7.745927731918679890e-21
1.797085878362766016e+04 1.450843392279492272e-20 8.678000972167443172e-21
1.798150379388020519e+04 1.598343028339132134e-20 9.342764370192454417e-21
1.799214877067337875e+04 3.389614340160059826e-20 8.952212022098036452e-21
1.800279371398911826e+04 2.094832792434353514e-20 7.873841961492248336e-21
1.801343862378688209e+04 4.720245391242172016e-20 8.976023189180187951e-21
1.802408350003230953e+04 4.291552427846670789e-20 8.776759397161636094e-21
1.803472834270549356e+04 3.165564390175585990e-20 8.912312084940306106e-21
1.804537315175944241e+04 4.134034561753960240e-20 8.518457954568493074e-21
1.805601792717014541e+04 4.579294499725217614e-20 9.102924710449990112e-21
1.806666266889892358e+04 6.938210391502483917e-20 9.130000133903536974e-21
1.807730737692369075e+04 3.586401419965451599e-20 9.053705552176131231e-21
1.808795205120812898e+04 3.879584721807057315e-20 8.775835149996069480e-21
1.809859669170535199e+04 4.684799800662360166e-20 8.488806245840303142e-21
1.810924129840817477e+04 3.380283431266600941e-20 8.549616777061051956e-21
1.811988587126961647e+04 3.976611419497219494e-20 8.875306508529291880e-21
1.813053041025316998e+04 3.732715262889121246e-20 9.517345356852501863e-21
1.814117491534122382e+04 6.998526052208938177e-20 9.235541125167834865e-21
1.815181938647822608e+04 4.399416875788252611e-20 9.107571054374029277e-21
1.816246382366143007e+04 4.955996866471463230e-20 8.719450373313250146e-21
1.817310822684406958e+04 5.041230525988057106e-20 8.799196801871073112e-21
1.818375259598328557e+04 4.375865200107213471e-20 8.795429345153376715e-21
1.819439693106374034e+04 2.598175260625054619e-20 8.502194059218059825e-21
1.820504123204053394e+04 4.300820479806693312e-20 7.224890739819870088e-21
1.821568549889410860e+04 5.586765103069745828e-20 7.672195910267357595e-21
1.822632973159011453e+04 5.024075524210453734e-20 9.274401726271825078e-21
1.823697393008344443e+04 4.732150470089433817e-20 8.119256009376849667e-21
1.824761809435712712e+04 1.776816901777329938e-20 7.968984847816645106e-21
1.825826222436194803e+04 1.982244261787964385e-20 8.094786908309423071e-21
1.826890632008697139e+04 1.992702275561679510e-20 7.771779815859573934e-21
1.827955038148307358e+04 4.753823504855027729e-20 8.664727182761592453e-21
1.829019440852871776e+04 5.985400324080315717e-20 8.604325106569866254e-21
1.830083840118963417e+04 9.568099097913428422e-21 6.721383427478366087e-21
1.831148235942073734e+04 4.114846977505989176e-20 7.075859738027760525e-21
1.832212628321135344e+04 3.555956245247606224e-20 8.815409028804632968e-21
1.833277017251034340e+04 2.522402531154484010e-20 8.423302845197308604e-21
1.834341402730049958e+04 3.883767306325254905e-20 7.478457492824190788e-21
1.835405784754763954e+04 2.907283987366306599e-20 7.297986355129403267e-21
1.836470163320255961e+04 2.801193612029766700e-20 8.183492346446179808e-21
1.837534538425673964e+04 1.598917034441046241e-20 7.181162591297592627e-21
1.838598910065881137e+04 2.823115266081642839e-20 7.128701077837232409e-21
1.839663278239152351e+04 5.692080323894297008e-20 8.096201222390063452e-21
1.840727642941238810e+04 3.808155082666505101e-20 8.191087664607925502e-21
1.841792004169585562e+04 1.558107894232913731e-20 7.894711328826204692e-21
1.842856361920989002e+04 2.731654913853060023e-20 7.736039371454586242e-21
1.843920716191388783e+04 2.152643907111469488e-20 7.306092655367335914e-21
1.844985066978877148e+04 5.199569801435810965e-20 7.158473184510712003e-21
1.846049414278531913e+04 1.817608514029298508e-20 7.698231115002447872e-21
1.847113758089739349e+04 3.889508688585228671e-20 8.525816742034012840e-21
1.848178098406692516e+04 4.689069700632766136e-20 8.427188545693490263e-21
1.849242435227948590e+04 4.519849912209600476e-20 8.661587058204500751e-21
1.850306768549669505e+04 4.017436370523942226e-20 8.424914314851628615e-21
1.851371098368009552e+04 5.600232082955265884e-20 8.307023919830372719e-21
1.852435424681074437e+04 3.936397813752595599e-20 8.229824259686441759e-21
1.853499747484156251e+04 1.432102645151427692e-20 8.074267734035480567e-21
1.854564066775800165e+04 1.974785587853501270e-20 7.925554007748579549e-21
1.855628382551290269e+04 2.216793250436778072e-20 7.735692385871539110e-21
1.856692694808733359e+04 4.459059837761450364e-20 8.101111872345471255e-21
1.857757003544289182e+04 3.109411681168956885e-20 7.713880882759593439e-21
1.858821308753702033e+04 2.316033646119941695e-20 8.156340903478595905e-21
1.859885610435959461e+04 3.792272052979209689e-20 7.636087118905708884e-21
1.860949908585912635e+04 2.786804584924275874e-20 7.408360862479686163e-21
1.862014203202124190e+04 4.073815915493704919e-20 7.402692022649462427e-21
1.863078494279882216e+04 2.498476350523389221e-20 7.562453435525394769e-21
1.864142781816877323e+04 3.276642035412212979e-20 7.323227294665147837e-21
1.865207065810143104e+04 3.314185796358891586e-20 7.757858537402274389e-21
1.866271346255382741e+04 4.220594087960617100e-20 8.016185065995433764e-21
1.867335623150760148e+04 3.798326849955564594e-20 7.649078962875114971e-21
1.868399896491779873e+04 3.438020533616186975e-20 7.598553692727022798e-21
1.869464166276360629e+04 4.001816339209941207e-20 7.996181718391865533e-21
1.870528432500005511e+04 2.738787683523442248e-20 8.093295492300867395e-21
1.871592695161077427e+04 3.299925254656455147e-20 7.323463762164477320e-21
1.872656954255522578e+04 3.695834459538913991e-20 7.492759837435947075e-21
1.873721209781264406e+04 3.640353574980919881e-20 7.124270834877597307e-21
1.874785461733145712e+04 3.124935439296608985e-20 7.449285170652614661e-21
1.875849710109733132e+04 3.815078046797380524e-20 7.330918135683631906e-21
1.876913954907446896e+04 3.271321896287637786e-20 7.656709191914886972e-21
1.877978196122228474e+04 3.135987986087744452e-20 7.879154491271942083e-21
1.879042433751569843e+04 3.841358886891128738e-20 7.853969441305101854e-21
1.880106667791858854e+04 4.956530459415993693e-20 7.750291622052742792e-21
1.881170898241032774e+04 4.389953292387923247e-20 8.086889296137686469e-21
1.882235125094819159e+04 3.714167799313138255e-20 7.911858151276786006e-21
1.883299348351822482e+04 2.826727843676301481e-20 7.821528623820361256e-21
1.884363568005990965e+04 3.639251880975508820e-20 7.081805156710250241e-21
1.885427784056808377e+04 4.020052716510059369e-20 7.596000223607572194e-21
1.886491996498901426e+04 5.513746635792581202e-20 7.190631004997751035e-21
1.887556205331340971e+04 2.680315236007423412e-20 6.547372899618903291e-21
1.888620410549626104e+04 2.538206859398779325e-20 6.841797476619360971e-21
1.889684612149925670e+04 5.260452521018044401e-20 7.701908260788183260e-21
1.890748810130639686e+04 2.633576680028015105e-20 7.161532993393672151e-21
1.891813004487492435e+04 3.212989291284943864e-20 6.876648109099560265e-21
1.892877195218219276e+04 3.498667239809119240e-20 7.167240000674013459e-21
1.893941382318540855e+04 1.200602158279643297e-20 7.466482363078389331e-21
1.895005565786864463e+04 4.506157957773358131e-20 7.536990751660568453e-21
1.896069745618223533e+04 4.988481873807268252e-20 7.433230992682337395e-21
1.897133921811278560e+04 4.424011485667169659e-20 7.077178072256648940e-21
1.898198094361083349e+04 3.402037634599542918e-20 7.065114343421758589e-21
1.899262263266947411e+04 3.190456973613617339e-20 7.100788039869455772e-21
1.900326428522577407e+04 4.714580328294608831e-20 7.538329539025942265e-21
1.901390590127513133e+04 3.267339711955590883e-20 7.371973663020995023e-21
1.902454748075908356e+04 2.732168042290985555e-20 7.007946582433062201e-21
1.903518902367533155e+04 4.389042929199113759e-20 7.326392239290851259e-21
1.904583052996987681e+04 4.698825029444624698e-20 7.076894397628881760e-21
1.905647199962920786e+04 2.245271618979991365e-20 7.333765112965177471e-21
1.906711343260366266e+04 4.082154543637428659e-20 7.192445237879621673e-21
1.907775482887769613e+04 3.150929311725440126e-20 7.682998157491641451e-21
1.908839618841316042e+04 2.513093141039388734e-20 7.322897662021654449e-21
1.909903751117401407e+04 2.055046607945781113e-20 7.524714337889654722e-21
1.910967879713333969e+04 2.851755202612083472e-20 6.660739735248886822e-21
1.912032004625967238e+04 1.810425102330120425e-20 6.374532657769627501e-21
1.913096125852611294e+04 2.004235011019009517e-20 6.348064941708413285e-21
1.914160243388764866e+04 2.519199611627970443e-20 7.267592281441994050e-21
1.915224357233097180e+04 2.810665198633252283e-20 7.190146658094604575e-21
1.916288467380650764e+04 2.920931450475448150e-20 7.224408486174210548e-21
1.917352573830553592e+04 2.947072136841464207e-20 7.719058342768911200e-21
1.918416676577376347e+04 5.551952798847078843e-20 8.177526016962895841e-21
1.919480775619368433e+04 3.314481629242356394e-20 7.848261276198797746e-21
1.920544870952022393e+04 2.753022816858872351e-20 7.403459191221019511e-21
1.921608962574479301e+04 1.214651383072407416e-20 7.195283786258094531e-21
1.922673050480409802e+04 3.074949765236129804e-20 7.555997893579591150e-21
1.923737134670782689e+04 2.077614891752258268e-20 7.421855561632965580e-21
1.924801215137441613e+04 3.925320003303338509e-20 7.521470758182236610e-21
1.925865291882732345e+04 4.436048371167392408e-20 7.681640976840623995e-21
1.926929364898036511e+04 3.899904765498327356e-20 7.842372200096761864e-21
1.927993434185709339e+04 4.309338142199546505e-20 8.503833538365598503e-21
1.929057499737578837e+04 4.892894474486125356e-20 8.032213446590121036e-21
1.930121561554630171e+04 5.448428756150622141e-20 7.370678959698394774e-21
1.931185619630522706e+04 3.395177156175699383e-20 7.324822438979998011e-21
1.932249673964894828e+04 2.962407466981068028e-20 7.122343050002039633e-21
1.933313724551396808e+04 3.641519479471442790e-20 7.773332528914386815e-21
1.934377771390575799e+04 2.578810632366728780e-20 6.991794081156442876e-21
1.935441814476086802e+04 3.097844552292913030e-20 7.170489107410759343e-21
1.936505853807099629e+04 3.163770122686097213e-20 7.111109351033770092e-21
1.937569889378186053e+04 3.136217903348367551e-20 7.129087955437358739e-21
1.938633921189447574e+04 1.675428728807685244e-20 6.889113938022120216e-21
1.939697949234066618e+04 2.876098566120206175e-20 6.815218171850091887e-21
1.940761973512150507e+04 3.405380096379499372e-20 7.407769093384749586e-21
1.941825994018261554e+04 1.721451058323582584e-20 7.207287474169870806e-21
1.942890010751123555e+04 4.978491758894724449e-20 7.033436453643510635e-21
1.943954023705755390e+04 3.376703724197510638e-20 6.128163606187062073e-21
1.945018032879977909e+04 2.953480789817304779e-20 6.743488427882234676e-21
1.946082038271129568e+04 2.347207779993872426e-20 6.816433833217941582e-21
1.947146039875626229e+04 2.929062341048154403e-20 7.137275114615543042e-21
1.948210037690349782e+04 1.453351763972024026e-20 7.064416889355541335e-21
1.949274031711714269e+04 4.708246965047858944e-20 6.659451938206213050e-21
1.950338021937996746e+04 3.745340560734900520e-20 6.815940737901387584e-21
1.951402008363752611e+04 7.486988659911818785e-21 6.485071688865065090e-21
1.952465990989121929e+04 2.312589257869083012e-20 6.587968841606967273e-21
1.953529969807264206e+04 2.160223417615924912e-20 6.562599049894202565e-21
1.954593944818325326e+04 3.337336601907864217e-20 6.871374078782162135e-21
1.955657916016389572e+04 3.795729131133087786e-20 6.956842263552429982e-21
1.956721883401607556e+04 3.898844588903840982e-20 6.798817605315620925e-21
1.957785846967116959e+04 2.872071554364974572e-20 6.453386109676860822e-21
1.958849806713560611e+04 5.518088128278379391e-20 6.416963524117996382e-21
1.959913762634084196e+04 2.733442421713572212e-20 6.312963453699039629e-21
1.960977714729319268e+04 4.605885709860027435e-20 6.854272782309316692e-21
1.962041662992407873e+04 4.069345346464898556e-20 6.503746275753149718e-21
1.963105607423048423e+04 1.875242547093694908e-20 6.541716780922244767e-21
1.964169548016726549e+04 3.590326243757828124e-20 6.845751905252271389e-21
1.965233484770329960e+04 4.220579821598287587e-20 7.018175636153464060e-21
1.966297417682630839e+04 4.468451386957955230e-20 7.128605607053474906e-21
1.967361346748170399e+04 1.344751934711723749e-20 6.492499341412154965e-21
1.968425271965251159e+04 3.153652137676270036e-20 6.868083921425521822e-21
1.969489193329356203e+04 2.728104921290108658e-20 6.556801321020154686e-21
1.970553110839731016e+04 3.673955340606492520e-20 6.547811673579571039e-21
1.971617024490914264e+04 1.756167099330468260e-20 5.706858175672240061e-21
1.972680934281209557e+04 1.448610440977174477e-20 6.344268391551163529e-21
1.973744840206094523e+04 4.659925342989574510e-20 7.315334581674444625e-21
1.974808742264837565e+04 2.828644318666386330e-20 6.559774492850449541e-21
1.975872640451498592e+04 2.198001910337958998e-20 6.060484824260705752e-21
1.976936534765339820e+04 2.328440253830050792e-20 6.201864553692984077e-21
1.978000425202310726e+04 2.597613883571884319e-20 6.436087999745135047e-21
1.979064311757891119e+04 2.374174664613361398e-20 5.634974070561473097e-21
1.980128194432768942e+04 5.843308408180320999e-20 6.169129658788510702e-21
1.981192073219104350e+04 3.362225065015060699e-20 6.260185563871538068e-21
1.982255948118541346e+04 4.162806258637931931e-20 6.465279248674944357e-21
1.983319819123709385e+04 3.522527174030248218e-20 6.757667648344858550e-21
1.984383686233881599e+04 1.905597005034113101e-20 5.724843532241287501e-21
1.985447549445486948e+04 3.992481847925097925e-20 6.365108180394031316e-21
1.986511408754951481e+04 1.886500556032887774e-20 5.935259195503884830e-21
1.987575264160607185e+04 1.827388123434852616e-20 5.772559754768981691e-21
1.988639115657926959e+04 3.611505236257972896e-20 6.425139938389880719e-21
1.989702963245247156e+04 3.444197113681901814e-20 6.145437934485895491e-21
1.990766806916596033e+04 3.720021071734847123e-20 6.467188665818413615e-21
1.991830646672712464e+04 1.527881807733637838e-20 6.435745457848755462e-21
1.992894482507639259e+04 3.196488339440291705e-20 5.968295910614807511e-21
1.993958314418756709e+04 2.928265282620297882e-20 6.346441349773084224e-21
1.995022142404407714e+04 3.503408958942571999e-20 6.005621081747871768e-21
1.996085966459586052e+04 3.078627458859216429e-20 6.116349563486781019e-21
1.997149786582635352e+04 3.176969606442931205e-20 6.034568360301105085e-21
1.998213602769987119e+04 2.158252990114195248e-20 6.026853192170487100e-21
1.999277415019028558e+04 3.122328274406708517e-20 5.890046648339188714e-21
2.000341223325230385e+04 2.257201441757849796e-20 5.786915593165822614e-21
2.001405027686944231e+04 2.877243667889082170e-20 6.065143098333711299e-21
2.002468828101079998e+04 2.614828865715014465e-20 6.053964720391630028e-21
2.003532624563108038e+04 3.608087933145383468e-20 6.328637756143655228e-21
2.004596417071863470e+04 3.790735196277783312e-20 6.441565920806500665e-21
2.005660205621850764e+04 2.291915584016755740e-20 6.194008566585064558e-21
2.006723990213358411e+04 3.456230090488403038e-20 5.960251872670724708e-21
2.007787770839439327e+04 4.058612099582055929e-20 6.219227269598181912e-21
2.008851547500387096e+04 2.212251311537420359e-20 6.004349063139230764e-21
2.009915320191183855e+04 1.437784949562024663e-20 5.766739949822492475e-21
2.010979103355200641e+04 3.947722099738291972e-20 6.078326519398623585e-21
2.012042909279906235e+04 3.419907683030227012e-20 6.354498870219984324e-21
2.013106711223776074e+04 2.998002804178769957e-20 6.398572636780700495e-21
2.014170509186635536e+04 2.208491389574656719e-20 6.120964395539546162e-21
2.015234303162974538e+04 1.591511389376928259e-20 5.963932669803098439e-21
2.016298093150680870e+04 3.960327257334757138e-20 5.442236556015735392e-21
2.017361879148129447e+04 3.796757591492868837e-20 6.182992440160706284e-21
2.018425661148839936e+04 3.501679070741129038e-20 6.007013715538912936e-21
2.019489439152641353e+04 3.507583826611642933e-20 6.450694617062449399e-21
2.020553213155484991e+04 1.691641147972598344e-20 5.896176745302359723e-21
2.021616983153802721e+04 3.432227315060747800e-20 6.224909043985691171e-21
2.022680749145976006e+04 1.687128919510181195e-20 6.036463330291437411e-21
2.023744511126488578e+04 2.846534306225472809e-20 6.096976098069207972e-21
2.024808269095184369e+04 3.757307918409508803e-20 5.636396816525650043e-21
2.025872023046548202e+04 3.040741080273335998e-20 5.686423376587737329e-21
2.026935772978478053e+04 3.248576452785406749e-20 5.813073541843661145e-21
2.027999518888384409e+04 1.337659148253138245e-20 5.787485764207154364e-21
2.029063260772212379e+04 1.061855616914250193e-20 6.914067768054560469e-21
2.030126998627863941e+04 3.022014870332937699e-20 6.382647588546239275e-21
2.031190732451773511e+04 5.727952069955258128e-20 6.441568821191849323e-21
2.032254462239884742e+04 9.015662362116310007e-20 6.809546989302719644e-21
2.033318187991574814e+04 3.824685985411411427e-20 6.464263339350286629e-21
2.034381909700822507e+04 4.026377364146340069e-20 6.317248241080848273e-21
2.035445627366518602e+04 3.427717847138353307e-20 6.346542194183260708e-21
2.036509340985583549e+04 2.934611836344577582e-20 6.013048328684011746e-21
2.037573050553965368e+04 1.587941115757759385e-20 5.949591042288622994e-21
2.038636756070068077e+04 1.581363170484371379e-20 5.555906879387014793e-21
2.039700457528358675e+04 2.745071716459857466e-20 6.161604913304739343e-21
2.040764154927734126e+04 4.708464230633986074e-20 6.322909641148642720e-21
2.041827848265122520e+04 1.937913474696486627e-20 5.894557194773266488e-21
2.042891537536466785e+04 4.972240548700745555e-20 6.316960516623364844e-21
2.043955222739684541e+04 2.648559438851838248e-20 6.121357836842253740e-21
2.045018903870713984e+04 3.868788147938292839e-20 6.044627432887677017e-21
2.046082580926486116e+04 3.689358764903773897e-20 5.942357516156237187e-21
2.047146253905910999e+04 2.664358076883634590e-20 5.724914604131668665e-21
2.048209922802949586e+04 2.990434088549925265e-20 5.872975237264809123e-21
2.049273587617007797e+04 1.835426800940639811e-20 5.398490527697123243e-21
2.050337248343532337e+04 2.676069375798989751e-20 5.596115518754939481e-21
2.051400904979949701e+04 2.343499386670509699e-20 5.681838050515406220e-21
2.052464557523190524e+04 3.061150814113104003e-20 5.444294928923251044e-21
2.053528205970191266e+04 3.505889103045377249e-20 6.196471888910740898e-21
2.054591850317881108e+04 4.714846570560972039e-20 6.213505902045907927e-21
2.055655490563196872e+04 4.057004400466155432e-20 6.039130906114282744e-21
2.056719126703072834e+04 4.549118857338282588e-20 6.429316150034179578e-21
2.057782758734439631e+04 2.874695358024585379e-20 6.211100726000610943e-21
2.058846386654734306e+04 2.434964137681752631e-20 5.750735809499066548e-21
2.059910010459391196e+04 3.750839783510059399e-20 5.740047644037460626e-21
2.060973630146847427e+04 3.711089349356506040e-20 5.705225086896371958e-21
2.062037245713537050e+04 3.104385023063995669e-20 5.632542847306938276e-21
2.063100857156397251e+04 5.198036130864858991e-20 5.936171831269219172e-21
2.064164464472363034e+04 5.473354363181545302e-21 6.945333391275041253e-21
2.229214586689833232e+04 1.719142283888789397e-20 7.320472010098775660e-21
2.230277512321505128e+04 3.905236646491956084e-20 5.578022235566398681e-21
2.231340433349024534e+04 2.863517434228452368e-20 6.027721491720090295e-21
2.232403349766008614e+04 3.032007502754737260e-20 5.460640035784621704e-21
2.233466261571645737e+04 1.930866263680764880e-20 5.243788034124551024e-21
2.234529168762337576e+04 2.183215594986927600e-20 4.969053974903602344e-21
2.235592071334485081e+04 2.832347774699912541e-20 4.852484075032134142e-21
2.236654969286159394e+04 2.185439845357692437e-20 5.124683954575437016e-21
2.237717862613764009e+04 2.206533027019281822e-20 5.461034986767342315e-21
2.238780751314244844e+04 2.698694947969116088e-20 5.297593636990674926e-21
2.239843635384574009e+04 3.711327584789682728e-20 5.412953590392368171e-21
2.240906514821150995e+04 3.769889452147998982e-20 5.418209678370720157e-21
2.241969389621492519e+04 2.489105052885846521e-20 5.405225031820262765e-21
2.243032259783676636e+04 1.767829104297378927e-20 5.675629599378401776e-21
2.244095125302421002e+04 1.617520528101667361e-20 6.070704310988165598e-21
2.245157986171581069e+04 3.503907605398474701e-20 5.629010488221414054e-21
2.246220809340252163e+04 1.720417416254664921e-20 5.066731747707271112e-21
2.247283604328810179e+04 3.072322886199819016e-20 5.448330588723386645e-21
2.248346394660597434e+04 2.537236801627274906e-20 5.371236116457191014e-21
2.249409180336159625e+04 1.634407617966819844e-20 5.021582362015172045e-21
2.250471961351894060e+04 1.807322508532584040e-20 5.436597192541289028e-21
2.251534737704195504e+04 1.869499117918160961e-20 5.222333851199125750e-21
2.252597509391146014e+04 2.128735742392893498e-20 5.320294982038583246e-21
2.253660276409139988e+04 2.090648378403725166e-20 5.536147554836850927e-21
2.254723038754571098e+04 3.116241371996319927e-20 5.568323367529986910e-21
2.255785796424948057e+04 1.217959584676454990e-20 5.421655801412292181e-21
2.256848549417802496e+04 2.003785603102529656e-20 5.253363567509378667e-21
2.257911297728404315e+04 3.462856766445954938e-20 5.380112803115160137e-21
2.258974041355965528e+04 2.104095359277426710e-20 5.074241491856557167e-21
2.260036780295747667e+04 1.046786655511725013e-20 5.091909151970245468e-21
2.261099514546405408e+04 2.947296227956488991e-20 5.089642851433195656e-21
2.262162244102066688e+04 1.687645359903411581e-20 4.892949572078692351e-21
2.263224968961948252e+04 1.391136224574316685e-20 4.670909261355280273e-21
2.264287689123008749e+04 7.210191255641047822e-21 4.953296863861670073e-21
2.265350404581071052e+04 1.538744436788930756e-20 4.911157895453672125e-21
2.266413115334224858e+04 3.461696303586877452e-20 5.120727673325753697e-21
2.267475821378857654e+04 2.518956917181976394e-20 4.880300124164177695e-21
2.268538522710790130e+04 2.076466236623069537e-20 4.967793962168014424e-21
2.269601219328676234e+04 2.471268604101399509e-20 4.897598272627018645e-21
2.270663911228333382e+04 2.432992488366158416e-20 5.056662114248761848e-21
2.271726598408982682e+04 2.572570011422432736e-20 5.077245835885548102e-21
2.272789280864182365e+04 2.826195069922550818e-20 4.742058125782566223e-21
2.273851958593160816e+04 2.339374608559353234e-20 5.195770218930350984e-21
2.274914631592870501e+04 2.651859033600688911e-20 5.021198754898084580e-21
2.275977299859129562e+04 2.478341948683891860e-20 5.111964462705244145e-21
2.277039963388889009e+04 2.616994213768596186e-20 4.855450769199780976e-21
2.278102622180241087e+04 1.280492601493452018e-20 4.967494521454004361e-21
2.279165276229572555e+04 1.227301103122431666e-20 5.038867933835953084e-21
2.280227925534404130e+04 2.907841275919731759e-20 5.122853881392428598e-21
2.281290570089978428e+04 1.137539934104364127e-20 4.610402288523839030e-21
2.282353209894963584e+04 1.247344189737236723e-20 4.339225413377759244e-21
2.283415844946304787e+04 1.968942919952455447e-20 4.575482498804465942e-21
2.284478475238669489e+04 2.173935936438422949e-20 4.826252348744838108e-21
2.285541100772997743e+04 1.123770201677799550e-20 4.832076427764901621e-21
2.286603721542258427e+04 1.341075926152037761e-20 5.126084022568440777e-21
2.287666337545689021e+04 1.911910009819064250e-20 4.373119995708602798e-21
2.288728948779096390e+04 2.322898914920127130e-20 4.575633476808805592e-21
2.289791555240575690e+04 2.172028335902829133e-20 4.777828343647619079e-21
2.290854156925934876e+04 1.649339873594743657e-20 4.741721060802256030e-21
2.291916753833268376e+04 2.098093199152680308e-20 4.789344037389115360e-21
2.292979345958380509e+04 1.451716054828103004e-20 5.066147336676176867e-21
2.294041933299369703e+04 1.898868740961632684e-20 5.088716572323342911e-21
2.295104515853185148e+04 2.133078294615833297e-20 5.017832530879102196e-21
2.296167093615628255e+04 1.172320133764918425e-20 5.181624227027012696e-21
2.297229666583645667e+04 1.263669795778000838e-20 4.633602842417506848e-21
2.298292234754743185e+04 7.726226848550939456e-21 4.512193821790123708e-21
2.299354798125314846e+04 2.092958724743857261e-20 5.086150189641601691e-21
2.300417356695192575e+04 2.066779299885644766e-20 4.762380469497190342e-21
2.301479910457288861e+04 8.493886921103711281e-21 4.782474823955548423e-21
2.302542459410856827e+04 1.973036728362728889e-20 4.959498583684622772e-21
2.303605003551690970e+04 3.044808201405322428e-20 4.777232224024671252e-21
2.304667542877317464e+04 1.809575542576714865e-20 4.831541741125921890e-21
2.305730077384680772e+04 3.254509602281425734e-20 4.683596132092228507e-21
2.306792607071886232e+04 1.912397789172862418e-20 4.930029549189516997e-21
2.307855131933567463e+04 1.387564732998548392e-20 5.100885701946011788e-21
2.308917651968402788e+04 1.967917316440017697e-20 5.076972695224156444e-21
2.309980167171592620e+04 2.926720052410121392e-20 5.062401584015483846e-21
2.311042677541821831e+04 1.747848394424142152e-20 4.967507513094310434e-21
2.312105183075471359e+04 1.857103574645044943e-20 4.745207084014592726e-21
2.313167683770062649e+04 1.958098242436963426e-20 4.700609782527645883e-21
2.314230179622540891e+04 1.490060997374157374e-20 4.515302385223128322e-21
2.315292670627532789e+04 1.936673758827245905e-20 4.964364707623409889e-21
2.316355156784299106e+04 1.717825788222517291e-20 5.114510731487082729e-21
2.317417638089206594e+04 2.204716170743167415e-20 5.255892656608584615e-21
2.318480114538617272e+04 2.663584217674892462e-20 5.222677849926514869e-21
2.319542586130636118e+04 3.558263233957686475e-20 5.145242134130334638e-21
2.320605052862202501e+04 3.354465474738944242e-20 5.310241429933120099e-21
2.321667514729663890e+04 3.343399829359459439e-20 5.477887961828467801e-21
2.322729971729980025e+04 2.032109158636810735e-20 4.805678019910000498e-21
2.323792423859517294e+04 6.598031378722029129e-21 4.701216786900997614e-21
2.324854871115792412e+04 1.798757874744541468e-20 5.003808682322150566e-21
2.325917313495168128e+04 3.756492696683532351e-20 5.161187005291704225e-21
2.326979750995749782e+04 1.388912617541783297e-20 5.296183994759263340e-21
2.328042183613896123e+04 2.883735732447281514e-20 4.894128256362362461e-21
2.329104611346546517e+04 2.504839992702444497e-20 5.274540059122207839e-21
2.330167034191228231e+04 2.063841711109304075e-20 5.216529967880788447e-21
2.331229452144289826e+04 1.631845784799473127e-20 5.032978485794747573e-21
2.332291865201489782e+04 1.192161984904193155e-20 5.008687194288309372e-21
2.333354273360947627e+04 1.504733036620270968e-20 5.107247801621670731e-21
2.334416676619608916e+04 2.062855902479943524e-20 5.102501371706171206e-21
2.335479074974997275e+04 1.372274103775252397e-20 5.156507628839945786e-21
2.336541468422879552e+04 1.032513538886173349e-20 5.308546583012255565e-21
2.337603856961364727e+04 2.190025613750567549e-20 5.301050639139049438e-21
2.338666240587979337e+04 1.155714612641176773e-20 5.101283355472894417e-21
2.339728619296723627e+04 2.118207432587760510e-20 5.375091796515606136e-21
2.340790993086295202e+04 3.477892670225272256e-20 5.177081279066100868e-21
2.341853361953627609e+04 2.577695309937563597e-20 4.728631831686575950e-21
2.342915725896809454e+04 1.764661941205576574e-20 4.902219269681177068e-21
2.343978084910453617e+04 8.850623723047333919e-21 4.991777140420655140e-21
2.345040438994437136e+04 2.934953643918561239e-20 4.769365344388355617e-21
2.346102788142161080e+04 2.410881136051064534e-20 5.123631170385731733e-21
2.347165132352326327e+04 2.111857191324150353e-20 4.855876645619876027e-21
2.348227471621864242e+04 2.943252202482642587e-20 5.320620924965424146e-21
2.349289805948300273e+04 2.470121973279251958e-20 5.023335572276563566e-21
2.350352135327387805e+04 1.210703023682978614e-20 4.885831462689042547e-21
2.351414459757822988e+04 1.364715070148025794e-20 4.863030331026227222e-21
2.352476779234166315e+04 1.999438931947200108e-20 5.398186449911470433e-21
2.353539093754542046e+04 2.119453780781072615e-20 4.966280334864936949e-21
2.354601403316480719e+04 1.870426235170320769e-20 5.301245462476425867e-21
2.355663707915730265e+04 3.116774487221882377e-20 4.978163358789054516e-21
2.356726007549812493e+04 1.446014094592884184e-20 4.986275541366144023e-21
2.357788302215656222e+04 2.826406764351554353e-20 4.632302206610930181e-21
2.358850591910191361e+04 2.933233731909519017e-20 4.970882203403883813e-21
2.359912876630350365e+04 1.307368193208813025e-20 4.973144063099795221e-21
2.360975156374238213e+04 3.329181245066818877e-21 4.996276633907608277e-21
2.362037431135806401e+04 3.542183658501740645e-20 4.885082055816626518e-21
2.363099700914371351e+04 3.698553315795474497e-20 4.862512691683998580e-21
2.364161965706869159e+04 2.076017985757863707e-20 4.741938992199496834e-21
2.365224225509036478e+04 1.082459636394136018e-20 4.698802005207915232e-21
2.366286480318394024e+04 1.449802597522272715e-20 5.201329240814521153e-21
2.367348730131868797e+04 2.053229282996594836e-20 5.351982211988228709e-21
2.368410974946980059e+04 2.374701417923100216e-20 5.169559304133194882e-21
2.369473214759464463e+04 2.894138757639851657e-20 5.334368103816187533e-21
2.370535449566830721e+04 1.227106369711725138e-20 5.072850350594147875e-21
2.371597679365993099e+04 2.213805151968959243e-20 5.271329591919584670e-21
2.372659904153903335e+04 2.184552096365676668e-20 4.694535875109685209e-21
2.373722123927480061e+04 3.273151093207622484e-20 5.193952896905870485e-21
2.374784338683647729e+04 1.406904095378459317e-20 4.722271432851553955e-21
2.375846548419327883e+04 1.065283252810678025e-20 5.100237328006932901e-21
2.376908753131443518e+04 3.017701596941187292e-20 5.124706112677341578e-21
2.377970952816916542e+04 1.266822778186518027e-20 5.077036193413647374e-21
2.379033147472660858e+04 2.832261745186559361e-20 5.358005503492447459e-21
2.380095337095578361e+04 3.002277554991637603e-20 5.337562028355155762e-21
2.381157521682616061e+04 3.295798550947115888e-20 5.201927901253735798e-21
2.382219701230101055e+04 2.388722238255585641e-20 5.542668188954537299e-21
2.383281875736741131e+04 1.466239279359929533e-21 5.027275403648164014e-21
2.384344045197062951e+04 1.270965807349393333e-20 4.867723409739433475e-21
2.385406209609781945e+04 6.616309459886078975e-21 5.127759307010802408e-21
2.386468368971216478e+04 2.801452170125991760e-20 5.416266849847576508e-21
2.387530523278277542e+04 2.527320112359328941e-20 5.408669874620570389e-21
2.388592672527861578e+04 1.140299944637370411e-20 5.367019430988437961e-21
2.389654816716914866e+04 3.399237957003114557e-21 5.502017839930603376e-21
2.390716955842352399e+04 3.239845311821573235e-20 5.525492614980424138e-21
2.391779089901091720e+04 3.131043710743063377e-20 5.241002646278758847e-21
2.392841218889441734e+04 2.391736672158546828e-20 5.293810629561847295e-21
2.393903342805519424e+04 3.069241140296363312e-20 5.161511399283870616e-21
2.394940817922843780e+04 1.777521150883462874e-20 5.554299553060730652e-21
2.396002928266438903e+04 1.909667689559434473e-20 5.380858172110911651e-21
2.397065034714630019e+04 2.458172240760814543e-20 5.015935801911369894e-21
2.398127136091272041e+04 2.403457057435581626e-20 4.860607842119223311e-21
2.399189232380182511e+04 2.054473456312265206e-20 4.773400929803385493e-21
2.400251323577105359e+04 1.379754517523711633e-20 4.849424307938360030e-21
2.401313409678959943e+04 8.947987049679374932e-21 4.674579914067245496e-21
2.402375490684408942e+04 1.003680247276695856e-20 5.115218990512844579e-21
2.403437566589193011e+04 1.016114862306713542e-20 5.067787119032030656e-21
2.404499637389614873e+04 1.326528102281963778e-20 5.097721446880479312e-21
2.405561703083744942e+04 1.487642099253999313e-20 5.072258696147290848e-21
2.406623763666779269e+04 1.318079953355739038e-20 5.240801200348902485e-21
2.407685819137941508e+04 2.596839787639491622e-20 5.079415979675106657e-21
2.408747869492405152e+04 2.026093428086223469e-20 4.583940130766719694e-21
2.409809914728235162e+04 3.412604901772146504e-21 5.218355724894165174e-21
2.410871954841748084e+04 2.561462670901843962e-20 5.054171941094988914e-21
2.411933989829245911e+04 4.026637449318812121e-20 5.572776702193117826e-21
2.412996019688207161e+04 2.483359748064979865e-20 5.237646695792810151e-21
2.414058044415574113e+04 4.578981071909628321e-21 4.980015051922980405e-21
2.415120064008253030e+04 2.081845911716424915e-20 4.843513617657886660e-21
2.416182078463717335e+04 2.019738658218921027e-20 5.046363199487988834e-21
2.417244087777124514e+04 2.412893324430890075e-20 4.855061694887437284e-21
2.418306091947700406e+04 2.103384245722279660e-20 4.879385266282061005e-21
2.419368090970019330e+04 1.911616487649975711e-20 4.746582793102148607e-21
2.420430084843292570e+04 1.252235968658486847e-20 4.974618892956516966e-21
2.421492073563285157e+04 1.483885136964576948e-20 4.696209089826493568e-21
2.422554057125711552e+04 2.544715783791335654e-20 4.669877388416222842e-21
2.423616035529227156e+04 1.251448809318625708e-20 5.267102940390482295e-21
2.424678008770154338e+04 3.179810538275684327e-20 5.146739844645575045e-21
2.425739976844799094e+04 1.944775675588542734e-20 4.885486772138988756e-21
2.426801939751226382e+04 2.918756496090216109e-20 4.582631336543014898e-21
2.427863897485737471e+04 3.963730264836160330e-20 4.592052422622876796e-21
2.428925850045834522e+04 2.825810806207984691e-20 4.958874330827950871e-21
2.429987797426646284e+04 1.555857513567254910e-20 4.518393569629438302e-21
2.431049739626829978e+04 1.506800342066168637e-21 4.701196734613617630e-21
2.432111676642699967e+04 5.902749609656114817e-21 5.281879250642735776e-21
2.433173608471151238e+04 1.129157443456581728e-20 5.140092031981650504e-21
2.434235535109632838e+04 3.370985848870540227e-21 4.502507366418572534e-21
2.435297456552681251e+04 1.352384729336311307e-20 4.689634696257520734e-21
2.436359372800747951e+04 1.973331626472154977e-20 4.745353033913911120e-21
2.437421283847784071e+04 1.289299645247077454e-20 4.760000193955214051e-21
2.438483189691845109e+04 1.952688542728778871e-20 4.907031946233508072e-21
2.439545090330429230e+04 2.040797431235438058e-20 5.060229197791982843e-21
2.440606985759821328e+04 1.372817186350630540e-20 4.559805744803782961e-21
2.441668875976295021e+04 2.704636305289221383e-20 5.177489522000766537e-21
2.442730760977933096e+04 1.978853399024805641e-20 4.814895067932937596e-21
2.443792640760465292e+04 1.577995120147107783e-20 5.189669760404460809e-21
2.444854515321947110e+04 1.253470929828110768e-20 4.778170615030064907e-21
2.445916384658091556e+04 1.994371016951735908e-20 4.871341385334908497e-21
2.446978248766962133e+04 1.218525786106986687e-20 4.894864085744814969e-21
2.448040107644844102e+04 2.832021725908380672e-20 4.946563946585797301e-21
2.449101961287989980e+04 1.945541262978604796e-20 5.186811583483808027e-21
2.450163809693928124e+04 2.105032445332434802e-20 4.938761360418669798e-21
2.451225652860132323e+04 2.741234214658620513e-20 5.175172014244532475e-21
2.452287490782300301e+04 -2.103043023410941740e-21 5.100273622787347537e-21
2.453349323458480649e+04 3.334995940174161958e-21 4.787320155411576643e-21
2.454411150883783193e+04 1.793439849133735553e-20 4.329023084192518129e-21
2.455472973057434865e+04 9.755187978049491888e-21 4.750361879720099153e-21
2.456534789974560772e+04 2.699806601093660945e-20 5.016842423183632805e-21
2.457596601632649254e+04 2.517085646000990163e-20 5.099720279655235222e-21
2.458658408029760903e+04 2.408914462409494469e-20 4.607494981412451409e-21
2.459720209160378363e+04 8.747626378917277622e-21 4.511248473387785868e-21
2.460782005021968507e+04 9.174352442000809007e-21 4.605339257481831863e-21
2.461843795613194015e+04 1.873659253453662862e-20 4.616452242941638735e-21
2.462905580929131975e+04 2.488539956018372821e-20 4.773840917525647276e-21
2.463967360966686101e+04 2.898382453479243797e-20 4.985460118165473350e-21
2.465029135724512525e+04 2.159664493948879145e-20 5.054571211798700362e-21
2.466090905197111351e+04 1.909953834613211347e-20 5.265718943324739124e-21
2.467152669383727698e+04 2.707589755470249649e-20 5.359489520147000519e-21
2.468214428279435742e+04 1.416660660063502621e-20 5.059635247116454979e-21
2.469276181881682714e+04 1.723533987473064932e-20 4.693982691346608659e-21
2.470337930187971142e+04 1.485012247049840322e-20 4.442835340592716015e-21
2.471399673193362469e+04 1.430976198794056296e-20 4.507561461800711217e-21
2.472461410895927111e+04 1.358491146196858678e-20 4.721418424756445741e-21
2.473523143293151224e+04 2.410796706919228705e-20 4.355185555766494166e-21
2.474584870366494943e+04 1.843036832474492937e-20 4.920768797746895531e-21
2.475621778748144061e+04 2.395442983939903236e-20 4.486654136172061251e-21
2.476683492990745435e+04 2.304381164693153372e-20 4.878114879166786734e-21
2.477745201915464349e+04 2.400783224667226738e-20 4.940529518852763073e-21
2.478806905517293490e+04 1.131924354215295780e-20 4.639840700690910731e-21
2.479868603796308525e+04 1.407531922812170874e-20 5.125612895941389708e-21
2.480930290148932909e+04 1.702164110873787285e-20 4.800646146850306624e-21
2.481991957698857368e+04 2.053199007020826934e-20 4.785729877905572291e-21
2.483053619914853334e+04 1.958575023890725515e-20 4.360711869354096802e-21
2.484115276792569421e+04 1.027288942667942231e-20 4.363571809547621832e-21
2.485176928331368254e+04 1.745729698384502540e-20 5.012363829396267019e-21
2.486238574524975047e+04 9.525722661136595368e-21 4.898056771154937565e-21
2.487300215373982792e+04 1.677826585399990527e-20 4.954588633985933871e-21
2.488361850872122886e+04 5.273736123959135247e-21 4.657460368484042069e-21
2.489423481018159873e+04 1.528430040986055970e-20 4.763939432539755019e-21
2.490485105807689251e+04 2.723735931960624433e-20 4.715635812572353022e-21
2.491546725238822546e+04 -1.826387275776489448e-21 4.592882775414952351e-21
2.492608339307149072e+04 3.122278541213124625e-22 4.713576058889439304e-21
2.493669948010753433e+04 1.671917188032614120e-20 4.461782917213896602e-21
2.494731551345260232e+04 1.278868888887840125e-20 4.912545342264935659e-21
2.495793149308787179e+04 1.814733735929737385e-20 4.918702043648061815e-21
2.496854741896927953e+04 1.701594897079101284e-20 5.063281606199115524e-21
2.497916329107787169e+04 2.336693572011574226e-20 4.716893873360402801e-21
2.498977910936949411e+04 1.964261074590206403e-20 4.783552021672529617e-21
2.500039487381858635e+04 8.642408774592208444e-21 4.600379007903992795e-21
2.501101058439416374e+04 7.351754273089959543e-21 4.679854000978668307e-21
2.502162624107091688e+04 7.484825158490031597e-21 4.343401942813969151e-21
2.503224184380470251e+04 1.962708345239767438e-20 4.673543310064092258e-21
2.504285739257024761e+04 2.695337897480319395e-20 4.828243805166017286e-21
2.505347288733577807e+04 1.525956372804243731e-20 4.533123387736760313e-21
2.506408832806978899e+04 2.613845074856500228e-20 5.152598443880755532e-21
2.507470371474101194e+04 1.259629060950371389e-20 4.396325350193419941e-21
2.508531904731780742e+04 1.738070515168004466e-20 4.426917202299019003e-21
2.509593432577487692e+04 1.082798634510368076e-20 4.809310013742207734e-21
2.510654955006160526e+04 2.293335778101455007e-20 4.401718178875650699e-21
2.511716472017134947e+04 1.488074810516842042e-20 4.490052046511229158e-21
2.512777983605402551e+04 2.172741395920364430e-20 4.652233421108363839e-21
2.513839489768430212e+04 2.602200770568645833e-20 4.937340610061716301e-21
2.514900990503055073e+04 2.423297826783099818e-20 4.823797168690959623e-21
2.515962485805472897e+04 1.455916239739084516e-20 5.170477430365143787e-21
2.517023975674394023e+04 2.469555079045811264e-20 5.364514305282312814e-21
2.518085460104139929e+04 2.184875178441874144e-20 4.900100387447044724e-21
2.519146939093463152e+04 1.338860982858362506e-20 4.620465894216930768e-21
2.520208412638560912e+04 1.889914936312907680e-20 4.270572610700629106e-21
2.521269880736261985e+04 1.941143541386709075e-20 4.404080795925158105e-21
2.522331343383380590e+04 1.103593324579635326e-20 4.597240702131820359e-21
2.523392800576734589e+04 1.697317216441053948e-20 4.705077191495342550e-21
2.524454252313197503e+04 1.308799321295221019e-20 4.033549940212981767e-21
2.525515698588954183e+04 6.469382758652335475e-21 4.419272858899039052e-21
2.526577139402104149e+04 2.302461940802664088e-20 4.376904130874306084e-21
2.527638574749464169e+04 1.033392163608749670e-20 4.484763002190719233e-21
2.528700004625919246e+04 1.430828137653477486e-20 4.480964926692025850e-21
2.529761429029618739e+04 1.086307648972896394e-20 4.589109656309351195e-21
2.530822847958021157e+04 2.439757542320542819e-20 4.677454969169504551e-21
2.531884261406674341e+04 1.767423010514752230e-20 4.453108049364630489e-21
2.532945669374304634e+04 2.501378599035864147e-20 4.643143823469790608e-21
2.534007071855150934e+04 1.454328457886943398e-20 4.522496580357709551e-21
2.535068468846714313e+04 1.856697939389496770e-20 4.697872786125748940e-21
2.536129860347733484e+04 1.942601098697212108e-20 4.613689981661736293e-21
2.537191246353747556e+04 1.265025083578262232e-20 4.782643750190672900e-21
2.538252626860931196e+04 1.252912401913341562e-20 4.782591203087946738e-21
2.539314001867348998e+04 2.169533337158252409e-20 4.449270184413391180e-21
2.540375371368568449e+04 1.033995390061538243e-20 4.629397548877596715e-21
2.541436735362701438e+04 1.845053820130462698e-20 4.655525782950356019e-21
2.542498093845913900e+04 2.419933236090809532e-20 4.365477075328453905e-21
2.543559446814377952e+04 2.206799102019752418e-20 4.236005889307272482e-21
2.544620794265515360e+04 2.505834469497958738e-20 4.788184829466120840e-21
2.545682136196161809e+04 2.274441312284686655e-20 4.609601591408690985e-21
2.546743472603789996e+04 1.503336425414614125e-20 4.470238911489267515e-21
2.547804803483282740e+04 2.440655177226979944e-20 4.490420755706992518e-21
2.548866128833363837e+04 -1.703497691936758466e-21 4.432167078635438843e-21
2.549927448651455052e+04 1.693064103331966245e-20 4.373251649064683117e-21
2.550988762931182646e+04 2.910601484708916543e-20 4.720195560802727136e-21
2.552050071671936894e+04 1.092023365856702955e-20 4.780319403571960898e-21
2.553111374869877545e+04 1.039784671338794295e-20 4.148761785790003634e-21
2.554172672522444191e+04 1.147163973831763593e-20 4.231914203058072343e-21
2.555233964624478904e+04 7.127486747813430244e-21 4.396322818237432200e-21
2.556295251175393423e+04 2.210210042160945501e-20 4.160473620557215406e-21
2.557356532170070568e+04 2.203951012310953523e-20 3.937711847298300746e-21
2.558417807605949929e+04 1.699831567003298047e-20 4.214555347990618878e-21
2.559479077479823172e+04 2.679115540661849878e-21 4.602962171275701223e-21
2.560540341788455407e+04 2.093146785068880726e-20 4.977612901939208423e-21
2.561601600528690687e+04 1.853679181669793666e-20 4.523083049075398326e-21
2.562662853697328319e+04 2.411431285750083910e-20 4.424197342741686148e-21
2.563724101291161787e+04 2.466151399044268716e-20 4.536455190359840649e-21
2.564785343306331561e+04 1.515598315505810894e-20 4.637860600223140499e-21
2.565846579740881862e+04 1.129691054469498861e-20 4.530386415778431443e-21
2.566907810591023735e+04 1.856991054905471687e-20 4.694292020967220662e-21
2.567969035853541573e+04 1.324685057260616657e-20 4.182245380921143792e-21
2.569030255524577296e+04 1.398748087309000157e-20 4.511305768832255519e-21
2.570091469601547578e+04 2.584636621152977515e-20 4.482614115514423113e-21
2.571152678082519924e+04 1.883924327697533854e-20 4.495064140977889806e-21
2.572213880961746327e+04 1.017337900051493976e-20 4.285566659972768407e-21
2.573275078237944763e+04 1.136321572298147212e-20 4.110432420183973291e-21
2.574336269907247697e+04 1.307801642133813268e-20 4.738247517843297691e-21
2.575397455965765039e+04 1.970043673524681859e-20 4.593668640776209780e-21
2.576458636411596308e+04 1.760848546003841295e-20 4.652360214056358045e-21
2.577519811240251875e+04 1.818571146636939016e-20 4.286696988548626296e-21
2.578580980449157141e+04 1.716725460363672627e-20 4.416280163622496230e-21
2.579642144035084129e+04 1.832632555210712454e-21 4.604435276565224362e-21
2.580703301996074879e+04 7.197797798162248500e-21 4.292498284747688422e-21
2.581764454325713086e+04 1.319959410442980707e-20 4.505714386160439135e-21
2.582825601024676871e+04 1.408203904233397675e-20 4.461249357150479340e-21
2.583886742086488448e+04 1.399266762294143006e-20 4.283500365901415258e-21
2.584947877509853424e+04 1.890049198933062483e-20 4.262394013096642824e-21
2.586009007290886075e+04 1.979036589632660549e-20 4.357862368872102829e-21
2.587070131424454667e+04 1.240265202109041012e-20 3.783983150120541633e-21
2.588131249911880877e+04 1.716293369308877437e-20 3.934197805248418422e-21
2.589192362745370338e+04 1.440824231958180952e-20 4.305782000019426587e-21
2.590253469924266756e+04 1.499683449031972469e-20 4.428430355978257681e-21
2.591314571445377078e+04 1.818491991577735294e-20 4.416224830950167456e-21
2.592375667304831586e+04 2.523658093358315632e-20 4.403670618842116722e-21
2.593436757498739462e+04 2.875323661424873931e-20 4.276739252936203376e-21
2.594497842023849807e+04 1.661924000498340597e-20 4.465463470143528569e-21
2.595558920879517609e+04 1.915082389627332694e-20 4.246412566794696025e-21
2.596619994058645898e+04 2.443053196787479312e-20 4.409644532293780054e-21
2.597681061560601302e+04 1.658911454111654087e-20 4.562637012366217721e-21
2.598742123381485726e+04 2.100793925512586200e-20 4.805340220228823263e-21
2.599803179518678371e+04 1.739550738849567349e-20 4.552189370528324079e-21
2.600864229967018036e+04 1.782223125357704477e-20 4.226169203314872036e-21
2.601925274725237978e+04 1.901669077733048615e-20 4.201025303945359318e-21
2.602986313789436099e+04 2.395684090111265774e-20 4.598208728222687623e-21
2.604047347155693569e+04 2.064170194966201603e-20 4.431824113559843364e-21
2.605108374822065889e+04 2.977307807263954250e-21 4.532036186404897273e-21
2.606169396785357094e+04 1.074666736069930442e-20 4.523334261699763658e-21
2.607230413040346684e+04 1.530225168896105574e-20 4.543936986961112517e-21
2.608291423586398741e+04 2.008764467789391755e-20 4.485426479082183008e-21
2.609352428418260752e+04 1.299194964653481324e-20 4.105485305823641954e-21
2.610413427532079731e+04 2.480110608177253005e-20 4.540118366376834419e-21
2.611474420927892425e+04 2.129805102487330151e-20 4.310518438376936725e-21
2.612535408599809671e+04 1.035250562904645716e-20 4.196260663353817942e-21
2.613596390543891175e+04 1.751776159431481946e-20 4.091139991815338107e-21
2.614657366760192235e+04 1.616141967046739275e-20 4.239223890723873055e-21
2.615718337242854250e+04 1.936089608547524862e-20 4.598245865638642250e-21
2.616779301988614316e+04 2.116098935752179638e-20 4.236480494825075674e-21
2.617840260995507924e+04 1.498360649453848843e-20 4.165371589790241909e-21
2.618901214259607514e+04 7.645631007498162769e-21 4.364194192191714038e-21
2.619962161777045549e+04 9.747106303028036622e-21 4.444775541343336006e-21
2.621023103545870254e+04 2.262191369752407965e-20 4.078316035773404704e-21
2.622084039561493410e+04 1.270458962300384739e-20 4.356574298531625255e-21
2.623144969821925770e+04 6.629207730527355939e-21 4.310550665286348684e-21
2.624205894322652239e+04 1.666435255675722145e-20 4.272271280749057996e-21
2.625266813061064749e+04 1.654805969472226266e-20 4.240147449189944246e-21
2.626327726034542866e+04 2.116320444692729851e-20 4.132797646382289389e-21
2.627388633238464899e+04 1.654136614615076863e-20 4.011825415050289813e-21
2.628449534670266439e+04 1.383847331576239834e-20 4.339150672483249017e-21
2.629510430327352515e+04 1.329682835681504915e-20 4.239788867114317300e-21
2.630571320205778466e+04 2.278573084405917149e-20 4.402723757035771910e-21
2.631632204300918966e+04 1.678214832535556806e-20 4.367384161315131531e-21
2.632693082612171202e+04 1.514190500337409642e-20 4.169687037475032610e-21
2.633753955134304124e+04 3.166597926179816747e-20 4.308913665567483228e-21
2.634814821864692203e+04 1.538698162821666563e-20 4.164297871952305293e-21
2.635875682800694995e+04 7.219162667296186937e-21 4.489243807110413950e-21
2.636936537937716639e+04 9.530342627599015320e-21 3.946171893169088004e-21
2.637997387272517153e+04 1.615521298154291198e-20 4.148176347323718187e-21
2.639058230803132392e+04 1.963128022784039584e-20 4.512270189841236006e-21
2.640119068525597686e+04 8.548668535219677174e-21 4.342062503843833217e-21
2.641179900437281685e+04 2.156969095201739503e-20 4.467770080884060335e-21
2.642240726533628549e+04 2.164840815715550500e-20 4.297589114811126957e-21
2.643301546812003289e+04 2.399629059544911452e-20 4.353241776340890587e-21
2.644362361269101530e+04 2.158797630215188685e-20 4.478112605852107663e-21
2.645423169900952416e+04 7.172508879701943030e-21 3.971507361961882117e-21
2.646483972705655833e+04 2.197484467983940378e-20 4.656867076876101389e-21
2.647544769679245655e+04 2.346059888931236627e-20 4.497181978509144687e-21
2.648605560818416052e+04 1.568824339959930255e-20 3.896374281970395139e-21
2.649666346120513117e+04 2.141532362489815644e-20 4.031288884221158287e-21
2.650727125579643325e+04 1.912320026733590769e-20 4.302190161205554999e-21
2.651787899197165461e+04 2.320594925492327303e-20 4.624759871780267890e-21
2.652848666965101074e+04 1.807628998615895467e-20 4.653178670457036381e-21
2.653909428881456552e+04 2.146687413596607687e-20 4.432459495382633125e-21
2.654970184945670553e+04 2.089550367358112669e-20 4.315200213153033132e-21
2.656030935151762606e+04 1.721761309214480860e-20 4.481831169092614977e-21
2.657091679497083896e+04 2.605709517912721692e-20 4.795507806339859554e-21
2.658152417977635560e+04 2.578201835712636834e-20 4.858522323238785465e-21
2.659213150591514932e+04 3.681273842598608321e-20 4.687549642958168271e-21
2.660273877334073040e+04 1.955650379188813711e-20 4.346942950535827738e-21
2.661334598203321366e+04 2.563565393933603115e-20 4.250865768645263888e-21
2.662395313195261042e+04 1.825631491069845895e-20 4.314914825793180697e-21
2.663456022305978331e+04 1.370929480951562783e-20 4.244800735948777189e-21
2.664516725532821874e+04 1.928297269810047647e-20 4.019892650461973945e-21
2.665577422872456737e+04 2.705138238084386764e-20 4.367008200478575496e-21
2.666638114322232286e+04 2.027417400131813731e-20 4.433860704523697874e-21
2.667698799877550118e+04 1.599403226840657249e-20 4.076473582923661775e-21
2.668759479536424988e+04 9.389656195501423976e-21 4.171743574720474685e-21
2.669820153294171541e+04 6.538233182272507731e-21 4.555139688663130778e-21
2.670880821148147152e+04 9.113989956526624778e-21 4.164378664812814964e-21
2.671941483095083095e+04 1.523849993964079542e-20 4.416983895436184543e-21
2.673002139132987577e+04 1.943963943201800113e-20 4.443290486396117296e-21
2.674062789255820462e+04 1.750245444436634943e-20 4.471707492846365164e-21
2.675123433461625245e+04 1.285707693332364719e-20 4.691690416220687348e-21
2.676184071746960035e+04 2.693841142523928958e-20 4.548876809203516955e-21
2.677219464569285992e+04 2.840700556854722762e-20 4.894951601889352165e-21
2.678280088763080494e+04 1.358656759324738074e-20 4.495952681955814793e-21
2.679340707042360009e+04 2.240724043742742065e-20 4.313226431536836621e-21
2.680401319386673640e+04 2.197452414846458240e-20 4.639690784568623277e-21
2.681461925795261413e+04 8.071356104980344232e-21 4.320204486407858815e-21
2.682522526262813335e+04 1.788494374376736157e-20 4.754123091961737026e-21
2.683583120786692598e+04 1.845185166767483011e-20 5.019693458063089416e-21
2.684643709362918889e+04 1.785911142262978893e-20 4.853118970113632678e-21
2.685704291988817567e+04 1.963812910712908717e-20 4.726541035464447104e-21
2.686764868662946901e+04 1.463717902481232488e-20 4.663558702607972645e-21
2.687825439377507064e+04 1.855868973946210172e-20 4.956277436865339395e-21
2.688886004133673850e+04 1.794064158176468564e-20 4.943676011407007139e-21
2.689946562925515900e+04 1.641221119288332091e-20 5.049856066696873788e-21
2.691007115750946468e+04 1.411985320467250248e-20 5.203682635660735465e-21
2.692067662604088400e+04 1.596128931752333930e-20 4.479722752667287530e-21
2.693128203484835103e+04 2.541048132552391350e-20 4.334720989299217017e-21
2.694188738388519414e+04 1.393512481508428608e-20 4.828264269837076924e-21
2.695249267311173753e+04 2.016516982415021896e-20 4.689971225187052385e-21
2.696309790251413142e+04 2.372009974934732337e-20 4.748161422559297461e-21
2.697370307202646291e+04 5.945085172996043679e-21 4.301203401731721109e-21
2.698430818165995515e+04 2.368193737456061588e-21 4.300468359456075196e-21
2.699491323132357502e+04 1.176314916181818418e-20 4.946960659181584613e-21
2.700551822104855819e+04 3.293967119474426750e-20 5.193770239216043820e-21
2.701612315074279104e+04 2.565393671104290718e-20 4.860385916323102227e-21
2.702672802041123941e+04 1.663157874850532459e-20 4.969179446180909828e-21
2.703733282999541916e+04 1.374634603833194079e-20 5.072739736513746133e-21
2.704793757950034706e+04 1.626032449546978824e-20 5.106277274330828336e-21
2.705854226883363299e+04 6.991636369546113597e-21 4.507167094448193597e-21
2.706914689802681823e+04 1.072819261820809403e-20 4.855906749288439953e-21
2.707975146698169556e+04 1.554404124790886555e-20 4.882470768662686189e-21
2.709035597572289407e+04 2.335162062631764411e-20 5.041368560710537695e-21
2.710096042417088393e+04 1.965929658253258356e-20 4.590109981026880056e-21
2.711156481232520309e+04 2.243487712411126944e-20 4.789932572063542714e-21
2.712216914013270434e+04 2.219029213178114826e-20 5.110906469843840738e-21
2.713277340757224738e+04 1.995102771871000329e-20 5.138474481235712928e-21
2.714337761459069588e+04 2.185935785906843998e-20 5.183161199174063064e-21
2.715398175689493291e+04 9.671262344864867727e-21 4.780232083943219960e-21
2.716458548680233434e+04 1.708242228634986250e-20 4.486371888271704278e-21
2.717518908945612930e+04 1.140091458238539069e-20 5.439698503428364297e-21
2.718579263079912926e+04 1.364202444241404235e-20 4.673389893913777442e-21
2.719639611160567438e+04 1.614192665026967443e-20 4.944026716303333616e-21
2.720699953161404119e+04 1.592866824689347252e-20 4.973986588049991360e-21
2.721734957053439575e+04 9.728905418079992899e-21 5.011890656854830589e-21
2.722795284712699140e+04 2.561385387754139163e-20 5.176655658280327451e-21
2.723855606301470834e+04 3.023318207116766564e-20 4.980822722747738385e-21
2.724915921814963076e+04 2.328917260238672505e-20 4.826892750395165476e-21
2.725976231253944934e+04 1.350594354313580082e-20 4.918504168895359450e-21
2.727036534609570299e+04 1.861991740891211313e-20 5.293194696093162306e-21
2.728096831883901905e+04 9.966260453185971288e-21 5.030776599212540354e-21
2.729157123067364955e+04 2.636334214796472616e-20 4.754748178804902227e-21
2.730217408164171138e+04 6.461873580765908303e-21 4.644243164499716862e-21
2.731277687162688380e+04 1.638430709502763166e-20 5.093455845634842846e-21
2.732337960067706081e+04 2.584192438483675734e-20 5.399792067814246942e-21
2.733398226867652556e+04 -1.384556272230809098e-21 5.040435088360693526e-21
2.734458487566687836e+04 9.704038491177741225e-21 5.047762792889923945e-21
2.735518742154529173e+04 8.419456366392410398e-21 4.972560706608434148e-21
2.736578990635304945e+04 9.745915077694085550e-21 5.056269755750538199e-21
2.737639232997448198e+04 2.889660593232743291e-20 5.069013174019970968e-21
2.738699469245771616e+04 1.271169398647287866e-20 4.958660851099173088e-21
2.739759699368589645e+04 1.779577058127209035e-20 4.854404049596738450e-21
2.740819923369424578e+04 1.336799063438675015e-20 4.962537384176558542e-21
2.741880141240066223e+04 6.963735687477695445e-20 5.538901927747556926e-21
2.742940352980514217e+04 1.573220177472217707e-19 6.819176402323524793e-21
2.744000558585979525e+04 1.538008691957818662e-19 7.026171838427765132e-21
2.745060758050357617e+04 6.126772232548709166e-20 5.960178925524251358e-21
2.746120951377096571e+04 1.917323982664609748e-20 4.975491022233890072e-21
2.747181138555162033e+04 1.958598512707205613e-20 4.697539501953242176e-21
2.748241319588790793e+04 1.356110262059765247e-20 4.953028615491475727e-21
2.749301494466295480e+04 1.092094053266155023e-20 5.699720427504936777e-21
2.750361663191793923e+04 1.822795396364226410e-20 5.000952669373768245e-21
2.751421825755004102e+04 1.999515975095753361e-20 4.727038204053895721e-21
2.752481982159432300e+04 2.462239199119570883e-20 5.441557257485890022e-21
2.753542132394736836e+04 1.964458022026837102e-20 5.041230388476432329e-21
2.754602276461599467e+04 2.532917927557111159e-20 4.675575925987701034e-21
2.755662414358739261e+04 1.814953304499648567e-20 4.860430648297597610e-21
2.756722546075122227e+04 1.561533644911742817e-20 4.661554310360995692e-21
2.757782671617623782e+04 7.893209952693352821e-21 5.093729130140059346e-21
2.758842790972524017e+04 1.615028012967656822e-20 5.009593553445455009e-21
2.759902904146063156e+04 5.498348188256636313e-21 5.043506523437576768e-21
2.760963011125099365e+04 9.241952374310845661e-21 4.996619576130532057e-21
2.762023111915891423e+04 1.144237426973409089e-20 4.712117483688770181e-21
2.763083206506060378e+04 8.449619799204181898e-21 4.876453503701434788e-21
2.764143294895595682e+04 9.461821762748895393e-21 4.585786597049094885e-21
2.765203377085870670e+04 1.343156900023310470e-20 4.970269363531171102e-21
2.766263453065220529e+04 7.155375401520033642e-21 5.245622934962363846e-21
2.767323522839179350e+04 1.198854672066789971e-20 5.019908658686552876e-21
2.768383586395256498e+04 9.888746682160665572e-21 5.255440981769736165e-21
2.769443643737003731e+04 1.439962663181984216e-21 5.295560751880927177e-21
2.770503694855427966e+04 2.986052883068812356e-20 5.330676261305273358e-21
2.771563739749814704e+04 1.733623060688761782e-20 5.661133324648098910e-21
2.772623778419518931e+04 8.451475092972021741e-21 5.250724620023959021e-21
2.773683810854879630e+04 1.826189821286944097e-20 5.065734373617056329e-21
2.774743837061427621e+04 2.896144219090585759e-20 5.140565228635832904e-21
2.775803857024604804e+04 1.695860375309745920e-20 5.097970809531429401e-21
2.776863870745867098e+04 1.462793454611901549e-20 5.221271257003697333e-21
2.777923878227987734e+04 1.160846149402344653e-20 5.058036057888086545e-21
2.778983879456349678e+04 6.223904006235320792e-21 5.401551556088954059e-21
2.780043874438693092e+04 1.755228435495886874e-20 5.696028795758661091e-21
2.781103863161116533e+04 2.010481531500085757e-20 5.388849962102552714e-21
2.782163845624971509e+04 2.351796384978087742e-20 5.019056403210060259e-21
2.783223821831032546e+04 1.479711945221561939e-20 5.333703354212193354e-21
2.784283791766797003e+04 3.298245549269366626e-20 5.032669353854876447e-21
2.785343755439182860e+04 1.491519963055087104e-20 5.178563079801894061e-21
2.786403712834327962e+04 -4.617200817514570019e-21 4.903849664331759399e-21
2.787463663953655850e+04 1.695205313378141755e-20 5.430830799359503937e-21
2.788523608797833731e+04 1.019673706088649241e-20 4.976612963290194992e-21
2.789583547354341499e+04 1.381177474084552272e-20 5.020129428920191925e-21
2.790643479628813293e+04 1.853041529152559182e-20 5.120419208458435821e-21
2.791703405611466223e+04 2.191856427726899853e-20 5.198402946717078445e-21
2.792763325299498320e+04 -7.026081083721839182e-21 5.155863237886468157e-21
2.793823238695078908e+04 1.460743868478354198e-21 4.876741246085772808e-21
2.794883145785635134e+04 6.676454079552676152e-21 5.529731697336102087e-21
2.795943046573218089e+04 1.798296669917092440e-20 5.153856275983050900e-21
2.797002941058616852e+04 1.354178273960465434e-20 5.694801568057740806e-21
2.798062829228554983e+04 2.238995315424809901e-20 5.274458634614743197e-21
2.799122711085770788e+04 1.519678198704859252e-20 5.356673023914455938e-21
2.800182586625463591e+04 3.396060242126601923e-20 5.256351360958072797e-21
2.801242455842735217e+04 2.701736650922793436e-20 5.187396522374349429e-21
2.802302318740327610e+04 2.415428853603137025e-20 5.416992609346675337e-21
2.803362175304330958e+04 2.402491190520875337e-20 5.764239965749533101e-21
2.804422025538944217e+04 1.643081543776122181e-20 5.218201295787337051e-21
2.805481869439920774e+04 1.473670151864642082e-20 5.047549531725045599e-21
2.806541706999611051e+04 1.722611453509092943e-20 4.869843798895734440e-21
2.807601538218034693e+04 2.144585556670193330e-20 4.766205537673139829e-21
2.808661363093043474e+04 2.349432026176460352e-20 5.352044732106170497e-21
2.809721181615563182e+04 2.212750243125543569e-20 5.149607193717725283e-21
2.810780993789826243e+04 6.248668214526702121e-21 5.331126359716892887e-21
2.811840799605275606e+04 9.334367184613122020e-21 5.114256130635136213e-21
2.812900599059819433e+04 2.425560954713155215e-20 5.111384862824061186e-21
2.813960392154902001e+04 4.006476285185038079e-20 5.422321349443062930e-21
2.815020178882060281e+04 2.224802226184807835e-20 4.961544713328824977e-21
2.816079959237084040e+04 2.208849348609631025e-20 5.243594159451373662e-21
2.817139733222828363e+04 2.210450065912378453e-20 5.084463325876115053e-21
2.818199500828013697e+04 1.788908151981309118e-20 5.403334756204838872e-21
2.819259262052630584e+04 2.792520919277473693e-20 5.720513227824405223e-21
2.820319016896028188e+04 2.513368673413954266e-20 5.318314471263922300e-21
2.821378765349025707e+04 2.505844174589176278e-20 4.995522763119703095e-21
2.822438507410900274e+04 2.462832444172949669e-20 4.830881003086706597e-21
2.823498243081005057e+04 2.429822832351519267e-20 5.033268055722863413e-21
2.824557972350854834e+04 1.573926044528144974e-20 5.368234284589544550e-21
2.825617695217606888e+04 8.889689714872098701e-21 5.129717291647083068e-21
2.826677411682024467e+04 2.203605546045038443e-20 5.244733024892523272e-21
2.827737121737021153e+04 2.488085533775395523e-20 5.158609985817188676e-21
2.828796825377634741e+04 1.268928849077880582e-20 5.471216229767834928e-21
2.829856522605332430e+04 1.515306884325365698e-20 5.290574305318716411e-21
2.830916213413020523e+04 9.608917676017160619e-21 4.954839511494748363e-21
2.831975897795730270e+04 1.056682581282231172e-20 5.330310512826510001e-21
2.833035575754223100e+04 1.949045061440479513e-20 5.179120448823204444e-21
2.834095247283512799e+04 1.151590312575543283e-20 5.676290673393887819e-21
2.835154912376510401e+04 3.048801420264122689e-20 5.350056643792717155e-21
2.836214571034679830e+04 2.603689345488182939e-20 5.193780867883822261e-21
2.837274223252322190e+04 2.732340529992333293e-20 5.415807712509987846e-21
2.838333869023754232e+04 2.577656156146364919e-20 5.457119069272577743e-21
2.839393508349731565e+04 1.672363546422017170e-20 5.445043037432044373e-21
2.840453141223838611e+04 9.910194699952380161e-21 5.176003039202036259e-21
2.841512767643219559e+04 2.872704833106311742e-20 5.268466258778673412e-21
2.842572387603677635e+04 2.814939551161490896e-20 5.645134974010287794e-21
2.843632001104441224e+04 1.150629831140683718e-20 5.468552198407385768e-21
2.844691608137709773e+04 2.732857715474044466e-20 4.901036193965449018e-21
2.845751208701393261e+04 2.247945331739982822e-20 5.352797869726783769e-21
2.846810802794011033e+04 2.464516750460948036e-20 5.183414707576093836e-21
2.847870390412008419e+04 1.847447442957645786e-20 5.332185977037129427e-21
2.848929971547621972e+04 1.057264887122127162e-20 5.258170530991938285e-21
2.849989546201488338e+04 1.221161946325080224e-20 5.404371619122908206e-21
2.851049114369350718e+04 2.247521947647271715e-20 5.302928891260825379e-21
2.852108676045554239e+04 1.375623966222859242e-20 5.071318364640726453e-21
2.853168231226474381e+04 1.040992367502993320e-20 5.009311482928728043e-21
2.854227779912831102e+04 9.984471961319800126e-21 5.357501909647259357e-21
2.855287322098240475e+04 2.811378795231421348e-20 5.100806974035630841e-21
2.856346857777649711e+04 1.972562429331702752e-20 5.059886484586123078e-21
2.857406386949665466e+04 1.730420895166612235e-20 5.135164802775088736e-21
2.858440284551960576e+04 2.393259204521252701e-20 5.349819362120152206e-21
2.859499798441934399e+04 1.318577055283475684e-20 5.999165647748412535e-21
2.860559305827341450e+04 3.015325558332829356e-20 5.950083403468574322e-21
2.861618806690245765e+04 2.086650621463092497e-20 5.308161560439412605e-21
2.862678301027678026e+04 1.924878136604377037e-20 5.600125782872532250e-21
2.863737788834780076e+04 2.204963716950705495e-20 5.044745577355998375e-21
2.864797270109288365e+04 1.449422270845112206e-20 5.094186546263206802e-21
2.865856744845528374e+04 2.822283899749609900e-20 5.243336478212471722e-21
2.866916213042710297e+04 2.178505914603839297e-20 5.234145792015918899e-21
2.867975674694505142e+04 7.778405366334379801e-21 5.445299168822594088e-21
2.869035129800689538e+04 2.844058013883726036e-20 5.772485827804785474e-21
2.870094578354318219e+04 8.508751041501788599e-21 5.202155753219249175e-21
2.871154020353086162e+04 1.190550964240259964e-20 5.291457849780915683e-21
2.872213455792734749e+04 2.395795105271502195e-20 5.670480690901814552e-21
2.873272884671084103e+04 2.208195397885989590e-20 5.529140984997987104e-21
2.874332306983795934e+04 2.362477929377740178e-20 5.526079413045886499e-21
2.875391722727291199e+04 6.946371543868235123e-21 4.937937111879161695e-21
2.876451131897997766e+04 1.175055270138739793e-20 4.867734923957193358e-21
2.877510534492920124e+04 9.556778731954945532e-21 5.050847548248047234e-21
2.878569930507126992e+04 1.172731105382546762e-20 5.224553239272587118e-21
2.879629319937002947e+04 1.432974892505509156e-20 5.213937115027350141e-21
2.880688702779576124e+04 1.827661070028730937e-20 5.015505830814632265e-21
2.881748079032688838e+04 1.030050113144535687e-20 5.381234843372233787e-21
2.882807448689960438e+04 1.231096341866909100e-20 5.439126154772034083e-21
2.883866811750450506e+04 2.849804753455334662e-20 5.200911695284968668e-21
2.884926168207883165e+04 8.601915632091955664e-21 5.553590505327787398e-21
2.885985518060644972e+04 2.638553270168361190e-20 5.423576932214547120e-21
2.887044861304432561e+04 1.395058826318970346e-20 4.968994583721698759e-21
2.888104197935654884e+04 1.298974795027911269e-20 4.870115739516423481e-21
2.889163527949935087e+04 2.338515460266089638e-20 5.287854974585198002e-21
2.890222851344389346e+04 7.985138009099069892e-21 4.814296433215454744e-21
2.891282168103109507e+04 1.697380180940582246e-20 5.048853937454176478e-21
2.892341477143922748e+04 1.509603502523692370e-20 5.004968758077961319e-21
2.893375082732507144e+04 5.161158170246857485e-21 5.013446932874177033e-21
2.894434377367997149e+04 8.701123416990610492e-21 5.012432774064281541e-21
2.895493665365344350e+04 2.297247071591453586e-22 4.931936911781619100e-21
2.896552946721698754e+04 -6.840665774215685137e-22 4.831351864937735707e-21
2.897612221431935177e+04 8.560197385849129063e-21 5.182813366091781360e-21
2.898671489493131958e+04 1.256256576962296128e-20 5.164733201539629724e-21
2.899730750901687861e+04 1.609683562597912498e-20 5.250355359119089829e-21
2.900790005653891785e+04 6.586903705375360928e-21 5.409709144632633489e-21
2.901849253747582407e+04 1.798919531938733735e-20 5.260805398866698815e-21
2.902908495176248471e+04 1.546629917874268724e-21 5.332617548448687196e-21
2.903967729936874093e+04 1.859571997631290953e-20 5.358349473637068895e-21
2.905026958028058652e+04 1.015785281376110506e-20 5.662953805624193666e-21
2.906086179443231958e+04 1.812730917655740413e-20 4.761457696510668417e-21
2.907145394181588199e+04 2.308045359218518838e-20 4.852443512920815412e-21
2.908204602238091684e+04 1.241288547563428587e-20 5.108862820323432535e-21
2.909263803607583395e+04 2.180866331863913383e-20 5.174648653517715849e-21
2.910322998288585950e+04 -2.258455914292511274e-21 4.869120744564506287e-21
2.911382186276028006e+04 7.859928673999529497e-21 5.233489045735671086e-21
2.912441367569041176e+04 2.716222551987128893e-20 5.564471907786141440e-21
2.913500542161158228e+04 -5.041481652134718264e-21 5.182855358651091728e-21
2.914559710047966291e+04 3.439061889346897735e-21 5.177994772490604754e-21
2.915618871227913041e+04 1.861237436189083870e-20 5.562344381174252657e-21
2.916678025695954057e+04 1.862875542281824585e-20 5.179164871739054280e-21
2.917737173449078909e+04 2.613897322216605663e-20 4.673052516679996576e-21
2.918796314484351024e+04 1.459990961211972007e-20 4.803935075028056498e-21
2.919855448797405188e+04 1.184460450172068932e-20 5.122548037628186379e-21
2.920914576384479005e+04 1.392581750725952533e-20 5.290102546080771149e-21
2.921973697241970876e+04 1.989533848105714703e-20 5.127999724930966880e-21
2.923032811365446469e+04 9.577972122509873598e-21 5.008843290466335233e-21
2.924091918751184130e+04 1.071137008438602258e-20 4.508827966075085081e-21
2.925151019399177312e+04 1.265447201623515013e-20 4.723861268169087358e-21
2.926210113300616285e+04 2.706238522871100400e-21 4.827267360725020109e-21
2.927269200454726160e+04 1.331697391760598135e-20 5.033234986608042337e-21
2.928328280857122445e+04 1.292451992671037534e-20 4.672068849026342543e-21
2.929387354503296592e+04 1.384818404607187688e-20 4.807101275617575980e-21
2.930446421390366959e+04 1.189252959193162250e-20 4.823467121808475072e-21
2.931505481515320935e+04 1.820103286789304825e-20 4.811900144455903667e-21
2.932564534872262084e+04 1.257089679992320773e-20 5.167069981641359995e-21
2.933623581461170033e+04 5.016498063493687585e-21 4.897800834460851378e-21
2.934682621275369820e+04 -2.811404859297854467e-21 4.832749850395899864e-21
2.935741654310478043e+04 3.408502916745063707e-21 4.922853701026996494e-21
2.936800680564967843e+04 1.097155816680837349e-20 5.087336910181186417e-21
2.937859700034336856e+04 1.295238499664323533e-20 5.165856767865691112e-21
2.938918712714956564e+04 2.394142723561788190e-20 5.323556903586544373e-21
2.939977718603058383e+04 2.298845414802949395e-20 4.978120884806202792e-21
2.941036717696387495e+04 2.505924605440094948e-21 5.081795471145434363e-21
2.942095709987636292e+04 2.526130558829068017e-20 4.977674069318752659e-21
2.943154695476629058e+04 1.551188511167071768e-20 5.249766461018547819e-21
2.944213674157547575e+04 1.669808150683246464e-21 4.918080846056453453e-21
2.945272646026637813e+04 2.062391212413285052e-20 5.131530979916995264e-21
2.946331611082328527e+04 5.597429419942722317e-21 5.091993435030555107e-21
2.947390569318043708e+04 1.265739789417623835e-20 5.269917416262246396e-21
2.948449520732161545e+04 1.355352420724583349e-20 5.105418829817205831e-21
2.949508465321046242e+04 2.664821655274569194e-20 5.240808556533274171e-21
2.950567404580016228e+04 1.855611381510916472e-20 5.418280831733501348e-21
2.951626373756944304e+04 1.684430355087236240e-20 5.047537571947363808e-21
2.952685336096671745e+04 1.029991289004663559e-20 4.825605033769566381e-21
2.953744291593205344e+04 1.783659626463419503e-20 5.233563363144518367e-21
2.954803240245028064e+04 3.189617942660904496e-20 5.351905036264450469e-21
2.955862182047681199e+04 5.410567116003640135e-21 5.037420575855463856e-21
2.956921116996617639e+04 4.641685603181102346e-21 4.909248939587737605e-21
2.957980045089636042e+04 2.791409571631837862e-20 4.654829247528399098e-21
2.959038966322196211e+04 9.950476197809224812e-21 5.215182371622787388e-21
2.960097880689838712e+04 4.657207920326378305e-21 5.006072942043820622e-21
2.961156788189567669e+04 1.207822659767665232e-20 4.914256057842176591e-21
2.962215688819008210e+04 1.444649874955477884e-20 4.651136664263860923e-21
2.963274582571569044e+04 2.747192852753502174e-20 4.711017014216807831e-21
2.964333469444897491e+04 2.122550080304435321e-20 5.194760410858113997e-21
2.965392349436708537e+04 1.403007280038326394e-20 5.281872460049108782e-21
2.966451222539616356e+04 8.587710617039223301e-21 4.890558887290036877e-21
2.967510088752692536e+04 1.158077501421302511e-20 4.871502972352077938e-21
2.968568948072267085e+04 3.439545509857440923e-20 5.599093858580655576e-21
2.969627800493783798e+04 8.640567132426614071e-21 4.844965847949661489e-21
2.970686646012745405e+04 6.370897768442536615e-21 5.064775386830721547e-21
2.971745484626152393e+04 1.185512198143023055e-20 5.059124045225570376e-21
2.972804316330139045e+04 1.208993644775365191e-20 5.469990773675277895e-21
2.973863141121023000e+04 1.313313824208391378e-20 5.112704527397134803e-21
2.974921958995702880e+04 6.372284546167533669e-21 4.815844697344537237e-21
2.975980769948940360e+04 1.715055001236958229e-20 5.255967141052814618e-21
2.977039573976990505e+04 1.649064847116806042e-20 4.898770907408760193e-21
2.978098371078916534e+04 2.014320053092238565e-20 4.691397780992799821e-21
2.979157161247355180e+04 1.986545544164799260e-20 5.168717160330131219e-21
2.980215944479922837e+04 6.525741678725924497e-21 4.998306059166936396e-21
2.981274720772113869e+04 1.780495346583437058e-20 5.005848713715986615e-21
2.982333490120897477e+04 2.039649600351796874e-20 4.769379085678431451e-21
2.983392252524610740e+04 2.144733470771772495e-20 4.987856427858290269e-21
2.984451007975864559e+04 9.838714152147906795e-21 5.866249603294432248e-21
2.985509756472262961e+04 8.019870595834036937e-21 4.774965443148613366e-21
2.986568498009302857e+04 -9.245464583916439479e-21 5.025395813148663829e-21
2.987627232583925434e+04 3.149407651323737313e-21 4.806225568012468217e-21
2.988685960193009669e+04 1.695053029565781882e-20 5.193897363092856405e-21
2.989744680832826998e+04 8.952563619952412085e-21 5.257453642027192021e-21
2.990803394498010675e+04 9.900894879343547420e-21 5.407667127253513974e-21
2.991862101184806670e+04 -4.398260514373632726e-21 4.775081349107837482e-21
2.992920800890127066e+04 9.064646334516494448e-21 4.491089013691430676e-21
2.993979493610860663e+04 8.640220226405193940e-21 4.590813581210404428e-21
2.995038179342520380e+04 1.082473866195058945e-20 4.839499613248368980e-21
2.996096858080451784e+04 1.873699604270551825e-20 4.861353730831262919e-21
2.997155529821657547e+04 1.099517286342934140e-20 5.097180375145824563e-21
2.998214194562272314e+04 1.031053983491072773e-20 5.015258197348067616e-21
2.999272852299947044e+04 2.350847488036550187e-20 4.819951066247570945e-21
3.000331503027938379e+04 2.257042802307324319e-20 5.043958553072589981e-21
3.001390146744390586e+04 9.761782930673813885e-21 5.081434119108486504e-21
3.002422846860959180e+04 8.941407190247364276e-21 5.265345985918702652e-21
3.003481474271231127e+04 1.294566907018649036e-20 4.870795473360253234e-21
3.004540094671993938e+04 1.527483547023223144e-20 5.066038186961990079e-21
3.005598708045225067e+04 1.129725836029704038e-20 4.582138253910476775e-21
3.006657314387057704e+04 -2.439999795644224530e-22 5.014596546912277885e-21
3.007715913693726179e+04 9.172673080860024545e-21 4.867757293548287053e-21
3.008774505961988325e+04 2.349663610747191144e-20 5.267989135836087856e-21
3.009833091185956073e+04 1.786287895727818370e-20 5.081543874000216610e-21
3.010891669364566769e+04 8.421837934516527939e-21 4.942508667904312755e-21
3.011950240491162185e+04 1.347804732775595109e-20 4.542523149729835834e-21
3.013008804565442915e+04 2.240568421333534945e-20 4.942984856513113634e-21
3.014067361578517011e+04 1.540134315820451953e-20 4.938823167766093658e-21
3.015125911531603197e+04 7.121126293018147680e-21 4.633801390461727927e-21
3.016184454418623500e+04 2.648566620536546869e-21 4.852812117736479618e-21
3.017242990234335957e+04 8.344300546116627684e-21 4.593552704827842998e-21
3.018301518977705200e+04 1.553060429839346723e-20 4.740397068326753904e-21
3.019360040642008244e+04 3.319148708977739364e-21 4.360969549801892172e-21
3.020418555225553064e+04 -2.527951193553324148e-21 4.710858581970966782e-21
3.021477062722983101e+04 6.490415158667547564e-21 4.518587621103348680e-21
3.022535563132658717e+04 -4.180047556867058253e-21 4.464803831422350237e-21
3.023594056448473566e+04 -5.338603403706181684e-21 4.697619820108080584e-21
3.024652542666587033e+04 9.727892049283827430e-21 4.943445864797852737e-21
3.025711021784560216e+04 1.806714489081229379e-20 4.986105435159976976e-21
3.026769493797767791e+04 5.897733465089424624e-21 5.151938272070438807e-21
3.027827958701664829e+04 3.396952011035505949e-21 4.773696491844137582e-21
3.028886416493715660e+04 1.413993759236988576e-20 5.250868716317155807e-21
3.029944867169418285e+04 2.014578250522438819e-21 4.712389939739384090e-21
3.031003310709812649e+04 1.916720160377908248e-21 5.017534598151287395e-21
3.032035747349029771e+04 -1.952818069839661028e-21 4.561604614771008590e-21
3.033094174392879722e+04 9.658680870570707528e-21 4.569907556232422732e-21
3.034152594303873411e+04 9.414016126125749642e-21 5.034555370094591317e-21
3.035211007078900002e+04 9.716237286032934575e-21 5.029396396371508063e-21
3.036269412714736973e+04 2.199128518992613843e-20 4.750049712436413577e-21
3.037327811206821934e+04 9.135694776513735824e-21 4.743097707298585238e-21
3.038386202550412054e+04 6.585603043634745775e-21 4.963979964926996089e-21
3.039444586743169930e+04 2.236419707084918471e-20 5.007227084146288976e-21
3.040502963778900812e+04 1.861063185907266996e-20 4.855759938504239033e-21
3.041561333655946510e+04 8.685514024321881799e-21 4.950862916145170500e-21
3.042619696369673693e+04 2.475969620551450501e-20 5.149953441207332380e-21
3.043678051916861659e+04 2.023346835838657575e-20 5.233936692357762908e-21
3.044736400292169492e+04 9.463011936941663439e-21 5.204994595580071366e-21
3.045794741493078982e+04 2.814140203369484921e-20 5.190083953975994707e-21
3.046853075512758733e+04 1.187789062762607938e-20 4.991615605495541553e-21
3.047911402351731522e+04 2.381514222491991139e-20 4.839314480984748030e-21
3.048969722003847710e+04 1.822467384856161732e-20 4.661928972671521225e-21
3.050028034464424854e+04 4.910069656044764081e-21 4.852888565106624719e-21
3.051086339730257168e+04 8.302220911513911521e-21 5.036537770600050866e-21
3.052144637796715688e+04 2.291086362773375043e-20 4.830883186152938426e-21
3.053202928660533871e+04 1.247636815723231032e-20 5.050912843654122961e-21
3.054261212319377955e+04 2.000879349410193275e-20 4.962793825048064349e-21
3.055319488767710573e+04 2.470071085220251924e-20 4.907990179383385319e-21
3.056377758000909671e+04 8.516681259671704172e-21 4.827579776801015995e-21
3.057436020014232417e+04 1.068461707519724971e-20 4.696267585612233535e-21
3.058494274806765316e+04 3.182697309508674141e-21 4.477847160655446237e-21
3.059552522373067404e+04 7.524227104836375880e-21 4.253029671873105187e-21
3.060610762708389666e+04 -2.139375108000978432e-21 4.610556517827284405e-21
3.061668995810359411e+04 8.264556943175060102e-21 4.853212836425565360e-21
3.062727221674173416e+04 2.619077814293759477e-21 4.752850876167154383e-21
3.063785440295974695e+04 1.537919593800765308e-20 4.710477729044719120e-21
3.064843651670957115e+04 3.369366438999702832e-21 4.679134842485313282e-21
3.065901855795985466e+04 1.245991666148210611e-20 4.758110364464120130e-21
3.066960052667815398e+04 1.517002656932399724e-20 4.893862671859069978e-21
3.068018242281733183e+04 1.931220441819843571e-20 4.744220780004161592e-21
3.069076424633030547e+04 6.059931197614062300e-21 4.914188816044149895e-21
3.070134599719211474e+04 7.648465352251027591e-21 4.770690897900281576e-21
3.071192767533335063e+04 7.374609354628106566e-21 4.703862867206018612e-21
3.072250928075891352e+04 2.025767432595344478e-20 5.207692688499094805e-21
3.073309081340724151e+04 3.079790558875995615e-20 5.063978195079178373e-21
3.074367227322995677e+04 1.722980091122902040e-20 4.754683772949369936e-21
3.075425366020333604e+04 8.176181144127864716e-21 4.822637249428347673e-21
3.076483497426411850e+04 1.376181385984446548e-20 4.761933111625650884e-21
3.077541621540318374e+04 7.552398397963018089e-21 4.843017381018120059e-21
3.078599738356535818e+04 1.963723983351838354e-20 5.411018471273090899e-21
3.079657847869541729e+04 1.452451393490305662e-20 4.957162154389472320e-21
3.080715950077658272e+04 9.088235255445171309e-21 5.144916281978464910e-21
3.081774044976073492e+04 9.057179327195848130e-21 5.188362965885876902e-21
3.082832132560867103e+04 1.030766271778434212e-20 4.640985572348559179e-21
3.083890212827944924e+04 2.088940585404762692e-20 4.719453151592361181e-21
3.084948285772646341e+04 -8.407682993282740907e-22 4.576783148997703181e-21
3.086006351393151635e+04 4.879782534340238773e-21 4.581793780886776565e-21
3.087064409683257327e+04 -3.556290845048030204e-21 4.389497818192720571e-21
3.088122460639654673e+04 5.445087966429792224e-21 4.597543952447749775e-21
3.089180504257607754e+04 1.097429240101574727e-20 4.509146446565722069e-21
3.090238540534613276e+04 6.864889831271942934e-21 4.397463130724736495e-21
3.091296569465888024e+04 1.286135697162557637e-20 4.470874313381973862e-21
3.092354591047441136e+04 1.395514979195155863e-20 4.245582167691381768e-21
3.093412605274443558e+04 1.326622323054799400e-20 4.475438075823256052e-21
3.094470612144462211e+04 1.217762872656217410e-20 4.529932579023649751e-21
3.095528611651866595e+04 1.875847220956719724e-20 4.821940420188890489e-21
3.096586603793490212e+04 1.227562330595949600e-20 5.050805100850928065e-21
3.097644588566719540e+04 1.892554714339769051e-20 4.922590472376577204e-21
3.098702565964578753e+04 2.865165956789132599e-20 4.471197688788974056e-21
3.099760535985233219e+04 1.822094443135280753e-20 4.461922222268977584e-21
3.100818498623191044e+04 2.378156172936499635e-20 4.449279506554091868e-21
3.101876453875125662e+04 1.732750808576815738e-20 4.394532236412713301e-21
3.102934401737796725e+04 1.464602483091468942e-20 5.046827626320839630e-21
3.103992342206382818e+04 1.165022087904929410e-20 4.937171477403310890e-21
3.105050275276064349e+04 1.100917912485929741e-20 4.874948220236307739e-21
3.106108200943585325e+04 1.437519784156715947e-20 4.618898988900478934e-21
3.107166119205625728e+04 5.966822902222359523e-21 4.402611830539610394e-21
3.108224030055113690e+04 9.262010205534964808e-21 4.776668406618007732e-21
3.109281933492534881e+04 1.247200038675673463e-20 4.686524549745414813e-21
3.110339829510842537e+04 8.453114924930016931e-21 4.646686240819993573e-21
3.111397718107420951e+04 1.917238982430912682e-20 4.738171480725145272e-21
3.112455599276774956e+04 1.645682364373511250e-20 4.293695845667629786e-21
3.113513473016264470e+04 1.089018493248756545e-20 4.399589243298130784e-21
3.114571339318861283e+04 7.206201782796163451e-21 4.387022744296131239e-21
3.115629198183474000e+04 2.012299715901895079e-20 4.831550837473719516e-21
3.116687049607652807e+04 2.735671646345825798e-20 4.904763217266882419e-21
3.117744893584183592e+04 1.294497106545948631e-20 4.640242001095597899e-21
3.118802730108268588e+04 1.738095839199263771e-20 5.030455544628916422e-21
3.119860559178875701e+04 1.890579985039983574e-20 5.048367838011870155e-21
3.120918380788092691e+04 8.579965818474876945e-21 4.829336403332338935e-21
3.121976194935686726e+04 -2.244847758750478590e-21 4.362104129964665113e-21
3.123034001616020760e+04 1.501688360111979911e-22 4.304687368794050682e-21
3.124091800824953316e+04 1.360090984147258949e-20 4.683821431227727199e-21
3.125123388365851861e+04 4.937676578472155394e-21 5.023392128107698923e-21
3.126181170333099362e+04 1.254009284621776272e-20 4.780638406722356184e-21
3.127238944831485787e+04 1.241252029480620576e-20 4.856552120147818699e-21
3.128296711842029617e+04 2.193434902292736190e-21 4.828006138283380307e-21
3.129354471359101444e+04 7.116930918519386101e-21 4.974940701662653499e-21
3.130412223381636431e+04 1.656931585255674139e-20 4.782282035888061417e-21
3.131469967903248107e+04 1.966494262302600570e-20 4.679375691794465813e-21
3.132527704921369514e+04 1.016821530033914642e-20 5.325481489245325478e-21
3.133585434429588349e+04 1.459006739751140474e-20 5.068160282521875826e-21
3.134643156426867426e+04 -1.136430017104909486e-21 4.500589907577447272e-21
3.135700870907517674e+04 1.320296364871363265e-20 4.567699467122143471e-21
3.136758577867490749e+04 1.174628969534231693e-20 4.670381496859322039e-21
3.137816277301090304e+04 2.141397286354017905e-20 4.501043247346294953e-21
3.138873969207280970e+04 2.416355315659495690e-20 5.214166270090845574e-21
3.139931653580355123e+04 3.186943294119745667e-20 4.593112125243393920e-21
3.140989330414776850e+04 -1.102226372925538462e-21 4.321901833216491690e-21
3.142046999709323791e+04 1.851273031900502827e-20 4.600850617131730153e-21
3.143104661457706970e+04 6.242950602763604131e-21 4.423155990444086046e-21
3.144162315656467763e+04 5.292450473091687606e-22 4.801638873423225210e-21
3.145219962301526903e+04 4.992463089778310361e-21 4.561046439438510511e-21
3.146277601388707626e+04 1.931989411126666833e-20 4.541353827976473138e-21
3.147335232913903383e+04 7.227704604139409997e-24 4.549849423843516001e-21
3.148392856872947596e+04 1.814655297546980308e-20 4.898801150247078733e-21
3.149450473261690058e+04 1.668556344233204959e-20 5.150136099551579508e-21
3.150508082059264416e+04 7.480909089463951376e-21 6.300802431401390368e-21
