9.798364311930654367e+03 6.211252802654126078e-20 4.136957246950044707e-20
9.804747604942325779e+03 4.009872371039897883e-20 3.269971475337082925e-20
9.811130899510293602e+03 6.343319989299434709e-20 2.966989954049524883e-20
9.817514195602218024e+03 2.053247457731435666e-20 3.018706390889459290e-20
9.823897493186603242e+03 -2.836947491160259820e-21 2.998720042437597502e-20
9.830280792231109444e+03 5.607285375247923442e-20 3.010510982774041066e-20
9.836664092704262657e+03 5.969808355692537053e-20 3.034022607601599526e-20
9.843047394573903148e+03 3.559543139613324567e-20 2.928862083876723692e-20
9.849430697808484183e+03 -7.040644018086987970e-20 2.909012036819971940e-20
9.855814002375715063e+03 3.098112241517423748e-20 2.694518710023237733e-20
9.862197308244423766e+03 3.303824802388859912e-20 2.732421390474535619e-20
9.868580615382221367e+03 -7.647873212291064425e-21 2.456724958144222944e-20
9.874963923757948578e+03 5.855458139673726299e-20 2.555953277035724261e-20
9.881347233339332888e+03 -1.871929323271752910e-20 2.705506057632211208e-20
9.887730544095160440e+03 1.746689507585597669e-20 3.087561141392800301e-20
9.894113855993418838e+03 -3.739704848322424254e-20 2.837299657093844509e-20
9.900497169002714145e+03 2.967050127929905403e-20 2.883869639856062273e-20
9.906880483091150381e+03 1.219848668515378370e-20 2.529774601664149092e-20
9.913263798227479128e+03 -1.102048311129783411e-20 2.346709581270231974e-20
9.919647114379755294e+03 5.113150033615582538e-20 2.650310804755603858e-20
9.926030431516726821e+03 5.015663856481216697e-20 2.686696129346472546e-20
9.932413749606675992e+03 2.182615798327408095e-20 2.510016241283646460e-20
9.938797068618221601e+03 4.923896112819819887e-20 2.257363855070845750e-20
9.945180388519755070e+03 -1.374203670446569647e-20 2.215832378620803570e-20
9.951563709280004332e+03 1.135013254554619488e-20 2.164165994167814800e-20
9.957947030867337162e+03 3.004176595615750709e-20 2.348648140759374538e-20
9.964330353250496046e+03 3.184741423718934768e-20 2.301475392164566496e-20
9.970713676398025200e+03 6.428582046927412111e-20 2.509391288641644766e-20
9.977097000278594351e+03 5.210732432561744687e-20 2.628922163943607631e-20
9.983480324860818655e+03 5.442987459723121425e-20 2.959645620341678084e-20
9.989863650113447875e+03 3.695574712639069228e-20 3.236716501745531956e-20
9.996246976005191755e+03 -6.424858487175917922e-21 2.522463441354146928e-20
1.000263030250471093e+04 6.679055298762095874e-20 2.632862595247126102e-20
1.000901362958080063e+04 4.297215685047129330e-20 2.471300910716856132e-20
1.001539695720231612e+04 -2.116580810801339333e-21 2.689557300726909971e-20
1.002178028533797078e+04 2.619660219195553666e-20 2.557632086606001086e-20
1.002816361395662352e+04 -7.222177653895805981e-21 2.441644203738695338e-20
1.003454694302711869e+04 -1.637535723531087545e-20 2.510390861277074115e-20
1.004105238209408162e+04 1.730841787034141805e-21 2.289307448067323504e-20
1.004743572181596755e+04 3.868313965202316528e-20 2.475824314504153817e-20
1.005381906187523964e+04 3.983821125071563035e-20 2.571883335942842181e-20
1.006020240225929228e+04 -3.296325261488373919e-20 2.707980408268385887e-20
1.006658574293714992e+04 3.405018463092558445e-20 2.198990473442364019e-20
1.007296908387777694e+04 5.197943226319356489e-20 2.423330366033657853e-20
1.007935242505022143e+04 2.232044719280498656e-20 2.422863825999865828e-20
1.008573576642350417e+04 4.769600245066576904e-20 2.632841011447120852e-20
1.009211910796670782e+04 2.480765872999700619e-20 2.593975878244295900e-20
1.009850244964888952e+04 -8.445573227126169215e-21 2.507821508560087084e-20
1.010488579143919924e+04 7.978078799134998142e-21 2.514888668799366933e-20
1.011126913330675779e+04 -1.839403592316203153e-20 2.616767157893502478e-20
1.011765247522073150e+04 5.812831488482247546e-20 2.876348272713762536e-20
1.012403581715029031e+04 1.542082516652013303e-20 2.670225191632534540e-20
1.013041915906465692e+04 1.245500500111392318e-20 2.763363402185718939e-20
1.013680250093304676e+04 2.610717320264990157e-20 2.518396500229640900e-20
1.014318584272473345e+04 5.383827324019312034e-21 2.398178678494529518e-20
1.014956918440896334e+04 4.675653698560289799e-20 2.434758031740804988e-20
1.015595252595506281e+04 2.441365648731825988e-20 2.478452850584599535e-20
1.016233586733232369e+04 3.644373719980111629e-21 2.229962383091876672e-20
1.016871920851013783e+04 1.899340891976618944e-20 2.270341251839284287e-20
1.017510254945784618e+04 -1.909830866644498138e-20 2.373766298487265575e-20
1.018148589014485151e+04 3.768962704739621248e-20 2.495995155539803827e-20
1.018786923054055842e+04 1.807730840379915839e-20 2.495127498977459635e-20
1.019425257061441334e+04 1.041172678550208866e-20 2.332159130782365203e-20
1.020063591033586090e+04 7.246861155538189557e-20 2.565381876194303480e-20
1.020701924967442028e+04 2.960379878920930824e-20 2.560822265886607930e-20
1.021340258859958340e+04 -3.890331237371057973e-20 2.172448393173885849e-20
1.021978592708090946e+04 8.083955773822893940e-20 2.363764324584031848e-20
1.022616926508791039e+04 6.930986337824670032e-20 2.297865396580520994e-20
1.023255260259014722e+04 3.418960379391994772e-20 2.271316051462633526e-20
1.023893593955727738e+04 4.468478616156849906e-20 1.930327063486729564e-20
1.024531927595894376e+04 4.766892999110271538e-21 2.360243165430276147e-20
1.025170261176473105e+04 4.160400547821924238e-20 2.394068371462543666e-20
1.025808594694436579e+04 5.300174546014157390e-20 2.273140368176624841e-20
1.026446928146745813e+04 3.684462909187196422e-20 2.260570285023603721e-20
1.027085261530376010e+04 -6.284324628268268943e-20 2.159533636202974924e-20
1.027723594842306920e+04 5.909877339222264777e-20 2.449717780947217283e-20
1.028361928079511563e+04 7.677278214602735980e-20 2.473766884585834431e-20
1.029000261238967505e+04 1.050721098748378025e-20 2.406286544001340791e-20
1.029638594319568983e+04 1.409264413455660624e-20 2.506607139953805945e-20
1.030276927509334564e+04 3.827441885630684833e-20 2.412933341095844976e-20
1.030927512205831226e+04 6.696765603696300107e-20 2.366777648625356447e-20
1.031565845995243035e+04 7.651299503963921514e-23 2.259689754412217630e-20
1.032204179691554418e+04 5.929435143589828048e-20 2.454678803934414610e-20
1.032842513291802243e+04 5.125939746307794345e-20 2.325526032597877766e-20
1.033480846792917873e+04 4.470814605188251585e-20 2.495079900603976206e-20
1.034119180191963278e+04 -2.762266405216325626e-20 2.252748031946519989e-20
1.034757513485885647e+04 3.953348026153289664e-20 2.374922813533154473e-20
1.035395846671731488e+04 7.526974379101320639e-21 2.136302932326634543e-20
1.036034179746464906e+04 4.796868080911672119e-20 2.177405372923419628e-20
1.036672512707132046e+04 2.463766541564050443e-20 2.186813702270664570e-20
1.037310845550696467e+04 9.246613858033072507e-20 2.326998683772965071e-20
1.037949178274214137e+04 1.019029529946277265e-19 2.347842113959268709e-20
1.038587510874667169e+04 3.250335924748599461e-20 2.225919030283807122e-20
1.039225843349077695e+04 2.493330912724073488e-20 2.096611100719817948e-20
1.039864175694466394e+04 1.334497544321699375e-20 2.081553418220754884e-20
1.040502507907865220e+04 3.590431529076784229e-20 2.319474644743788995e-20
1.041140839986263745e+04 -2.312273375982671148e-20 1.972796651070703183e-20
1.041779171926723939e+04 1.866206645639748192e-20 2.081610158947854800e-20
1.042417503726245013e+04 5.846078359551353492e-20 2.334118679620978039e-20
1.043055835381863290e+04 5.583816837735592781e-20 2.287726182607882109e-20
1.043694166890628367e+04 2.045960200214389679e-20 2.086163481229706398e-20
1.044332498249534547e+04 -8.094608666688084366e-22 2.137012352153142158e-20
1.044970829455661260e+04 -1.298521003849449960e-20 2.096998468472631451e-20
1.045609160506019361e+04 2.882947436008207152e-20 2.287895035692714304e-20
1.046247491397665908e+04 2.714014124471493120e-20 2.156771038912645364e-20
1.046885822127603569e+04 4.114468423026568912e-20 2.223630010958300881e-20
1.047524152692939970e+04 7.471597483152903155e-20 2.247918225068613684e-20
1.048162483090664682e+04 5.103669552725171394e-20 2.244859321333202801e-20
1.048800813317879147e+04 6.017527764443250491e-20 2.241202385165059568e-20
1.049439143371571117e+04 9.333927834341350512e-20 2.337932823052165266e-20
1.050077473248862407e+04 6.344270387454459738e-20 2.246099727957251661e-20
1.050715802946747317e+04 4.619070326383604028e-20 2.163161661844854596e-20
1.051354132462341295e+04 8.841955639671164066e-20 2.235755751985286935e-20
1.051992461792659560e+04 9.039784512252339711e-20 2.251492523734729632e-20
1.052630790934796460e+04 4.931201285160211088e-20 2.259034344764881126e-20
1.053269119885793225e+04 4.236209676115413281e-20 2.217120136377129503e-20
1.053907448642719100e+04 2.472906566109829476e-20 2.063864760996696725e-20
1.054545777202654790e+04 3.753267001368964965e-20 2.192308579903108193e-20
1.055184105562676450e+04 9.488975308343734261e-20 2.127208821449918102e-20
1.055822433719860965e+04 7.297004775000451542e-20 2.206305179771794713e-20
1.056460761671266846e+04 3.241567728071303251e-20 2.071656487663587269e-20
1.057099089413974434e+04 1.922946567779458720e-20 2.077783797916876492e-20
1.057737416945055884e+04 3.651134285322336102e-20 2.233898279373210901e-20
1.058375744261615910e+04 7.926506489138576441e-20 2.097812967601151752e-20
1.059014071360725939e+04 4.636843940188951250e-20 1.987513381989723440e-20
1.059652398239511240e+04 9.019004364207826902e-20 2.101634036120343437e-20
1.060290724894991763e+04 1.838555722671426906e-20 1.863992453613955021e-20
1.060929051324305510e+04 4.322888198588821052e-20 2.125890873640451809e-20
1.061567377524522271e+04 6.535006108097152721e-20 2.080732147305003992e-20
1.062205703492779139e+04 7.522045003273955820e-22 2.007053962218542265e-20
1.062844029226143357e+04 3.008526115718462353e-20 2.182938824875092904e-20
1.063482354721721822e+04 -1.212049104142882440e-20 2.311079336913856637e-20
1.064120679976599786e+04 -1.530085904851355231e-20 2.029039419530475622e-20
1.064759004987901790e+04 8.086433821556420152e-20 2.056194399575908404e-20
1.065397329752732549e+04 6.847531296874568155e-21 2.085756429731836540e-20
1.066035654268204598e+04 4.182135929515002975e-20 2.208697221943988993e-20
1.066673978531435205e+04 2.777531544951936859e-20 2.148682068688374667e-20
1.067312302539514349e+04 4.743471907895655897e-22 2.103555071712864003e-20
1.067950626289591492e+04 2.952662479964893872e-20 2.153709108947679916e-20
1.068588949778732604e+04 -8.002074601895642913e-21 2.018029779508990852e-20
1.069227273004107337e+04 7.854710107348867084e-20 1.971502249082814263e-20
1.069865595959080383e+04 9.418432953405357729e-20 2.169453472092142277e-20
1.070503892175852343e+04 9.728286923655901768e-20 2.151562302260995186e-20
1.071142169219889183e+04 1.329136384527913463e-19 2.147655953412115092e-20
1.071780445986655650e+04 1.237750523702957195e-20 2.024709318296661603e-20
1.072431033572103297e+04 -8.961082765936837193e-22 2.006306530025324481e-20
1.073069310735480758e+04 1.582878175917099154e-20 2.079070832378396230e-20
1.073707587612968746e+04 2.756134497103523828e-20 2.136163918494370436e-20
1.074345864203505698e+04 -3.004966000338551769e-20 1.977771651576604086e-20
1.074984140504276183e+04 -2.774703564809848840e-20 2.082127669571019637e-20
1.075622416512370364e+04 3.017664094727190239e-20 1.974834349374776727e-20
1.076260692224986269e+04 4.963986252098681083e-21 2.017403240935086816e-20
1.076898967639250441e+04 1.756177699312835680e-20 2.126464686428254857e-20
1.077537242752299971e+04 9.087312864649705102e-21 2.010635647654747270e-20
1.078175517561310517e+04 3.680522401409676860e-20 2.059807371705286796e-20
1.078813792063426263e+04 -2.421603788386313928e-20 1.974966015968089075e-20
1.079452066255780483e+04 -1.759854036958689418e-20 1.936661698896925122e-20
1.080090340135576844e+04 3.509252230914614932e-20 1.983822021723455957e-20
1.080728613699965717e+04 3.744262308278027113e-20 2.156483000827667238e-20
1.081366886946074919e+04 -1.676273082370951908e-20 1.779993078594228358e-20
1.082005159871092837e+04 1.522705070283648533e-20 1.874334909403103851e-20
1.082643432472198037e+04 -5.502215588891517176e-20 1.715286222629319673e-20
1.083281704746537980e+04 -4.111128758378172574e-20 2.141559333937483077e-20
1.083919976691305419e+04 -1.521527723497906872e-20 2.271747581851252286e-20
1.084558248303649634e+04 1.089648376075962690e-19 1.881944409093458163e-20
1.085196519580772474e+04 9.368975385479629555e-20 2.050632034079210292e-20
1.085834790519828857e+04 4.463848671085900748e-20 2.183446101549133034e-20
1.086473061118021542e+04 1.975494328952259499e-20 1.966878697526888373e-20
1.087111331372522545e+04 -9.977996878147955250e-21 1.772567697006306190e-20
1.087749601280502793e+04 1.543665164769125337e-20 1.789962110160637361e-20
1.088387870839161951e+04 -3.067242186507245299e-20 1.926359683062817909e-20
1.089026140045702232e+04 3.385958099102233656e-20 1.941364026921793624e-20
1.089664408897300200e+04 3.264677554902652172e-20 1.994664033102379957e-20
1.090302677391138241e+04 1.551581230305164363e-20 1.892605192273393959e-20
1.090940945524433482e+04 1.305740796611999526e-20 1.828667578651252971e-20
1.091579213294359761e+04 4.476744114370416104e-20 1.994706034624833772e-20
1.092217480698144573e+04 5.068243325257921134e-20 2.044086522191675058e-20
1.092855747732961208e+04 1.790674816619238683e-20 1.980873231244686777e-20
1.093494014396028615e+04 4.080326355705585389e-21 1.804415554233604289e-20
1.094132280684565012e+04 3.540629839704523706e-21 1.903715161566271520e-20
1.094770546595751875e+04 2.741414483037408084e-20 1.674796326086582445e-20
1.095408812126827070e+04 2.115074185088677958e-20 1.691760847135621198e-20
1.096047077274976618e+04 4.973911388865745038e-20 2.317420646872157511e-20
1.096685342037424925e+04 2.080395387366986232e-20 2.218682403996140756e-20
1.097323606411404035e+04 3.364020680538013775e-20 2.046180587952075428e-20
1.097961870394121433e+04 1.105694249678241416e-20 1.906658307131444392e-20
1.098600133982796069e+04 9.128073601896618300e-21 1.876624964847686704e-20
1.099238397174651618e+04 7.491401478843067001e-20 1.827362541171799000e-20
1.099876659966885200e+04 4.110604137829612869e-20 1.932233026344637910e-20
1.100514922358632975e+04 3.249148540539235135e-20 1.793602966394250944e-20
1.101165538115720119e+04 2.446169791203382609e-20 1.858773309747025397e-20
1.101803800635197513e+04 4.292227042714312125e-20 1.781376205093804048e-20
1.102442062743751922e+04 2.063096289653612791e-20 1.902597902795343929e-20
1.103080324438631214e+04 1.726367761567498841e-20 1.644732599535764725e-20
1.103718585717084170e+04 5.734528510350069138e-20 2.012747612345162841e-20
1.104356846576325370e+04 3.704759570149466351e-20 1.814840140028395029e-20
1.104995107013592315e+04 4.260133094632779468e-20 1.818768850215084629e-20
1.105633367026134329e+04 3.967082733409388503e-20 1.818437732719542188e-20
1.106271626611240754e+04 6.705036817929294495e-21 1.654666408719231400e-20
1.106909885766115258e+04 2.869247083462734338e-20 1.847880127437407423e-20
1.107548144487992795e+04 3.655438023972730331e-20 1.816125437673675476e-20
1.108186402774191447e+04 6.538405327786001885e-20 1.807141332908742780e-20
1.108824660621894145e+04 1.988231444881238737e-20 1.737258289300493700e-20
1.109462918028417698e+04 6.191811692097219726e-21 1.706400700044927812e-20
1.110101174990976688e+04 3.901175852624530038e-20 1.887548327239581316e-20
1.110739431506863002e+04 1.980537354932549396e-20 1.877654631026229534e-20
1.111377687573307230e+04 5.538537553972898653e-20 1.887797295499243181e-20
1.112015943187591620e+04 1.693844550332117348e-20 1.844506691787589848e-20
1.112654198347042438e+04 2.029443381183940891e-20 1.911847661489632728e-20
1.113292453048818425e+04 3.657092113842349183e-20 1.829144639867307744e-20
1.113930707290279133e+04 4.594648558749119195e-21 1.848818543931342778e-20
1.114568961068642602e+04 6.084842882525837742e-20 1.850587247287212827e-20
1.115207214381224367e+04 2.698241294314643425e-20 1.753301457851809881e-20
1.115845467225261564e+04 1.406341918915338151e-20 1.752860580935225568e-20
1.116483719598077732e+04 2.798356604931355424e-20 1.812330326317881952e-20
1.117121971496958395e+04 -2.165255638112524165e-20 1.801430583572379651e-20
1.117760222919121043e+04 -4.222282354672660622e-20 1.725806875234266782e-20
1.118398473861899765e+04 -5.955656503126856486e-21 1.639117158964336833e-20
1.119036724322602458e+04 2.919500861422203670e-20 1.869190669752913362e-20
1.119674974298500092e+04 3.302384866507732031e-20 1.891799198747990845e-20
1.120313223786871094e+04 4.645913570126605628e-20 1.813416103593185092e-20
1.120951472784988800e+04 -1.644951331030914670e-20 1.738875082571530211e-20
1.121589721290240777e+04 -1.111416727960120467e-20 1.694610079433477212e-20
1.122227969299836332e+04 4.785134759292325447e-20 1.762660010424224762e-20
1.122866216811129198e+04 1.930167514168948331e-20 1.896242821700164471e-20
1.123504463821351965e+04 -8.454555241270570285e-21 1.776001019099483990e-20
1.124142710327896930e+04 3.400842339646636818e-20 1.605376630062740441e-20
1.124780956328019965e+04 -5.113800890484951152e-23 1.852882999860986168e-20
1.125419201819045884e+04 2.019951317760926144e-20 1.685577288700380728e-20
1.126057446798303499e+04 1.286081262981255073e-20 1.763849388798562445e-20
1.126695691263019762e+04 3.945637837846629338e-20 1.689885999426258891e-20
1.127333935210611708e+04 5.807257512457461747e-20 1.626487642799469652e-20
1.127972178638368314e+04 3.110972788930072510e-20 1.427266608311179742e-20
1.128610421543581469e+04 2.974913510286168149e-20 1.774421712690116064e-20
1.129248663923619642e+04 1.107673207587752105e-20 1.792445701518255879e-20
1.129886905775722153e+04 2.950332193006185844e-20 1.734426554354052607e-20
1.130525147097310582e+04 2.220886807149431647e-20 1.880038165829109401e-20
1.131163387885685552e+04 4.297719340184735481e-21 1.769836362879764766e-20
1.131801628138140040e+04 1.033838835315266805e-20 1.664518110574404592e-20
1.132439867852002681e+04 2.614741882518091859e-20 1.698504019447417698e-20
1.133078107024669225e+04 -2.565659312546427207e-21 1.701626254145762363e-20
1.133716345653432472e+04 1.003932328917582555e-20 1.776736698883411317e-20
1.134354583735614506e+04 5.881476481543159609e-20 1.747236859868440594e-20
1.134992821268637999e+04 7.624539214827266820e-21 1.694244885023310013e-20
1.135631058249725902e+04 1.072387820638358040e-21 1.654624828836310439e-20
1.136269294676269419e+04 2.066879469382166825e-20 1.567475588718308577e-20
1.136907530545665213e+04 3.304818047595866846e-20 1.692446515125940201e-20
1.137545765855172431e+04 6.592607364476471800e-21 1.773671201203814640e-20
1.138184000602248852e+04 1.005739061912257458e-20 1.745798177884404022e-20
1.138822234784159809e+04 3.574350457303210493e-20 1.730059378131604679e-20
1.139460468398265402e+04 -1.482477140687644757e-20 1.720855827616545005e-20
1.140098701441952107e+04 3.653898946996594605e-21 1.673578750485623254e-20
1.140736933912611676e+04 1.956651458481793120e-20 1.619582729483045990e-20
1.141375165807487974e+04 -6.428379723821321351e-21 1.758974584249632606e-20
1.142013397124060066e+04 6.078117362951107725e-21 1.747664574845067670e-20
1.142651627859647488e+04 -9.594301563489207443e-21 1.737557248595119858e-20
1.143289858011595607e+04 1.425230894203852853e-20 1.619544177974445737e-20
1.143928087577306360e+04 1.149115681675170001e-20 1.711025444191533274e-20
1.144566316554135847e+04 2.337286130592813682e-22 1.656318045386801288e-20
1.145204544939449443e+04 1.268081137015379809e-20 1.744990790501683822e-20
1.145842772730670367e+04 9.995058510530843826e-21 1.672254214920651835e-20
1.146480999925105607e+04 1.516241444955059664e-20 1.630027574150105591e-20
1.147119226520168377e+04 -1.383281482015177997e-20 1.706047620934361785e-20
1.147769871819155560e+04 6.236898067132745507e-21 1.677909087536979631e-20
1.148408098134073225e+04 7.325277117944555265e-21 1.493424697948153920e-20
1.149046323839778051e+04 1.850539737209956360e-20 1.531182463597574004e-20
1.149684548935381099e+04 5.362476442537226522e-20 1.638841405124639560e-20
1.150322773418266843e+04 2.849975919901455779e-20 1.692932879430120723e-20
1.150960997285915255e+04 3.029450714099838417e-20 1.620621325235709768e-20
1.151599220535589848e+04 3.803821479839647932e-20 1.740327821577693350e-20
1.152237443164770775e+04 4.647017491083672677e-20 1.657685817729939467e-20
1.152875665170834327e+04 1.200575037609994662e-20 1.755022570377464949e-20
1.153513886551195719e+04 4.803117885554936520e-20 1.713627100900884719e-20
1.154152107303213779e+04 6.737791444139938196e-21 1.607413731047933766e-20
1.154790327424291354e+04 -7.165502018803991356e-21 1.581343188413449140e-20
1.155428546911899502e+04 2.227612711191384909e-20 1.662649552098958595e-20
1.156066765763378498e+04 4.321605218677113603e-20 1.688633364627985937e-20
1.156704983976157200e+04 2.727833747719049502e-20 1.697870085093104904e-20
1.157343201547642275e+04 1.324931110550346888e-20 1.704553110040068038e-20
1.157981418475251303e+04 3.038706926250221431e-20 1.709932380357403572e-20
1.158619634756396590e+04 1.705678431381098564e-20 1.481909697805517823e-20
1.159257850388496081e+04 -3.425271682705719937e-20 1.534070415027009254e-20
1.159896065368966447e+04 4.259180335013350475e-20 1.612080700307185352e-20
1.160534279695224541e+04 1.777222615592215359e-20 1.526644666204382770e-20
1.161172493364717593e+04 4.955222342738191975e-20 1.799723546468337527e-20
1.161810706374778965e+04 1.772630811172185355e-20 1.719887421457752448e-20
1.162448918722972667e+04 2.751613819720203107e-20 1.671625271844983366e-20
1.163087130406636061e+04 2.623811720898450783e-20 1.773139642593524634e-20
1.163725341423216196e+04 5.436564587011772470e-20 1.662807210279956395e-20
1.164363551770148115e+04 3.564516139592538978e-20 1.595666204795245129e-20
1.165001761444865951e+04 -6.893612145671363478e-21 1.652588407466454788e-20
1.165639970444807295e+04 3.313026436670961751e-20 1.565720547742514172e-20
1.166278178767432109e+04 -1.792949456610726523e-20 1.657571660153000083e-20
1.166916386410130690e+04 -1.276856515243667023e-20 1.561931266711360647e-20
1.167554593370344446e+04 3.262245202914912696e-20 1.537349533183186041e-20
1.168192799645542618e+04 6.123167011712287191e-21 1.576100987703655246e-20
1.168831005233220094e+04 3.293051623540706055e-20 1.666403365334444636e-20
1.169469210130751708e+04 2.654916502587733037e-20 1.582969655260809333e-20
1.170107414335607791e+04 4.312301797661490473e-20 1.692129248006765682e-20
1.170745617845216839e+04 2.672092559136378509e-20 1.742437593834517964e-20
1.171383820657105389e+04 2.518900630295645039e-20 1.724198587520031551e-20
1.172022022768658280e+04 3.981244730417551142e-20 1.773425717594198281e-20
1.172660224177355121e+04 4.661257335960640168e-21 1.592032957173482087e-20
1.173298424880628590e+04 3.440173962490649508e-20 1.738249240495642871e-20
1.173936624876013411e+04 5.235975843546226432e-20 1.794515725803020063e-20
1.174574824160877142e+04 -9.150100537154922658e-21 1.645872953826598419e-20
1.175213022732783065e+04 -2.962707018577574447e-20 1.548613696044088305e-20
1.175851220589099466e+04 1.990528007830386217e-20 1.546827572914403511e-20
1.176489417727363980e+04 1.572652074361047462e-20 1.622413181502897358e-20
1.177127614145027474e+04 2.714566856543365976e-20 1.822082214091241396e-20
1.177765809839562098e+04 2.963132987559182640e-20 1.541699466312543032e-20
1.178404004808418540e+04 1.509231004719042483e-21 1.643407015425963661e-20
1.179042199050929230e+04 1.642124434562455680e-20 1.366138531097629329e-20
1.179680392739115086e+04 -1.842802643070191999e-21 1.560630383676172604e-20
1.180331051509794452e+04 3.567896382747874864e-20 1.815703221519122550e-20
1.180969244463824907e+04 2.539076600679662990e-20 1.724084954280093351e-20
1.181607436679363855e+04 6.715752957390209424e-20 1.712846514260265172e-20
1.182245628153913458e+04 3.956560408504376206e-20 1.521328237212221609e-20
1.182883818884976790e+04 1.951761087793951663e-20 1.450115639014382944e-20
1.183522008870017089e+04 2.042740410482279549e-20 1.598324709809464677e-20
1.184160198106533426e+04 3.577382083013186628e-20 1.528242988078697681e-20
1.184798386592039424e+04 1.470327164318521346e-20 1.647480642871610218e-20
1.185436574323930836e+04 -6.313194811412771918e-22 1.575282539059756510e-20
1.186074761299885722e+04 8.840736494163886157e-21 1.539929121340010891e-20
1.186712947517275279e+04 5.521532767153342184e-20 1.636598987432985774e-20
1.187351132973622771e+04 1.110400588040902760e-20 1.530657357402483194e-20
1.187989317666459465e+04 4.833024596146482967e-21 1.542039722783527250e-20
1.188627501593275883e+04 6.051113216880539134e-21 1.466020923550471646e-20
1.189265684751503431e+04 -5.990870622252164916e-21 1.385188744539108332e-20
1.189903867138781789e+04 -5.541962899988590259e-21 1.640355906703348519e-20
1.190542048752520714e+04 2.532405023231733169e-20 1.591533590751686224e-20
1.191180229590345516e+04 1.476343096234391956e-20 1.507231057446676196e-20
1.191818409649605564e+04 1.880731627773433325e-20 1.558438708849695812e-20
1.192456588927996563e+04 1.990502557124481980e-20 1.483857539101656571e-20
1.193094767422939731e+04 -4.284226698283121295e-20 1.520893200752521907e-20
1.193732945131916495e+04 4.609229928332240149e-21 1.653455112250650753e-20
1.194371122052518876e+04 1.995129163147109801e-20 1.498962238312029191e-20
1.195009298182275052e+04 4.539730374876975090e-20 1.547540158245760364e-20
1.195647473518713014e+04 1.714304730772955625e-20 1.553833023225159952e-20
1.196285648059270716e+04 1.100673493559165750e-20 1.605119050386670632e-20
1.196923821801606573e+04 2.185133451070126213e-20 1.573068246534672605e-20
1.197561994743144351e+04 3.417973415605127105e-20 1.602857747522255813e-20
1.198200166881498262e+04 1.241989981182264183e-20 1.483693683184491519e-20
1.198838338214153009e+04 1.769773408894591902e-20 1.666959410222151016e-20
1.199476508738622397e+04 4.308407351806394721e-21 1.568240784145964753e-20
1.200114678452586668e+04 3.909327734410388346e-20 1.577612490342952576e-20
1.200752847353372817e+04 -1.193796047409694628e-20 1.390966441956723580e-20
1.201391015438739305e+04 1.218031550697928614e-20 1.527703538735990618e-20
1.202029182706043684e+04 3.659599460336035350e-20 1.544100267463854303e-20
1.202667349152933639e+04 1.733824599090179974e-20 1.590492883896546950e-20
1.203305514776970267e+04 6.084600839159410136e-21 1.503506706042336192e-20
1.203943679575634997e+04 1.234353888472378766e-20 1.534825075742364752e-20
1.204581843546537493e+04 2.679414971514231356e-20 1.515956022683761227e-20
1.205220006687256682e+04 6.914053376938760426e-21 1.455264638316701482e-20
1.205858168995280721e+04 1.304472466422940675e-20 1.570771971116430291e-20
1.206496330468178894e+04 2.516127508538458656e-20 1.580532637038989873e-20
1.207134491103499568e+04 1.254833585920332200e-20 1.491525899801330355e-20
1.207772650898846405e+04 2.248126182359166213e-20 1.503999123527463485e-20
1.208410809851823433e+04 2.063820985212550349e-20 1.476067292250249780e-20
1.209048967959869697e+04 -2.054499298181350664e-21 1.467266892266623475e-20
1.209687125220667986e+04 1.283745218605743856e-20 1.563990127952197489e-20
1.210325281631693906e+04 -5.178740904263464646e-21 1.518948605760132165e-20
1.210963437190599507e+04 1.256935606817035020e-21 1.508842265180325935e-20
1.211601591894906596e+04 3.094943814637218406e-20 1.610179576198525139e-20
1.212239745742210653e+04 8.720035884829752944e-21 1.507706843564799105e-20
1.212877898730068591e+04 -4.625541518827467549e-20 1.504789100449132468e-20
1.213516050856103539e+04 -6.253980524246750775e-21 1.561251384473650216e-20
1.214154202117822570e+04 5.491693301656790006e-20 1.578541152218416821e-20
1.214792352512867001e+04 4.173940266586632064e-20 1.451124905191781661e-20
1.215430502038848681e+04 5.228069652484155959e-22 1.547693765136746911e-20
1.216068650693249219e+04 -4.369187304789872811e-21 1.404547167312090981e-20
1.216706798473730305e+04 1.666317074867978897e-20 1.490528632104025478e-20
1.217344945377868135e+04 -1.070101400000264534e-20 1.541534922765028260e-20
1.217983091403234721e+04 2.635273540444747531e-20 1.427882665526278982e-20
1.218621236547442641e+04 -6.097929902812097354e-21 1.426020287123281391e-20
1.219259380808097740e+04 -3.986079382503337527e-20 1.622903189110169416e-20
1.219897524182765665e+04 1.665593072423156992e-20 1.432629387018992821e-20
1.220535666669081002e+04 1.742120382322529146e-20 1.408653914317607179e-20
1.221173808264589024e+04 2.243408827719561234e-20 1.505546672626271101e-20
1.221811948966941964e+04 9.364173638738283927e-21 1.496084939498800718e-20
1.222450088773736206e+04 -2.252542398251168504e-21 1.532888844201106082e-20
1.223088227682543948e+04 4.840907605039307633e-21 1.551555100818464912e-20
1.223726365691007049e+04 4.916394800091971193e-21 1.469792095704316891e-20
1.224364502796764646e+04 2.434133345752203256e-20 1.652658242247514440e-20
1.225002638997306167e+04 2.536297219023036040e-20 1.594747674531535004e-20
1.225640774290388254e+04 6.525437571336650544e-21 1.472522871181236463e-20
1.226278908673517799e+04 2.570530866388780445e-20 1.567484837821387497e-20
1.226917042144370862e+04 1.268874870499291112e-20 1.466145926902043009e-20
1.227555174700600583e+04 3.896289434268354676e-20 1.577428923846027332e-20
1.228193306339711853e+04 3.636647629381450059e-20 1.469487486132016312e-20
1.228831437059374184e+04 1.925748454941361862e-20 1.563464332575798954e-20
1.229469566857268364e+04 5.239933134116612786e-21 1.486646569701084207e-20
1.230107695730956220e+04 -1.441794183746140300e-20 1.524779415834955262e-20
1.230745823678096531e+04 -2.018785200961630252e-20 1.600633234873414449e-20
1.231383950696318971e+04 -7.654395634917493683e-22 1.536836788128732431e-20
1.232022076783226112e+04 -8.033019455350906540e-21 1.541836031430847216e-20
1.232660201936486010e+04 4.022017395747460694e-20 1.648988216936438037e-20
1.233310864649460746e+04 1.125511564794291974e-20 1.582775611382498079e-20
1.233948988824354637e+04 3.869888775707967897e-20 1.539291340929788793e-20
1.234587112056551450e+04 4.993259035667164176e-20 1.571239891430311975e-20
1.235225234345452009e+04 3.125379105415991130e-20 1.447792943398477804e-20
1.235863355688597039e+04 -6.331266451745009679e-21 1.500419219359778786e-20
1.236501476083724992e+04 1.229509934773964294e-20 1.588943925666797810e-20
1.237139595528487371e+04 -1.008426105659053730e-20 1.586325008280013183e-20
1.237777714020465100e+04 4.969374663007178613e-22 1.704432373835492966e-20
1.238415831557362799e+04 1.237855962242877383e-20 1.506535027358282763e-20
1.239053948136743020e+04 1.403423585176517556e-20 1.535750596410372910e-20
1.239692063756320385e+04 2.998047959317750428e-20 1.565517317352753625e-20
1.240330178413811518e+04 3.217644000831412034e-20 1.581449266718101712e-20
1.240968292106808985e+04 4.277964226720240552e-20 1.599582554152557299e-20
1.241606404832970293e+04 3.905038040275671487e-20 1.842948808167322588e-20
1.242244516589889463e+04 4.063419693917131338e-20 1.602837930921701259e-20
1.242882627375320044e+04 1.151580154549843090e-20 1.445904832272800835e-20
1.243520737186897713e+04 -4.058675145249479233e-20 1.401069402721462232e-20
1.244158846022289254e+04 -1.375679304735693200e-20 1.584826271749203043e-20
1.244796953879153079e+04 7.643923974992039451e-21 1.551118056861497878e-20
1.245435060755192535e+04 -2.526845834828544817e-20 1.492967128126090365e-20
1.246073166647950529e+04 1.791384652744013379e-20 1.536550968769350329e-20
1.246711271555291569e+04 9.094929897084788047e-21 1.526578022555566383e-20
1.247349375474754925e+04 -7.479899217043087764e-22 1.483638985689110325e-20
1.247987478404088142e+04 -2.672444402094624534e-20 1.458393527038781162e-20
1.248625580340898705e+04 5.244660682375835894e-20 1.541862540454124590e-20
1.249263681282891957e+04 -1.685733250477058162e-20 1.525764201191573504e-20
1.249901781227722495e+04 9.070858315348163674e-21 1.600698914173206542e-20
1.250539880173172060e+04 2.478701997593876029e-20 1.675635081385619047e-20
1.251177978116852682e+04 2.018019113445002613e-20 1.581520195881042134e-20
1.251816075056384034e+04 1.975962728941034897e-20 1.569220307297285649e-20
1.252454170989556405e+04 6.304266379111273873e-20 1.783641350886193450e-20
1.253092265914024028e+04 6.539728127422978018e-21 1.688404908678613098e-20
1.253730359827474058e+04 1.981704603311260384e-20 1.604006027850901386e-20
1.254368452727602380e+04 -4.945733404034420632e-22 1.564983071844364477e-20
1.255006544612105063e+04 1.916554240522194054e-20 1.722624079338050819e-20
1.255644635478669079e+04 -2.061777177427938513e-20 1.578840975588799164e-20
1.256282725324965395e+04 -1.942532636267988397e-20 1.605471564583419028e-20
1.256920814148797763e+04 -4.961603782267480784e-20 1.666128258307401571e-20
1.257558901947754202e+04 -1.526583509964455700e-20 1.560698110168350224e-20
1.258196988719543151e+04 4.572503404027319406e-20 1.593280293148764902e-20
1.258835074461941804e+04 1.367096912015121028e-20 1.515376801366257333e-20
1.259473159172614942e+04 -6.433766435302798150e-21 1.599751776779986821e-20
1.260111242849270820e+04 1.004189526236725026e-20 1.641758264569828503e-20
1.260749325489625153e+04 -1.120465775920374313e-20 1.532101604993847825e-20
1.261387407091383284e+04 -8.975002988444108262e-22 1.623175127482437411e-20
1.262025487652255470e+04 1.547406199353800333e-20 1.489183983694937341e-20
1.262663567169929593e+04 6.013377614194630667e-21 1.552516698927968185e-20
1.263301645642188123e+04 2.792250844644341087e-21 1.517698051749917221e-20
1.263939723066744045e+04 -1.860580277645660485e-20 1.459220498598525130e-20
1.264577799441219759e+04 2.349234360051168093e-20 1.460742977720631930e-20
1.265215874763439388e+04 5.490897105920222892e-20 1.610875869831488134e-20
1.265853949031083903e+04 -1.673810706775589246e-21 1.485188769469043090e-20
1.266492022241852283e+04 3.433284415834858914e-20 1.643244290091021649e-20
1.267130094393540458e+04 6.145324179749500918e-20 1.760073366055042557e-20
1.267768165483832126e+04 2.754901654850158127e-22 1.505827983588611759e-20
1.268406235510432271e+04 3.819756811104521048e-20 1.697276309933129330e-20
1.269044304472868680e+04 -6.137756151493251933e-22 1.649877968610034123e-20
1.269694961505211359e+04 1.787265846217122043e-20 1.636097929944161886e-20
1.270333029209749657e+04 1.511330190067938303e-20 1.611836944671814859e-20
1.270971095841355782e+04 -3.483617474341932551e-20 1.510758222686543922e-20
1.271609161397785829e+04 -5.040785934085680394e-20 1.525915689845601359e-20
1.272247225876794801e+04 -5.268079486919381043e-20 1.522564763286499356e-20
1.272885289275980904e+04 -6.256983402938174207e-20 1.532087033839206921e-20
1.273523351593291045e+04 -6.687411497303314445e-21 1.685390704793072376e-20
1.274161412826371816e+04 1.166412389956253818e-20 1.539462052439521031e-20
1.274799472972977856e+04 -2.748670400556887589e-20 1.425161398176103714e-20
1.275437532030872899e+04 2.860051259742778716e-20 1.760122593274845854e-20
1.276075589997746283e+04 2.403858895206225473e-20 1.609820683211780078e-20
1.276713646871432866e+04 -4.583292724745179318e-20 1.585470297102343829e-20
1.277351702649626532e+04 -7.065861687937579892e-21 1.519041821325991530e-20
1.277989757330096290e+04 -1.017318808094910399e-20 1.534606749329781610e-20
1.278627810910720109e+04 -2.772387210254557175e-20 1.614548504757667891e-20
1.279265863389008155e+04 -2.966679418532886854e-20 1.634116202765359794e-20
1.279903914762886052e+04 1.163645453504710163e-20 1.643027995567518608e-20
1.280541965030122265e+04 1.002373235766451742e-20 1.675126625963424523e-20
1.281180014188458154e+04 -4.199364047355142037e-21 1.664248399570834659e-20
1.281818062235599973e+04 -1.027396848823749311e-21 1.632413154964102756e-20
1.282456109169432057e+04 1.267969434060745512e-20 1.675244719983257822e-20
1.283094154987588990e+04 -3.960484331310408328e-20 1.562737177052127603e-20
1.283732199687894899e+04 4.068620023049572894e-21 1.514733594987815133e-20
1.284370243268201193e+04 -3.051835956582682654e-20 1.572963463051771499e-20
1.285008285726108079e+04 8.312408064193966189e-21 1.623158561435225475e-20
1.285646327059523719e+04 2.460530296147503510e-20 1.648976102681133558e-20
1.286284367266302070e+04 1.077342896356028568e-20 1.674868333615428902e-20
1.286922406343971670e+04 -1.421109844220316114e-20 1.570875696434891541e-20
1.287560444290486885e+04 -4.124677463994432338e-20 1.658534571988071233e-20
1.288198481103586892e+04 5.035539690590736443e-22 1.554122362447810384e-20
1.288836516781115279e+04 -2.424000581100894559e-21 1.700448598269820599e-20
1.289474551320803403e+04 -6.383179966922345571e-21 1.679783950229488895e-20
1.290112584720389350e+04 1.671508276415733346e-20 1.697583593841496614e-20
1.290750616977723803e+04 1.313385166460771341e-20 1.716745771785140738e-20
1.291388648090623610e+04 2.614702268536170190e-20 1.697882834568626741e-20
1.292026678056826495e+04 -3.597701213863887671e-20 1.692767692301799413e-20
1.292664706874074000e+04 -1.543766007733141639e-20 1.729200655389643790e-20
1.293302734540268830e+04 -1.703140555316307150e-20 1.600766918563772377e-20
1.293940761053147253e+04 -2.046345530407890417e-20 1.676349202039746163e-20
1.294578786410615066e+04 8.218730273529719146e-21 1.720272214068820175e-20
1.295216810610310131e+04 -3.462234295807780174e-20 1.713939926080660186e-20
1.295854833650122600e+04 -6.542480084992046480e-21 1.651754274139528826e-20
1.296492855527809297e+04 4.837661591047020214e-21 1.636839769741095532e-20
1.297130876241254191e+04 -1.366690299803214640e-20 1.833141240700017865e-20
1.297768895788145164e+04 1.543189145524732004e-20 1.857722545765372995e-20
1.298406914166368369e+04 -9.418675107012676487e-21 1.715776457835920785e-20
1.299044931373692270e+04 -2.844059943042489266e-21 1.793294199394215225e-20
1.299682947408053769e+04 -2.810070633473857700e-20 1.613321568632767694e-20
1.300320962267094183e+04 -5.418706382782809317e-20 1.826058301899228547e-20
1.300958975948713305e+04 1.643423864366810919e-21 1.618003162671921332e-20
1.301596988450655954e+04 -3.277171194876218892e-20 1.729056886843850294e-20
1.302234999770880495e+04 -5.325882755123466451e-20 1.714387640362113144e-20
1.302873009907173400e+04 -3.957981274912784900e-20 1.721002903671231137e-20
1.303511018857132331e+04 -1.791311234901245801e-20 1.588144484540583112e-20
1.304149026618827884e+04 -4.727976224638125542e-20 1.819653097329857697e-20
1.304787033190038710e+04 -3.609990550350306394e-20 1.715915260799817322e-20
1.305425038482586569e+04 1.565027420476010315e-20 1.686914296363591253e-20
1.306063042485460210e+04 -2.981826196886273666e-21 1.803678829667137320e-20
1.306701045291309492e+04 -7.619185422004499705e-20 1.843222628399332578e-20
1.307339046898075685e+04 -3.283369749495870170e-20 1.749306453661286601e-20
1.307977047303451764e+04 7.119241728717743538e-21 1.911118263964566996e-20
1.308615046505175269e+04 1.541337586741263648e-20 1.711371247048940121e-20
1.309253044501200748e+04 1.157550661839534994e-20 1.674007772807865612e-20
1.309891041289373607e+04 -2.698039935926598378e-20 1.595491675886206458e-20
1.310529036867606555e+04 -4.380980297388450825e-20 1.919088565744882407e-20
1.311167031233533999e+04 -8.384019433874280136e-20 1.830379141754367849e-20
1.311805024385128490e+04 -2.143162090650143173e-20 1.784734738777068696e-20
1.312443016320178867e+04 -2.616210738378208371e-20 2.068559253061071896e-20
1.313081007036740084e+04 -3.612503632200211491e-20 1.884374537643848913e-20
1.313718996532299934e+04 -2.802875480908224586e-20 1.721514597515000026e-20
1.314356984804888089e+04 -2.715684394978467342e-20 1.774883045562050869e-20
1.314994971852361959e+04 -5.375412159027287469e-20 1.684182821648956446e-20
1.315632957672721750e+04 -5.726139182710821002e-20 1.626480628053276848e-20
1.316270942263484903e+04 -1.713058083205400379e-20 1.903918706297536855e-20
1.316908925622691095e+04 -1.682437603411198709e-20 1.920857300271606013e-20
1.317546907748185367e+04 -3.501091231406438983e-20 1.731616247337400776e-20
1.318184888637972290e+04 -4.628896191170052738e-20 2.006899269485212812e-20
1.318822868289604594e+04 -4.705714541731910757e-20 1.894469553833575689e-20
1.319460846701108676e+04 -4.745989773565410119e-20 1.913454162957334536e-20
1.320098823870309025e+04 -2.043978392465433829e-20 1.914041768610780602e-20
1.320736799795273328e+04 -1.893381308992657318e-20 1.937081814559272006e-20
1.321374774473487378e+04 -1.942716916582438858e-20 2.019863201154790388e-20
1.322012747903042873e+04 -3.631660045885286057e-20 1.817118268571241932e-20
1.322650720081822874e+04 -2.469451427110920860e-20 1.871840406081061476e-20
1.323288691007793204e+04 -5.864205161893500660e-20 1.677891591717241147e-20
1.323926660678468033e+04 -4.503166965697326568e-20 1.857006180633622280e-20
1.324564629091928327e+04 -1.277893931179514294e-20 1.673310977148080645e-20
1.325202596246193934e+04 1.592164639701773586e-20 1.895874136041489179e-20
1.325840562139006943e+04 -7.303947471271445569e-21 1.830023400377556437e-20
1.326478526768092888e+04 -2.027881271872603467e-20 1.390760559550447297e-20
1.327116490131572391e+04 -7.848034289936042247e-20 1.806883890923420217e-20
1.327754452227282854e+04 -2.117274535718479515e-20 1.985259500386708532e-20
1.328392413053073142e+04 -9.621302721527167637e-20 1.752964375207678076e-20
1.329030372606555102e+04 -3.040593473668563473e-20 1.859413980207892968e-20
1.329668330886044350e+04 -4.673460929243402472e-20 1.804913393272889673e-20
1.330306287889322448e+04 -4.421418685807162445e-20 1.589792038426689166e-20
1.330944243614021616e+04 -4.218341194783324917e-20 1.835152201025534004e-20
1.331582198058262111e+04 -5.306480656860129329e-20 1.845514975594636345e-20
1.332220151219971194e+04 -5.773376565544326723e-20 1.785205873897057647e-20
1.332870775713058902e+04 -6.270454179392453876e-20 1.826607546181799717e-20
1.333508727324992287e+04 -3.146429761159571528e-20 1.761152545808563874e-20
1.334146677490193360e+04 1.048736587759707849e-20 1.689514390234594583e-20
1.334784626362711242e+04 -3.650441981981402781e-20 1.790969531663925260e-20
1.335422573941817063e+04 -2.315905997395533204e-20 1.736809445476797002e-20
1.336060520225314212e+04 -3.821129048690677898e-20 1.700746193409948846e-20
1.336698465211490839e+04 -1.896964768609781381e-20 1.826619855754963302e-20
1.337336408898081208e+04 -8.870675907447401660e-20 1.914111531255123675e-20
1.337974351282731186e+04 -4.535077410835275220e-20 1.860013851969063294e-20
1.338612292363647066e+04 -4.261014432893266694e-20 1.993523932747094318e-20
1.339250232138731917e+04 -3.986427751686930715e-20 1.849641736971024329e-20
1.339888170605856976e+04 -2.302524945493497842e-20 1.828704561415748066e-20
1.340526107762545689e+04 -1.547421675148277151e-20 1.778910921100643070e-20
1.341164043607389249e+04 -7.774368354705927538e-21 1.785438714275476882e-20
1.341801978137971309e+04 -2.125092924192610638e-20 1.788116836966877388e-20
1.342439911352061608e+04 -4.053825830250103151e-20 1.829367402493793917e-20
1.343077843247629789e+04 -3.123667166775921582e-20 1.860135358685079027e-20
1.343715773822848314e+04 -2.886184137513657661e-20 1.826083724294818437e-20
1.344353703075507474e+04 -2.375202946856988146e-20 1.868079626546983348e-20
1.344991631003186376e+04 -5.392515156467216942e-20 1.880197068903381527e-20
1.345629557604356705e+04 -1.012655483556276497e-19 1.710135968092699352e-20
1.346267482876701251e+04 -3.662013360708990775e-20 1.707495663050453847e-20
1.346905406818083975e+04 -6.975014057269750441e-20 1.841786134867329535e-20
1.347543329426310083e+04 -6.227413911731265315e-20 1.989261240631293864e-20
1.348181250699699376e+04 -1.061277751470321574e-19 1.868554548401367273e-20
1.348819170636045783e+04 -5.884125340655536090e-20 1.738934713372244422e-20
1.349457089232765793e+04 -3.864442968638593994e-20 1.834470582133349156e-20
1.350095006488650142e+04 -4.698829518536797088e-20 2.024838923130338817e-20
1.350732922401082396e+04 -9.388437502290465965e-20 1.967049642899082270e-20
1.351370836968071853e+04 -8.497960251594349629e-20 1.829030914141250391e-20
1.352008750187559963e+04 -4.818842739525032833e-20 1.896792958285762782e-20
1.352646662057664071e+04 -4.360523113919469469e-20 1.874158190089156442e-20
1.353284572576227765e+04 -4.166193745915220811e-20 1.975996407533400058e-20
1.353922481740763942e+04 -3.704498139567352559e-20 1.894173145365715407e-20
1.354560389550036416e+04 -5.693484961702592851e-20 1.815821607287926853e-20
1.355198296001432573e+04 -7.312254065341647064e-20 1.871396830998426062e-20
1.355836201092843294e+04 -4.142916023436713920e-20 1.903083247624587196e-20
1.356474104822614936e+04 -6.138931038337596543e-20 1.945963476058326608e-20
1.357112007188437747e+04 -3.872405932199345168e-20 2.012353809120840517e-20
1.357749908188339032e+04 -6.093137837485530385e-20 1.995721886457984669e-20
1.358387807820014859e+04 -2.975047079062324387e-20 1.942241556561742572e-20
1.359025706081850331e+04 -5.366728612433250420e-20 1.892989472333123796e-20
1.359663602971588989e+04 -1.579261735745777756e-20 2.002916258111213823e-20
1.360301498486867968e+04 -7.342858965088234879e-20 1.941925216806378859e-20
1.360939392626313565e+04 -3.683569186918646621e-20 1.925263962894125591e-20
1.361577285387487609e+04 -1.073588060422646042e-19 1.880211908918576025e-20
1.362215176768121455e+04 -5.381127343398241123e-20 1.805727203475601231e-20
1.362853066766717347e+04 -5.940091351733850303e-20 1.760503144794363090e-20
1.363490955380918240e+04 -6.612839438559162576e-21 1.814362091628520956e-20
1.364128842608699233e+04 -7.712435275584048419e-21 1.786806834964041931e-20
1.364766728448015601e+04 -1.020508258927408574e-19 1.872857727169500852e-20
1.365404612897064726e+04 -2.348871408479734546e-20 1.768580067469185550e-20
1.366042495953543403e+04 -1.201356693624837222e-20 1.837549028498812952e-20
1.366680377615243196e+04 -3.498003503980581696e-20 1.773159597899320264e-20
1.367318257880766760e+04 -3.604220203476664779e-20 1.827626339839334392e-20
1.367956136747675373e+04 -6.219178149450157160e-20 1.744038822318243941e-20
1.368594014213730043e+04 -9.584158002747708797e-20 1.752912196074607196e-20
1.369231890277432285e+04 -3.104880511281054386e-20 1.720451712669859125e-20
1.369869764936456704e+04 -5.549390948352540950e-20 1.756230169895792680e-20
1.370507638188638157e+04 -6.181249112651863653e-20 1.721249066326404212e-20
1.371145510032370476e+04 -2.556665014506563299e-20 1.785385440251155580e-20
1.371783380465403388e+04 -2.744293586440663555e-21 1.940359832181637409e-20
1.372421249485491899e+04 -6.931285724944117668e-20 1.794446668319716458e-20
1.373059117090989821e+04 -4.330174506119186346e-20 1.908540609986222402e-20
1.373696983279875712e+04 -6.843063182159327820e-20 1.790463696372220497e-20
1.374334848049689390e+04 -5.348377338826634728e-20 1.723047112639264998e-20
1.374972711398908905e+04 -8.254713780092539300e-20 2.144005790249017005e-20
1.375610573325492805e+04 -5.239797687964937892e-20 1.778190066930473573e-20
1.376248433828623092e+04 -3.893896901783441083e-20 1.820236223968536034e-20
1.376886293058278898e+04 -3.304548588978589606e-20 1.891319910701079224e-20
1.377536883271229817e+04 -2.322721959531010454e-22 1.897467517016428794e-20
1.378174740336418836e+04 -3.245029795921804826e-20 1.909889423228294162e-20
1.378812595968612914e+04 -6.870360028571904823e-20 1.976654777905355424e-20
1.379450450165971051e+04 -3.135082364995076175e-20 1.893384056911566627e-20
1.380088302926160577e+04 -4.193650458544270119e-20 1.742081717819885375e-20
1.380726154247444356e+04 -3.885037348680239704e-20 1.800885804070639775e-20
1.381364004127793123e+04 -8.621461664289854121e-21 1.999209238367156520e-20
1.382001852565123227e+04 -1.913114743886985220e-20 1.799079839371120436e-20
1.382639699557390668e+04 -6.740446596225844217e-21 1.795167377394076801e-20
1.383277545102860131e+04 -6.019821952877411521e-20 1.864236413985267326e-20
1.383915389199331730e+04 1.919748509375894181e-20 2.185065127902016010e-20
1.384553231844670336e+04 -2.841966759080567800e-20 1.832663649714153373e-20
1.385191073037259230e+04 -4.662132300345887882e-20 1.896335593619057724e-20
1.385828912774908349e+04 -2.661385603678926576e-20 1.928550451378873448e-20
1.386466751055462191e+04 -5.911801630238011548e-20 1.843092234840359084e-20
1.387104587877316408e+04 -1.401975781299526238e-20 1.875914336575365207e-20
1.387742423238280753e+04 -3.708834707517849388e-20 1.783389788209145751e-20
1.388380257136182445e+04 -1.074673679388779989e-19 1.910713940133452200e-20
1.389018089569441145e+04 -5.793907046972439963e-20 2.043946199877031468e-20
1.389655920535882069e+04 -3.361904972566839313e-20 1.962646617633601914e-20
1.390293750033310425e+04 -7.093572531957019401e-20 1.978034804884720085e-20
1.390931578060155698e+04 -4.035510864001779219e-20 1.966929240648687976e-20
1.391569404614155974e+04 -3.904772701004429211e-21 1.839226335701843878e-20
1.392207229693434965e+04 1.708839801153015676e-20 1.788392130301631685e-20
1.392845053296086189e+04 -7.983284835532327932e-21 1.612220050362996524e-20
1.393482875419877746e+04 -9.003093356389588469e-21 1.708940012187786233e-20
1.394120696063228934e+04 -8.134038853394617071e-21 1.849457238139244019e-20
1.394758515223968243e+04 -2.008227911196766839e-20 1.728873443718938369e-20
1.395396332899917797e+04 -2.408564963902019178e-20 1.594838272719529448e-20
1.396034149089523999e+04 -7.404702248548904262e-21 1.628501517931855558e-20
1.396671963790627888e+04 4.981816283373496300e-21 1.735787121728420666e-20
1.397309777001058683e+04 -5.028589156561401306e-20 1.759077891858536910e-20
1.397947588719238593e+04 -3.449882717406645273e-20 1.835623826249986348e-20
1.398585398943031214e+04 -1.405586303223975207e-20 1.780268868133929655e-20
1.399223207670229203e+04 -1.613644167089292970e-20 1.719392326505931641e-20
1.399861014899399015e+04 -3.506622678409517097e-20 1.820129362192538514e-20
1.400498820628243811e+04 -1.465771419416517440e-20 1.775704644103294288e-20
1.401136624854625734e+04 -2.656933426776419331e-20 1.828036924015167768e-20
1.401774427577031565e+04 -4.097247691486655193e-20 1.621850433742111376e-20
1.402412228793390750e+04 -4.532875598365211073e-20 1.788650519842243178e-20
1.403050028501318593e+04 -5.523043350512210366e-20 2.072489817640467500e-20
1.403687826699566540e+04 -8.358151454345515086e-20 2.046363343574814289e-20
1.404325623385740619e+04 -2.380633387031031849e-20 2.020910516509582585e-20
1.404963418557820842e+04 -4.414223373840142757e-20 1.935183497434205150e-20
1.405601212214273801e+04 1.322679910954093277e-20 1.781148532762795629e-20
1.406239004352814300e+04 2.393569533402429792e-21 1.893027273246334573e-20
1.406876794971400341e+04 -1.912129820018313828e-20 1.753336067912301749e-20
1.407514584068559270e+04 -2.919472271560258158e-20 1.886036200152260749e-20
1.408152371641875834e+04 -4.727833684888253272e-20 1.874786818764666830e-20
1.408790157689664193e+04 -3.440476583256097401e-20 2.107598014057200823e-20
1.409427942209984212e+04 -6.622716092148214662e-20 1.942793961822058210e-20
1.410065725200673114e+04 -2.207409444431433367e-20 1.875669184877801106e-20
1.410703506660170387e+04 -3.573773584164672658e-20 1.763551240391070336e-20
1.411341286586243950e+04 -2.833587061293618736e-20 1.892094932560910632e-20
1.411979064977010785e+04 -1.606167067053892718e-20 1.976079052868314126e-20
1.412616841830760131e+04 -1.215332293574977250e-20 1.750607618191593605e-20
1.413254617145188786e+04 -1.072682422918749119e-20 1.746607973967944963e-20
1.413892390918571255e+04 -2.008919929735904230e-20 1.809023419490255623e-20
1.414530163149127657e+04 -5.729975125448644175e-20 1.575627627949883545e-20
1.415167933834601536e+04 -6.290464563440482847e-20 1.620404057238451057e-20
1.415805702973348889e+04 -4.990802147798868301e-20 1.928014546849835177e-20
1.416443470563243318e+04 6.739604049441119245e-21 1.903264733993643355e-20
1.417081236602465469e+04 -3.631562335255411379e-20 2.074574146335261787e-20
1.417719001089213270e+04 -7.203270522291092906e-20 2.231974601867714731e-20
1.418356764021345225e+04 -6.551778153815674136e-20 2.133695722268351984e-20
1.418994525396991776e+04 -8.757879000154877237e-20 2.297825243103836143e-20
1.419632285214389049e+04 -3.964037885336534868e-20 2.097941389397818170e-20
1.420270043471387908e+04 -1.756998534037949420e-20 1.689312144273364092e-20
1.420907800166305060e+04 -1.815239099590327254e-20 1.593346617594375109e-20
1.421545555297075225e+04 -9.005815514805800079e-21 1.675488307766387235e-20
1.422183308861785008e+04 3.159804314484317597e-21 1.806679236417850190e-20
1.422821060858650890e+04 -4.390739976249690181e-20 2.075473613236929017e-20
1.423458811285633601e+04 -5.321595301249065537e-21 1.712774161973055626e-20
1.424096560140827023e+04 1.626144660252479481e-21 1.709472413110265834e-20
1.424734307422528764e+04 -1.370798004267618580e-20 1.972854530297407680e-20
1.425372053128450170e+04 1.927228107228573732e-21 1.797355850149416740e-20
1.426009797257114406e+04 -4.036073439782558517e-20 2.173459960710466964e-20
1.426647539806265377e+04 -6.557105945658682778e-20 2.308566365354988492e-20
1.427285280774154126e+04 -1.163052001836369225e-19 2.382512813933668524e-20
1.427923020158962390e+04 -7.080897873114346245e-20 2.215029647027683367e-20
1.428560757958596696e+04 -2.696984268355022600e-20 2.186562552667653035e-20
1.429198494171320635e+04 -2.512351964618347558e-20 2.030728747306475119e-20
1.429836228795134230e+04 -9.310504742403091686e-20 1.737302302878801350e-20
1.430473961828178108e+04 -5.141446097475554108e-20 1.813261956545284098e-20
1.431111693268714407e+04 -4.393005664181120805e-20 1.772441295945137157e-20
1.431749423114501951e+04 1.448354363755770334e-20 1.846885048797611135e-20
1.432387151364009696e+04 6.567805471908460395e-20 1.780904301249839043e-20
1.433024878015128161e+04 3.920457845953457223e-20 1.873231710181647428e-20
1.433662603065961775e+04 -1.694693729562493598e-20 2.008552434052063817e-20
1.434300326514794688e+04 -7.672635360864717507e-20 2.389359771040392201e-20
1.434938048359481400e+04 -8.098055708632928345e-20 2.067500856536872262e-20
1.435575768598439572e+04 -4.956990318598921487e-20 1.994196314751965827e-20
1.436213487229510065e+04 -5.585170045612792994e-20 2.283412513217624847e-20
1.436851204250934279e+04 -8.743103130229301238e-20 2.143511287361522330e-20
1.437488919660881947e+04 -3.551937708484032728e-20 2.066304881003343073e-20
1.438126633457369280e+04 1.108939869339929712e-21 1.787589876930569711e-20
1.438764345638642772e+04 -4.572745877733074963e-20 1.720321699235855615e-20
1.439402056202644781e+04 6.938087703465024323e-21 1.944621549877771028e-20
1.440039765147653270e+04 -5.702538201959023327e-20 2.195855350733369621e-20
1.440677472471688270e+04 -1.158679894867054947e-19 2.338263887015152401e-20
1.441315178172905507e+04 8.840040814090283773e-21 1.749956683993852854e-20
1.441952882249551112e+04 2.478537727983421231e-21 1.712729786889127628e-20
1.442590584699548890e+04 -1.236468094122633918e-20 1.849881665481997404e-20
1.443228285521132602e+04 -1.213415204271395161e-19 2.284244088925321015e-20
1.443865984712471254e+04 -3.334629834660454704e-20 2.354159202038046660e-20
1.444503682271589787e+04 -4.944745160936339620e-21 1.949266931005578050e-20
1.445141378196741243e+04 -2.243154925571088121e-20 2.190146216504632579e-20
1.445779072486004952e+04 -1.061987402416482713e-19 2.606583354569398872e-20
1.446416765137458424e+04 -8.794748977712853790e-20 2.523066987870554948e-20
1.447054456149325415e+04 -9.367274247525407075e-20 2.518116460744371262e-20
1.447692145519660517e+04 -1.035742139829428641e-19 2.541895710688025728e-20
1.448329833246654016e+04 -9.592143641140365691e-20 2.261300169542062047e-20
1.448967519328446724e+04 -5.330089914612807280e-20 2.490191343816007191e-20
1.449605203763208192e+04 -1.082312140371182373e-19 2.294319541619380183e-20
1.450242886549046852e+04 -8.289058956368065099e-20 2.406936580217064171e-20
1.450880567684056587e+04 -3.883864745282787783e-20 2.486323737063502213e-20
1.451518247166434594e+04 -6.446587720911313316e-20 2.365547424668037238e-20
1.452155924994368070e+04 -7.163981929439206003e-20 2.485119231591271194e-20
1.452793601165840664e+04 -1.063105551962381636e-19 2.322215221482395586e-20
1.453431275679228202e+04 -6.441987962637424737e-20 2.281066896023784683e-20
1.454068948532519971e+04 2.847546854464056616e-21 2.137384309067214259e-20
1.454706619723919357e+04 -7.269199979618114463e-20 2.243387337927434239e-20
1.455344289251605369e+04 -8.745063722209237908e-20 2.465598503888846396e-20
1.455981957113650788e+04 -6.717554912717307705e-20 2.059284782697489521e-20
1.456619623308262271e+04 -5.873499635523368966e-20 2.341821294024400152e-20
1.457257287833593182e+04 -9.919814884581093886e-20 2.495928885726111870e-20
1.457894950687785422e+04 1.911264925616441160e-20 1.746686049243378744e-20
1.458532611869066932e+04 -2.537042165202728923e-20 2.071167988868358261e-20
1.459183108671921400e+04 -2.318113086238003770e-20 1.853674034164409114e-20
1.459820767331615752e+04 -1.203036346855286866e-19 1.719515944190648980e-20
1.460458424311056115e+04 -1.015360283108784266e-19 2.012983844472707655e-20
1.461096079610160996e+04 -1.078246371546562159e-19 2.241140990255220786e-20
1.461733733226794175e+04 -9.710999511608955499e-20 2.241709127846655173e-20
1.462371385159317470e+04 -8.088651624120283857e-20 2.248791107261037009e-20
1.463009035405851500e+04 2.251159379257787653e-20 1.938014947349634256e-20
1.463646683964558542e+04 -3.363148461925207789e-20 2.132865268794856067e-20
1.464284330833662352e+04 -1.483715751216794043e-20 2.079426185712326485e-20
1.464921976011176776e+04 -2.784834670889859390e-20 2.222522793294978851e-20
1.465559619495472543e+04 -7.256680072210687247e-20 2.436547552588632284e-20
1.466197261284523483e+04 -7.016932972051066929e-20 2.330327410300232675e-20
1.466834901376699054e+04 -4.953629061818273487e-20 2.529284038894896139e-20
1.467472539769975992e+04 -9.773614441563245355e-20 2.415424782125879277e-20
1.468110176462731033e+04 -4.762017103911202824e-20 2.303674083767338985e-20
1.468747811452985661e+04 -8.826084717758620792e-20 2.614039486763707918e-20
1.469385444738913611e+04 -1.239112986470971993e-19 2.570304275354800495e-20
1.470023076318800850e+04 -1.016034417742126397e-19 2.637484102757764189e-20
1.470660706190728160e+04 -7.075271294214938391e-20 2.672842736348506496e-20
1.471298334353073733e+04 -8.391783985839559411e-20 2.628085081144812561e-20
1.471935960803714988e+04 -1.068397716657144400e-19 2.494460502978093203e-20
1.472573585541032662e+04 -2.524077714293953113e-20 2.423721814715012135e-20
1.473211208563118635e+04 -1.759252535051569359e-20 1.938055698157717871e-20
1.473848829868257963e+04 -9.943501853166127127e-21 2.093976557935897342e-20
1.474486449454529793e+04 -9.735665800391406126e-20 2.197601850533282084e-20
1.475124067320284485e+04 -1.103627868532564038e-19 2.272886074052323013e-20
1.475761683463544796e+04 -1.019180210548820284e-19 2.364208229211182265e-20
1.476399297882509563e+04 -1.048262564423985664e-19 2.240496738836123104e-20
1.477036910575520415e+04 -5.724566242380703614e-20 2.426498480317207604e-20
1.477674521540562091e+04 -8.407305301474654407e-20 2.419969671284728391e-20
1.478312130775982951e+04 -8.389015291952026589e-20 2.396160369190582156e-20
1.478949738279925259e+04 -1.306647516619198818e-19 2.360413378095767892e-20
1.479587344050537467e+04 -7.011011686494711874e-20 2.349572143971586703e-20
1.480224948086109907e+04 -1.823091231195865052e-19 2.262702264383275404e-20
1.480862550384799215e+04 -1.353599729315000477e-19 2.389361021762795334e-20
1.481500150944738925e+04 -1.227197055501743591e-19 2.426625692985282164e-20
1.482137749764245928e+04 -1.211079824158844550e-19 2.481078363031102885e-20
1.482775346841463761e+04 -1.417790818398528390e-19 2.748798599234008721e-20
1.483412942174483214e+04 -6.810927183299994780e-20 2.371378470763049042e-20
1.484050535761782885e+04 -3.105578305114000773e-20 2.307105446544952068e-20
1.484688127601288943e+04 -7.112509785967989767e-20 2.527299326064430537e-20
1.485325717691323734e+04 -1.179143717661929878e-19 2.512505595967116294e-20
1.485963306030143394e+04 -1.498156832963593399e-19 2.332536964859707692e-20
1.486600892615953671e+04 -8.762083991422253182e-20 2.377192257848523017e-20
1.487238477446750221e+04 -7.695912102643159599e-20 2.341340263280614146e-20
1.487876060521006366e+04 -5.243644271989458046e-20 2.451484028772512028e-20
1.488513641836780880e+04 -7.428157867639600672e-20 2.485033478519441037e-20
1.489151221392385014e+04 -6.595757608809261017e-20 2.462266002116775709e-20
1.489788799185927928e+04 -9.363672962144729177e-20 2.243790868132265400e-20
1.490426375215783082e+04 -9.782315166829589345e-20 2.457369247884725654e-20
1.491063949479840085e+04 -7.196913177587898614e-20 2.400820175522847408e-20
1.491701521976755612e+04 -1.154665006774608948e-19 2.343788848611619055e-20
1.492339092704411996e+04 -1.500674802319353714e-19 2.418098448704522316e-20
1.492976661661196158e+04 -4.903436462009765367e-20 2.519103960018327869e-20
1.493614228845161051e+04 -3.662444046536259067e-20 2.338233097556155013e-20
1.494251794254744891e+04 -6.379283562924614354e-20 2.476462058793830039e-20
1.494889357888012637e+04 -1.573891902472449674e-19 2.386575264292834273e-20
1.495526919743230428e+04 -1.393498156827667159e-19 2.372459167766349626e-20
1.496164479818629297e+04 -6.995082052511577643e-20 2.387764782838570234e-20
1.496802038112430819e+04 -7.457537462706255801e-20 2.325624568690971004e-20
1.497439594622917139e+04 -5.046862499314490827e-20 2.219971456577036332e-20
1.498077149348263811e+04 -9.437052976350406858e-20 2.130547287940740381e-20
1.498714702286578904e+04 -1.180207610840958366e-19 2.005128632717878552e-20
1.499352253436319552e+04 -1.178026670938316859e-19 2.525641369819472091e-20
1.499989802795546530e+04 -6.911457088337793868e-20 2.337268529808666595e-20
1.500627350362546713e+04 -4.241677024092799653e-20 2.092214043310057420e-20
1.501264896135557683e+04 -6.477129890864634955e-20 2.186745355103226261e-20
1.501902440112802105e+04 -7.118926536267053542e-20 2.138904483394093968e-20
1.502539982292523382e+04 -6.564848786624682235e-20 2.309367171889477885e-20
1.503177522672950545e+04 -5.153414057845993160e-20 2.286494853202932351e-20
1.503815061252322630e+04 -8.192899459445762252e-20 2.091323037686314869e-20
1.504452598028881039e+04 -6.229286870073509292e-20 2.334842491192507774e-20
1.505090133000855712e+04 -2.385645060217081363e-20 2.144564550047885836e-20
1.505727666166547533e+04 -1.441129220895123263e-20 2.202412554413253256e-20
1.506365197524028008e+04 -7.547829328107893902e-20 2.239125482957884638e-20
1.507002727071704066e+04 -3.910890285807423231e-21 2.222937218103718387e-20
1.507640254807825113e+04 -6.868450341810217670e-20 2.316442470572896365e-20
1.508277780730514496e+04 -7.630892977314733563e-20 2.225700751390443106e-20
1.508915304838021439e+04 -6.752483849653599453e-20 2.280090088089356182e-20
1.509552827128702666e+04 -4.884407399061549183e-20 2.367425010681344649e-20
1.510190347600801579e+04 -2.425506129201080014e-20 2.222585082032558072e-20
1.510827866252406238e+04 -4.671802893644230653e-20 2.348643292414526223e-20
1.511465383081924665e+04 -9.594550528423060031e-20 2.131870149285199249e-20
1.512102898087553876e+04 -3.296765351842207436e-20 2.089930251109905169e-20
1.512740411267547461e+04 -3.548714702093166720e-20 2.212118951273081427e-20
1.513377922620149002e+04 -4.961331105870443892e-20 2.334146868708048143e-20
1.514015432143620637e+04 -5.162082843538458606e-20 2.151383486756171843e-20
1.514652939836155929e+04 -9.541459010249354681e-20 2.075527289844088550e-20
1.515290445696119787e+04 -1.100999315379292716e-19 2.210255368763920352e-20
1.515927949721662299e+04 -7.658438749261967104e-20 2.293821456778897535e-20
1.516565451911141281e+04 -2.030632243720510957e-20 2.171336707546067409e-20
1.517202952262770123e+04 -3.286235762562661786e-20 2.290952684798097164e-20
1.517840450774806595e+04 -5.815543045178112995e-20 2.450055817281841028e-20
1.518477947445501013e+04 -6.982885938054660659e-20 2.474387655829754513e-20
1.519115442274624183e+04 -7.435149833135639969e-20 2.420014741608656246e-20
1.519765850582271923e+04 -8.065270643566547101e-20 2.347423853847564320e-20
1.520403342532889110e+04 -8.735008559304065765e-20 2.274151590596753508e-20
1.521040832635142397e+04 -7.193734659896461991e-20 2.200080567762706984e-20
1.521678320887165137e+04 -1.083083995352575598e-20 2.142292476715070262e-20
1.522315807287349526e+04 -7.224320676537807068e-20 2.110751235619064321e-20
1.522953291833852381e+04 -1.364446396747219671e-19 1.927732485145580592e-20
1.523590774525116285e+04 -7.328183624651827434e-20 1.866633083613445309e-20
1.524228255359177274e+04 -3.106371193429937912e-20 2.295536306076518887e-20
1.524865734334413173e+04 -8.811118557797656967e-21 2.265466990910182417e-20
1.525503211449207083e+04 -7.533205858060841660e-20 2.535961993207785530e-20
1.526140686701551749e+04 -1.162647326136990411e-19 2.321984787609485522e-20
1.526778160090013080e+04 -1.095336799951074488e-19 2.583590473268074999e-20
1.527415631612746802e+04 -7.594995272069573028e-20 2.232498572647085750e-20
1.528053101267971033e+04 -6.097368628784004042e-20 2.189267842520822412e-20
1.528690569054056687e+04 -5.950071338280385346e-20 2.193582452847558567e-20
1.529328034969183136e+04 -1.261087872942600273e-19 2.174010949004023571e-20
1.529965499011688735e+04 -1.012394814130523425e-19 2.193289501619641299e-20
1.530602961179851445e+04 -1.390955821998906769e-19 2.391939986088078996e-20
1.531240421472068374e+04 -1.924968149615108659e-19 3.223830719136619521e-20
1.531877879886376832e+04 -1.482015784649695440e-19 3.244800530608291138e-20
1.532515336421112988e+04 -1.871595413417486330e-19 2.528235582417378864e-20
1.533152791074749985e+04 -7.848697056929766739e-20 2.524640343142719110e-20
1.533790243845452278e+04 -1.140429795719700044e-19 2.349624878996485277e-20
1.534427694731445990e+04 -1.636302620334456694e-19 2.393130958871717959e-20
1.535065143731075477e+04 -1.805971663354299919e-19 2.426189111562130811e-20
1.535702590842667814e+04 -1.490979842802073286e-19 2.544077234154762289e-20
1.536340036064409105e+04 -1.339980516188165074e-19 2.425890684412610115e-20
1.536977479394647344e+04 -1.024419606496478575e-19 2.488836749457887945e-20
1.537614920831674135e+04 -1.448274257759555167e-19 2.501514708852497347e-20
1.538252360373837473e+04 -1.216702001366401922e-19 2.481641470417448903e-20
1.538889798019305454e+04 -1.192250242379028693e-19 2.437983032566334130e-20
1.539527233766341124e+04 -8.179888988259267662e-20 2.405218007487698909e-20
1.540164666947521073e+04 -7.700913110178989771e-20 2.277489938453613443e-20
1.540802090957561268e+04 -9.300556085275979688e-20 2.352825299873098502e-20
1.541439513064097810e+04 -1.186258976734033727e-19 2.184780988100901022e-20
1.542076933265604202e+04 -1.092690041691367298e-19 2.456624244725651175e-20
1.542714351560306750e+04 -1.292325599346499954e-19 2.523673003290825365e-20
1.543351767946505424e+04 -1.500547346758997812e-19 2.394514042204801382e-20
1.543989182422568229e+04 -1.490500254425275877e-19 2.415509113679283707e-20
1.544626594986616874e+04 -1.527447035607553493e-19 2.277409475198569493e-20
1.545264005637129412e+04 -8.813849086696801590e-20 2.298387993127737866e-20
1.545901414372408180e+04 -7.548959851351912573e-20 2.458890287032274538e-20
1.546538821190680574e+04 -1.520733691706018325e-19 2.240073813439171891e-20
1.547176226090141427e+04 -1.401995865235882210e-19 2.318437057928018100e-20
1.547813629069219678e+04 -1.632235916783239974e-19 2.348621754142928584e-20
1.548451030126399201e+04 -1.693733124840343004e-19 2.417772946941842913e-20
1.549088429259629629e+04 -1.476569928697327403e-19 2.415269296903989441e-20
1.549725826467513616e+04 -1.786667639060692316e-19 2.353617579152952916e-20
1.550363221748044270e+04 -1.141978097107242152e-19 2.436979037914186626e-20
1.551000615099906281e+04 -1.697043553012653889e-19 2.476477180941449365e-20
1.551638006521110583e+04 -1.651462459795219542e-19 2.580464049767923830e-20
1.552275396010089389e+04 -1.657194082035377400e-19 2.481825252220828802e-20
1.552912783565333120e+04 -1.531747710949358532e-19 2.370422225497990034e-20
1.553550169184796323e+04 -1.687288691618517412e-19 2.300059165320623158e-20
1.554187552866950682e+04 -1.283889616868698662e-19 2.506621605693717965e-20
1.554824934610189848e+04 -1.502301756170533849e-19 2.354522794003764934e-20
1.555462314412772685e+04 -1.773988904001120764e-19 2.384955682964666139e-20
1.556099692273012442e+04 -6.619835358057549000e-20 2.259562148712557776e-20
1.556737068189106867e+04 -7.538938573915462146e-20 2.214777747487419561e-20
1.557374442159794671e+04 -1.374697000246221344e-19 2.380365949550425909e-20
1.558011814182774833e+04 -1.591580474482776826e-19 2.551748764647867871e-20
1.558649184256806438e+04 -1.090126014723306146e-19 2.361994316014827516e-20
1.559286552380030844e+04 -1.527121066246764894e-19 2.403541641989133109e-20
1.559923918550889539e+04 -1.853013408034212011e-19 2.619572647294828491e-20
1.560561282767705416e+04 -1.560641933136269715e-19 2.523964342624560450e-20
1.561198645028560895e+04 -1.782778268938081280e-19 2.663842699485785343e-20
1.561836005332002424e+04 -2.056935837647433367e-19 2.682502552548044376e-20
1.562473363676372537e+04 -1.492920590936959112e-19 2.364109501126401816e-20
1.563110720059998675e+04 -1.725030700225014883e-19 2.577324660997947883e-20
1.563748074481026379e+04 -1.451220537104384087e-19 2.582259579822124246e-20
1.564385426937904958e+04 -1.135766959818629163e-19 2.516129882513727013e-20
1.565022777429021880e+04 -1.954207273068368149e-19 2.628619178195028523e-20
1.565660125952512863e+04 -1.601640240024208723e-19 2.568821529382495143e-20
1.566297472507019484e+04 -1.183031110886118662e-19 2.618948976530998038e-20
1.566934817090574325e+04 -1.364566610431718035e-19 2.765871942909605067e-20
1.567572159701633245e+04 -2.048417152672052579e-19 3.042314942129883378e-20
1.568209500338586440e+04 -1.970481307909409916e-19 3.379422452129094735e-20
1.568846838999709507e+04 -2.144709899061337026e-19 4.176079831368938219e-20
1.569484175683266949e+04 -2.154439561685733011e-19 4.003733829002452936e-20
1.570121510387654234e+04 -1.205289134747787724e-19 4.483853593091167586e-20
1.570758843111217539e+04 -2.551259847929081128e-19 4.146147755814470350e-20
1.571396173852355241e+04 -1.532959219998848592e-19 3.638510259625001310e-20
1.572033502609222342e+04 -1.582834201362405575e-19 3.046239306095300841e-20
1.572670829380462783e+04 -1.556077675430040949e-19 3.146385449559636846e-20
1.573308154164109328e+04 -1.783842348783156396e-19 3.027597942880142182e-20
1.573945476958550353e+04 -1.457700875780345030e-19 2.622820159627723478e-20
1.574582797762325936e+04 -1.496419953224792250e-19 2.598700839890504760e-20
1.575220116573534688e+04 -8.301650177333486423e-20 2.871633599435458480e-20
1.575857433390763981e+04 -2.196065831995733095e-19 2.658455130649050143e-20
1.576494748212296327e+04 -1.963244218955900075e-19 2.780926516886674686e-20
1.577132061036233790e+04 -1.867729709712633508e-19 2.930773410693731161e-20
1.577769371861213403e+04 -1.407280252387102178e-19 2.742734530596864334e-20
1.578406680685345418e+04 -1.927425287322779640e-19 2.739228070505072689e-20
1.579043987507165730e+04 -1.642372014468002577e-19 2.831994174454692267e-20
1.579681292324962305e+04 -1.927646373819380718e-19 2.818419089698039440e-20
1.580318595137143893e+04 -1.617647251616758640e-19 2.870924885168863967e-20
1.580955895941878407e+04 -1.570744025986769562e-19 2.915886116162983389e-20
1.581593194737758131e+04 -1.234286309820835427e-19 2.807553468031184762e-20
1.582230491522876946e+04 -1.550500460796459149e-19 3.041294169849635714e-20
1.582867786295786209e+04 -2.144695140494009488e-19 2.868802823701923557e-20
1.583505079054778798e+04 -1.377585229710062469e-19 2.711332527793523685e-20
1.584142369798270011e+04 -1.151792674467957386e-19 2.661616757023115180e-20
1.584779658524429215e+04 -1.802485816013607351e-19 2.756659022405903042e-20
1.585416945231859427e+04 -2.663171119436748122e-19 2.785688262206306801e-20
1.586054229918723104e+04 -1.233017043840945037e-19 3.019094219208005340e-20
1.586691512583439180e+04 -1.517155496725035444e-19 3.069896313300327726e-20
1.587328793224313631e+04 -1.214267050731713033e-19 2.937318764319900047e-20
1.587966071839765755e+04 -1.477932660404901204e-19 2.996944410100443274e-20
1.588603348428218123e+04 -1.395523232426314331e-19 2.960738602266333155e-20
1.589240622988030191e+04 -1.743322046476940996e-19 3.129107794349506176e-20
1.589877895517379329e+04 -1.524571736659818818e-19 2.844608278724487901e-20
1.590515166014923670e+04 -9.633830403209541189e-20 2.903061787164605063e-20
1.591152434478601572e+04 -1.179175209392010752e-19 2.986452383456892601e-20
1.591789700907213410e+04 -1.434705161842148672e-19 2.982744404066013801e-20
1.592426965298876894e+04 -8.469304437558380881e-20 2.819583877220425123e-20
1.593064227651958026e+04 -1.616320870654510533e-19 2.645995655770797101e-20
1.593701487964946318e+04 -1.234261971689548012e-19 2.673986710577747489e-20
1.594338746236084262e+04 -1.522807320761073109e-19 3.001545626798044074e-20
1.594976002463788973e+04 -9.783350072745536207e-20 3.059591233724865896e-20
1.595613256646499758e+04 -1.791008097722922150e-19 2.969992122010887712e-20
1.596250508782466386e+04 -1.205796351285652078e-19 2.590932808114140053e-20
1.596887758870184007e+04 -1.795515846567210038e-19 3.059633349093884845e-20
1.597525006907897296e+04 -1.409122209371813186e-19 3.074447409629535998e-20
1.598162252894103040e+04 -1.766553376911405823e-19 2.944325989183394980e-20
1.598799496827049188e+04 -1.940054439866219276e-19 3.185994771432465755e-20
1.599436738705220341e+04 -1.240570246701400659e-19 3.152652394149235394e-20
1.600073978526938481e+04 -2.113016191185035681e-19 2.995281537733364378e-20
1.600711216290518860e+04 -1.695271565476719499e-19 2.952961703224355493e-20
1.601348451994399875e+04 -1.121988424590355845e-19 3.118672458494561638e-20
1.601985685637019742e+04 -1.730466236001674810e-19 3.069389053985012264e-20
1.602622917216630594e+04 -1.449000129945268327e-19 2.908039538901426769e-20
1.603260146731735585e+04 -1.533090954283166941e-19 3.318539867007107222e-20
1.603897374180702718e+04 -8.746712041178909178e-20 2.967952639715529662e-20
1.604534599561728828e+04 -1.388494073929511304e-19 2.979512990667131533e-20
1.605171822873262317e+04 -1.243500186163827046e-19 3.136030012234885156e-20
1.605809044113932941e+04 -9.638141390153632024e-20 2.881216608967305530e-20
1.606446263281749088e+04 -1.288407158617231117e-19 2.800560123017104456e-20
1.607083480375341787e+04 -1.943788364268418872e-19 3.091885981012287073e-20
1.607720695393032474e+04 -1.374170038353729109e-19 3.055597326355403730e-20
1.608357908333324667e+04 -1.947831068726813083e-19 2.978836345755238528e-20
1.608995119194347717e+04 -2.007729083053600277e-19 2.912527659522833635e-20
1.609632327974622058e+04 -2.264238358745018286e-19 3.069570812011532714e-20
1.610269534672534246e+04 -1.767565121060452297e-19 2.823567999267693921e-20
1.610906739286471566e+04 -5.818060723748533289e-20 2.847338923980469493e-20
1.611543941814821119e+04 -2.024293861055777671e-19 3.032873146445604410e-20
1.612181142255972190e+04 -1.161480713621890390e-19 3.000025014234538708e-20
1.612818340608437575e+04 -1.229328887349067850e-19 2.883699356228045891e-20
1.613455536870344076e+04 -2.037154893451303325e-19 3.059124291703971211e-20
1.614092731040093895e+04 -1.467029459767093764e-19 3.183757338153641227e-20
1.614729923116455757e+04 -1.100606121185919670e-19 3.008554493030478360e-20
1.615367113097446963e+04 -1.054874871656822342e-19 2.962470713998255291e-20
1.616004300981583947e+04 -6.371574120365362857e-20 2.984621144158388185e-20
1.616641486767261085e+04 -1.126452896961465126e-19 2.790034054326827494e-20
1.617278670452872939e+04 -9.510243607224450940e-20 2.840514831932624486e-20
1.617915852036746219e+04 -6.745528160646819266e-20 2.968360117913775226e-20
1.618553031517585987e+04 -1.101072503975395007e-19 3.023617758901257589e-20
1.619190208893232193e+04 -6.155705812927386019e-20 2.864631165718550434e-20
1.619827384162460658e+04 -5.451430648394291119e-20 3.111025758272170683e-20
1.620464557323667577e+04 -9.560635368271887732e-20 3.010629207380040884e-20
1.621101728375316270e+04 -1.757906909533240340e-19 2.865897373151219902e-20
1.621738897315426584e+04 -1.929061184128061083e-19 3.056521324717102047e-20
1.622376064142777432e+04 -2.052814930434947525e-19 2.963713809543186749e-20
1.623013228855636044e+04 -1.650464864721092915e-19 2.875185410123254389e-20
1.623650391452403346e+04 -1.654889594035599837e-19 2.966353199404889068e-20
1.624287551931488633e+04 -1.197855994138882741e-19 2.805337420726899248e-20
1.624924710291295742e+04 -9.993938340047430587e-20 2.741837685763636418e-20
1.625561866530227962e+04 -1.428031835260138909e-19 2.865677262598666552e-20
1.626199020646688950e+04 -1.180336835684101163e-19 2.930892781128712034e-20
1.626836172639021061e+04 -1.245313071920871846e-19 2.985323470218351083e-20
1.627473322505755823e+04 -1.141409701034945151e-19 2.924329318334395372e-20
1.628110470245228498e+04 -2.000947311329729415e-19 2.993705840458425770e-20
1.628747615855847289e+04 -1.245219089653609358e-19 2.589785806913539774e-20
1.629384759335900708e+04 3.362484350769326944e-21 2.656791573593494864e-20
1.630021900684049433e+04 -5.910979336426204667e-20 2.732353425661029375e-20
1.630659039898576520e+04 -7.807394571969082305e-20 2.846885812655179097e-20
1.631296176977891446e+04 -8.437868782090154262e-20 2.861842404665945717e-20
1.631933311920404958e+04 -1.432628568782638961e-19 3.262250464505290704e-20
1.632570444724464141e+04 -2.347225287984240818e-20 3.040458521435832267e-20
1.633207575388602527e+04 -1.286048257597614012e-19 2.882441503892587149e-20
1.633844703911039687e+04 -9.943372015878810222e-20 2.746961472951289698e-20
1.634481830290450307e+04 -2.424846826615414488e-20 2.831863230529092190e-20
1.635118954525121444e+04 -1.021236727786496102e-19 2.808293172906831317e-20
1.635756076613468940e+04 -1.295474801831808474e-19 2.952895925642665927e-20
1.636393196553907001e+04 -1.410938178230543984e-19 2.967822178371547512e-20
1.637030314344787257e+04 -9.344835888062105690e-20 2.875441637693952584e-20
1.637667429984654154e+04 -9.726606942591060175e-20 2.784668694306103703e-20
1.638304543471733814e+04 -9.541351318150896680e-20 2.842834935082959741e-20
1.638941654804685459e+04 -5.589405735681879254e-20 2.889550839275534278e-20
1.639578763981749944e+04 -9.324706024691726291e-20 2.763161853477112180e-20
1.640215871001473715e+04 -1.185741447996525830e-19 2.708633419673355462e-20
1.640852975862212770e+04 -1.277021770759914624e-19 2.808492403627180703e-20
1.641490078562388589e+04 -1.232771381823428971e-19 2.941236091016017088e-20
1.642127179100294234e+04 -8.500818762574264636e-20 2.872716169053754755e-20
1.642764277474606570e+04 -9.871147503548453959e-20 2.952130121791299625e-20
1.643401373683556812e+04 -1.690944965162953837e-19 2.977901800973881541e-20
1.644038467725560986e+04 -5.894905514181278956e-20 2.944092656665796858e-20
1.644675559599234839e+04 -5.929354898158504121e-20 2.670430954886483531e-20
1.645312649302752834e+04 -5.418482865103694714e-20 3.300472564104555063e-20
1.645949736834796931e+04 -6.919125213722797640e-20 2.934663761875394320e-20
1.646586822193600892e+04 -7.525662073900994828e-20 3.205629920883986041e-20
1.647223905377718984e+04 -9.271551395754732463e-20 3.048003110969696043e-20
1.647860986385386423e+04 -1.171795171549367202e-19 2.672592075203761608e-20
1.648498065215285897e+04 -1.382438443522421571e-19 3.021042603403075413e-20
1.649135141865654077e+04 -1.218476412581757069e-19 3.202023302172566930e-20
1.649772216335040866e+04 -1.200280952813485175e-19 2.958082565834276490e-20
1.650409288621685118e+04 -1.071939579743325651e-19 3.009827847663652576e-20
1.651046358724150195e+04 -5.113064641574134770e-20 2.940938089543620101e-20
1.651683426640996549e+04 -1.408462740899269036e-19 2.629273952471007008e-20
1.652320492370462307e+04 -1.253254877006271203e-19 2.836820373515221563e-20
1.652957555910979136e+04 -9.605909441472031294e-20 3.256023513530181601e-20
1.653594617261173335e+04 -1.525574188515986141e-19 2.878786681076338480e-20
1.654231676419283758e+04 -9.365707660847461609e-20 3.116741650128878009e-20
1.654868733383875224e+04 -1.530302785410981367e-19 3.152841142539338816e-20
1.655505788153180401e+04 -1.175337363269275176e-19 2.874811245471896807e-20
1.656142840725765564e+04 -1.037081177108221681e-19 2.728660520643882952e-20
1.656779891100199529e+04 -1.216191942295745313e-19 2.674178389690578052e-20
1.657416939274726610e+04 -7.366719370203874946e-20 2.936331781718552336e-20
1.658053985247814489e+04 -1.224157119597844496e-19 2.784571993441877248e-20
1.658704115732324499e+04 -7.710621819379019732e-20 2.948641375044182229e-20
1.659341158086819632e+04 -4.772464944411121970e-20 2.675627479811236989e-20
1.659978198233823059e+04 -8.846412010327732824e-20 2.508960760666453519e-20
1.660615236173073936e+04 -1.041546720291021020e-19 2.676573375908694033e-20
1.661252271903072324e+04 -8.601801365265604094e-20 2.934032700226109188e-20
1.661889305422191319e+04 -5.774784879840750334e-20 2.931116581483804868e-20
1.662526336728750903e+04 -1.589965886287565873e-19 2.711797173138722040e-20
1.663163365821256230e+04 -7.999914731275707104e-20 2.813818454768386992e-20
1.663800392698402720e+04 -1.073361961524275509e-19 2.917450390567706694e-20
1.664437417358318999e+04 -6.938183663866322882e-20 2.798010332877291888e-20
1.665074439799568063e+04 -9.742498261685606518e-20 2.657113840016725777e-20
1.665711460020599407e+04 -1.114812621104149253e-19 2.856427108716699743e-20
1.666348478019860704e+04 -5.727867783057450922e-20 2.949331084669979447e-20
1.666985493795921866e+04 -9.492250206159367975e-20 2.822412512840746496e-20
1.667622507347101055e+04 -1.050340934650879248e-19 2.799620923941929088e-20
1.668259518671715341e+04 -4.824654004928066603e-20 2.824605113909031243e-20
1.668896527768343003e+04 -1.412361952804923015e-19 2.923741018779802382e-20
1.669533534635495016e+04 -1.450851400121332794e-19 2.913930048580006060e-20
1.670170539271493544e+04 -1.277302330801893776e-19 3.066570979233929664e-20
1.670807541674850290e+04 -8.478315703192392234e-20 3.025130032353013916e-20
1.671444541844010382e+04 -5.983559634655510145e-20 2.857242065412178255e-20
1.672081539777428043e+04 -8.550948788617628060e-20 3.063264484533259836e-20
1.672718535473618613e+04 -1.732070774164521141e-19 3.001692882971481210e-20
1.673355528930970468e+04 -8.039045544901538994e-20 2.839592846371388155e-20
1.673992520147931646e+04 -1.016239888535875187e-19 2.800198743847939163e-20
1.674629509122890158e+04 -1.302782045807152725e-19 2.765925471857815629e-20
1.675266495854364985e+04 -9.924866214468015754e-20 2.857528273244089101e-20
1.675903480340809620e+04 -1.259462444506288702e-19 2.848604258100377808e-20
1.676540462580680833e+04 -1.081756577479019295e-19 2.912771814683480518e-20
1.677177442572494692e+04 -6.284868813984889559e-20 2.883022846510519970e-20
1.677814420314576273e+04 -1.375551640430927039e-19 2.832119848931496644e-20
1.678451395805445281e+04 -6.625319938055413298e-20 2.805298621233390276e-20
1.679088369043561033e+04 -4.792825994185565736e-20 2.708907090200658185e-20
1.679725340027380298e+04 -8.328938873527028050e-20 2.970245697529190999e-20
1.680362308755423874e+04 -9.385864223883050996e-20 3.215508928694927767e-20
1.680999275226017926e+04 -7.687146911991546169e-20 2.879852597420399338e-20
1.681636239437687618e+04 -9.151468284303788293e-20 2.854113793512701920e-20
1.682273201388893358e+04 -8.816586391687320877e-20 3.055724324165194154e-20
1.682910161078093734e+04 -1.059295876238639296e-19 2.854170611809993501e-20
1.683547118503686215e+04 -2.858919028954798590e-20 2.846195547324405500e-20
1.684184073664258540e+04 -1.014218087212014192e-19 2.873602133102020977e-20
1.684821026558204176e+04 -1.072258719599707672e-19 2.919168732523614751e-20
1.685457977184051560e+04 -4.286907252052188122e-20 2.909713949186562036e-20
1.686094925540136319e+04 -9.171125934306555198e-20 2.748468039375408889e-20
1.686731871624984706e+04 -1.310174795489859696e-19 2.694049315052074517e-20
1.687368815437060039e+04 -7.420987023114235788e-20 2.984224224110007432e-20
1.688005756974821998e+04 -1.122821859073625139e-19 2.930854684779465269e-20
1.688642696236801203e+04 -1.377522530051631467e-19 2.934424859066398575e-20
1.689279633221208860e+04 -6.039982785946841000e-20 2.718228778830632352e-20
1.689916567926828429e+04 -6.196394059274004343e-20 2.822246309214111064e-20
1.690553500352063929e+04 -2.724201291964917399e-20 2.775424756232942457e-20
1.691190430495125111e+04 -7.445850866622343647e-20 2.750801986428201776e-20
1.691827358354793250e+04 -5.525550445734524384e-20 2.743415897363923723e-20
1.692464283929349040e+04 -2.165818781043338514e-20 2.785316667131900978e-20
1.693101207217388219e+04 -6.020041623773801555e-20 2.885402902243875673e-20
1.693738128217316626e+04 9.036760056217426862e-21 2.748748388942777088e-20
1.694375046927664152e+04 -1.022821692151122395e-19 2.644915439575239076e-20
1.695011963346645643e+04 -6.792324265470364902e-20 2.800658178586143712e-20
1.695648877473174434e+04 -1.146063255743283709e-19 2.934615170073543608e-20
1.696285789305279468e+04 -1.732350234979795233e-19 2.804565521321017322e-20
1.696922698841683814e+04 -4.754962872290227206e-20 2.674956174656363628e-20
1.697559606080669982e+04 -7.879744786925960615e-20 2.830832567700615863e-20
1.698196511021027982e+04 2.627343101512945713e-20 2.756382828581322624e-20
1.698833413660848237e+04 -2.741313602544520770e-20 3.014985864918602273e-20
1.699470313998919301e+04 -9.074149039609479776e-20 3.235937379149270015e-20
1.700107212033652104e+04 -5.572219595178797895e-20 2.883851112384962586e-20
1.700744107763266584e+04 -7.420499701026236661e-20 2.795832770769956647e-20
1.701381001186555295e+04 -4.218934592700635433e-20 2.755552898343582352e-20
1.702017892301804386e+04 -1.764004873198851770e-20 2.811917023173333402e-20
1.702654781107613235e+04 -6.919602303540564776e-20 2.750875891705446249e-20
1.703291667602328744e+04 -9.527608906442190708e-20 2.759641890549204447e-20
1.703928551784558294e+04 -9.390428320239421197e-20 2.757860600367163528e-20
1.704565433652715365e+04 -5.282808479435425501e-20 2.961603654328072952e-20
1.705202313205210521e+04 -7.370793169567394979e-20 3.031886915843635564e-20
1.705839190440524180e+04 -5.241696959251131673e-20 2.778085350670263540e-20
1.706476065357390689e+04 -5.498552607521990974e-20 2.625997443583211716e-20
1.707112937954029621e+04 -1.930871634265507781e-20 3.106269249904963039e-20
1.707749808228789698e+04 -9.475223829614671949e-20 2.711298664147143427e-20
1.708386676180539871e+04 -1.174466996183410697e-19 2.891117337327042462e-20
1.709023541807568472e+04 -8.426024973817285313e-20 3.032055986534920917e-20
1.709660405108288978e+04 -9.930781796905158725e-20 3.074739530523879568e-20
1.710297266081121052e+04 -4.285474369561030457e-20 2.974235011034180731e-20
1.710934124724991489e+04 -9.522039671477682893e-20 2.864056430309174648e-20
1.711570981037806268e+04 -2.577103632189948612e-20 2.998208619859709217e-20
1.712207835018367405e+04 -8.608673362888389988e-20 2.662316730248225730e-20
1.712844686665034533e+04 -1.435771524003145165e-19 2.664627987095589871e-20
1.713481535976610030e+04 -4.774591876043080668e-20 2.685290443338107777e-20
1.714118382951190870e+04 -8.034036077813169410e-20 3.091902359152519625e-20
1.714755227587194167e+04 -4.722615413091643319e-20 2.776828927494647070e-20
1.715392069883429212e+04 -7.281986092500495018e-20 2.678436404647873183e-20
1.716028909838314212e+04 -8.860790228340461264e-20 2.780462666304617154e-20
1.716665747450207346e+04 -5.736324036206056743e-20 2.812121921987760171e-20
1.717302582717529367e+04 -3.646421219723815782e-20 2.828672070401893087e-20
1.717939415638961873e+04 -1.608113507877991226e-20 2.611704635929181115e-20
1.718576246212994738e+04 -4.977773872690518436e-20 2.856957256062948405e-20
1.719213074438240801e+04 -9.492917693946308904e-20 2.751571672362952692e-20
1.719849900312667160e+04 -2.061242910020553789e-20 2.781481857866272475e-20
1.720486723835150769e+04 -7.182338173269028661e-20 2.775944205316146784e-20
1.721123545004187690e+04 -1.113386585959349552e-19 2.830942508661761589e-20
1.721760363818390761e+04 -7.949137037444124673e-20 2.763039384452091780e-20
1.722397180275732171e+04 -1.056465952225196269e-19 2.633352832673129460e-20
1.723033994375087059e+04 -1.325634176097364014e-20 2.749205842400922873e-20
1.723670806114825609e+04 -1.262470531586002566e-19 2.722979784343130951e-20
1.724307615493949561e+04 -1.310992940583065128e-19 2.680604867864938618e-20
1.724944422510106597e+04 -7.331671315872041357e-20 2.537606030434607832e-20
1.725581227162110736e+04 -8.393926438784030803e-20 2.535912323351639735e-20
1.726218029448651941e+04 -4.390960768587907747e-20 2.830168290274649524e-20
1.726854829367964703e+04 -2.119808914605658404e-20 2.766958327963541340e-20
1.727491626918865222e+04 -2.811635852285791792e-20 2.651370729172439849e-20
1.728128422099587988e+04 -6.555118036220657092e-20 2.732157244773147598e-20
1.728765214908622511e+04 -6.107225331590450815e-20 2.786891373391135300e-20
1.729402005344461941e+04 -2.933014874512302511e-20 2.855399866216767216e-20
1.730038793405801334e+04 -1.066685562904958807e-19 2.547575497029397395e-20
1.730675579091069085e+04 -1.062344354045417479e-19 2.455222570371879681e-20
1.731312362398628466e+04 2.247463687227520045e-21 2.095306638112138288e-20
1.731949143326909689e+04 -4.937318591296582095e-20 2.225708708302439196e-20
1.732585921874605992e+04 -1.041048023348510894e-19 2.676772998295116095e-20
1.733222698040212708e+04 -5.050136138528426333e-20 2.674079897243188173e-20
1.733859471822033083e+04 -4.366767054062742055e-20 2.554517045895130897e-20
1.734496243218886957e+04 -1.356904510393589620e-19 2.534715211554054124e-20
1.735133012229011001e+04 -6.603157829519361431e-20 2.672612964999043721e-20
1.735769778850902730e+04 -1.147416846234498322e-19 2.735680408125385762e-20
1.736406543083063661e+04 -1.396843454878869385e-19 2.871076278506124193e-20
1.737043304924185213e+04 -1.394311874116667847e-19 2.463587227863194742e-20
1.737680064372510242e+04 -9.829322048756021501e-20 2.618619656430092767e-20
1.738316821426861497e+04 -1.086053407831114301e-19 2.675380105828922215e-20
1.738953576085479290e+04 -1.021013296956684618e-19 2.754816326297878897e-20
1.739590328346987735e+04 -8.014136800841798714e-20 2.559227233811319120e-20
1.740227078209632236e+04 -7.900817272780290422e-20 2.555717730095694070e-20
1.740863825672237363e+04 -3.089545619335207128e-20 2.852310846671896601e-20
1.741500570733044515e+04 -4.618721717618281137e-20 2.804316499477425065e-20
1.742137313390689087e+04 -3.920899693741012124e-20 2.793185119624221474e-20
1.742774053643866500e+04 -3.722190228280744725e-20 2.815396090397353180e-20
1.743410791490753036e+04 -9.958753581512975763e-20 2.994517363274112948e-20
1.744047526929916421e+04 -1.260474359308959023e-19 2.828231156743863548e-20
1.744684259960055715e+04 -4.301516716196254392e-20 2.749742013818869536e-20
1.745320990579412683e+04 -1.062370783895316551e-19 2.665348930596894717e-20
1.745957718786750775e+04 -5.001607116942838677e-20 2.499633419261364303e-20
1.746594444580315758e+04 -3.651684678051022491e-20 2.353666656257150288e-20
1.747231167958808874e+04 -5.219476705990098776e-20 2.533923410192380499e-20
1.747867888920733458e+04 -1.327097260546967261e-20 2.651863097130624128e-20
1.748504607464399669e+04 -9.040553856465012669e-20 2.817056511201181878e-20
1.749141323588509113e+04 -5.797363350630989897e-20 2.553404200588761835e-20
1.749778037291567307e+04 -5.979152401886963548e-20 2.382586826390465077e-20
1.750414748571884047e+04 -1.004138304874516690e-19 2.454085165848804140e-20
1.751051457428093636e+04 -7.135352174655784630e-20 2.758782757230173763e-20
1.751688163858708504e+04 -1.312493656767184426e-19 2.570570414856745534e-20
1.752324867862365863e+04 -7.776763548919046992e-20 2.631514472375520289e-20
1.752961569437377329e+04 -7.400846326398954790e-21 2.586463275364905567e-20
1.753598268582248784e+04 -6.552406228725220571e-20 2.694568710174754519e-20
1.754234965295555958e+04 -4.179899895921525054e-20 2.545510932244173856e-20
1.754871659575939702e+04 -3.863030375803779953e-20 2.558441924549736197e-20
1.755508351421709813e+04 -7.211459834895176661e-21 2.489995003715477869e-20
1.756145040831377628e+04 -9.474825663396721752e-20 2.582253001548804298e-20
1.756781727803648391e+04 3.982421749431922517e-20 2.627793761414193933e-20
1.757418412336770052e+04 -3.886298284118416262e-20 2.530023789246909872e-20
1.758055094429512610e+04 -1.302396919316876940e-19 2.584427462611172782e-20
1.758691774080126925e+04 -8.268094148160878047e-20 2.645374824452814591e-20
1.759328451287254575e+04 -6.469540109600648666e-20 2.561456933367126830e-20
1.759965126049407263e+04 -2.866344609211394633e-20 2.684848477887460242e-20
1.760601798365097420e+04 -8.206599487127935340e-20 2.778988745852231334e-20
1.761238468232903688e+04 -4.391547140182785530e-21 2.705097701465746421e-20
1.761875135651205710e+04 -3.613730110525944103e-20 2.563225744515233316e-20
1.762511800618713096e+04 -1.005013432238442649e-19 2.662574595358657743e-20
1.763148463133675978e+04 -1.075614123923649893e-19 2.778531826329947156e-20
1.763785123194735206e+04 -1.256708069382594766e-19 2.667466991023039368e-20
1.764421780800408305e+04 -5.215181327755488926e-21 2.786192185048605096e-20
1.765058435949273917e+04 -1.031114506037802264e-19 2.646774106774875285e-20
1.765695088639716050e+04 -9.185046254083016211e-20 2.640003496683035592e-20
1.766331738870312620e+04 -3.117158257420386790e-20 2.499600195205029315e-20
1.766968386639581513e+04 -9.658298257414038584e-20 2.388664406510287042e-20
1.767605031946167219e+04 -7.080111849197000269e-20 2.473231796754665482e-20
1.768241674788322416e+04 -1.079816120645597798e-19 2.602989267671176311e-20
1.768878315164692322e+04 -9.557632870552694500e-20 2.446988800015155000e-20
1.769514953073794459e+04 -5.183019031686111676e-20 2.348064921438782496e-20
1.770151588514145260e+04 -7.902727373489038685e-20 2.583137245313129727e-20
1.770788221484260794e+04 -5.309024953789830799e-20 2.480425565634576183e-20
1.771424851982657492e+04 -4.916683888010802823e-20 2.396671138839008263e-20
1.772061480007851787e+04 -2.623681797594644636e-20 2.451378424789261352e-20
1.772698105558361931e+04 -7.078961047804097077e-20 2.505190807009194514e-20
1.773334728632836777e+04 -6.844519521238087666e-20 2.594148684935462799e-20
1.773971349229399129e+04 -3.409185777289390877e-20 2.564230248257734127e-20
1.774607967394678053e+04 1.172681705370703779e-20 2.481878037398586187e-20
1.775244587644868079e+04 -2.354663767519106934e-20 2.571605555591166420e-20
1.775881220210370157e+04 -3.714572398954581725e-20 2.698882765239349686e-20
1.776517850448338140e+04 -4.103170256162989508e-20 2.643648086943454914e-20
1.777154478200760423e+04 -1.432906129692892027e-20 2.782452994147731352e-20
1.777791103466680579e+04 -8.187078135915085070e-20 2.623291756293958179e-20
1.778427726244222504e+04 -1.322983039725979178e-19 2.738396090142172971e-20
1.779064346531904084e+04 -6.316772266222056196e-20 2.656705987235462718e-20
1.779700964328510963e+04 -6.782723001712299217e-20 2.619875127984172216e-20
1.780337579632435154e+04 -1.057281601089805643e-19 2.556431991187126895e-20
1.780974192442193453e+04 -5.445383259645656384e-20 2.560134521168454760e-20
1.781610802756308840e+04 -6.092483374811037059e-20 2.446821361803547536e-20
1.782247410573299567e+04 -4.089357568798453071e-21 2.573983355594044653e-20
1.782884015891556919e+04 -8.767316952060536283e-20 2.296094974589425051e-20
1.783520618709866540e+04 -7.122451002850668033e-20 2.385757691732108094e-20
1.784157219026620442e+04 -5.381489563256722277e-20 2.486997343367968946e-20
1.784793816840339059e+04 -6.946837762873989404e-20 2.358164478980232785e-20
1.785430412149544281e+04 -7.938970929693668770e-20 2.449264920187487841e-20
1.786067004952759089e+04 -4.056133315776500011e-20 2.504711659461636949e-20
1.786703595248506099e+04 -5.071457703112017551e-20 2.592919720321364849e-20
1.787340183035308655e+04 1.064762033961638446e-20 2.774883820480920915e-20
1.787976768311689011e+04 -7.290105182020311517e-20 2.723872737247914082e-20
1.788613351076105027e+04 -7.547029501809177252e-20 2.802978181841073497e-20
1.789249931327214290e+04 -2.275198431700208238e-20 2.705964004832384456e-20
1.789886509063472113e+04 -7.085399214609003244e-20 2.873393355615720647e-20
1.790523084283269418e+04 -4.336373833368403099e-20 2.585800195490405378e-20
1.791159656985399488e+04 -8.331555833379567047e-20 2.519769208824303427e-20
1.791796227168187397e+04 -9.413531715943398812e-20 2.885260021768430488e-20
1.792432794830290732e+04 -7.367152001726310207e-20 2.679108187400346965e-20
1.793069359970168080e+04 -6.282141669691071536e-20 2.689105548747479074e-20
1.793705922586209635e+04 -9.525388394933657001e-20 2.435340410988114537e-20
1.794342482677210864e+04 -1.649500969282267717e-20 2.353779972401989275e-20
1.794979040241562689e+04 -9.985392828958765551e-20 2.425151258574600427e-20
1.795615595277657485e+04 -5.419431673341606123e-20 2.381828337721771449e-20
1.796252147784288172e+04 -5.923094014112161617e-20 2.451786803563704676e-20
1.796888697759783463e+04 -8.998183093061744357e-20 2.640518862562852983e-20
1.797525245202800943e+04 -4.330063450081811787e-20 2.644590980140965931e-20
1.798161790111667142e+04 -2.058375389469366002e-21 2.598030296942336955e-20
1.798798332485178616e+04 -7.276202882971551666e-20 2.366920962627547855e-20
1.799434872321728471e+04 -1.059360131327408868e-19 2.527174045003700196e-20
1.800071409619776387e+04 -1.331619592140642393e-20 2.371914895895137048e-20
1.800707944377981767e+04 -6.010375885831718256e-20 2.569037549088870679e-20
1.801344476594673688e+04 -7.878403061633329791e-20 2.440611650199659221e-20
1.801981006268647980e+04 -6.699023098095780354e-20 2.511475509324312274e-20
1.802617533398165688e+04 -1.482866983081970680e-19 2.518835822219230781e-20
1.803254057982024460e+04 -9.129318965457182261e-20 2.559265492159468920e-20
1.803890580018550827e+04 -7.235941882941140403e-20 2.440938884226907608e-20
1.804527099506406375e+04 -6.566693610407650459e-20 2.527306537205990597e-20
1.805163616443851060e+04 -7.417963506287617949e-20 2.353192050629602792e-20
1.805800130829685440e+04 -1.003732516895218728e-19 2.551474434632067177e-20
1.806436642662506711e+04 -9.507398264386160022e-20 2.576641690265693086e-20
1.807073151940574826e+04 -9.177740881389897528e-20 2.784059616156614739e-20
1.807709658662688526e+04 -1.259723762348892346e-19 2.617599767088950902e-20
1.808346162827176522e+04 -6.131924281801307156e-20 2.606141560487894270e-20
1.808982664432703314e+04 -9.286467109290067399e-20 2.626225270848661970e-20
1.809619163477730035e+04 -5.648711722675724496e-20 2.715136688708922141e-20
1.810255659960583580e+04 1.547157522490517801e-19 3.208985357615542890e-20
