2.879540552631207902e+04 2.866556485884024067e-20 4.007999555885217818e-21
2.881328882475351202e+04 2.103562227635628317e-20 2.886553471208635553e-21
2.883117204546806170e+04 1.278313124256718155e-20 2.647497076227180666e-21
2.884905518840934383e+04 2.445414889929585810e-20 2.692553745176938458e-21
2.886693825352476779e+04 2.247258134427332626e-20 2.491181394783511674e-21
2.888482124076178297e+04 2.013435908844838162e-20 2.675396028641101703e-21
2.890270415007646079e+04 2.108322776396558506e-20 2.733793373593171793e-21
2.892058698141125933e+04 2.451474339234276268e-20 2.663305891629230944e-21
2.893846973472104219e+04 1.897766921736372713e-20 2.708125567774607964e-21
2.895635240995569984e+04 2.004607905615564045e-20 2.776142259899783314e-21
2.897423500706388222e+04 1.558813888920271376e-20 2.737794965440860486e-21
2.899211752599543615e+04 1.750906706361422319e-20 2.507379248365861591e-21
2.900999996669905522e+04 2.264387972803461710e-20 2.670542241792911911e-21
2.902788232912579770e+04 1.854139207892184294e-20 2.687523005773754813e-21
2.904576461322682371e+04 1.873772069280923444e-20 2.622404949699657604e-21
2.906364681895076501e+04 2.887586748409312073e-20 2.821500046619724051e-21
2.908152894624872351e+04 2.860839403439043083e-20 2.680322306033744029e-21
2.909941099506667160e+04 2.756135771335386361e-20 2.728223002185447848e-21
2.911729296535710091e+04 2.362393499750452550e-20 2.531372677358642228e-21
2.913517485707114611e+04 1.267607987994218682e-20 2.475011301487445232e-21
2.915305667015614745e+04 1.806567855567929875e-20 2.537339899792043680e-21
2.917093840456701218e+04 2.181992758950978044e-20 2.686025900017244699e-21
2.918882006024726434e+04 2.066560796059865433e-20 2.609829806089609676e-21
2.920670163714798400e+04 2.192687181107779954e-20 2.401045179131363410e-21
2.922458313522158642e+04 1.928074750133535011e-20 2.431337379004181445e-21
2.924246455441535727e+04 2.457337609215692080e-20 2.417360488791701518e-21
2.926034589468423292e+04 1.903295088476643673e-20 2.307814418780111031e-21
2.927822715596909256e+04 1.958308880800518105e-20 2.320556767775066052e-21
2.929610833822745917e+04 2.245354123423049865e-20 2.529994951513156932e-21
2.931398944141040920e+04 2.395867714000478452e-20 2.413622508746565243e-21
2.933187046545883277e+04 2.336820137274741029e-20 2.337415209199155259e-21
2.934975141033021282e+04 1.616107157378301711e-20 2.352142866587227745e-21
2.936763227596922661e+04 2.171965241491989797e-20 2.453712254554825866e-21
2.938551306232954812e+04 1.819277170915789560e-20 2.249180041705872952e-21
2.940339376935969267e+04 1.974845712951967020e-20 2.129678351815246832e-21
2.942127439701205003e+04 1.440505185585726860e-20 2.054037624443468605e-21
2.943915494522977315e+04 1.974543593202085841e-20 2.252708599168631160e-21
2.945703541396800210e+04 1.838011048366126199e-20 2.221598622386325439e-21
2.947491580317652188e+04 1.840969861000526049e-20 2.117791939431037180e-21
2.949279611285836290e+04 2.267934494068536840e-20 2.161751754972320406e-21
2.951067695190055019e+04 2.289336456763823031e-20 2.247560840103376187e-21
2.952855794216348659e+04 1.507450318752384625e-20 2.141680881922437002e-21
2.954643885268329177e+04 1.211879555974716211e-20 2.109130005891435036e-21
2.956431968341104948e+04 2.095616714977634200e-20 2.296620273440435847e-21
2.958220043429516591e+04 2.325124844413315116e-20 2.290768557354325733e-21
2.960008110528542602e+04 2.095481255043312793e-20 2.158804130111346603e-21
2.961796169632895544e+04 1.732119416494137844e-20 2.015673161495402556e-21
2.963584220738332078e+04 2.513686959724717809e-20 2.265324240410140509e-21
2.965372263838912477e+04 1.740987084755447392e-20 2.187177062294309794e-21
2.967160298930262070e+04 1.533014413796423128e-20 2.210267581837344911e-21
2.968948326006699426e+04 2.809126081958404998e-20 2.347102065665345345e-21
2.970736345063983754e+04 2.316987461997165177e-20 2.056914347047632547e-21
2.972524356096685005e+04 1.591810229543130021e-20 1.980596374186196303e-21
2.974312359099505920e+04 2.252016780923132365e-20 2.068914699140867864e-21
2.976100354068090746e+04 2.266177642546187268e-20 2.227785274100556750e-21
2.977888340996483021e+04 2.344606459360515631e-20 2.101110333331069851e-21
2.979676319880709343e+04 2.494046483148982224e-20 2.119937193227979785e-21
2.981464290714684830e+04 2.065955936798367531e-20 2.190510132272428424e-21
2.983252253494429169e+04 2.609146057952028797e-20 2.145516341324232844e-21
2.985040208213993174e+04 1.912239818874012967e-20 2.050812421541279514e-21
2.986828154868999991e+04 1.778556240926992646e-20 2.063500963322040430e-21
2.988616093453888243e+04 1.890788744436878266e-20 2.116522992995150172e-21
2.990404023964155931e+04 1.797300161558510792e-20 2.092854904354464387e-21
2.992191946394503248e+04 2.481010263140495219e-20 2.253799828544027347e-21
2.993979860739762080e+04 2.546816844910543005e-20 2.171375497179537966e-21
2.995767766995032071e+04 2.018975091194529652e-20 2.024864770699844086e-21
2.997555665155410679e+04 2.190096128391076796e-20 2.095623828929039065e-21
2.999343555215709785e+04 1.640172301196141695e-20 2.068644250547846980e-21
3.001131437170772551e+04 1.907858846938796913e-20 2.070456200910064766e-21
3.002919311015832864e+04 2.175806474144346743e-20 2.195839277698719697e-21
3.004707176745585457e+04 2.043810356766993017e-20 2.122718818153961846e-21
3.006495034355260577e+04 1.997984410148757003e-20 1.995730300733964461e-21
3.008282883839551141e+04 1.880204367024931451e-20 2.173056844173844450e-21
3.010070725193684120e+04 2.038519853837054500e-20 2.210488087709512779e-21
3.011858558412487400e+04 2.109396990751181418e-20 2.204351032003470094e-21
3.013646383490917651e+04 2.479050928965684910e-20 2.203722477056472354e-21
3.015434200423939183e+04 2.483675202973264726e-20 2.156568613663431806e-21
3.017222009206368966e+04 1.905381197692287284e-20 1.977147199820236843e-21
3.019009809833706095e+04 1.982945436749935327e-20 2.013839133887667028e-21
3.020797602299965729e+04 2.109977202635331046e-20 2.029225130243082554e-21
3.022585386600901984e+04 2.359273053478922803e-20 2.062662012340288429e-21
3.024373162731327830e+04 2.111364878130982032e-20 2.108373591289118615e-21
3.026160930685947460e+04 1.726705578977601795e-20 2.238810916384061543e-21
3.027948690459712452e+04 1.939760317629104808e-20 2.023810932617130649e-21
3.029736442047845776e+04 2.367929683552388020e-20 2.204219085211346269e-21
3.031524185445304465e+04 2.432449515018932900e-20 2.205023420993855623e-21
3.033311920646766521e+04 1.236676237946025047e-20 2.142801065811386203e-21
3.035099647647321035e+04 2.001134807826378593e-20 2.209825113359118044e-21
3.036887366442190614e+04 1.959103963185975633e-20 2.166158514284845316e-21
3.038675077025646897e+04 1.902648270935434798e-20 2.084452084324765499e-21
3.040462779393184610e+04 2.371992003935607921e-20 2.165490738303654932e-21
3.042250473539611994e+04 2.090546691495810031e-20 2.301433546694026918e-21
3.044038159460153111e+04 1.877453049966598168e-20 2.144019211482384396e-21
3.045825837149188374e+04 2.139349812627946024e-20 2.311047917531446369e-21
3.047613506601822883e+04 2.122340822529839812e-20 2.093857223128202495e-21
3.049401167813409847e+04 1.942669898053900348e-20 2.304205902726465457e-21
3.051188820778628360e+04 1.589125433206765874e-20 2.217881018139742072e-21
3.052976465492554780e+04 2.015537274829686084e-20 2.228107790107127430e-21
3.054764101949725591e+04 2.349662886720899904e-20 2.288448496219680094e-21
3.056551730145496185e+04 1.475394841862393945e-20 2.213772726222311206e-21
3.058339350074532922e+04 1.769271451303040570e-20 2.158945244749695186e-21
3.060126961731917982e+04 2.293024271589053353e-20 2.120352845760916956e-21
3.061914565112865239e+04 1.516420736595930101e-20 2.198337514356339216e-21
3.063702160211903902e+04 2.073529090617310166e-20 2.123297112688371338e-21
3.065489747024101234e+04 2.014168949117692049e-20 2.017572106625474081e-21
3.067277325544391351e+04 2.068669330788734258e-20 2.157118752295734075e-21
3.069064895767450798e+04 1.987163461869560351e-20 2.040828595114651676e-21
3.070852457689047515e+04 1.667871709304492508e-20 2.053327538526866960e-21
3.072640011303151914e+04 1.950238089476863273e-20 2.056917508601552060e-21
3.074427556605389327e+04 2.758683268194175608e-20 2.139956207774941879e-21
3.076215093590146716e+04 3.515116734954017185e-20 2.123391559714605816e-21
3.078002622252906076e+04 2.187153150302718967e-20 2.019122474735714711e-21
3.079790142588054368e+04 1.939066186717432303e-20 2.029158949772505304e-21
3.081577654591073951e+04 2.232336096281536084e-20 2.162080804396330788e-21
3.083365158256344876e+04 1.992666444619790361e-20 2.169872559465573162e-21
3.085152653579339312e+04 1.997912912631496030e-20 2.037384659702087783e-21
3.086940140554572281e+04 1.573175701545759440e-20 1.902305700851773033e-21
3.088727619177125962e+04 2.056469211565092468e-20 2.012249988178212831e-21
3.090515089442067983e+04 1.787254738983117931e-20 2.024526325218017735e-21
3.092302551344050516e+04 2.060060175962062903e-20 1.928509427977943949e-21
3.094090004878417676e+04 2.105830893425452047e-20 1.896536840971783121e-21
3.095877450039400355e+04 2.257100907584140425e-20 2.168012755529700438e-21
3.097664886822622066e+04 2.331540750188180213e-20 1.977395851505465854e-21
3.099452315222729521e+04 1.761702850433684606e-20 1.959240771678330714e-21
3.101239735234506952e+04 1.831354161623129409e-20 2.053011421506311450e-21
3.103027146853150771e+04 2.064301790515246226e-20 2.041902568735947939e-21
3.104814550073286955e+04 2.141727134977084782e-20 2.011069738173895398e-21
3.106601944890139930e+04 1.917929475700827315e-20 2.088706988886765608e-21
3.108389331298632533e+04 1.922262731902349280e-20 1.967687055648982699e-21
3.110176709293123713e+04 2.247239206836419268e-20 2.058458546492572339e-21
3.111964078869233708e+04 2.188150915889747277e-20 2.039510386004411098e-21
3.113751440021740564e+04 2.049087181810261035e-20 2.071877751809775693e-21
3.115538792745002138e+04 1.877650301334284247e-20 2.106954885250063641e-21
3.117326137034635030e+04 2.064834635191798620e-20 2.170770213879547431e-21
3.119113472885558804e+04 1.920863679912497184e-20 1.940232687202736854e-21
3.120900800291971973e+04 1.836534108733325939e-20 1.888998088307952329e-21
3.122688119249199008e+04 2.206573100278622817e-20 1.913605654806926141e-21
3.124475429752601121e+04 1.594342934480084678e-20 1.764881528772893829e-21
3.126262731796383741e+04 1.843522670481114712e-20 1.806559603774518902e-21
3.128050025375738915e+04 1.564237178981234900e-20 1.916968122257821009e-21
3.129837310485577837e+04 1.628955385781834862e-20 1.945125820250897867e-21
3.131624587120955039e+04 1.809255124152558143e-20 1.833985094803559632e-21
3.133411855276350980e+04 1.605766046746143608e-20 1.807299048986956364e-21
3.135199114947100315e+04 2.148570223261739479e-20 1.918718202874800742e-21
3.136986366127968358e+04 2.044766977773118255e-20 1.989658504717372777e-21
3.138773608813969622e+04 1.873883467497704276e-20 1.986613707035999771e-21
3.140560842999756642e+04 2.116314220004692105e-20 1.969057784161713198e-21
3.142348068680517827e+04 1.932004071134306299e-20 1.823576020682915451e-21
3.144135285851015942e+04 1.712047265579019441e-20 1.983245096006567665e-21
3.145922494506010844e+04 2.170601636197998615e-20 1.971282634405868777e-21
3.147709694640545058e+04 1.464151560431589465e-20 1.980258431784682074e-21
3.149496886249662566e+04 2.236655273209012555e-20 2.071379393333829412e-21
3.151284069328263286e+04 1.869668893390510037e-20 1.917529869616778473e-21
3.153071243870673788e+04 1.867678901813374149e-20 1.808384223131447453e-21
3.154858409872618358e+04 1.920183440611906115e-20 1.823729552978110972e-21
3.156645567328304605e+04 1.497372808862350145e-20 1.749358513930589263e-21
3.158432716233061728e+04 1.797756249056679087e-20 1.904089731768857491e-21
3.160219856581640852e+04 2.027751549136264485e-20 1.983145919569712937e-21
3.162006988368791644e+04 2.006732287685086842e-20 1.991071964856274345e-21
3.163794111589838212e+04 1.942963861668603530e-20 2.022335149787841732e-21
3.165581226239243915e+04 2.197329705573070357e-20 1.985972049878680154e-21
3.167368332312038183e+04 1.549820122478657836e-20 1.809110885494417119e-21
3.169155429803106017e+04 2.182521096456821577e-20 1.899839088784447128e-21
3.170942518707314957e+04 1.853706812961459256e-20 1.866310353986570136e-21
3.172729599019433226e+04 1.779825632021911945e-20 1.914582909485337378e-21
3.174516670734928266e+04 1.367699679243531741e-20 1.732996718549443332e-21
3.176303733847674084e+04 2.505832178685669156e-20 1.929862335509693294e-21
3.178090788353563403e+04 1.787635279107256460e-20 1.820800747415507595e-21
3.179877834246906787e+04 1.555447731515836142e-20 1.809722410469005473e-21
3.181664871523019974e+04 1.310479289512452530e-20 1.900859806899732025e-21
3.183451900180215671e+04 1.340531936841146808e-20 1.891586008874915486e-21
3.185238950531014780e+04 1.486241104972128552e-20 1.999728210264640933e-21
3.187026075947653590e+04 1.651932782484224565e-20 1.828974516864134637e-21
3.188813192724487089e+04 1.555944970152021885e-20 1.968282224716637148e-21
3.190600300856687318e+04 1.492782756857693416e-20 1.915667224110900093e-21
3.192387400338833686e+04 1.777897344617356599e-20 1.965539753520545321e-21
3.194174491166094595e+04 1.868209524241371015e-20 1.990529088516678151e-21
3.195961573333050910e+04 1.729127505583583480e-20 1.846264397411911091e-21
3.197748646834863757e+04 2.149022591461195080e-20 1.868768892697331908e-21
3.199535711666089264e+04 1.738044894040983372e-20 1.965758687516903978e-21
3.201322767821898015e+04 2.255485262719249466e-20 1.986210811036425777e-21
3.203109815297171372e+04 1.750406423726999982e-20 1.910765765452401280e-21
3.204896854086194071e+04 1.894288167028207941e-20 1.774913279462199330e-21
3.206683884184707495e+04 1.965934523975541748e-20 1.924577405865059399e-21
3.208470905586846129e+04 1.795717438359760155e-20 1.937543544001737503e-21
3.210257918288203655e+04 2.116233570106744765e-20 1.845136469459691223e-21
3.212044922282770858e+04 1.750347658494758335e-20 1.837275414817377032e-21
3.213831917565958793e+04 1.521813044828855854e-20 1.687435371238306031e-21
3.215618904132356693e+04 1.684470565633539727e-20 1.827661141195989301e-21
3.217405881976978708e+04 1.554272890630674189e-20 1.897527374241009455e-21
3.219192851095123842e+04 1.748666416194182529e-20 1.765810164616126726e-21
3.220979811480917124e+04 2.127681700987872483e-20 1.628896300979972355e-21
3.222766763129652827e+04 1.879370649524491655e-20 1.819929176475141649e-21
3.224553706035601499e+04 2.145751843180983650e-20 1.727029553278347926e-21
3.226340640194491061e+04 1.552309066585103614e-20 1.750742752563399949e-21
3.228127565600407615e+04 1.526576597937017868e-20 1.768822577008778756e-21
3.229914482248970307e+04 1.648317369946490732e-20 1.837631609806689921e-21
3.231701390134592657e+04 1.517156595617226755e-20 1.791149274639867560e-21
3.233488289251680180e+04 1.651223187776511064e-20 1.824119561015167005e-21
3.235275179595670488e+04 2.419582281375845279e-20 1.961939944754555215e-21
3.237062061161115707e+04 1.764465818468400804e-20 1.767880200011116806e-21
3.238848933943007432e+04 1.744845978435206141e-20 1.873527060374953487e-21
3.240635797936605741e+04 1.358798130592238827e-20 1.884610939946502901e-21
3.242422653136322333e+04 1.558601037348463088e-20 1.753505443463725908e-21
3.244209499537012016e+04 1.732726664897153733e-20 1.828085313401592043e-21
3.245996337133076304e+04 1.848897872437458491e-20 1.931364226310181695e-21
3.247783165920237298e+04 2.140811364669850170e-20 1.722733910805120613e-21
3.249569985892155091e+04 1.852525255165543457e-20 1.699148299422023555e-21
3.251356797045288477e+04 1.388582060341498224e-20 1.724596361681152330e-21
3.253143599373129473e+04 1.315519279603624837e-20 1.708740974801122501e-21
3.254930392871236836e+04 1.296526499148579527e-20 1.711769477132093480e-21
3.256717177534029179e+04 1.507489214218793058e-20 1.712207074208062395e-21
3.258503953356634156e+04 1.427596993962461691e-20 1.782612293248960887e-21
3.260290720333732679e+04 1.691632650625170049e-20 1.893124959693373498e-21
3.262077478459716076e+04 1.515329187863575254e-20 1.881923335580985113e-21
3.263864227729850973e+04 1.708739256100516477e-20 1.711394523087111759e-21
3.265650968139103134e+04 2.076750510972390376e-20 1.827484117962181280e-21
3.267437699682718448e+04 1.819618164270575132e-20 1.869260850463347327e-21
3.269224422354373019e+04 1.664716862155826406e-20 1.833027724039467694e-21
3.271011136149921367e+04 1.980472169077021552e-20 1.775280900444660618e-21
3.272797841063301530e+04 1.570715805553719949e-20 1.765368036588520773e-21
3.274584537090367303e+04 1.459020990279790538e-20 1.807128490688918392e-21
3.276371224225052356e+04 1.931693578064355355e-20 1.685303988426742132e-21
3.278157902462456696e+04 2.009827577918310419e-20 1.742625318485350007e-21
3.279944571796932723e+04 2.200099547326916887e-20 1.640546025955445765e-21
3.281731232223477127e+04 2.524652007746661825e-20 1.886146991295718827e-21
3.283517883737938973e+04 1.922971070686955764e-20 1.813867633424283246e-21
3.285268177894622931e+04 1.931844135667015706e-20 1.861533042142190714e-21
3.287054808469211275e+04 1.698920601877741412e-20 1.802426069459021715e-21
3.288841429665097530e+04 1.828031568190570502e-20 1.792326620628199970e-21
3.290628041922749981e+04 2.246491964641565045e-20 1.753640049379299365e-21
3.292414645241270773e+04 1.857838177988895972e-20 1.773947633586115785e-21
3.294201239615775557e+04 2.129061893760338929e-20 1.811092882281635175e-21
3.295987825041639007e+04 2.334103886242671266e-20 1.830235698684982142e-21
3.297774401512515033e+04 2.659579102236791324e-20 1.924452509685621072e-21
3.299560969023919461e+04 1.928087796948723822e-20 1.892802384176905155e-21
3.301347527570368402e+04 1.863922031238854559e-20 1.804449138608761945e-21
3.303134077147047356e+04 2.092532603069967952e-20 1.864268814018667517e-21
3.304920617747787765e+04 1.929682491585002453e-20 1.797098294208928035e-21
3.306707149368684622e+04 1.691021132005581535e-20 1.689599137373232813e-21
3.308493672003820393e+04 2.070026617421205044e-20 1.762738895752001718e-21
3.310280185648412589e+04 1.879571868419398890e-20 1.559947675837070982e-21
3.312066690296828892e+04 2.104434236969901137e-20 1.735444288233010569e-21
3.313853185944112192e+04 1.782216613661718952e-20 1.649396526956230135e-21
3.315639672584628715e+04 1.694111132501447565e-20 1.696674076838701841e-21
3.317426150214049267e+04 1.658117983913907919e-20 1.797714241216193733e-21
3.319212618826008838e+04 1.684987935087268023e-20 1.835837029369855677e-21
3.320999078416156408e+04 1.299941217351713018e-20 1.880219079423238600e-21
3.322785528978989896e+04 1.652741273726599732e-20 1.740490126135979910e-21
3.324571970509283710e+04 1.462835713175789251e-20 1.716386503831058711e-21
3.326358403001778788e+04 2.123581553544333176e-20 1.728174601192378080e-21
3.328144826451009430e+04 1.936631596747677828e-20 1.833252112691748053e-21
3.329931240852333576e+04 2.143586968168847033e-20 1.773872775873078946e-21
3.331717646200236777e+04 2.209923162047384529e-20 1.760539310922336352e-21
3.333504042489353742e+04 2.151139210415163946e-20 1.799105043070706162e-21
3.335290429714741913e+04 1.510849060912632818e-20 1.568250077845793393e-21
3.337076807870990888e+04 1.796926484697589505e-20 1.871789711993699805e-21
3.338863176952903450e+04 1.821434231177653282e-20 1.812870117462332314e-21
3.340649536955255462e+04 1.714685088275535799e-20 1.599630590948442075e-21
3.342435887872816238e+04 1.183048493829799649e-20 1.675579431297275949e-21
3.344222229700350726e+04 2.013788205382006021e-20 1.765419715153407180e-21
3.346008562432624603e+04 1.799537831998397981e-20 1.971685584870890180e-21
3.347794886064362800e+04 2.016538829023600473e-20 1.690705901697154747e-21
3.349581200590347726e+04 1.724892054234760868e-20 1.807772709786307582e-21
3.351367506005069299e+04 2.400328507656430494e-20 1.827323464620852954e-21
3.353153802304151759e+04 1.834001049519951064e-20 1.650461285655266943e-21
3.354940089481199539e+04 1.572698321119854630e-20 1.714054887756882980e-21
3.356726367532117729e+04 1.382811115900053855e-20 1.738584690647830721e-21
3.358512636450473656e+04 1.955375189710505440e-20 1.749597371303976901e-21
3.360298896232194238e+04 1.484075271372805358e-20 1.681377147289552376e-21
3.362085146870892640e+04 1.238532943945687386e-20 1.582418021397891923e-21
3.363871388362468861e+04 1.886143493063801168e-20 1.753876110596259524e-21
3.365657620700520783e+04 1.803966645549811149e-20 1.848567047158569198e-21
3.367443843880949862e+04 2.031682660531538106e-20 1.717579187610213049e-21
3.369230057897303050e+04 1.574884755842167737e-20 1.796434923357190287e-21
3.371016262745510903e+04 1.668205293770682272e-20 1.693294521067920521e-21
3.372802458419169852e+04 1.947951034043067618e-20 1.768927283667457965e-21
3.374588644914323959e+04 1.710991126619156638e-20 1.760275497672585373e-21
3.376374822224552918e+04 1.643462604692934499e-20 1.846252993821774887e-21
3.378160990345021855e+04 1.821070767001846850e-20 1.699064089066938909e-21
3.379947149270428054e+04 1.872504159782322793e-20 1.763494029504853714e-21
3.381733298995841324e+04 1.646487923104847257e-20 1.636923228283860532e-21
3.383519439515702106e+04 1.225912771161249886e-20 1.517119266488010589e-21
3.385305570824451570e+04 1.245779544134998196e-20 1.607541830324640169e-21
3.387091692917546607e+04 1.581772110411530389e-20 1.736207574682860269e-21
3.388877805788828118e+04 1.261199923321874786e-20 1.571537927041883011e-21
3.390663909433571826e+04 1.654643469496553958e-20 1.646037727327155309e-21
3.392450003846261825e+04 2.065377273289710841e-20 1.721341676481081859e-21
3.394236089022047963e+04 1.498867404918348250e-20 1.656357058572853827e-21
3.396022164954787149e+04 1.609626555556843329e-20 1.665476269509322394e-21
3.397808231640652957e+04 1.693765929483592194e-20 1.672173009043480056e-21
3.399594289072584070e+04 1.496783743027178631e-20 1.732968526896518227e-21
3.401380337246906129e+04 1.483139652387865142e-20 1.655612171974331971e-21
3.403166376157049672e+04 1.760717476932848457e-20 1.724110664483153000e-21
3.404952405798895052e+04 1.830281843146132601e-20 1.721607863163672430e-21
3.406738426166569843e+04 2.169463796855166167e-20 1.639219316116190616e-21
3.408524437254337681e+04 1.803180722313364480e-20 1.592527628555462027e-21
3.410310439062487421e+04 1.600016932040529972e-20 1.637051158892593562e-21
3.412096432021974761e+04 1.784848875806378263e-20 1.698044412326803264e-21
3.413845810788560630e+04 1.945914357683676481e-20 1.673714703753197180e-21
3.415631781147254515e+04 1.458454859831810592e-20 1.595619014665571581e-21
3.417417742199930217e+04 1.384631176650976427e-20 1.660288957344581690e-21
3.419203693939858204e+04 2.112586180340326623e-20 1.665114273322452388e-21
3.420989610137832642e+04 1.828241727321281440e-20 1.685516632818374579e-21
3.422775504798031761e+04 1.849224240830288968e-20 1.595485602834426479e-21
3.424561390131448570e+04 2.158976942664270570e-20 1.789551990437326922e-21
3.426347266133241646e+04 2.275555055117524453e-20 1.698771028626149764e-21
3.428133132797172584e+04 2.650567665557225468e-20 1.674187153404158614e-21
3.429918990118965303e+04 2.448929727591597546e-20 1.770277739091890630e-21
3.431704838092742284e+04 8.661986879843497885e-20 2.292418243798530239e-21
3.433490676713649736e+04 2.694710820567204789e-19 3.547946064927740871e-21
3.435276505975914188e+04 3.871098150093116220e-19 4.255623675606105804e-21
3.437062325874526141e+04 1.702917239043334916e-19 3.008715762201863452e-21
3.438848136403808167e+04 3.898148370377086941e-20 1.945289050510235264e-21
3.440633937558485195e+04 2.077215607517619653e-20 1.692386048689442346e-21
3.442419729333699070e+04 2.013311923629596376e-20 1.625502314299077550e-21
3.444205511723516975e+04 3.683979827838040800e-20 1.837733144248194295e-21
3.445991284723072749e+04 4.422623974428876998e-20 1.930699006444731631e-21
3.447777048327000375e+04 3.019990328132276251e-20 1.763229759428843111e-21
3.449562802529680630e+04 1.780007032376308796e-20 1.583007816690527788e-21
3.451348547326109838e+04 1.612722511596445952e-20 1.504997744193087907e-21
3.453134282710649859e+04 1.832148038452198807e-20 1.596121318545705390e-21
3.454920008678275917e+04 1.960366978696320673e-20 1.652540540441477046e-21
3.456705725223164336e+04 1.660180584260037878e-20 1.681281308935890726e-21
3.458491432340426400e+04 1.322517244277311074e-20 1.617943496639283254e-21
3.460277130025221413e+04 1.128502369829351944e-20 1.672016987481239873e-21
3.462062818270516436e+04 2.302030871003782184e-20 1.619422268148050859e-21
3.463848497072814644e+04 1.943158951215916947e-20 1.571651701202993872e-21
3.465634166425522562e+04 1.602067374237405742e-20 1.582854298952896178e-21
3.467419826324189489e+04 1.749850001272401548e-20 1.626765973261714079e-21
3.469205476762895705e+04 1.464393677279586455e-20 1.512005040245605679e-21
3.470991117736289743e+04 1.473951748138532003e-20 1.566013571940044861e-21
3.472776749239331548e+04 1.880305608458073351e-20 1.679546639794127029e-21
3.474562371266341506e+04 1.430066675188057838e-20 1.605087265992381749e-21
3.476347983812549501e+04 1.741718296495312426e-20 1.564620844484615120e-21
3.478133586871717853e+04 1.601794979604323557e-20 1.614054170256842215e-21
3.479919180439102638e+04 1.561535493942509994e-20 1.689827768028610932e-21
3.481704764509348752e+04 1.836514772487750684e-20 1.644690033065946815e-21
3.483490339076457167e+04 2.006543451436724063e-20 1.580969730995171008e-21
3.485275904135958990e+04 1.849261349891446586e-20 1.725436369961839094e-21
3.487061459682066925e+04 1.476122699087588705e-20 1.639464266843293858e-21
3.488847005709262157e+04 1.736191903034380055e-20 1.637898117458554595e-21
3.490632542212170665e+04 1.873696727477791722e-20 1.610989896435382561e-21
3.492418069185718196e+04 1.710310946403028918e-20 1.616541529625556370e-21
3.494203586624497257e+04 1.725420267026210086e-20 1.661661817222993234e-21
3.495989094523024687e+04 1.951331413267161139e-20 1.686515300393905427e-21
3.497774592875766393e+04 1.740458328449559800e-20 1.618716946502469747e-21
3.499560081677653943e+04 1.515947869631219477e-20 1.735677174022419258e-21
3.501345560922662116e+04 1.534692555265639476e-20 1.684898811830712254e-21
3.503131030606319837e+04 1.331363953842877271e-20 1.525344608330595163e-21
3.504916490723128663e+04 1.601148252485934230e-20 1.619507082423781772e-21
3.506701941266612994e+04 1.718675376353200879e-20 1.534708916819849902e-21
3.508487382232939126e+04 1.584395844699181612e-20 1.507591612010747760e-21
3.510272813615280756e+04 1.452931026758296777e-20 1.484915584378838213e-21
3.512058235409182089e+04 2.451038357933601216e-20 1.771449576393969275e-21
3.513843647609123582e+04 3.510663840355280681e-20 1.812254890199222648e-21
3.515629050209085835e+04 3.709649762021683134e-20 1.867296640991378403e-21
3.517414443204448617e+04 2.704716483616546385e-20 1.807121849000276191e-21
3.519199826589605800e+04 2.164831809113121749e-20 1.625826604136147570e-21
3.520985200358877773e+04 2.860747783056496983e-20 1.749566056306419300e-21
3.522770564507028757e+04 3.640494636048045900e-20 1.840629480136998773e-21
3.524555919028655626e+04 2.666978464389883596e-20 1.744046963088737351e-21
3.526341263918187906e+04 1.614156394726430528e-20 1.798927903610589344e-21
3.528126599170784175e+04 1.375429841313967575e-20 1.736747023819861839e-21
3.529911924780310073e+04 1.507807155211150537e-20 1.521938293006377718e-21
3.531697240741347923e+04 1.228127350649990898e-20 1.495275089111991354e-21
3.533482547049271670e+04 1.842881999981891644e-20 1.581833527207570780e-21
3.535267843698008073e+04 1.645135183782162880e-20 1.593869267545560882e-21
3.537053130682276969e+04 1.329078453397213941e-20 1.468677751361966892e-21
3.538838407997008471e+04 1.245348438051559427e-20 1.477969903482571824e-21
3.540623675635840482e+04 1.267990810012842896e-20 1.490395159732512956e-21
3.542408933594603150e+04 1.736448609182123285e-20 1.596314208008085844e-21
3.544194181867189036e+04 1.202821440643593697e-20 1.608595262978600443e-21
3.545979420447727171e+04 1.770804026286504605e-20 1.552799699094270783e-21
3.547764649331432884e+04 1.829015251481564904e-20 1.531178568211003664e-21
3.549549868513029651e+04 1.338286582805183259e-20 1.451517601556246974e-21
3.551335077986442047e+04 1.521675284784591462e-20 1.686319215891769779e-21
3.553120277746499050e+04 1.677199953253106089e-20 1.610161779886234612e-21
3.554905467787816451e+04 1.680092674380128288e-20 1.576118355547222119e-21
3.556690648105267610e+04 1.348542762997098763e-20 1.558533833203281508e-21
3.558475818692936446e+04 1.566297402920760111e-20 1.622653238915395561e-21
3.560260979545491864e+04 1.425983447129205970e-20 1.627487147963907241e-21
3.562046130657500908e+04 1.578591897555378348e-20 1.553916957288909014e-21
3.563831272023696511e+04 1.496220619884387468e-20 1.467096237290817913e-21
3.565616403637836629e+04 1.790541645187740905e-20 1.525697479190378533e-21
3.567401525495723763e+04 1.291979006780177068e-20 1.527477568252626489e-21
3.569186637591217004e+04 1.262803362289750899e-20 1.553750991047883914e-21
3.570971739918598905e+04 1.757254903269853216e-20 1.649874980813369372e-21
3.572756832473045506e+04 1.380388383345472081e-20 1.535957138830346679e-21
3.574541915248772420e+04 1.576040745182974425e-20 1.529594613479858216e-21
3.576326988239956700e+04 1.332197908963807759e-20 1.550197008099037977e-21
3.578112051441785297e+04 1.659027556164043429e-20 1.528669209293817968e-21
3.579897104848495655e+04 2.129563743113772755e-20 1.620859599258742156e-21
3.581682148454300477e+04 1.772121661683903354e-20 1.660896842579147195e-21
3.583467182254342333e+04 1.686571520039579698e-20 1.578980338821301134e-21
3.585252206242793909e+04 1.802235550269666048e-20 1.611305925195880074e-21
3.587037220414230251e+04 1.946147911418535248e-20 1.542404469205585758e-21
3.588822224762851693e+04 1.945652191018171500e-20 1.545260046860694776e-21
3.590607219283817540e+04 1.492837703162473336e-20 1.575070434733157809e-21
3.592392203971259005e+04 1.410631474811993683e-20 1.499668394150781276e-21
3.594177178819428082e+04 1.705459374851811984e-20 1.572010151638383925e-21
3.595962143823797669e+04 1.768643702189027011e-20 1.518836208160858892e-21
3.597747098977767018e+04 1.444842882783824522e-20 1.546880122719219804e-21
3.599532044276277884e+04 1.556713236423276107e-20 1.559806630921772015e-21
3.601316979714005720e+04 1.562011583186162367e-20 1.663155845734370858e-21
3.603101905285802786e+04 1.531919964562640816e-20 1.666280172576174183e-21
3.604886820984894439e+04 1.518773754569734271e-20 1.626488311999083541e-21
3.606671726806557854e+04 1.582867803920308747e-20 1.533218587501167092e-21
3.608456622745897039e+04 1.648711697206464884e-20 1.626724650853412473e-21
3.610241508796179551e+04 1.767542607409990452e-20 1.580598703065485759e-21
3.612026384952857188e+04 1.346468988235425420e-20 1.643901783389555301e-21
3.613811251210582122e+04 1.925892734496629243e-20 1.643159568705659087e-21
3.615596107562487305e+04 1.666570219862932229e-20 1.588491244407465634e-21
3.617380954004252271e+04 1.685684810037290883e-20 1.507087295546908986e-21
3.619165790530362574e+04 1.784418187339318746e-20 1.532838710989592357e-21
3.620950617134657659e+04 1.537174329984558796e-20 1.512901812607227027e-21
3.622735433811878465e+04 1.756754664627721280e-20 1.656889140199220236e-21
3.624520240556546923e+04 1.368915645564884135e-20 1.697048492766567259e-21
3.626305037363633892e+04 1.560597600264550381e-20 1.630928966917162670e-21
3.628089824226327619e+04 1.552463712384775488e-20 1.503217199485802629e-21
3.629874601139854349e+04 1.614669622499309596e-20 1.555994861077904988e-21
3.631659368099506537e+04 2.049917708653354275e-20 1.626190697432582933e-21
3.633444125098490622e+04 1.509438371526772022e-20 1.623925304679256700e-21
3.635228872132075776e+04 1.620153040646916379e-20 1.692398391414522073e-21
3.637013609194042510e+04 1.434626474699380755e-20 1.573635283315444269e-21
3.638798336279332580e+04 1.660928901896541339e-20 1.633869856159835180e-21
3.640583053382437356e+04 1.720395423132112053e-20 1.632222408052768986e-21
3.642367760497332347e+04 1.432390057080968648e-20 1.564695343900420024e-21
3.644152457618924382e+04 1.802241736553021857e-20 1.614748080029158656e-21
3.645937144741322118e+04 1.700788225279411998e-20 1.581694794165023322e-21
3.647721821859507327e+04 1.616413892870311596e-20 1.599838795578658524e-21
3.649506488967273617e+04 1.718664022708621126e-20 1.573001225328568347e-21
3.651291146059533639e+04 1.685391951254119881e-20 1.525803963960542187e-21
3.653075793131817045e+04 1.645128230788889109e-20 1.581088575719235232e-21
3.654860432399324782e+04 1.644737171274976711e-20 1.473927580539587640e-21
3.656645105151202733e+04 1.383140865012977086e-20 1.564093074723674676e-21
3.658429767864878522e+04 1.233804386651857233e-20 1.426863355353882728e-21
3.660214420534422970e+04 1.662822565873073245e-20 1.433987201717913663e-21
3.661999063153670431e+04 1.623585299986035975e-20 1.414793243904400182e-21
3.663783695717860974e+04 1.463946857818968276e-20 1.420541990021781436e-21
3.665568318221242953e+04 1.761439325401885110e-20 1.552775127774183807e-21
3.667352930657541583e+04 1.475329965447872238e-20 1.480027004821924520e-21
3.669137533022050047e+04 1.461298173609213120e-20 1.566849846617297347e-21
3.670922125308702380e+04 1.181574571842693671e-20 1.541672078154440778e-21
3.672706707512377034e+04 1.638958715969620012e-20 1.826004254712808525e-21
3.674491279626639152e+04 1.479397455619917977e-20 1.675035419134912677e-21
3.676275841646442859e+04 1.628397346942529807e-20 1.557007062521971968e-21
3.678060393566684797e+04 1.313484332855497599e-20 1.494500754638051868e-21
3.679844935381097457e+04 1.459945656454707968e-20 1.507272835586898414e-21
3.681629467084216594e+04 1.546133111216558736e-20 1.498880419774973944e-21
3.683413988670333492e+04 1.409886925050663693e-20 1.521333076966916063e-21
3.685198500134337519e+04 1.590737469134335311e-20 1.580684412000928001e-21
3.686983001470105228e+04 1.598304545984666379e-20 1.419427571777980623e-21
3.688767492672338994e+04 1.695581393869578898e-20 1.445338536361529792e-21
3.690551973734825879e+04 1.714213055100190064e-20 1.579406561407106439e-21
3.692336444652934733e+04 1.506863462876016954e-20 1.491253917462002355e-21
3.694120905420687632e+04 1.282755508105802753e-20 1.525305002585905620e-21
3.695905356031816336e+04 1.666966403106320681e-20 1.605182291540591154e-21
3.697689796481391386e+04 1.599174098640626108e-20 1.611316528441530326e-21
3.699474226763470506e+04 1.343551569129728454e-20 1.535928240273827926e-21
3.701258646873035468e+04 1.351075827417143992e-20 1.588880271433736546e-21
3.703043056803822401e+04 1.480445748436953311e-20 1.579808783403978796e-21
3.704827456550238276e+04 1.315278819270813490e-20 1.543738343497678719e-21
3.706611846106652956e+04 1.562600636575924326e-20 1.577106156620888499e-21
3.708396225467858312e+04 1.523757559043576498e-20 1.585957281838150502e-21
3.710180594628106337e+04 1.708131933388159593e-20 1.522875674928263123e-21
3.711964953581121517e+04 1.336760343754288434e-20 1.549698217699978942e-21
3.713749302321919095e+04 1.434741568436608326e-20 1.608487677033727003e-21
3.715533640844776528e+04 1.620295698392230889e-20 1.574759979562769926e-21
3.717317969143963273e+04 1.411056136634940525e-20 1.579199503696953993e-21
3.719102287213998352e+04 1.755902202700255414e-20 1.582465465194375091e-21
3.720886595048563322e+04 1.258275577039291538e-20 1.532467845351088670e-21
3.722670892642607942e+04 1.365936545431539097e-20 1.584536057087815283e-21
3.724455179990546458e+04 9.992637223928115079e-21 1.536274764309824668e-21
3.726239457086559560e+04 1.751901426832838231e-20 1.414112247652141761e-21
3.728023723925279046e+04 1.871954209967224342e-20 1.519085955369270808e-21
3.729807980500466510e+04 1.446246450688104417e-20 1.525400704308624289e-21
3.731554980373099534e+04 1.575903593969921056e-20 1.550359485943021183e-21
3.733339212829691678e+04 1.832965459351533080e-20 1.583465807160561687e-21
3.735123435000957397e+04 2.587541966461426536e-20 1.701264991579553742e-21
3.736907646885990835e+04 1.988999912925391552e-20 1.535239195419969421e-21
3.738691848480079352e+04 1.690588960313469090e-20 1.489188031072670627e-21
3.740476039775952086e+04 1.606995701422942997e-20 1.622644220538012777e-21
3.742260220768964791e+04 1.589018121533531239e-20 1.721394712733951610e-21
3.744044391452881973e+04 1.811466610313340191e-20 1.588757499023301695e-21
3.745828551822499139e+04 1.682345469325306181e-20 1.519894568430696592e-21
3.747612701872253092e+04 1.540568208105973543e-20 1.597191506005434594e-21
3.749396841595640581e+04 1.468751081345529111e-20 1.570465129229541989e-21
3.751180970987817273e+04 1.185923868697170895e-20 1.592704485038215900e-21
3.752965090042772499e+04 1.411660497678447758e-20 1.601819445483994258e-21
3.754749198754901590e+04 1.822029190553976534e-20 1.623136958631997731e-21
3.756533297118063638e+04 1.500528601351017199e-20 1.509924103105521679e-21
3.758317385126745648e+04 1.458062043115501460e-20 1.519274736111117750e-21
3.760101462776027620e+04 1.522556643792406977e-20 1.503732450532555953e-21
3.761885530059022130e+04 1.485375238577761220e-20 1.544873886972094817e-21
3.763669586970728415e+04 1.339862978507061522e-20 1.612423863545860254e-21
3.765453633505434846e+04 1.920244062912428770e-20 1.547262357346170862e-21
3.767237669656748767e+04 1.556340691238876509e-20 1.530087387042564976e-21
3.769021695419905882e+04 1.749377120783524673e-20 1.645333366188737226e-21
3.770805710788594297e+04 1.452943401595834778e-20 1.536624548810588172e-21
3.772589715757088561e+04 1.760705470809994736e-20 1.529551885168806159e-21
3.774373710320229293e+04 1.584042966596054827e-20 1.511194030479188650e-21
3.776157694471713330e+04 1.729473031213422168e-20 1.499094987793063333e-21
3.777941668205656606e+04 1.666569168433521148e-20 1.583515735015654793e-21
3.779725631516778230e+04 1.256470699967362186e-20 1.576421370766274445e-21
3.781509584399160667e+04 1.187552989378890270e-20 1.525168122962453354e-21
3.783293526847437897e+04 1.498319923631221828e-20 1.505522607941626228e-21
3.785077458855231089e+04 1.610728287100113476e-20 1.635356093814122944e-21
3.786861380417199689e+04 1.832383725620887881e-20 1.564616071324504801e-21
3.788645291527017253e+04 1.334780010942602200e-20 1.432081594918778343e-21
3.790429192180230166e+04 1.396895867069365674e-20 1.625340009274664598e-21
3.792213082369788026e+04 1.501138982774641746e-20 1.526120510655822846e-21
3.793996962090526358e+04 1.883017192859444340e-20 1.557218934648187755e-21
3.795780831336601113e+04 1.852386553222880016e-20 1.503455423085500072e-21
3.797564690102246823e+04 1.632338114372005161e-20 1.469961344354277054e-21
3.799348538381636899e+04 1.511017091963114349e-20 1.386828694364594800e-21
3.801132376168889459e+04 1.214121084730806839e-20 1.559362334180226547e-21
3.802916203458581003e+04 1.693686805855955165e-20 1.654205277435463598e-21
3.804700020244602638e+04 1.824322393393388315e-20 1.617761887991614648e-21
3.806483826526880875e+04 1.912082897333952242e-20 1.626560315466000240e-21
3.808230221784052992e+04 1.626211145726585046e-20 1.487579347814936073e-21
3.810014003438619693e+04 1.232812974264612391e-20 1.516203740662052011e-21
3.811797774566017324e+04 1.474268842718947237e-20 1.539660576161924144e-21
3.813581535161696229e+04 1.626743723658817034e-20 1.492381870561605785e-21
3.815365285218544886e+04 1.419769732785271500e-20 1.445445604028750953e-21
3.817149024731403188e+04 1.478921709465458012e-20 1.524559967078398151e-21
3.818932753693968698e+04 1.538796947284713072e-20 1.639134724844397470e-21
3.820716472101164254e+04 1.686153714862729163e-20 1.533446824661072156e-21
3.822500179946518620e+04 1.281474140038161630e-20 1.512601597503317703e-21
3.824283877224818571e+04 1.230633892862753860e-20 1.386595917768039752e-21
3.826067563929683092e+04 1.460728206764360876e-20 1.579309463458789802e-21
3.827851240055968083e+04 1.596552264713568559e-20 1.562275833795069822e-21
3.829634905597475881e+04 1.832685732865451031e-20 1.534973371951249632e-21
3.831418560548422829e+04 2.126478541285087243e-20 1.599155160596739825e-21
3.833202204903025267e+04 2.183045050077075219e-20 1.587935081364873224e-21
3.834985838655444240e+04 1.959014759225583283e-20 1.564372629989047772e-21
3.836769461799817509e+04 1.975295540273474888e-20 1.533624143721801328e-21
3.838553074330723757e+04 1.387692294626834948e-20 1.462482671906455474e-21
3.840336676241336681e+04 1.563579512165576698e-20 1.545471057200861908e-21
3.842120267526747921e+04 1.479418140450699444e-20 1.484769172968230411e-21
3.843903848181197100e+04 1.380591041778110743e-20 1.524228153523225433e-21
3.845687418197866646e+04 2.013799526922621568e-20 1.491229621491400127e-21
3.847470977571864933e+04 1.372517792280925139e-20 1.525297828107216117e-21
3.849254526297361735e+04 1.433509344995050425e-20 1.499449448818644409e-21
3.851038064367561310e+04 1.016711866679286963e-20 1.485470360328769998e-21
3.852821591777932190e+04 1.330900472809753825e-20 1.547711516757366868e-21
3.854605108520903013e+04 1.567957914323150367e-20 1.420444288283614190e-21
3.856388614592704107e+04 1.179579927036518962e-20 1.476394317735994317e-21
3.858172109986477153e+04 1.393432930942453687e-20 1.404929235356911056e-21
3.859955594696286425e+04 1.329197779863302356e-20 1.433067387690231171e-21
3.861739068715345638e+04 1.297343770229928149e-20 1.490639591750778296e-21
3.863522532039803627e+04 1.456011880583058562e-20 1.489392948266272472e-21
3.865305984662743140e+04 1.433714805933324698e-20 1.448196266455699169e-21
3.867089426577978156e+04 1.780001090194081934e-20 1.447919599338160700e-21
3.868872857780013146e+04 1.185230243721255937e-20 1.347194045392296496e-21
3.870656278263279819e+04 1.303425130714557457e-20 1.495784770738027370e-21
3.872439688021199254e+04 1.694802529716857937e-20 1.537874811384768232e-21
3.874223087048294110e+04 1.334150493099948216e-20 1.507721938745067672e-21
3.876006475339009921e+04 1.241760849179390477e-20 1.472656692454387132e-21
3.877789852887045708e+04 1.358132684721762649e-20 1.485873124575036203e-21
3.879573219685934600e+04 1.424167209464828757e-20 1.540834469505732023e-21
3.881356575731127668e+04 1.688969054035297670e-20 1.379054098801691126e-21
3.883139921015982691e+04 1.695399496441711961e-20 1.452739625650615611e-21
3.884923255534667987e+04 1.357054770975596681e-20 1.494878073578843953e-21
3.886706579280962615e+04 1.360752144054523952e-20 1.600385395358391545e-21
3.888489892249248805e+04 1.282253670072204236e-20 1.469122100851460207e-21
3.890273202046170627e+04 1.329202105296885181e-20 1.485253537986872164e-21
3.892056521087219153e+04 1.619619790405686361e-20 1.494409745099932477e-21
3.893839829331723013e+04 1.646211205210967209e-20 1.459426567901438851e-21
3.895623126774410048e+04 1.585698315663847437e-20 1.512085991256289862e-21
3.897406413409095694e+04 1.613939324101943103e-20 1.443329149045344581e-21
3.899189689230177464e+04 1.310491658042586815e-20 1.392145628556946921e-21
3.900972954230325558e+04 1.515007705005247956e-20 1.419428397525558714e-21
3.902756208405041252e+04 1.417793625202499048e-20 1.286353651177881527e-21
3.904539451748396823e+04 1.642604300474560658e-20 1.495732078871855539e-21
3.906322684254364867e+04 1.480798850121705327e-20 1.580553419284521075e-21
3.908105905916437769e+04 1.340404077144214047e-20 1.546997238227736328e-21
3.909889116729013767e+04 9.692202074976778343e-21 1.413226769493586860e-21
3.911672316686073464e+04 1.329660399879013116e-20 1.523043874939127307e-21
3.913455505781401007e+04 1.367669050330136369e-20 1.467932595577884782e-21
3.915238684010082943e+04 1.344488384443619792e-20 1.570152750361039780e-21
3.917021851364750910e+04 1.600267541824168551e-20 1.498213385069503470e-21
3.918805007840503822e+04 1.221140042748005768e-20 1.445547023276516190e-21
3.920588153431419778e+04 1.431268673707926005e-20 1.468187985292022604e-21
3.922371288130810717e+04 1.398943659581987751e-20 1.478760068189214598e-21
3.924154411932728544e+04 1.328043808509277097e-20 1.555657384359032648e-21
3.925937524832267081e+04 1.471975559275700794e-20 1.585185194591792343e-21
3.927720626822402846e+04 1.582472630783579993e-20 1.508018833213032676e-21
3.929503717897494062e+04 1.438888793409923139e-20 1.379693488933423480e-21
3.931286798051624646e+04 1.394149249416087212e-20 1.369653341006320629e-21
3.933069867279122263e+04 1.262072247875147754e-20 1.407078327591307153e-21
3.934852925573301764e+04 1.231719160595463143e-20 1.516904714818045878e-21
3.936635972928253614e+04 1.123080651190245335e-20 1.522322311686847638e-21
3.938419009338637261e+04 1.024918168971663782e-20 1.563246520253709555e-21
3.940202034798415116e+04 1.048081631748316654e-20 1.635396689338320910e-21
3.941985049301006075e+04 1.042842070833228806e-20 1.609439968181622614e-21
3.943768052841064491e+04 1.274393244396987677e-20 1.576445803127773739e-21
3.945551045412198437e+04 1.241765519516585064e-20 1.582367497885229527e-21
3.947334027008491830e+04 1.524415501442698155e-20 1.523834556801369556e-21
3.949116997623587667e+04 1.199051087133751926e-20 1.578850984416408226e-21
3.950899957251409796e+04 1.350372276797146877e-20 1.565372719649241292e-21
3.952682905886713706e+04 1.797249838593133207e-20 1.554852386293552621e-21
3.954465843523813965e+04 1.703986019640431005e-20 1.602264137236643851e-21
3.956248770154927479e+04 1.519867427305359403e-20 1.489228964815500517e-21
3.958031685775816732e+04 1.465575472544842805e-20 1.531115944615012447e-21
3.959814590379778383e+04 1.296243625652099212e-20 1.560173016218319781e-21
3.961597483960703539e+04 1.201918940182768379e-20 1.516258622813187733e-21
3.963380366512320325e+04 1.552262957225678478e-20 1.571006718425690500e-21
3.965163238029272179e+04 1.581669422897715726e-20 1.565024687794549709e-21
3.966946098505094415e+04 1.432797661244973082e-20 1.463310896825226398e-21
3.968728947933513700e+04 1.117080890846013123e-20 1.457775714176260975e-21
3.970511786308822047e+04 1.501203653892263549e-20 1.549665954567850562e-21
3.972294613625221245e+04 1.568618761481702795e-20 1.564638918378067509e-21
3.974077429876431415e+04 1.512485115187299697e-20 1.480411129053992206e-21
3.975860235056397505e+04 1.764016238008124750e-20 1.612808489987778971e-21
3.977643029158966965e+04 1.736772245606725953e-20 1.669840842622830230e-21
3.979425812178198248e+04 1.111261530281211980e-20 1.689631602600482460e-21
3.981208584107679781e+04 1.940269714682863494e-20 1.770358660408894252e-21
3.982991344941939315e+04 1.290227266127430561e-20 1.593566585604722606e-21
3.984774094674670778e+04 1.174436173636917725e-20 1.566149531444377135e-21
3.986556833299804566e+04 1.323706834619303737e-20 1.613002541809055641e-21
3.988339560811176489e+04 1.371923502434831179e-20 1.589606306909826841e-21
3.990122277202812256e+04 1.243420754674149120e-20 1.541049896176880833e-21
3.991904982468624803e+04 8.598425276289233976e-21 1.476652770385062159e-21
3.993687676602455031e+04 1.234623672173535348e-20 1.559819727449195604e-21
3.995470359598311916e+04 1.332389632542377072e-20 1.596365586052255514e-21
3.997253031450088019e+04 1.161892222189179631e-20 1.537936253426181167e-21
3.999035692151632975e+04 1.723971499556384987e-20 1.677254725690838608e-21
4.000818341696939024e+04 1.761133765310269856e-20 1.578780694802439045e-21
4.002600980079881992e+04 1.191741641343584002e-20 1.581560491183525718e-21
4.004383607294315152e+04 1.587937889639050482e-20 1.683020764622873097e-21
4.006166223334215465e+04 1.097253859578420803e-20 1.661584469776926024e-21
4.007948828193439840e+04 1.237567117623016904e-20 1.705846001590903069e-21
4.009731421865848097e+04 1.595364001228654737e-20 1.615626093473457828e-21
4.011514004346079309e+04 1.498694214638895807e-20 1.595058777641558999e-21
4.013296575626611593e+04 1.113703474020932628e-20 1.627598592445029741e-21
4.015079135702338681e+04 1.483585644178911594e-20 1.626848318588099841e-21
4.016861684566517943e+04 1.347778426045963409e-20 1.518171601981710077e-21
4.018644222213303146e+04 1.313136737020018550e-20 1.550492446777167726e-21
4.020426748636923003e+04 1.415442242434447159e-20 1.668260771436778903e-21
4.022209263830612326e+04 1.259074598126639187e-20 1.851812913644517508e-21
4.023991767788505240e+04 9.508368927637170554e-21 1.588972350462057776e-21
4.025774260504507401e+04 1.424094531063807754e-20 1.562818376734600598e-21
4.027556741972846066e+04 1.112813419868699864e-20 1.434630343753738704e-21
4.029339212186617806e+04 1.304158089550232814e-20 1.486772344605249070e-21
4.031083812861479964e+04 1.710359777341542270e-20 1.561738708127665110e-21
4.032866256942810287e+04 1.212935633405774130e-20 1.551272277265757758e-21
4.034648689746365562e+04 1.378844892676188299e-20 1.539480971186542719e-21
4.036431111271300324e+04 1.672101078527906360e-20 1.575988928527653959e-21
4.038213521511109138e+04 1.538284161163945050e-20 1.616679267687068825e-21
4.039995920459555055e+04 1.430365534156296331e-20 1.633318092372892698e-21
4.041778308110231592e+04 1.377957903183855957e-20 1.680682569339687714e-21
4.043560684457262687e+04 1.249565916563062816e-20 1.505067395852623997e-21
4.045343049495114246e+04 1.526011796106810946e-20 1.537485767338809710e-21
4.047125403217009443e+04 1.402226884980046678e-20 1.567483956364421111e-21
4.048907745616043394e+04 1.125830657736411914e-20 1.471726247512703573e-21
4.050690076686709654e+04 1.598351110727727972e-20 1.536806253110699702e-21
4.052472396423208556e+04 1.640017122287431306e-20 1.637108441768063912e-21
4.054254704819266044e+04 1.236607252147360573e-20 1.630217121599330260e-21
4.056037001868079824e+04 1.424510609253341983e-20 1.568099974919184718e-21
4.057819287563480611e+04 1.184308532670123333e-20 1.540902477864438099e-21
4.059601561900156958e+04 1.432073747558430098e-20 1.632834733603679743e-21
4.061383824870691751e+04 1.630617961889155727e-20 1.744836263870270292e-21
4.063166076469842665e+04 1.281074157259529250e-20 1.677586975218546954e-21
4.064948316690676438e+04 1.011500612015197975e-20 1.625198251558475185e-21
4.066730545527733921e+04 1.692420509294686258e-20 1.615377852819151640e-21
4.068512762974434008e+04 1.057056693754739210e-20 1.604885418641160173e-21
4.070294969025178580e+04 1.451637042539953609e-20 1.464541257148065348e-21
4.072077163672169263e+04 1.558981389209292392e-20 1.586799693917799996e-21
4.073859346910424210e+04 1.371050661188291459e-20 1.613693558193247587e-21
4.075641518733418343e+04 1.578574922672539023e-20 1.610076755689266609e-21
4.077423679134959093e+04 1.650700750368651677e-20 1.621296171563813362e-21
4.079205828108722926e+04 1.835544372640501667e-20 1.662177735264257327e-21
4.080987965648876707e+04 1.563564435729308768e-20 1.608985944105030035e-21
4.082770091748845152e+04 1.126582973107395276e-20 1.676519258194871357e-21
4.084552206401633157e+04 1.700510244493534999e-20 1.702444071682788795e-21
4.086334309602092253e+04 1.480061926330659851e-20 1.615029416476645548e-21
4.088116401344256883e+04 1.400928360630861595e-20 1.649281481392758574e-21
4.089898481625466229e+04 1.418581731854413645e-20 1.569338692017189760e-21
4.091642569275535061e+04 1.510987545312531799e-20 1.656901700813814906e-21
4.093424622984966118e+04 1.238249033631610564e-20 1.547670327347979903e-21
4.095206665210193751e+04 9.893345351654395601e-21 1.646280345696585276e-21
4.096988695945317158e+04 1.085549798613065573e-20 1.603899643525111139e-21
4.098770715183611173e+04 1.292365784486608245e-20 1.652628477681498256e-21
4.100552722918910877e+04 1.525400386599504793e-20 1.624900451842940115e-21
4.102334719144903647e+04 1.388964827869980168e-20 1.671754593016560552e-21
4.104116703854577645e+04 1.171510644031041266e-20 1.602138574975502041e-21
4.105898677042748750e+04 1.745385028726182664e-20 1.730585345343668520e-21
4.107680638703057775e+04 1.173769210766066445e-20 1.577190165148966904e-21
4.109462588829236483e+04 1.018072789414687664e-20 1.546341437338742486e-21
4.111244527414005279e+04 1.237034175050816200e-20 1.602361025593062684e-21
4.113026454451302561e+04 1.154597808952335414e-20 1.613993353692469814e-21
4.114808369936628878e+04 9.317276390811535585e-21 1.584512715010092245e-21
4.116590273861263267e+04 1.232374013765878648e-20 1.708574673953223592e-21
4.118372166220202780e+04 1.039141865532579801e-20 1.596334519411567500e-21
4.120154047006537439e+04 1.111676927272355661e-20 1.631425796880060254e-21
4.121935916214569443e+04 8.909973629313021105e-21 1.548259682241179889e-21
4.123717773837436835e+04 1.455915654498681164e-20 1.492071565272114845e-21
4.125499618564527191e+04 1.209911127258290367e-20 1.501768269090993301e-21
4.127281449700588564e+04 1.193110304193161222e-20 1.647460187535667159e-21
4.129063269232477614e+04 7.911843214942844080e-21 1.835068814080011428e-21
4.130845077155545005e+04 1.371942738983734967e-20 1.811372595982313326e-21
4.132626873461343348e+04 1.197120032217784192e-20 1.629676724589093251e-21
4.134408658144304354e+04 1.637240944002351978e-20 1.673913919262296228e-21
4.136190431197665748e+04 1.242231695730407502e-20 1.531240211999046298e-21
4.137972192616134998e+04 1.510279052592931282e-20 1.605020873998992656e-21
4.139753942392711906e+04 1.480786190651731658e-20 1.494530693497386907e-21
4.141535680519910966e+04 1.262876237128771122e-20 1.456715791739627522e-21
4.143317406993529585e+04 1.352806099785064352e-20 1.668277899684504423e-21
4.145099121806139738e+04 1.109212115120381740e-20 1.623879667397910788e-21
4.146880824950998795e+04 1.215260823298156529e-20 1.612502976425827398e-21
4.148662516421811597e+04 1.296701388751892257e-20 1.572530792950090455e-21
4.150444196212803945e+04 8.448652403818081355e-21 1.600129043088830344e-21
4.152225864317993546e+04 1.227642955773886449e-20 1.573656472058992262e-21
4.154007520729304088e+04 1.052833610259202664e-20 1.567413023209980722e-21
4.155789165441296791e+04 1.518399082401418471e-20 1.703789807886064223e-21
4.157570798448705318e+04 1.474079420238326582e-20 1.632928623193564250e-21
4.159352419743364590e+04 8.641728371978297246e-21 1.691877840316271873e-21
4.161134029319234833e+04 9.231287184002383400e-21 1.634690004544930509e-21
4.162915627171334199e+04 1.134100230493268333e-20 1.686714815530814763e-21
4.164697213291786466e+04 1.299516404146093949e-20 1.624389856088273531e-21
4.166478787673942861e+04 1.268224227755888239e-20 1.633398013816185629e-21
4.168260350313074741e+04 1.304761371035609199e-20 1.556828271097257870e-21
4.170041901201360452e+04 1.245023432980578584e-20 1.589137571009420356e-21
4.171823440332463360e+04 1.644589935917085206e-20 1.633667554068277734e-21
4.173604967700211273e+04 1.038521471177329825e-20 1.601121752570137241e-21
4.175386483298936218e+04 1.241053797841112258e-20 1.543170751124059633e-21
4.177167987120491307e+04 1.439556942523103048e-20 1.716303761585650274e-21
4.178949479160095507e+04 1.027760202130970544e-20 1.636927766049756696e-21
4.180730959411063668e+04 1.053912419001236739e-20 1.626787995022345306e-21
4.182512427865849168e+04 1.276842516291269837e-20 1.520896271610495892e-21
4.184293884518741106e+04 1.509783065010360173e-20 1.646310051499771948e-21
4.186075329363995115e+04 1.041848444246113564e-20 1.693332376797040969e-21
4.187856762393706595e+04 7.368452380578063862e-21 1.601698930627915594e-21
4.189638183602212666e+04 1.200894903732301341e-20 1.654722807063224736e-21
4.191419592983671464e+04 1.103663617063435162e-20 1.619251261283430901e-21
4.193200990530615672e+04 1.397637358625984290e-20 1.631088468083510588e-21
4.194982376236624259e+04 1.392534796742724136e-20 1.634506809295278129e-21
4.196763750096152944e+04 1.076470541911049944e-20 1.701917463803061467e-21
4.198545112101126142e+04 1.147558360973378256e-20 1.662247594732851852e-21
4.200326462246724259e+04 1.078399592847568669e-20 1.546662919120683826e-21
4.202107800526473147e+04 1.194366478323932075e-20 1.533214722648374313e-21
4.203889126932234649e+04 1.269495491923103709e-20 1.582677209473883024e-21
4.205670441458773712e+04 1.255906044302295342e-20 1.433947466175619949e-21
4.207451744099380448e+04 9.301430516854604425e-21 1.456853187608300643e-21
4.209233034847496310e+04 9.703057842022884783e-21 1.560685509257138141e-21
4.211014313697318721e+04 8.688071498006628108e-21 1.747196727499967043e-21
4.212795580640343542e+04 9.952714355152961192e-21 1.664737038203776678e-21
4.214576835672346351e+04 8.353531096182634077e-21 1.628346599473374323e-21
4.216358078785573889e+04 1.140521597686858299e-20 1.699602693761702159e-21
4.218139309974131902e+04 1.214473769766525013e-20 1.775948104752297324e-21
4.219920529231171531e+04 1.297055620696373804e-20 1.711727016480791390e-21
4.221701736549197085e+04 1.100745956455189034e-20 1.601928115431443870e-21
4.223482931923628348e+04 7.014418820346647400e-21 1.662972586077587405e-21
4.225264115346690232e+04 1.157857639983101439e-20 1.663198309451694551e-21
4.227045286812465929e+04 1.284902817171229819e-20 1.633974427824019412e-21
4.228826446314097120e+04 1.070034556844195635e-20 1.673260556136516843e-21
4.230607593844396615e+04 1.137542996345704595e-20 1.659164942767753963e-21
4.232388729398445139e+04 8.542118493218216944e-21 1.548453559040212265e-21
4.234169852967403131e+04 1.363742633188861148e-20 1.657555470337225632e-21
4.235950964547735202e+04 1.440557270923577962e-20 1.645018368273025066e-21
4.237732064129830542e+04 1.128022255389337347e-20 1.562425895697343189e-21
4.239513151709217345e+04 7.710147164108678819e-21 1.595039301802902582e-21
4.241294227278224571e+04 1.266611377186973876e-20 1.553928288586030172e-21
4.243075290831427264e+04 7.263658856750982639e-21 1.563665872802691450e-21
4.244856342360781855e+04 1.071269153294071900e-20 1.635992428806768454e-21
4.246637381860471214e+04 1.461873734842473357e-20 1.642835456557188764e-21
4.248418409324601089e+04 1.033735807305039461e-20 1.607490838116488568e-21
4.250199424744475982e+04 1.222030550449842447e-20 1.564878009896263440e-21
4.251980428116702387e+04 1.101247281530118939e-20 1.614757894092707473e-21
4.253761419431828108e+04 1.271165272668032695e-20 1.692629098642916074e-21
4.255542398684735235e+04 1.455234013752400185e-20 1.573841055864293562e-21
4.257323365867754183e+04 9.421378872177337928e-21 1.627621424103312396e-21
4.259104320976346935e+04 8.268898401785316290e-21 1.531960521203543129e-21
4.260885264001557516e+04 1.014802149565792951e-20 1.551608981487514286e-21
4.262666194938736589e+04 1.283669697937307496e-20 1.742536294346671207e-21
4.264447113778980565e+04 1.408860023027588586e-20 1.685971157968882326e-21
4.266228020517669211e+04 1.148780270148896263e-20 1.768166512301659008e-21
4.268008915147525113e+04 1.212477827643936214e-20 1.625493170065169941e-21
4.269789797662447381e+04 9.008523376620904686e-21 1.656349398581167835e-21
4.271532312739919871e+04 1.541450167401514965e-20 1.766132365971666638e-21
4.273313167366621201e+04 1.357529217761007636e-20 1.679206642926811478e-21
4.275094009852553427e+04 1.268333564139184003e-20 1.621014673431790084e-21
4.276874840196305013e+04 1.051856333877350565e-20 1.709896921815925014e-21
4.278655658391180623e+04 1.059685513528193649e-20 1.717848762772295688e-21
4.280436464430540946e+04 1.189235065572799887e-20 1.741487655088112402e-21
4.282217258307783050e+04 1.121089107205294578e-20 1.779137698334645804e-21
4.283998040016168670e+04 7.585195886227170042e-21 1.692003072714281180e-21
4.285778809549479774e+04 1.538633042148606946e-20 1.776951235535675556e-21
4.287559566900286882e+04 1.610159076412398750e-20 1.832810255693867355e-21
4.289340312062003068e+04 1.323851338947402677e-20 1.654688280043372209e-21
4.291121045028939989e+04 1.245884159409399399e-20 1.625848604103365558e-21
4.292901765793736558e+04 9.335277378075166562e-21 1.661078883661828322e-21
4.294682474349446420e+04 1.126809984806244889e-20 1.792726879860173059e-21
4.296463170689951949e+04 1.301124004864008387e-20 1.781688584036920882e-21
4.298243854808016476e+04 1.357507116690306479e-20 1.667143379461066195e-21
4.300024526697532565e+04 9.578184743037983308e-21 1.748208504013967819e-21
4.301805186351193697e+04 1.449213705331869992e-20 1.768430130969233100e-21
4.303585833762637048e+04 1.329060609500390060e-20 1.764640086985312468e-21
4.305366468925451773e+04 1.509762975974944822e-20 1.723009057128722934e-21
4.307147091832359001e+04 1.029596218123351206e-20 1.684283580592143888e-21
4.308927702477195271e+04 1.657262380548948077e-20 1.711748193316135486e-21
4.310708300852706452e+04 1.235300386324368619e-20 1.649558038672644313e-21
4.312488886953093606e+04 1.134469207177523305e-20 1.756567104732920629e-21
4.314269460770345904e+04 1.472380297221169295e-20 1.696660661881437891e-21
4.316050022298739350e+04 1.246668104799173460e-20 1.737159432550828865e-21
4.317830571530844463e+04 1.080595336556995678e-20 1.813710997573010753e-21
4.319611108461009280e+04 7.704111600476832056e-21 1.800482859300225561e-21
4.321391633085825742e+04 7.220177802222240917e-21 1.794195659940654385e-21
4.323133684355561854e+04 1.378712368562417750e-20 1.808823162462316699e-21
4.324914180687372573e+04 1.257695120325817044e-20 1.753514268221297369e-21
4.326694664689692581e+04 1.225286249634637566e-20 1.618595779809614776e-21
4.328475136355388531e+04 8.549641296865504882e-21 1.676138843023419407e-21
4.330255595677701785e+04 1.052335434108970910e-20 1.727727377655158668e-21
4.332036042649923183e+04 1.001737754261958902e-20 1.695467462305268914e-21
4.333816477265200228e+04 1.075706829664229901e-20 1.777126616671029871e-21
4.335596899516881967e+04 1.072490878467858846e-20 1.649810122537883050e-21
4.337377309398078796e+04 1.204705570369966121e-20 1.706287228397011809e-21
4.339157706902113569e+04 1.413429278435010485e-20 1.729226199362557368e-21
4.340938092022157070e+04 1.199499929729235401e-20 1.795838476423374513e-21
4.342718464751445572e+04 8.922307284818226680e-21 1.759666412235833479e-21
4.344498825083205884e+04 1.310854639804608378e-20 1.642457419271135725e-21
4.346279173010598606e+04 1.024605016487792720e-20 1.674605931605991697e-21
4.348059508526918216e+04 1.253806365308761709e-20 1.642128554204727484e-21
4.349839831625238003e+04 1.326227704354903106e-20 1.754734956222915076e-21
4.351620142299238069e+04 9.795306872573858299e-21 1.678700160626706743e-21
4.353400440541317948e+04 1.212323617659029781e-20 1.669645678717630834e-21
4.355180726345080620e+04 1.395586639809377995e-20 1.711827917139545422e-21
4.356960999704026472e+04 1.296591414196195152e-20 1.661814263969928542e-21
4.358741260610640893e+04 1.401460479915799715e-20 1.765913677943125418e-21
4.360521505194119527e+04 1.602835962084900425e-20 1.685129433254633950e-21
4.362301731563096837e+04 1.190399530424796172e-20 1.665984700035281694e-21
4.364081945458903647e+04 8.899465552889951153e-21 1.694536400261102297e-21
4.365862146875906183e+04 1.244826950471776189e-20 1.732475258291970950e-21
4.367642335807040945e+04 1.030169398314363886e-20 1.793295669258566334e-21
4.369422512245027610e+04 1.141117716358492729e-20 1.731572807343133048e-21
4.371202676183772564e+04 1.497577154472673832e-20 1.793937878095478785e-21
4.372982827616054419e+04 9.765582271451483737e-21 1.764836095627790803e-21
4.374762966534659790e+04 1.074480643860077358e-20 1.704879320166491949e-21
4.376543092933126900e+04 8.907944054087704733e-21 1.706667869283778363e-21
4.378323206805201335e+04 8.641641774227159731e-21 1.658350049020681342e-21
4.380103308143089089e+04 1.072588542356254111e-20 1.737419948598954617e-21
4.381883396939785598e+04 9.665290898142120275e-21 1.740214950817304042e-21
4.383663473188891658e+04 1.110320632257243207e-20 1.741352160749417220e-21
4.385443536883778870e+04 9.939138623296798930e-21 1.684087703507116610e-21
4.387223588017630391e+04 8.904028652303022386e-21 1.673264615930919205e-21
4.389003626582480501e+04 1.054975168092010916e-20 1.731718007715663970e-21
4.390783652572140272e+04 1.408468927351790828e-20 1.765416479780263041e-21
4.392563665980432415e+04 1.395756550519351143e-20 1.707879144939157372e-21
4.394343666799360653e+04 9.176603946956345817e-21 1.634985809526772671e-21
4.396123655022105959e+04 1.260016989242016728e-20 1.757922370401029154e-21
4.397903630641994823e+04 1.486915345375631924e-20 1.741316029104385068e-21
4.399683593652935087e+04 1.032914079603644478e-20 1.702089893207891793e-21
4.401463544047195319e+04 8.337885426399806891e-21 1.659686081154038815e-21
4.403243481817615975e+04 1.063602539740168717e-20 1.745816120047430777e-21
4.405023406957538828e+04 1.172829677192420079e-20 1.742734593136447939e-21
4.406803319459738123e+04 1.075886442826817723e-20 1.751914033036919575e-21
4.408583219318305055e+04 9.072422158019783387e-21 1.740943839971999722e-21
4.410363106525251351e+04 1.023687024232322466e-20 1.752959943135880475e-21
4.412142981074017007e+04 1.069542288774943745e-20 1.702149622711725420e-21
4.413922842957598914e+04 1.126593626338463764e-20 1.855997671341600782e-21
4.415702692169482179e+04 1.333309003666448358e-20 1.815687530834531165e-21
4.417482528701903357e+04 1.167134642370499647e-20 1.642032327432983017e-21
4.419262352548380295e+04 1.366385015509862108e-20 1.735348380108537747e-21
4.421042163701821846e+04 1.369229083274254962e-20 1.829326190820079242e-21
4.422821962155381334e+04 1.171695200321698791e-20 1.835801115534309496e-21
4.424601747902687930e+04 1.218444852866043868e-20 1.733866223930877170e-21
4.426381520935450681e+04 1.002858414613439519e-20 1.822511294545918329e-21
4.428161281247336592e+04 1.159125127419280008e-20 1.761650745699644527e-21
4.429941028831734729e+04 1.243320327769637999e-20 1.791857461128322562e-21
4.431720763681310200e+04 4.223472976040268413e-21 1.634424678933201656e-21
4.433500485788700462e+04 1.108588137858209023e-20 1.786624853169891892e-21
4.435280195147304039e+04 8.662926496250595059e-21 1.770328935097471159e-21
4.437059891750402312e+04 1.238789079115731375e-20 1.760131529315107695e-21
4.438839575590733875e+04 1.414279667901193309e-20 1.891819571761887463e-21
4.440619246660827048e+04 1.103358130302590332e-20 1.760248807189483525e-21
4.442398904954147292e+04 1.856375283418959871e-20 1.783014476620601596e-21
4.444178550464592263e+04 1.571785972765853040e-20 1.815956577355054772e-21
4.445958183183171059e+04 8.646225103878015054e-21 1.780320029149360904e-21
4.447737803103802435e+04 1.028414993062538341e-20 1.775753615578029788e-21
4.449517410219538579e+04 9.421029487592533301e-21 1.805499453037589177e-21
4.451297004523983924e+04 1.330687565997138066e-20 1.767002505944057916e-21
4.453076586009097809e+04 1.387718209193385481e-20 1.815554444121437947e-21
4.454856154667807277e+04 1.256065921726901276e-20 1.781479045256135551e-21
4.456635710493776423e+04 1.180192727332939294e-20 1.824784767329338013e-21
4.458415253479617240e+04 1.364517313673411386e-20 1.849135052581525750e-21
4.460194783618240763e+04 1.557031029168090032e-20 1.806760010774151194e-21
4.461974300902290270e+04 1.540097275016408606e-20 1.692676354479456108e-21
4.463753805325683788e+04 1.173775246187467920e-20 1.909778082840645686e-21
4.465533296880037960e+04 9.474452807005539787e-21 1.808101247163163782e-21
4.467312775559230067e+04 9.270279970138334399e-21 1.723107827022399055e-21
4.469092241356299928e+04 9.569066528792443762e-21 1.817045607909936520e-21
4.470871694263335667e+04 1.093772153848122553e-20 1.843993848870989930e-21
4.472651134273740172e+04 1.000531075369930557e-20 2.011204526731504886e-21
4.474430561380289146e+04 9.949911183955273811e-21 2.091980974340760426e-21
4.476209975576464058e+04 1.436572140189982174e-20 1.799490752171040564e-21
4.477950589681012934e+04 1.261808162489514182e-20 1.843528832873613196e-21
4.479729974364733789e+04 1.126213304365233973e-20 1.935577106430224791e-21
4.481509346111284685e+04 1.510955110094122981e-20 1.952879393118389345e-21
4.483288704918639269e+04 9.732031153491703485e-21 1.792701104513319363e-21
4.485068050778591714e+04 1.233894622586288461e-20 1.881610753928952461e-21
4.486847383685781097e+04 1.346944417294431530e-20 1.747364001076244456e-21
4.488626703631334385e+04 1.701587739720091867e-20 1.838589240283798809e-21
4.490406010608840734e+04 1.170543932224960766e-20 1.845861742207834570e-21
4.492185304611812899e+04 1.258791457848905901e-20 1.774851017426183733e-21
4.493964585631445516e+04 1.160727450017070398e-20 1.826229327431448744e-21
4.495743853662275797e+04 1.165274891261584843e-20 1.845108722130077374e-21
4.497523108696486452e+04 1.016792471413492198e-20 1.878338069308110784e-21
4.499302350726931763e+04 1.328473735631649466e-20 1.932027531594682840e-21
4.501081579746092029e+04 9.992564545910521149e-21 1.785861674319328736e-21
4.502860795747191150e+04 9.923518449597913301e-21 1.894329080018137924e-21
4.504639998723351164e+04 1.083093018603026261e-20 1.843339012503408379e-21
4.506419188667136041e+04 9.594990495180070038e-21 1.922114945956012211e-21
4.508198365571292379e+04 1.223692527760000504e-20 1.982018191658416328e-21
4.509977529428721755e+04 1.071038586079630691e-20 1.931793086535961006e-21
4.511756680231815699e+04 1.221043653397074183e-20 2.031362988966729478e-21
4.513535817974175006e+04 1.348448728251448533e-20 1.949386219744791272e-21
4.515314942648149736e+04 1.065903658081981112e-20 1.779577619615324743e-21
4.517094054246335872e+04 1.146379785047133551e-20 1.896512808175686966e-21
4.518873152762418613e+04 8.343045339049556570e-21 1.841735847574592950e-21
4.520652238187970943e+04 8.165797996782605784e-21 1.929490886328932590e-21
4.522431310521328851e+04 1.169186807924743953e-20 1.929732557542870052e-21
4.524171486968151294e+04 1.022325896424317468e-20 1.985150109259611004e-21
4.525950529400098458e+04 1.329735099469196339e-20 1.804198013917393337e-21
4.527729558713056758e+04 1.395003709811036477e-20 2.028608196310181330e-21
4.529508574899663654e+04 1.198813461443562273e-20 2.054277235568254933e-21
4.531287577952829452e+04 1.097286400980145236e-20 1.939546273364262347e-21
4.533066567865172692e+04 9.601778095922838252e-21 1.915766540800242801e-21
4.534845544629956566e+04 1.082525434788610665e-20 1.886169147794790387e-21
4.536624508238735871e+04 9.760273290745923968e-21 1.922909586648464881e-21
4.538403458685812075e+04 1.162268689136125106e-20 1.919877387530011557e-21
4.540182395962739974e+04 1.209838094726953351e-20 1.965175773719346275e-21
4.541961320062746381e+04 1.352030246308461024e-20 1.943093959184618068e-21
4.543740230978797626e+04 1.221362117487700586e-20 1.977015818361610269e-21
4.545519128703394381e+04 9.524586524022582638e-21 1.925890615504217459e-21
4.547298013228447235e+04 1.535706204661370395e-20 1.946465343003029707e-21
4.549076884548206726e+04 9.511048197217079604e-21 1.873271315888708852e-21
4.550855742654220376e+04 8.277531795592017986e-21 1.808470459415235857e-21
4.552634587540021312e+04 9.394971413101099945e-21 1.883878423024632372e-21
4.554413419197506300e+04 1.275537138289574810e-20 1.806402976403667778e-21
4.556192237620200467e+04 1.242045435886574163e-20 1.833785516096424557e-21
4.557971042799991119e+04 7.045065085138466850e-21 1.886415348710427326e-21
4.559749834730388102e+04 1.060445166769024720e-20 1.866399475471398288e-21
4.561528613403275085e+04 1.100882969932874069e-20 1.911891277806741641e-21
4.563307378812152456e+04 1.465702998564290433e-20 1.928882165739929568e-21
4.565086130949243670e+04 1.130522134683226283e-20 2.075201059107022305e-21
4.566864869806986826e+04 8.650521191744328713e-21 1.906018842566493686e-21
4.568643595378658210e+04 1.137118285334107493e-20 2.022772050212908065e-21
4.570422307656321209e+04 1.198262330321413729e-20 1.840232195386145956e-21
4.572201006633602810e+04 7.922249444506194486e-21 1.998957511887424941e-21
4.573979692301860632e+04 1.395581483246839337e-20 2.007145100659140083e-21
4.575758364654699108e+04 9.604669599186701133e-21 2.052171573680391796e-21
4.577537023684529413e+04 1.289077244677727397e-20 2.006109945138622710e-21
4.579315669383886416e+04 1.143596673933952481e-20 2.028667866240719216e-21
4.581094301745887788e+04 1.032875572890259032e-20 2.046856009117180630e-21
4.582872920761989371e+04 7.860529451101601019e-21 1.995745623753611269e-21
4.584651526426010241e+04 1.434447080908888710e-20 1.975016526473087997e-21
4.586430118730451795e+04 1.552009620673202428e-20 1.984643667362887345e-21
4.588208697667017259e+04 9.449522413089773863e-21 1.979964438771217713e-21
4.589987263229242672e+04 5.811297916440989511e-21 1.886010409250487907e-21
4.591765815409895731e+04 9.046302905720955161e-21 2.016962977415193730e-21
4.593544354203066177e+04 1.310839410588292447e-20 2.039675012924018883e-21
4.595322885931525525e+04 1.717929403204129735e-20 2.102749553147213469e-21
4.597101420179731940e+04 1.139461664487521912e-20 1.971545354678999788e-21
4.598879941015211807e+04 1.175577407997741300e-20 1.942538608868787489e-21
4.600658448431841680e+04 1.209937203962881088e-20 2.069497163874349733e-21
4.602436942421274580e+04 1.322036592044554173e-20 1.909492468655800882e-21
4.604215422976682748e+04 9.675845140302730056e-21 2.002064847694053812e-21
4.605993890090050991e+04 8.789665701887692994e-21 2.096296278192751107e-21
4.607772343754201574e+04 8.934790097811254292e-21 1.896214293938573572e-21
4.609550783962157584e+04 9.523540066134925360e-21 1.987310546673496301e-21
4.611329210705687728e+04 1.065551055571293970e-20 2.119615766493760117e-21
4.613107623977786716e+04 9.948557670823977170e-21 2.017213611603616216e-21
4.614886023771289911e+04 1.237734832737433493e-20 1.956207045125544500e-21
4.616664410078109358e+04 1.436671563650501422e-20 2.192300581949645497e-21
4.618442782891794923e+04 1.295709028692085602e-20 2.033891373294028747e-21
4.620221142203167256e+04 8.774154946580722979e-21 1.913623260715705681e-21
4.621999488006497268e+04 8.176178787190893832e-21 1.886356019172266018e-21
4.623777820293635887e+04 1.004664389477885751e-20 2.074190411541168317e-21
4.625556139057096880e+04 1.011236905826939720e-20 2.059518135524727663e-21
4.627334444289407111e+04 1.132321948903082145e-20 2.013088547224240749e-21
4.629112735982383310e+04 9.314588027472107227e-21 2.175574524241319130e-21
4.630891014130293479e+04 1.043575771087042455e-20 1.986307185001087012e-21
4.632669278723908064e+04 9.740320085540735363e-21 1.931364916034627695e-21
4.634447529756749282e+04 9.731506062536065097e-21 1.969032521824400124e-21
4.636225767221373098e+04 1.676105780044596765e-20 1.974880358373837559e-21
4.638003991109148046e+04 1.450942622579082910e-20 2.075152508800960333e-21
4.639782201413350413e+04 1.206505717116056461e-20 2.069240663827231278e-21
4.641560398127080407e+04 1.420291200366646576e-20 2.088383469454016552e-21
4.643338581241515203e+04 9.624648425951551434e-21 1.971880760830879123e-21
4.645116750750420761e+04 1.028423049371981234e-20 2.097621681516045294e-21
4.646894906644988077e+04 9.040347717096009237e-21 2.092122934728906684e-21
4.648673048918959830e+04 9.721288950223078922e-21 2.024302369815239588e-21
4.650451177563874080e+04 1.296437508904863248e-20 2.049755222747890658e-21
4.652229292572420673e+04 1.277767539554580158e-20 2.103922105799497282e-21
4.654007393937158486e+04 9.296282421546191079e-21 2.016573481080591043e-21
4.655785481650449947e+04 1.366844234451823944e-20 2.042569596630490920e-21
4.657563555704805185e+04 1.135846811556622089e-20 2.327215256945285226e-21
4.659341616093524499e+04 1.183814267245034808e-20 2.188535981996300694e-21
4.661080487223248201e+04 1.187752699927986435e-20 1.995612565873529485e-21
4.662858516554527887e+04 6.933300918200295697e-21 2.092583782601783657e-21
4.664636532192448067e+04 9.737276156662705096e-21 2.043202871436517281e-21
4.666414534133279085e+04 8.448531234697305432e-21 1.964063993846391262e-21
4.668192522368682694e+04 1.291854445192813849e-20 2.307603876596881026e-21
4.669970496892526717e+04 1.588066076982327873e-20 2.104210078255619804e-21
4.671748457696764672e+04 1.289240282373844104e-20 1.984353249409338266e-21
4.673526404772546084e+04 1.329922404404593657e-20 2.029199256369427274e-21
4.675304338113852282e+04 1.220957785074317559e-20 1.942481541712383890e-21
4.677082257712171122e+04 7.635528854677276191e-21 2.188770114936409457e-21
4.678860163559781358e+04 1.429411741769017162e-20 2.087789747379268963e-21
4.680638055650527531e+04 1.382560651344824707e-20 2.146170100850357144e-21
4.682415933975001099e+04 1.555719881397153369e-20 2.140532676333853415e-21
4.684193798526317551e+04 8.399960477408741071e-21 2.181319313817324354e-21
4.685971649297486874e+04 1.177977753944473132e-20 2.076000533265603716e-21
4.687749486279868142e+04 1.258883736748311092e-20 2.205774135890152817e-21
4.689527309466149018e+04 6.926668237337595462e-21 1.963418987332190721e-21
4.691305118848324491e+04 7.207928527119796697e-21 2.117734478938765199e-21
4.693082914419475856e+04 7.051946246579896518e-21 2.101316270423294467e-21
4.694860696171531163e+04 1.181854266354537941e-20 1.968240429274429964e-21
4.696638464096577809e+04 1.156706854605841964e-20 2.044387496142051841e-21
4.698416218187524646e+04 8.872466686301023976e-21 2.143581919261676043e-21
4.700193958436488174e+04 9.951420623663453608e-21 2.069538439875309675e-21
4.701971684840581293e+04 1.142344983685346839e-20 2.242063542843886039e-21
4.703710132795248501e+04 1.086838340958722386e-20 2.060428656357732176e-21
4.705487827760024084e+04 8.492345027392956458e-21 2.069265562728644317e-21
4.707265508851000777e+04 1.730457176038458244e-20 2.231802646499480458e-21
4.709043176061897975e+04 1.592655432242193388e-20 2.294782984480649545e-21
4.710820829383934324e+04 1.007170914000182161e-20 2.160964111740486227e-21
4.712598468809802580e+04 1.035000693501587835e-20 2.204537162139004444e-21
4.714376094331718923e+04 1.021207263872861788e-20 2.190344705848351225e-21
4.716153705942069791e+04 1.246010312236348986e-20 2.178572809510552117e-21
4.717931303633005882e+04 9.622780642687144678e-21 2.105611329256167784e-21
4.719708887396936916e+04 1.126116636532563082e-20 2.175512945677292448e-21
4.721486457226016500e+04 1.238870115908785371e-20 2.319947230298084111e-21
4.723264013112956309e+04 9.574060591905684226e-21 2.245835880046059194e-21
4.725041555049242743e+04 1.204233813996361373e-20 2.158973238112574236e-21
4.726819083027524175e+04 8.446147319458607178e-21 2.054718475341592813e-21
4.728596597040397319e+04 7.046848691245583199e-21 1.997241365429599269e-21
4.730374097079378407e+04 1.279711579070541972e-20 2.261855289718912654e-21
4.732151583137465059e+04 1.409719494123535965e-20 2.326886014233928494e-21
4.733929055206460907e+04 1.458163867389906451e-20 2.164691795811270172e-21
4.735706513278350030e+04 1.046337361555221380e-20 2.160667687457209428e-21
4.737483957345579984e+04 1.147488476081595980e-20 2.242006059125284490e-21
4.739261387400855165e+04 1.287250464186465828e-20 2.283330597037791151e-21
4.741038803435938462e+04 8.088604868103869306e-21 2.019144968809901242e-21
4.742816205443111539e+04 1.217582657822920172e-20 1.999782205323722666e-21
4.744593593414185307e+04 2.167327135984576468e-20 2.201443272110950185e-21
4.746370967342080985e+04 2.752774095793723271e-20 2.455832883890388788e-21
4.748148327218660415e+04 2.721446754368397760e-20 2.359530971162461627e-21
4.749925673035707587e+04 1.818126107233547364e-20 2.269949539731476296e-21
4.751703004786208476e+04 1.311292868965221435e-20 2.363636115101365282e-21
4.753480322461861215e+04 7.955562639874990450e-21 2.294382481856598477e-21
4.755257626054978027e+04 1.016756950328340422e-20 2.143521520615967718e-21
4.757034915557622298e+04 9.312908294203260786e-21 2.332753300783413313e-21
4.758812190962038585e+04 8.400123804755052192e-21 2.203343663532371725e-21
4.760589452260696999e+04 1.091964498742940884e-20 2.169169458099797591e-21
4.762366699444704136e+04 1.214685795821197731e-20 2.394661506580644334e-21
4.764143932507297723e+04 1.534587227293785463e-20 2.462268720888910933e-21
4.765921151440210087e+04 8.093764921302035503e-21 2.255274005793509965e-21
4.767698356235682149e+04 1.229897064185701921e-20 2.089379324017814569e-21
4.769475546885716176e+04 1.634718616669267043e-20 2.348885342746375208e-21
4.771252723382575641e+04 1.685606023523797568e-20 2.224538221451111658e-21
4.773029885718644073e+04 1.115995414228474841e-20 2.227215014031360800e-21
4.774807033885402780e+04 9.360018093399720511e-21 2.291588036993192184e-21
4.776584167875644926e+04 1.402207537251914595e-20 2.212111318970216026e-21
4.778361287680412352e+04 1.012566239126776055e-20 2.212329450953480330e-21
4.780138393293276749e+04 1.027561971010288493e-20 2.186325699722808467e-21
4.781915484705187555e+04 1.467909663713513350e-20 2.046311137294683902e-21
4.783692561908705829e+04 1.459067964388090393e-20 2.275440960098948843e-21
4.785469624896168534e+04 1.165734948413577864e-20 2.217692880709063878e-21
4.787246673659044609e+04 1.423544958383084737e-20 2.484490294676248999e-21
4.789023708190070465e+04 1.498295673212716787e-20 2.515588618846270284e-21
4.790800728480984253e+04 4.509121358489066485e-21 2.387040956443438557e-21
4.792577734523530671e+04 5.366126112134633787e-21 2.435006530222442933e-21
4.794354726310062688e+04 8.065989568974624821e-21 2.338150830458960729e-21
4.796131703833444044e+04 7.215955412153527551e-21 2.435491382411513350e-21
4.797908667083849286e+04 6.259461438291095698e-21 2.443458545430994780e-21
4.799685616055910214e+04 8.246882998003239191e-21 2.483050378641049344e-21
4.801462550738779828e+04 8.964845403558666807e-21 2.419488287860833264e-21
4.803239471126292483e+04 8.612415773940633981e-21 2.307929018792200791e-21
4.805016377210850624e+04 8.976808559752997433e-21 2.292605394800097959e-21
4.806793268983019516e+04 1.247056122986846252e-20 2.379353983635172227e-21
4.808570146436680079e+04 9.834626072075707292e-21 2.278835622946412777e-21
4.810347009561616869e+04 8.091262374929817612e-21 2.385178252052460143e-21
4.812123858351016679e+04 6.373282280361515088e-21 2.258836574174230222e-21
4.813900692797525699e+04 1.376678295368561925e-20 2.260865247498281121e-21
4.815677512891767401e+04 1.084740105206478196e-20 2.504564387345568326e-21
4.817454318627170869e+04 6.350192042172459263e-21 2.557101427490514523e-21
4.819231109994256985e+04 1.338865709631217670e-20 2.467649260835426827e-21
4.821007886985816003e+04 6.802844712468799007e-21 2.439914677654289279e-21
4.822784649594424991e+04 1.024766858445860393e-20 2.473450017918641429e-21
4.824561397811111965e+04 8.294730008052570963e-21 2.536521409630958069e-21
4.826338131628623523e+04 9.374738254888263273e-21 2.614032897560367051e-21
4.828075317650442594e+04 1.511164213632608319e-20 2.471097843778640156e-21
4.829852017301591695e+04 1.398191218449445251e-20 2.652985083120773346e-21
4.831628635384651716e+04 2.332776180721142988e-20 2.549498211228716174e-21
4.833405238281642232e+04 1.032292450613662309e-20 2.336254753733924751e-21
4.835181826740477118e+04 1.002505575137495401e-20 2.509032255054819062e-21
4.836958400752461603e+04 1.024057495146863813e-20 2.594891256236633178e-21
4.838734960310214228e+04 7.308211226287617427e-21 2.504443291549290389e-21
4.840511505404600030e+04 9.843615030619267326e-21 2.423238963371743291e-21
4.842288036029000068e+04 7.085904996540930282e-21 2.504691641474760147e-21
4.844064552174216806e+04 1.324494968370365293e-20 2.591089879430422638e-21
4.845841053832941543e+04 1.088780848146882454e-20 2.379152579408617839e-21
4.847617540996702883e+04 1.151236286353027921e-20 2.402562801740261513e-21
4.849394013657404139e+04 8.548205064083285547e-21 2.454820550831792318e-21
4.851170471806988644e+04 1.241495375502894651e-20 2.569617958720000158e-21
4.852946915436589188e+04 1.334057793830320631e-20 2.501246290194549419e-21
4.854723344539571553e+04 1.292501214034515637e-20 2.546229461291173438e-21
4.856499759107066347e+04 1.231573884989351062e-20 2.483479629364147133e-21
4.858276159130992892e+04 8.586582366508346980e-21 2.498918672884352371e-21
4.860052544602895796e+04 9.806041688280500162e-21 2.579273664721247208e-21
4.861828915515614790e+04 1.176454470114038497e-20 2.422639321951895049e-21
4.863605271859744971e+04 7.102379060954245054e-21 2.402728040944971688e-21
4.865381613632925291e+04 8.185544998639245333e-21 2.364578418678597622e-21
4.867118326726626401e+04 1.254223673817365794e-20 2.364822386821027172e-21
4.868894635575257416e+04 4.327995531863519478e-21 2.291624807685277358e-21
4.870670929823330516e+04 6.855138859738135216e-22 2.337508456189977032e-21
4.872447209462432511e+04 1.410450350894494124e-21 2.552226848532376220e-21
4.874223474484648614e+04 8.399749204419748563e-21 2.512773615773273045e-21
4.875999724881179282e+04 1.282814132072807589e-20 2.391368946203636086e-21
4.877775960644539009e+04 2.125323145758386339e-21 2.252927242715784546e-21
4.879552181765446585e+04 1.025104944791780328e-20 2.467597848099001843e-21
4.881328388236506726e+04 4.453015506342024828e-21 2.460730941441193258e-21
4.883104580050134246e+04 1.376438683517985212e-20 2.634221330444511790e-21
4.884880757196806371e+04 1.224165066146989786e-20 2.460120843315962963e-21
4.886656919669352646e+04 1.144010720118967873e-20 2.396699050579140392e-21
4.888433067459907761e+04 1.044193746452307570e-20 2.375478342867971151e-21
4.890209200558903103e+04 6.953683940986695138e-21 2.343843338937850658e-21
4.891985318959077267e+04 1.278563082171887105e-20 2.475302180792675472e-21
4.893761422652321926e+04 1.142891693943560802e-20 2.477882737669661410e-21
4.895537511629280198e+04 1.501055693863677284e-20 2.622677525605391557e-21
4.897313585882076586e+04 1.097840077082091171e-20 2.401657166437610403e-21
4.899089645403253235e+04 8.921101087570138148e-21 2.378161237680850602e-21
4.900865690184086998e+04 6.072831567198568602e-21 2.336249598905405319e-21
4.902641720216453541e+04 5.988501167830820008e-21 2.362492519682664464e-21
4.904417735492398060e+04 7.727884294291855442e-21 2.361106053375975490e-21
4.906193736002942751e+04 1.397474141205416882e-20 2.368972058274521015e-21
4.907969721740602836e+04 6.374483549026178674e-21 2.647112515038406086e-21
4.909745692696637707e+04 1.256836496307918857e-20 2.392295699734489592e-21
4.911521648863240989e+04 1.595499281241062102e-20 2.475066342252652557e-21
4.913297590231365757e+04 9.422377500652771265e-21 2.619028092305118264e-21
4.915073516793079034e+04 3.477255566351670100e-21 2.399986280473538833e-21
4.916849428540152439e+04 8.437868738846127668e-21 2.475586644318235825e-21
4.918625325463819900e+04 1.006061641148070650e-20 2.297695534441435537e-21
4.920401207556605368e+04 8.111178212096509052e-21 2.503940213827979587e-21
4.922177074809802434e+04 7.927454149959126768e-21 2.520238299298478855e-21
4.923952927214717056e+04 7.584798350919579738e-21 2.527969540465064898e-21
4.925728764763824438e+04 7.105789706459257104e-21 2.672291859498731218e-21
4.927504587448338862e+04 6.892021977262797985e-21 2.495286652055154691e-21
4.929280395259298530e+04 9.912761631336538358e-21 2.390334739464626474e-21
4.931056188190156536e+04 8.093073719939712808e-21 2.600874967223175250e-21
4.932831966230719263e+04 8.913817917704774814e-21 2.480716504147980076e-21
4.934607729374179326e+04 1.378565974618891234e-20 2.602616162961776744e-21
4.936383477611368289e+04 1.445242782656541025e-20 2.440072604621053201e-21
4.938159210933999566e+04 1.080979294267648338e-20 2.354331431465562000e-21
4.939934929333715263e+04 1.300919964817522573e-20 2.612909512862759371e-21
4.941710632801717293e+04 1.191510466604502354e-20 2.665952037217261535e-21
4.943486321330091596e+04 3.205953057095329652e-21 2.639479340264880420e-21
4.945261994910756766e+04 1.650671249599531783e-21 2.638226281080899004e-21
4.947037653534632409e+04 1.208809603096941812e-20 2.578697777769487305e-21
4.948813297193733888e+04 3.589391765246087395e-21 2.684626742449506457e-21
4.950588925879924500e+04 1.065035570395133361e-20 2.647004607535027178e-21
4.952364539584198064e+04 1.478446845302917355e-20 2.670976100634980579e-21
4.954140138298823877e+04 1.100666541969274098e-20 2.646014397328053416e-21
4.955915722015016945e+04 1.297411712482002874e-20 2.704752835698962665e-21
4.957691290724430291e+04 1.192064039619107942e-20 2.641602700154502923e-21
4.959466844418548135e+04 1.506232562608034488e-21 2.443642086346755012e-21
4.961242383088663337e+04 1.164283370816761275e-20 2.584955009006406597e-21
4.963017906727065565e+04 1.154078837397511179e-20 2.517489818102478185e-21
4.964793415324890520e+04 5.548086383263136083e-21 2.562529132121032938e-21
4.966568908873428882e+04 1.023292619805731657e-20 2.624740917338205920e-21
4.968344387365250441e+04 1.160813389168057618e-20 2.520484276122002595e-21
4.970119850790478813e+04 6.916580084642969399e-21 2.621694496570039796e-21
4.971895299141789292e+04 1.949902299768084733e-21 2.598870051499263785e-21
4.973670732410250639e+04 3.084214451494932682e-21 2.705050419380109045e-21
4.975446150587502052e+04 6.792276373827135999e-21 2.628536527353584256e-21
4.977221553665035754e+04 1.414638911306669752e-20 2.592698074683072807e-21
4.978996941634661925e+04 9.805995197669738155e-21 2.594473902334287093e-21
4.980732451891006349e+04 1.076753903295741804e-20 2.757741179042482231e-21
4.982507805857052153e+04 1.354015379701569885e-20 2.823044139329970134e-21
4.984283144684805302e+04 1.367466799316421863e-20 2.751853684913620378e-21
4.986058468370089395e+04 3.515134624894260550e-20 3.001760677045378433e-21
4.987833776904309343e+04 6.569706343899420212e-20 3.433403793159237415e-21
4.989609070279023581e+04 5.889290791786703362e-20 3.436303501634661131e-21
4.991384348485718510e+04 2.686864511733905662e-20 3.087392422925675126e-21
4.993159611515796860e+04 1.880672216431024029e-20 2.896008544271969630e-21
4.994934859360822884e+04 1.694982720268745136e-20 2.808383182231500446e-21
4.996710092012213136e+04 1.861329455450355728e-20 2.812842198381808089e-21
4.998485309461427823e+04 9.475928387450482036e-21 2.630209781178515273e-21
5.000260511700328789e+04 1.088714298761541556e-20 2.652040539693290755e-21
5.002035698719575885e+04 -6.150075246754136275e-22 2.582812153952829773e-21
5.003810870511022949e+04 1.208461804204579778e-20 2.802577291601505954e-21
5.005586027066124370e+04 1.138122887499789139e-20 2.753837652700284961e-21
5.007361168376242131e+04 8.039659028861737159e-21 3.037529065251052527e-21
5.009136294432884461e+04 1.064783131953691374e-20 3.069664704619457288e-21
5.010911405227440991e+04 1.045348520816430407e-20 3.008683966166259309e-21
5.012686500751305721e+04 1.293398209442754488e-20 2.818848512777958050e-21
5.014461580996314296e+04 8.780421194205463626e-21 2.698832896333092369e-21
5.016236645957878500e+04 1.180852785927871693e-20 2.752592058004981908e-21
5.017971753869650274e+04 1.260604182387745127e-20 2.901988456601913652e-21
5.019746784452479187e+04 4.468886456412724806e-21 2.821295183998067711e-21
5.021521799720813578e+04 1.045341078741411547e-20 2.745079506060683008e-21
5.023296799666905281e+04 1.183336029711664151e-20 2.902858697622005118e-21
5.025071784281791042e+04 1.476286518574253530e-20 3.283045671700745996e-21
5.026846753556737531e+04 1.058277138445471332e-20 3.153186520885972500e-21
5.028621707484324725e+04 6.644878391934736882e-21 2.851784401403352295e-21
5.030396646053679433e+04 1.204528089458204033e-20 2.910122821582058919e-21
5.032171569257201918e+04 1.466683329372526926e-20 2.966813058174730467e-21
5.033946477086698724e+04 1.544295331350078345e-20 3.010015686030216667e-21
5.035721369532356039e+04 9.830405254310835425e-21 2.890497172702199135e-21
5.037496246586247435e+04 1.219279860726069408e-20 3.162797476742403441e-21
5.039271108239761088e+04 7.480374493810136255e-21 2.789732443384882384e-21
5.041045954484528193e+04 8.944013612938457370e-21 2.728295713053040904e-21
5.042820785311530926e+04 1.280568397052596488e-20 2.947896631479663609e-21
5.044595600711762381e+04 6.541628654652995654e-21 2.805156622040433358e-21
5.046370400677170255e+04 9.811062308321913927e-21 2.878378346799746079e-21
5.048145185199152183e+04 1.233127661224886048e-20 2.956126058664301405e-21
5.049919954268636502e+04 1.336843986904416902e-20 2.717443867483544217e-21
5.051694707877572364e+04 8.703710382941621364e-21 2.645062622386607094e-21
5.053469446015493304e+04 9.992203988389457961e-21 2.727487398730456958e-21
5.055244168674769026e+04 1.077226363180191919e-20 2.809266744807631320e-21
5.057018875846623996e+04 1.236159563669195018e-20 2.895188206562176206e-21
5.058793567522410012e+04 1.486334966036073663e-20 2.825224657186267223e-21
5.060568243693354452e+04 1.228033562555113176e-20 2.844489804820424206e-21
5.062342904350695608e+04 1.076441160712941234e-20 2.796471800612285401e-21
5.064117549485381460e+04 1.384116023543601159e-20 3.140960825662245017e-21
5.065892179966651020e+04 1.497163771212021149e-20 2.963609766181107744e-21
5.067666795502428431e+04 7.800113606522707205e-21 2.742438465293741438e-21
5.069441395488727721e+04 8.993439844637807462e-21 2.909573632613804130e-21
5.071215979917223740e+04 8.245901533895011743e-21 2.969765583305580586e-21
5.072990548779937671e+04 1.596039454201470455e-20 2.954161474840240456e-21
5.074765102067375119e+04 1.089438660277866253e-20 2.911043247045797774e-21
5.076539639771405200e+04 1.284186570405310473e-20 2.938544092415552532e-21
5.078314161882198096e+04 8.546118695521327614e-21 2.857491645112379649e-21
5.080088668392090040e+04 7.467935791484748754e-21 2.950830957552856042e-21
5.081863159292927594e+04 1.273243167546600632e-20 2.946544517939943732e-21
5.083637634574884578e+04 8.875630756107409954e-21 2.760892895160130406e-21
5.085412094228394562e+04 9.937955632367465207e-21 2.836610773004843070e-21
5.087186538244924304e+04 1.418895299984087799e-20 3.068876963646814976e-21
5.088960966616497899e+04 1.707221277750053497e-20 3.423214156483543572e-21
5.090735379333893798e+04 1.335854534260365749e-20 2.833003358172789760e-21
5.092509776387458987e+04 1.004351347845533967e-20 3.042407991931539687e-21
5.094284157769939338e+04 4.870493151672611753e-21 3.100590486830087649e-21
5.096058523472456000e+04 7.639258896995941193e-21 3.062278490655195692e-21
5.097832873485738673e+04 1.077588973184186442e-20 3.046239569263122697e-21
5.099607207798759191e+04 1.082386394220985798e-20 2.974965830288830998e-21
5.101381526405241311e+04 1.270676686349108905e-20 3.064245002848910024e-21
5.103155829295155127e+04 1.617428550409679761e-20 3.116201729437941381e-21
5.104930116460446880e+04 9.681590904879972547e-21 3.057607142845597847e-21
5.106704387891825172e+04 1.114399685190337116e-20 2.948623068131324191e-21
5.108478643581876531e+04 -2.846458095424043006e-21 2.916552902897901900e-21
5.110252883518773160e+04 1.459368136423495343e-20 3.065267141678973340e-21
5.112027107694697042e+04 1.716850122690776075e-20 3.247001736434074876e-21
5.113801316101481643e+04 4.629203259932334545e-21 3.169819569038795189e-21
5.115575508729903231e+04 9.346844972392767743e-21 2.908742481604965261e-21
5.117349685571752343e+04 1.383113286291721555e-20 3.167818598290931196e-21
5.119123846616971423e+04 1.645009562479501256e-20 2.883229508864826379e-21
5.120897991857461602e+04 1.503707271901929130e-20 3.059562539567026497e-21
5.122631947543260321e+04 1.221081599932523442e-20 3.179827991422009237e-21
5.124406057696431526e+04 1.106674339350744825e-20 3.149283195514485182e-21
5.126180151675552042e+04 4.234198068708162234e-21 3.156690346449419417e-21
5.127954229809449316e+04 1.419563048258770107e-20 3.413000408176157774e-21
5.129728292094885546e+04 1.021914050402387019e-20 3.374279535957551009e-21
5.131502338518975739e+04 1.542378965524416199e-20 3.327831313470725449e-21
5.133276369075262483e+04 2.033402884382364968e-20 3.109829510656984737e-21
5.135050383754384529e+04 1.436986807486151573e-20 3.179577934865973320e-21
5.136824382548166614e+04 1.162533543047311435e-20 3.396654601998580302e-21
5.138598365446880052e+04 1.543524306498948566e-20 3.205560480718613812e-21
5.140372332441451726e+04 1.624192805532127606e-20 3.122547105783926265e-21
5.142146283521876467e+04 1.229969225600808710e-20 3.077263463401447216e-21
5.143920218680967810e+04 1.697009870878909089e-20 3.143627155732199010e-21
5.145694137909307756e+04 6.923364800693326561e-21 2.970180017131351540e-21
5.147468041197580169e+04 1.009457371754918151e-20 3.127843083122331332e-21
5.149241928536744672e+04 2.061044877702208161e-20 3.035487248613411408e-21
5.151015799916619289e+04 2.085656834437754409e-20 3.076460250823188927e-21
5.152789655330082314e+04 1.375483080721251509e-20 3.127036840655679727e-21
5.154563494768101373e+04 7.628341610761197958e-21 2.914527338907993154e-21
5.156337318224121555e+04 5.479597590493782727e-21 2.983181696043244511e-21
5.158111126026129932e+04 6.657261996355034931e-21 3.072979892555781076e-21
5.159844663968413806e+04 1.127400138552688349e-20 2.989501121315921139e-21
5.161618435608456639e+04 1.319464421032698030e-20 3.235383293202175823e-21
5.163392191226275463e+04 1.044431291436614304e-20 3.283320240830324468e-21
5.165165930812843726e+04 1.569802070495400180e-20 3.230683011558010501e-21
5.166939654359022825e+04 1.583582228943461255e-20 3.312702702986049858e-21
5.168713361856886331e+04 1.795948078693612111e-20 3.274010916741950927e-21
5.170487053297005332e+04 1.279143272468648045e-20 3.304928486119383660e-21
5.172260728669872333e+04 6.049092821765442149e-21 3.056319413863087408e-21
5.174034387964842608e+04 7.019891125239976630e-21 3.100708116256949570e-21
5.175808031175527867e+04 7.761772755994334412e-21 3.251181550104218197e-21
5.177581658292035718e+04 1.922186555162825368e-20 3.366288002766196715e-21
5.179355269304436661e+04 1.825519031172193102e-20 2.996233245773727453e-21
5.181128864203680132e+04 9.300075336659215674e-21 3.004854970782217943e-21
5.182902442981392232e+04 7.621585988762099598e-21 2.921065247838967250e-21
5.184676005628737039e+04 9.716279202041490428e-21 3.066993655840085205e-21
5.186449552134751866e+04 1.006243788381150277e-20 3.301307614945412545e-21
5.188223082491056994e+04 9.606261890563984520e-21 3.081402018694190717e-21
5.189996596689938451e+04 1.525182280246450436e-20 3.012498014181702133e-21
5.191770094721166242e+04 5.713651786737862845e-21 3.082941673578694937e-21
5.193543576575207408e+04 7.267302396426917713e-21 3.199757046087468542e-21
5.195317042243201286e+04 7.455278518659895930e-21 2.998301383976338952e-21
5.197090491716011456e+04 8.399904917204766891e-21 3.104409977702597087e-21
5.198863924984868208e+04 1.285761584499055426e-20 3.076762705227935043e-21
5.200637342040154908e+04 4.741898939866094420e-21 3.759610870218845904e-21
