2.878582674535907790e+04 6.747481230979704035e-21 2.658735850167492921e-21
2.880377892722670367e+04 3.188426752654932785e-21 1.756720177250403870e-21
2.882173110102622741e+04 3.819496567768386880e-21 1.614698980753493038e-21
2.883968326668008012e+04 4.547239484870787385e-21 1.709263293250916379e-21
2.885763542410742957e+04 5.467904791151285328e-21 1.657455608082547783e-21
2.887558757323205282e+04 -4.380238116389797053e-22 1.867178445343521749e-21
2.889353971397384157e+04 4.833141447748296606e-21 1.636428845962282997e-21
2.891149184625489215e+04 5.577156780895831281e-21 1.770406845693206353e-21
2.892944396999605306e+04 3.824145203488288500e-21 1.751736267927142099e-21
2.894739608512009727e+04 5.583260530230113900e-21 1.650628266873869650e-21
2.896534819154719662e+04 9.685864314965133846e-21 1.942705352482607194e-21
2.898330028920001860e+04 8.687782426403411458e-21 1.907010196539939280e-21
2.900125237800000468e+04 5.175070842237421995e-21 1.640026465239779798e-21
2.901920445786926211e+04 3.037301385063311830e-21 1.761786875526956169e-21
2.903715652872934515e+04 2.870057559022951338e-21 1.639433571563085058e-21
2.905510859050166982e+04 2.480798712864639683e-21 1.681584003878458243e-21
2.907306064310914007e+04 4.351181794843802055e-21 1.539176338711306491e-21
2.909101268647306642e+04 4.580524338099071364e-21 1.648313322126988049e-21
2.910896472051571254e+04 4.981818157567897035e-21 1.559436623378035829e-21
2.912691674515945124e+04 3.151329090538813303e-21 1.534514392157760375e-21
2.914486876032566943e+04 9.119332299527803225e-22 1.461195261243487725e-21
2.916282076593785678e+04 6.129740095475932782e-21 1.482369856965285229e-21
2.918077276191704368e+04 1.629902381805331672e-21 1.424000476691082197e-21
2.919872474818622868e+04 2.886542433445459841e-21 1.551439218445330353e-21
2.921667672466682416e+04 4.744316068385645167e-21 1.523810614927105384e-21
2.923462869128328748e+04 7.475672889173372916e-21 1.716108900925367122e-21
2.925258064795555038e+04 6.015234486986908496e-21 1.604099394197635503e-21
2.927053259460836125e+04 2.712113371577798935e-21 1.587732822976308745e-21
2.928848453116237579e+04 1.894478789232596645e-21 1.516245705342159852e-21
2.930643645754242243e+04 4.075193415154085739e-21 1.612335540346345731e-21
2.932438837366903317e+04 2.945557254911733450e-21 1.722666616742507089e-21
2.934234027946647257e+04 1.247118078219888436e-21 1.569713232879199868e-21
2.936029217485605841e+04 4.831520645816382881e-21 1.592141402236025311e-21
2.937824405976231719e+04 7.155132151217109448e-21 1.665946764413390715e-21
2.939619593410652669e+04 1.141300335363533967e-20 1.728547783610041938e-21
2.941414779781349353e+04 7.810791642081782712e-21 1.621895932327006014e-21
2.943209965080413167e+04 2.800329081838771199e-21 1.443075666539064093e-21
2.945005149300348057e+04 2.716517680800802088e-21 1.354150415625609882e-21
2.946800332433273434e+04 4.722986467931706444e-21 1.355218470165939073e-21
2.948595514480913334e+04 2.097740938387995161e-21 1.200892470010099500e-21
2.950390752980798788e+04 2.999943369058294497e-21 1.496733525296689676e-21
2.952186064074331080e+04 5.185520350520582263e-21 1.452465534136958572e-21
2.953981374050042723e+04 2.228976405559231800e-21 1.470757370689061281e-21
2.955776682900132073e+04 2.122212348501127410e-21 1.441310878152507211e-21
2.957571990617150732e+04 5.266116839974110163e-21 1.476050117121266757e-21
2.959367297193218837e+04 5.869665853665528691e-21 1.372880547177331882e-21
2.961162602620823600e+04 -1.329962718859524849e-21 1.416695573449450000e-21
2.962957906892233586e+04 -5.937974238012714679e-22 1.392756297300206933e-21
2.964753209999942919e+04 3.933327207784125131e-21 1.343697401606445500e-21
2.966548511936041541e+04 7.717734925338090968e-21 1.478772342793026727e-21
2.968382807251917984e+04 6.897808527618529881e-21 1.475517238389802608e-21
2.970178110396636112e+04 2.751129433273529452e-21 1.409151437145874226e-21
2.971973412355054461e+04 1.905316487757228094e-21 1.364381833020678136e-21
2.973768713110869794e+04 3.388877370471576895e-21 1.396067995043164751e-21
2.975564012656670820e+04 1.960040918861404790e-21 1.259339150533443822e-21
2.977359310984646436e+04 5.046650649006705430e-21 1.360849650422160653e-21
2.979154608087443921e+04 6.672164056842515211e-21 1.375716755183625088e-21
2.980949903957258357e+04 6.005297391384152841e-21 1.441751689694071982e-21
2.982745198586710103e+04 4.450922725943676129e-21 1.428672182162155167e-21
2.984540491967976413e+04 4.583392413378487821e-21 1.342026873393623910e-21
2.986335784093675829e+04 3.423913470580657587e-21 1.304438716735405009e-21
2.988131074956086741e+04 3.042620123035228558e-21 1.393511520195002881e-21
2.989926364547807680e+04 2.622265718928683498e-21 1.299633405013009346e-21
2.991721652861058465e+04 2.252628381255276848e-21 1.442022765686502068e-21
2.993516939888514025e+04 7.301681920181986509e-21 1.453935331929520925e-21
2.995312225622478581e+04 7.372433595020965421e-21 1.393661532155573651e-21
2.997107510055350576e+04 3.500486165057175046e-21 1.284932958816991719e-21
2.998902793179802757e+04 2.299738772540523444e-21 1.351694441101184322e-21
3.000698074979433295e+04 3.906448067296569318e-21 1.341099256285942057e-21
3.002532417994106072e+04 3.497253964008910941e-21 1.264074778007244831e-21
3.004327700719420682e+04 6.491108289024373935e-21 1.286781436569041209e-21
3.006122982105547635e+04 6.119801811924099912e-21 1.329172094827248936e-21
3.007918262144812979e+04 2.043340401982395943e-21 1.285347818592468476e-21
3.009713540829926569e+04 2.817024983990614699e-21 1.250798170791419543e-21
3.011508818153174070e+04 3.927122198612432513e-21 1.285080513031757699e-21
3.013304094107239871e+04 3.227843229583737900e-21 1.321234274626123862e-21
3.015099368684393994e+04 3.627817883534996687e-21 1.407313482921319159e-21
3.016894641877407776e+04 9.244072891253127690e-22 1.277898057799471625e-21
3.018689913678593439e+04 5.498655814248572738e-21 1.281750252790761175e-21
3.020485184080647377e+04 5.067302820776208210e-21 1.345065049322542739e-21
3.022280453075860351e+04 9.982164784942693683e-22 1.275850540079382627e-21
3.024075720656969861e+04 3.111820180714052706e-21 1.197973041446913097e-21
3.025870986816403092e+04 3.952416195108874300e-21 1.365537592987890402e-21
3.027666251546779677e+04 3.263452113678330733e-21 1.338729545790044040e-21
3.029461514840549353e+04 7.120448846920617766e-21 1.391607063496173226e-21
3.031256776690286279e+04 4.776655424709316770e-22 1.389982099865815711e-21
3.033052037088543875e+04 2.704084039491953761e-21 1.373069415039816605e-21
3.034847296027891207e+04 2.887470437492867144e-21 1.235538200617845628e-21
3.036642553500998838e+04 2.343693464943562446e-21 1.294291143334013844e-21
3.038437809500209187e+04 5.437646685110940509e-21 1.372982076536945849e-21
3.040233064018352161e+04 2.920279833792748252e-21 1.282580422608977076e-21
3.042028317047721430e+04 1.008719496731233121e-21 1.253059159688531256e-21
3.043823568581142172e+04 2.226601791455704641e-21 1.246726784012461202e-21
3.045618818611033203e+04 2.788426057696355264e-21 1.250502174570409754e-21
3.047414067130169133e+04 6.482490226896525396e-21 1.311017694842175591e-21
3.049209314130954954e+04 5.292300395660722159e-21 1.231747171765076008e-21
3.051004559606066687e+04 1.320340224544278237e-21 1.218908279726096796e-21
3.052799803548246564e+04 4.209810860175657551e-21 1.308762425564948960e-21
3.054595045949896667e+04 3.734583844486604318e-21 1.266511867209607621e-21
3.056390286803703566e+04 4.843351147327865154e-21 1.196027905858154313e-21
3.058185526102406584e+04 5.478537802069163251e-21 1.313620676000267757e-21
3.059980763838464918e+04 2.610435826984339872e-21 1.309540639392724546e-21
3.061776000004597881e+04 3.524685219671845404e-21 1.351017535920999686e-21
3.063571234593477129e+04 4.884633675631748558e-21 1.225424039484683153e-21
3.065366467597595692e+04 3.210821063462738446e-21 1.169740976379178645e-21
3.067161699009833683e+04 6.962094166353243094e-21 1.306121209910947580e-21
3.068956928822603368e+04 5.402506422694744670e-21 1.246708196223843787e-21
3.070752157028765578e+04 4.304667260654767010e-21 1.236338081428698104e-21
3.072547383620767869e+04 7.144957745263744054e-21 1.249704380161484596e-21
3.074342608591500539e+04 4.941644625479445078e-21 1.299918030512174064e-21
3.076137831933448979e+04 2.658681368163312189e-21 1.233635669886504144e-21
3.077933053639439822e+04 4.506411585598088473e-21 1.261679596818849093e-21
3.079728273702089791e+04 -7.854605484015443852e-22 1.243526318109652027e-21
3.081523492114014516e+04 1.200611471480959328e-21 1.150388650715985664e-21
3.083318708868061731e+04 1.839475529268905414e-21 1.285931080927633700e-21
3.085113923956783765e+04 6.998346997052319161e-22 1.243796564507809350e-21
3.086909137373023623e+04 3.509035100478776518e-21 1.216900986662288586e-21
3.088704349109243049e+04 2.801365804579494667e-21 1.132397185446947703e-21
3.090499559158402553e+04 2.058703479347543355e-21 1.168965067538224707e-21
3.092294767513102124e+04 3.983531513344006786e-21 1.219914513267963285e-21
3.094089974166137836e+04 9.214172575269630241e-22 1.209149264285031139e-21
3.095885179110204990e+04 3.335265772969985074e-21 1.286939320242301924e-21
3.097680382337919946e+04 2.729343917156730992e-21 1.190149997856845752e-21
3.099475583842176638e+04 4.478683596876694698e-21 1.237300730277557664e-21
3.101270783615607797e+04 3.605482428015606617e-21 1.232151401912687151e-21
3.103065981651033144e+04 2.002242915065471334e-21 1.230424634709095503e-21
3.104861177941035930e+04 2.095635037908652981e-21 1.197501250509929270e-21
3.106656372478709818e+04 6.501819483599648896e-21 1.202685739302907266e-21
3.108451565256418689e+04 4.141169587751168496e-21 1.192472848491744927e-21
3.110246756267277306e+04 1.250708047083995287e-21 1.140210406967372819e-21
3.112041945503798343e+04 1.835751625351266891e-22 1.248282929216103115e-21
3.113837132958811344e+04 6.651330401693579431e-21 1.341740477678398845e-21
3.115632318625239714e+04 2.763600114268656675e-21 1.195082169458438570e-21
3.117427502495619774e+04 2.338875749299925631e-21 1.165192840613190963e-21
3.119222684563064104e+04 7.378185133131243881e-21 1.253179330750362846e-21
3.121017864819986789e+04 1.477029692954795125e-21 1.221720863208983311e-21
3.122813043259434562e+04 1.583101396739765352e-21 1.158130487023145151e-21
3.124608219874166389e+04 3.900485281317205624e-21 1.131028493685525923e-21
3.126403394656927776e+04 1.028451927939438266e-21 1.155068399672097998e-21
3.128198567600590832e+04 1.904004969143015061e-21 1.247854096745648599e-21
3.129993738697911249e+04 2.731440953169552858e-21 1.178184980968291416e-21
3.131788907941928483e+04 5.094373881846878404e-21 1.211884216878885471e-21
3.133584075325091544e+04 3.485458710119946077e-21 1.149696587612431492e-21
3.135379240840514467e+04 2.048055382183912566e-21 1.188891990616616757e-21
3.137174404480881276e+04 3.162251136236289087e-21 1.124263888035754302e-21
3.138969566239195774e+04 3.256073788435327455e-21 1.168114020189150293e-21
3.140764726108192554e+04 2.463550057341299418e-21 1.124093543539906324e-21
3.142559884080724078e+04 -4.969673171096632218e-23 1.216175023966826263e-21
3.144355040149586057e+04 2.457156313525734167e-21 1.178890407304491963e-21
3.146150194307858328e+04 1.877556290324442998e-21 1.197848352672925998e-21
3.147945346548060115e+04 3.433245737097359227e-21 1.181493654780995736e-21
3.149740496863376029e+04 2.819124284620086264e-21 1.068565694340887001e-21
3.151535645246568311e+04 4.119711436969230475e-21 1.115459386999340901e-21
3.153330791690352271e+04 4.716205629154197389e-21 1.179358431124007133e-21
3.155125936187933257e+04 3.716745749862593185e-21 1.252684036400840073e-21
3.156921078731879243e+04 7.641763063974800556e-21 1.250674741038050657e-21
3.158716219315285707e+04 4.836404494919468157e-21 1.314536412846262130e-21
3.160511357931125531e+04 7.181305980776856078e-22 1.227749801406313251e-21
3.162306494571942676e+04 -2.808687221156295552e-22 1.156688379130049982e-21
3.164101629230999970e+04 1.835459039178737780e-21 1.082349027907480852e-21
3.165896761901021091e+04 2.712856241599495935e-21 1.101541992211247368e-21
3.167691892574989106e+04 2.988726518761736293e-21 1.054930992488081339e-21
3.169487021245759388e+04 -1.993487110267867374e-22 1.114272495979177057e-21
3.171282147906313912e+04 1.102174061220067506e-21 1.062221332363982535e-21
3.173116665784583165e+04 2.397544160580702735e-21 1.146455074574428794e-21
3.174911791148212433e+04 3.621347954612210458e-21 1.069867017793170348e-21
3.176706915244758420e+04 3.481728646158369483e-21 1.224852478223340908e-21
3.178502037310814922e+04 1.721050344296381801e-21 1.301235279254123011e-21
3.180297157330799382e+04 1.903126614854607927e-21 1.196000298395462723e-21
3.182092275297878587e+04 2.700334640378067330e-21 1.305660110514858404e-21
3.183887392106232437e+04 -1.496081263663600140e-21 1.139544749805640934e-21
3.185682587483110547e+04 8.077811769364636782e-22 1.127950381009546893e-21
3.187477833876151635e+04 3.737151601327707057e-21 1.146381330030922271e-21
3.189273078770613938e+04 2.846099858151999383e-21 1.156908535764386964e-21
3.191068321576188464e+04 2.637507854373827133e-21 1.214241940273699041e-21
3.192863562286023080e+04 3.091431647469372423e-21 1.134490822142008562e-21
3.194658800893171065e+04 4.236736403076988570e-21 1.115795404675093362e-21
3.196454037390308804e+04 4.108152940631412558e-21 1.185285959994818260e-21
3.198249271770818450e+04 4.059919675855232498e-21 1.197895798461564582e-21
3.200044504027323273e+04 1.075700173805090043e-21 1.144375049122847138e-21
3.201839734153093013e+04 5.687642187429938509e-21 1.205277069716492577e-21
3.203634962140933203e+04 4.645425049162998664e-21 1.232825337863864975e-21
3.205430187984165241e+04 5.229542524341902733e-21 1.137633062523081115e-21
3.207225411675489522e+04 2.791896538248232269e-21 1.017547238994117048e-21
3.209020633199269651e+04 1.409161643676026142e-21 1.150764997989881177e-21
3.210815851794754781e+04 5.028015110410521508e-21 1.177070809232549069e-21
3.212650542475406473e+04 6.282130337449961082e-21 1.207475803156458179e-21
3.214445760997013349e+04 2.460163265979841782e-21 1.157710673235716245e-21
3.216240977331313115e+04 3.569297491236087564e-21 1.177129014901231073e-21
3.218036191471580969e+04 7.153107926434308433e-22 1.142496388334506865e-21
3.219831403410710845e+04 1.374184973587449835e-21 1.140029409209591106e-21
3.221626613141815324e+04 1.570295545522890602e-21 1.176416770193939192e-21
3.223421820657898206e+04 4.121628779627332592e-21 1.115241184166246057e-21
3.225217025952209951e+04 1.325723164982435609e-21 1.043055285451340761e-21
3.227012229017674326e+04 2.956874399126033943e-21 1.039460546427058526e-21
3.228807429847109233e+04 3.175784239732859780e-21 1.085784694753708794e-21
3.230602628434002690e+04 1.028455343647883617e-21 1.284492431658581643e-21
3.232397824771312662e+04 3.697224191091351805e-22 1.162416031489399195e-21
3.234193018851869419e+04 3.151183490045987604e-21 1.149049165200689158e-21
3.235988210669130058e+04 3.218422055374952393e-21 1.131706880518710265e-21
3.237783400216084556e+04 2.579131644641749088e-21 9.477763228779584350e-22
3.239578587485466051e+04 3.142368025902896333e-21 1.138521646061501690e-21
3.241373772470935364e+04 -1.438121428451232590e-22 1.112786294627908528e-21
3.243168955165236548e+04 5.050744492802034671e-21 1.189552140938514008e-21
3.244964135561639341e+04 2.582376385457651895e-21 1.104650904902626747e-21
3.246759313653107529e+04 3.465670113968705961e-21 9.846842283145405536e-22
3.248554489432894479e+04 5.443562251729758809e-21 1.147142790939935526e-21
3.250349662894078574e+04 5.770632749914204717e-21 1.040239179443855496e-21
3.252144834029664707e+04 9.617073396293178011e-22 1.037606557498109377e-21
3.253940002833049948e+04 5.856137706833647120e-21 1.127026056157739222e-21
3.255735169297185712e+04 4.514616627760653468e-21 1.114390911266356066e-21
3.257530333415115092e+04 2.856667192030231110e-21 1.083111847584918883e-21
3.259325495180320650e+04 2.701172773345421915e-21 1.111717099144741232e-21
3.261120654585682132e+04 3.482683150291967568e-21 1.103571227477440901e-21
3.262915811624380876e+04 2.082465398772191714e-21 1.093966846658743301e-21
3.264710966289427597e+04 1.134750125833896625e-21 1.098707084112830749e-21
3.266506118574520224e+04 3.641788346735524120e-21 1.052846364582421526e-21
3.268301268472409356e+04 5.000598083667710587e-21 1.048468365955343904e-21
3.270096415976053686e+04 1.321859124346562376e-21 1.017971143967975592e-21
3.271891561079148960e+04 3.102648003834108861e-21 1.096064576369620485e-21
3.273686703774643684e+04 3.764447987312253397e-21 1.004235196163305757e-21
3.275481844055595138e+04 2.193178238776098444e-21 1.069604496095852580e-21
3.277276981915311626e+04 5.461747274153370409e-21 1.162863969229840711e-21
3.279072117347039602e+04 3.069084210137491641e-20 1.446061261961440304e-21
3.280867250343963678e+04 1.041359068005736441e-19 2.153302433484765900e-21
3.282662380899181153e+04 1.004202199764606668e-19 2.161079319652877187e-21
3.284457509005982138e+04 2.809553603146949656e-20 1.389485581317901533e-21
3.286252634657485032e+04 5.730516870853393626e-21 1.067113922928693917e-21
3.288047757847035973e+04 6.902933806375893916e-22 1.144768981159670171e-21
3.289842878567762091e+04 6.790869227266167346e-21 1.142276328291540706e-21
3.291637996813001519e+04 7.116871969027728931e-21 1.184467910467915503e-21
3.293433112575844279e+04 3.886136844883282425e-21 1.166182926672506254e-21
3.295228225849505543e+04 1.676873122001947958e-21 1.069302464554887947e-21
3.297023336627292883e+04 1.910970570873881095e-21 1.134314093914372916e-21
3.298818444902549527e+04 5.554096302445337568e-21 1.133977600668862667e-21
3.300613550668297830e+04 3.868823615107910765e-21 1.095319870776740447e-21
3.302408653918132768e+04 4.500981427679410434e-21 9.693042784926632817e-22
3.304203754644793662e+04 3.859992549412405039e-21 1.041842424108445816e-21
3.305998852841983899e+04 1.816430118814094167e-22 1.074096579779880272e-21
3.307793948502830608e+04 2.795402315533890295e-21 1.058202829740040987e-21
3.309589041620544594e+04 3.152632068245364896e-21 1.138832454395997979e-21
3.311384132188501098e+04 3.262396641279331536e-21 1.122120380523984264e-21
3.313179220199828706e+04 2.363255320080850304e-21 1.084066526058869213e-21
3.314974305647919391e+04 2.870313895669894887e-21 1.090538080683089172e-21
3.316769388525877730e+04 2.861602163217259835e-21 1.127895214159606151e-21
3.318564468827337259e+04 2.569737322710612099e-21 1.066499901240420045e-21
3.320359546545222111e+04 3.494350593853972172e-21 1.074320751283517084e-21
3.322154621673135262e+04 5.547753495957421678e-21 1.128989141225012157e-21
3.323949694204076513e+04 3.628493408511387792e-21 1.038220388080808393e-21
3.325744764131784177e+04 3.792848573041941500e-21 1.004994314794177962e-21
3.327539831448996847e+04 1.793250335958692585e-21 1.063372386176341317e-21
3.329334896149456472e+04 2.914363245941709217e-21 1.043055152108843792e-21
3.331129958226406598e+04 -8.187729847656437698e-22 1.038938547143896404e-21
3.332925017673123511e+04 2.044128388380088761e-21 1.030447776906410389e-21
3.334720074482803466e+04 3.276252014559346751e-21 1.035582291608664563e-21
3.336515128649036342e+04 3.306392164200941922e-21 1.056255424143784567e-21
3.338310180164965277e+04 6.874825865906739389e-21 1.125141672464665057e-21
3.340105229023849824e+04 6.542442575015476540e-21 1.036026848603609633e-21
3.341900275219361356e+04 5.479825054971826962e-21 1.201011392528199306e-21
3.343695318744720862e+04 2.547019232646017718e-21 1.041680847177475312e-21
3.345490359593051107e+04 2.464509379607330997e-21 1.038144998414584446e-21
3.347285397757921601e+04 3.463525958056988184e-21 1.125780482410437631e-21
3.349080433232622454e+04 3.756766129724283029e-21 1.059234752864485321e-21
3.350875466010448145e+04 2.932957355705205575e-21 1.148325527599802257e-21
3.352670496084919432e+04 3.460089378058149404e-21 1.120162979350083804e-21
3.354465523449389002e+04 2.377878121765871113e-21 9.914106173900656297e-22
3.356260548097285209e+04 5.297905414293990210e-21 1.043986068053740107e-21
3.358055570021754102e+04 4.762091764423743262e-21 1.044361960728166856e-21
3.359850589216229127e+04 6.051847465731899413e-21 1.102104083842962366e-21
3.361645605674302351e+04 4.340381829989990097e-21 1.053280871893819183e-21
3.363440619389176572e+04 5.059966123219601069e-21 1.041769324378186882e-21
3.365235630354468594e+04 5.188006766923110990e-21 1.102967928782336709e-21
3.367030638563334651e+04 3.163163234694476901e-21 1.048278090275673616e-21
3.368825644009344251e+04 3.422364267690158725e-21 1.082903835947196621e-21
3.370620646685858082e+04 2.719424855065040039e-21 1.068790864732114550e-21
3.372415646586228104e+04 2.327532457099700063e-21 9.597993799782888126e-22
3.374210643703985988e+04 3.624717078014225115e-21 1.019088388442550142e-21
3.376005638032366551e+04 3.583294469896809759e-21 1.053188019952216328e-21
3.377800629565084819e+04 4.304635213936839702e-21 1.103312720750293920e-21
3.379595618295313034e+04 3.514233641433451177e-21 1.121785593165724125e-21
3.381390604216558131e+04 3.826843867418421702e-21 1.066779710476213994e-21
3.383185587322339416e+04 1.253199513836220068e-21 1.037012853107722239e-21
3.384980567606056138e+04 2.998131144908838815e-21 1.021022710654686684e-21
3.386775545061087178e+04 3.669447901009193760e-21 9.914181133586070282e-22
3.388570519680998405e+04 3.677233077300153755e-21 1.113900406539841301e-21
3.390365491459146142e+04 3.076571976338703521e-21 1.100293563855163626e-21
3.392160460388944193e+04 3.936894960896413151e-21 9.742854041652323321e-22
3.393955426464320044e+04 3.296766426911921684e-21 1.124691275062728209e-21
3.395750389677791827e+04 5.654249624442802019e-21 1.046860636689529489e-21
3.397545350023685751e+04 3.305317055287139945e-21 1.120523285083464359e-21
3.399340307495379238e+04 5.005377634646276499e-21 1.042796336864348545e-21
3.401135262085774593e+04 5.738068072951611503e-22 1.019899006591362139e-21
3.402930213789124537e+04 3.797997068927042735e-21 1.040649930979218017e-21
3.404725162598358293e+04 2.866748732766105649e-21 1.077187612734367549e-21
3.406520108507041004e+04 2.288475736677541214e-21 9.956049078379288157e-22
3.408315051508913893e+04 1.688916895432515188e-21 9.753585089979952044e-22
3.410149840726798720e+04 2.995124288167087848e-21 1.015395649046387138e-21
3.411944780605434789e+04 1.871109965995217839e-21 9.441985784897182357e-22
3.413739718289805751e+04 2.723359798788258042e-21 1.100403986449345317e-21
3.415534653049087501e+04 3.356706506563990012e-21 1.036823462520576695e-21
3.417329584868599341e+04 4.152977104495910313e-21 1.050794509861870770e-21
3.419124513587734691e+04 1.508619616539576995e-21 1.114947848039859397e-21
3.420919425749631773e+04 3.776623506571888191e-21 1.019987596150179861e-21
3.422714329833809461e+04 3.782575629982968684e-21 1.040528626348255301e-21
3.424509230895465589e+04 4.968562899949632128e-21 1.052141345659033315e-21
3.426304128984929412e+04 2.983245909598185925e-21 1.065477181504982558e-21
3.428099024096325593e+04 4.408431460590890709e-21 9.976595084548873544e-22
3.429893916222146800e+04 3.764983268048121325e-21 1.072142901870461484e-21
3.431688805356447847e+04 1.390816490591154283e-22 1.076537752852326271e-21
3.433483691493490915e+04 5.647207605252210410e-22 9.764233839703776983e-22
3.435278574625415058e+04 1.680246301175200202e-21 1.029546111696989699e-21
3.437073454746520292e+04 2.561370973059410148e-21 1.015403600789378384e-21
3.438868331850960385e+04 3.419560256198395729e-21 1.058678997898386537e-21
3.440663205931046105e+04 3.006775340891650652e-21 1.092109826857312889e-21
3.442458076981121121e+04 6.905199666162438278e-21 1.086768060691691758e-21
3.444252944995142025e+04 3.762527258046644028e-22 1.040161053137451095e-21
3.446047809965220949e+04 8.240258060268787374e-22 1.024912279381289162e-21
3.447842671886610333e+04 1.559854333309575551e-21 9.723308575595694373e-22
3.449637530752349267e+04 1.777362824318906033e-21 9.893757984001833949e-22
3.451432386546842463e+04 2.055242707418645194e-21 9.992329647059652361e-22
3.453227238543993735e+04 1.057084166572741051e-21 9.778822983741116302e-22
3.455062023045130627e+04 2.694821745894253557e-21 1.006927368047724180e-21
3.456856873062249360e+04 2.150535139057444268e-21 9.388315025290085782e-22
3.458651719991751452e+04 -7.953336352657870728e-23 9.714102546226713515e-22
3.460446563826817874e+04 4.106905723665338924e-21 9.603578808454157299e-22
3.462241404559972580e+04 4.408429008868850296e-21 1.008828450299935028e-21
3.464036242186363961e+04 1.054565729928999215e-21 1.024264848341000381e-21
3.465831076699151163e+04 2.616701032386533376e-21 1.033023543799829407e-21
3.467625908090918529e+04 2.051571416525894815e-21 1.002424772909460227e-21
3.469420736356635462e+04 2.669562149676210585e-21 1.067681992188734490e-21
3.471215561489795800e+04 7.629741655035374250e-22 9.959303701795356365e-22
3.473010383483032638e+04 4.231982593401993981e-21 1.074096377272136978e-21
3.474805202330955217e+04 5.167805992755157890e-21 9.803743210826583095e-22
3.476600018027249462e+04 1.627341805984395917e-21 9.564332634119926508e-22
3.478394830564569565e+04 1.509284428152033614e-21 9.319373301422415851e-22
3.480189639937512402e+04 2.157221307467814996e-21 9.297874586707128940e-22
3.481984446139807551e+04 1.335393743044100952e-21 9.901462556268145988e-22
3.483779249163925851e+04 1.369393443928697198e-21 9.326740572777225687e-22
3.485574049004988774e+04 -7.028133949954202443e-22 9.550566795003129638e-22
3.487368845656247868e+04 2.951799484044268667e-21 9.693310537288972911e-22
3.489163639110335498e+04 4.226045178822299074e-21 9.947752049721770279e-22
3.490958429362554307e+04 1.516662731219179482e-21 9.077944105690831901e-22
3.492753216405573767e+04 1.385236120290465806e-21 9.434303565532268136e-22
3.494548000232814957e+04 2.843753938064550315e-21 9.615345428787991897e-22
3.496342780839144689e+04 1.068796555707791212e-21 9.304602409231976699e-22
3.498137558217356127e+04 2.623731801658771686e-21 9.730320337138584430e-22
3.499932332360866712e+04 2.297715216153385978e-21 1.000645260535086497e-21
3.501727103264725883e+04 3.025123616262932347e-21 1.078099427661994244e-21
3.503521870921220398e+04 4.193711564083510916e-21 1.008894335734128946e-21
3.505316635324300296e+04 1.174193228581121139e-21 9.558686857267785698e-22
3.507111396468849853e+04 4.576314083109074480e-21 9.356057528298165988e-22
3.508906154347176198e+04 2.930103443381944644e-21 1.058146846088394523e-21
3.510700908953415637e+04 3.753746382556388873e-22 8.776146376224818306e-22
3.512495660281735036e+04 2.358823331084775359e-21 1.009967981757741530e-21
3.514290408325638418e+04 1.958180081242867874e-21 9.384906298755186901e-22
3.516085153078455915e+04 1.679578596392812657e-21 9.975882865541077618e-22
3.517879894534448977e+04 7.581975048006801825e-22 9.435733897033074594e-22
3.519674632687054691e+04 2.746041338414553604e-21 9.351804814350387242e-22
3.521469367529967712e+04 2.724453162088511360e-21 9.109148296199499931e-22
3.523264099057277053e+04 2.065237042268072427e-21 9.717306507626326649e-22
3.525058827262442355e+04 1.935161670856908102e-21 1.045814248004502641e-21
3.526853552139436943e+04 1.760760769630949146e-21 9.748893797444770575e-22
3.528648273681535647e+04 1.820804639262641724e-21 9.744986568501329872e-22
3.530442991883222567e+04 4.440256050309539671e-21 1.004947407151412974e-21
3.532237706737835106e+04 2.708730282672396699e-21 1.000958031918339301e-21
3.534032418238750688e+04 3.819494290663627127e-21 1.002618808602916411e-21
3.535827126380560367e+04 2.004274623247517846e-21 9.078014892316684179e-22
3.537621831156797998e+04 8.590514337615522415e-22 9.701174529039577312e-22
3.539416532560659834e+04 -8.841880736971583241e-22 8.798959877336554462e-22
3.541211230586475722e+04 1.513754852055984037e-21 9.963975074154455201e-22
3.543005925228254637e+04 1.942769566105665214e-21 8.682368633802217689e-22
3.544800616479301243e+04 2.566449967761995325e-21 8.960239521685956723e-22
3.546595304333294189e+04 3.217181830571385848e-21 1.014551678128501412e-21
3.548389988784725574e+04 2.983277735909783823e-21 1.007876028116781694e-21
3.550184669826821482e+04 2.381985164502803024e-21 9.648183590699003864e-22
3.551979347453074297e+04 1.353883864000562082e-21 9.113900378774167654e-22
3.553774021658367565e+04 1.168407870386808710e-21 1.034244267947984542e-21
3.555568692435946286e+04 2.833583081267240510e-21 9.546560830267214898e-22
3.557363359779203893e+04 7.472677762108858805e-22 9.324492632374440945e-22
3.559158023682385101e+04 3.063121755392144174e-22 9.652735059570237636e-22
3.560952684139415214e+04 2.687910709734349388e-21 1.002369569021470026e-21
3.562747341144055099e+04 6.792636161259772864e-22 9.326056696229723982e-22
3.564541994689719286e+04 8.521400164370027996e-22 8.363035144891845450e-22
3.566336644770637213e+04 2.246600052818061478e-21 9.743660635836223572e-22
3.568131291381041956e+04 3.902728513461109764e-21 1.013819022013789935e-21
3.569925934513883840e+04 2.693026811821200026e-21 9.475811078166594344e-22
3.571720574163421406e+04 2.973919864902670511e-21 9.136230677452411031e-22
3.573515210323681822e+04 5.697848671740281949e-21 9.870630439060830940e-22
3.575309842988402670e+04 4.097714046165314328e-21 9.768750270436386163e-22
3.577104472151196387e+04 2.908787346458551410e-21 8.945611683481418022e-22
3.578899097806170175e+04 2.399528314604468317e-21 9.842334641794696638e-22
3.580693719947278441e+04 4.164399812620304078e-21 1.000826940967644567e-21
3.582488338568450126e+04 4.373144482871865395e-21 1.029512308964454362e-21
3.584282953662708314e+04 2.172446007176623335e-21 9.865723458789894851e-22
3.586077565225001308e+04 1.223448103403465907e-21 9.210735014617029929e-22
3.587872173248899344e+04 2.646476770590909707e-21 9.324446938300920372e-22
3.589666777727886074e+04 2.799718243356594525e-21 9.547291283353710534e-22
3.591461378655867884e+04 3.083922466606893353e-21 9.900825201655764589e-22
3.593255976027906581e+04 3.048697920586425138e-21 9.750036797518979320e-22
3.595050569836191426e+04 5.545182204251706247e-22 8.954445043148063514e-22
3.596845160075435706e+04 3.837122965887354996e-21 1.045692757496716473e-21
3.598639746739836846e+04 8.854997583952384212e-22 9.564575963348486735e-22
3.600434329822690052e+04 2.710770358777305783e-21 9.967907476117194404e-22
3.602228909318381920e+04 9.727327522673714622e-22 9.595134714345409540e-22
3.604023485220360453e+04 1.642080457478666581e-21 9.598938721535097246e-22
3.605818057522734307e+04 3.008105462929233803e-21 1.042950527780629031e-21
3.607612626219961385e+04 -1.274457920026900487e-23 1.011956690085498749e-21
3.609407191305118613e+04 1.774923367494150223e-21 9.634408575425455723e-22
3.611201752772459440e+04 2.002299555737122281e-21 1.088475599792216590e-21
3.612996310616002302e+04 1.838625272813175545e-21 9.472708197466905199e-22
3.614790864829450584e+04 1.698745838210729926e-21 9.626588760966169073e-22
3.616585415407398250e+04 2.268555117451109717e-21 8.938773830088215631e-22
3.618379962342723593e+04 4.181435128937789334e-21 1.017596831011150834e-21
3.620174505630063504e+04 -3.773312096065462164e-23 9.817019869781449931e-22
3.621969045263657608e+04 1.284582547130272801e-21 9.683767501825914883e-22
3.623763581236428581e+04 3.080312930055375480e-21 9.350232395665063598e-22
3.625558113543159561e+04 5.906519073644044358e-21 1.064897579472404196e-21
3.627352642177501548e+04 3.649420591700569661e-21 9.679302775444474530e-22
3.629147167133401672e+04 1.963600796865930864e-21 1.019523962625139571e-21
3.630941688405313471e+04 1.518632237404476424e-21 1.022174670944047395e-21
3.632736205986317509e+04 6.746104973125246378e-22 1.036638383945288354e-21
3.634530719870807661e+04 -1.227554871264844182e-21 9.059893975946797909e-22
3.636325230053282576e+04 1.390835590801373822e-21 9.616231209089972549e-22
3.638119736526761699e+04 8.680838361739153470e-22 8.915401278482110605e-22
3.639914239285892836e+04 3.880414583201112914e-21 9.685055121651589955e-22
3.641708738324403384e+04 3.061393040204513229e-21 9.382679731132378647e-22
3.643503233636369987e+04 3.904594483930922484e-21 1.063578210831089463e-21
3.645297725216084655e+04 3.073049419314262361e-21 9.869493499851856035e-22
3.647092213056599576e+04 1.459039590040045701e-21 9.306471109911607455e-22
3.648886697152341367e+04 3.752653393467361320e-21 9.647999161390433487e-22
3.650681177498232864e+04 5.258417212289061715e-21 9.907192902097363316e-22
3.652475654087153089e+04 2.133229498848330986e-21 1.021575218921500104e-21
3.654270126925601653e+04 4.643964507627396566e-21 1.062125725098186154e-21
3.656064633019626490e+04 3.224120372949004691e-21 1.060577724824975349e-21
3.657859144120094425e+04 1.271994345693424248e-21 9.773041803257985747e-22
3.659653651439983514e+04 1.927938520268770335e-21 9.408028016378134195e-22
3.661448154972564225e+04 2.650737916512007960e-21 9.974081348570722611e-22
3.663242654712568037e+04 2.272754188134052701e-21 1.065775798571501956e-21
3.665037150653811841e+04 2.439463271511749989e-21 9.677333472442312163e-22
3.666831642790027399e+04 3.055754461647140015e-21 1.002411732029072349e-21
3.668626131115974567e+04 -2.972011222943865598e-22 9.865365496005960234e-22
3.670420615624864149e+04 1.537967511709726583e-21 9.942585646349614167e-22
3.672215096311108937e+04 1.371106996733057525e-21 9.586457537137836774e-22
3.674009573169203213e+04 3.089060568021144354e-21 9.979196766880549381e-22
3.675804046192308306e+04 2.454895747740858303e-21 9.992960560290732245e-22
3.677598515375175339e+04 1.010979149438073578e-21 8.706860467256237720e-22
3.679392980711410200e+04 2.466047255503780498e-21 9.583714958550835372e-22
3.681187442195069161e+04 2.417623019079584475e-21 9.424984640771942930e-22
3.682981899820819672e+04 2.663312145410811200e-21 9.864102979091437959e-22
3.684776353582009324e+04 4.030324798421770445e-21 9.928128356212902336e-22
3.686570803473125125e+04 4.202894125252461816e-21 9.848639255866473247e-22
3.688365249487949040e+04 2.814208290384783269e-21 1.005142945244824683e-21
3.690159691620471131e+04 2.727392692272163726e-21 1.056982733537936225e-21
3.691954129865558934e+04 2.736688334630505873e-21 1.020251884016914722e-21
3.693748564216210798e+04 3.136375887022970640e-21 9.590275996272127601e-22
3.695583380146101990e+04 2.549083865563796008e-21 9.853193546045322711e-22
3.697377809365453140e+04 2.775806062474057177e-21 1.032105760784225776e-21
3.699172235370921408e+04 3.501752720677677802e-21 1.014467793383735216e-21
3.700966657466725883e+04 1.860952975408745789e-21 9.867264481642665814e-22
3.702761075638320472e+04 1.472285031828018608e-21 1.081939896892720012e-21
3.704555489880272944e+04 -4.966516122270378576e-22 9.761209173213831899e-22
3.706349900186773448e+04 2.591210514293335161e-21 9.850809605797648115e-22
3.708144306551335467e+04 2.664349380785768720e-21 1.015797162953442711e-21
3.709938708968866558e+04 3.177492326795012572e-21 1.013456912763820162e-21
3.711733107432672841e+04 3.453868297622709903e-21 1.051746754927191612e-21
3.713527501937406487e+04 1.000176695654407230e-21 9.618970641786815709e-22
3.715321892476904031e+04 2.915008066618148453e-21 8.621397312143323014e-22
3.717116279045445117e+04 2.633116040423570393e-21 1.002320657123602867e-21
3.718910661637543672e+04 2.814580709098762568e-21 9.478395256480912903e-22
3.720705040246321005e+04 1.825243072015283759e-21 1.042161131905102319e-21
3.722499414866711595e+04 2.551108596426418080e-21 9.874571021525819931e-22
3.724293785492559982e+04 3.868641680495551659e-21 1.031669256076737930e-21
3.726088152118030848e+04 1.607629054946303766e-21 1.048298088812156105e-21
3.727882514737492602e+04 1.301820912917994630e-21 9.406618030467449038e-22
3.729676873344623164e+04 -1.792977492051154104e-21 9.689130938186913399e-22
3.731471227934279887e+04 4.775916170577885015e-22 1.043903122683571391e-21
3.733265578499700496e+04 9.043685438255045366e-22 8.959821388929460121e-22
3.735059925035748165e+04 1.300841896340581736e-21 9.473101343415150830e-22
3.736854267536487896e+04 3.183860465331767545e-21 1.019919639210962177e-21
3.738648605995603430e+04 -1.911724636882799770e-22 9.970448970783549697e-22
3.740442940407981223e+04 2.651436916834502085e-22 9.389818080805825373e-22
3.742237270767016889e+04 8.752725161884866929e-22 1.057573928643439147e-21
3.744031597067606344e+04 2.448708054844788068e-21 9.703968462674688569e-22
3.745825919303626142e+04 4.848131413401695771e-22 9.820022954185371420e-22
3.747620237460520730e+04 1.646303641429996282e-21 9.342158253709869915e-22
3.749455037559650373e+04 1.702167431317778005e-21 8.928128608242916701e-22
3.751249350935184339e+04 2.432428380977085390e-21 1.048002347210408266e-21
3.753043660222469043e+04 2.563925003759181334e-21 1.074903166485426898e-21
3.754837965415800136e+04 2.627629525388493174e-21 1.011807769070462793e-21
3.756632266508934117e+04 2.343756595789063821e-21 9.436442978101703405e-22
3.758426563496673043e+04 3.788331942647374145e-21 9.781788012073485049e-22
3.760220856372755952e+04 1.137730165991303872e-21 1.038592126015691766e-21
3.762015145131455211e+04 2.170742170022285390e-21 1.017529827026693180e-21
3.763809429767417168e+04 3.921966921123504407e-21 9.109946158763546925e-22
3.765603710274086916e+04 3.051071851364598873e-21 1.074160301724806645e-21
3.767397986646302161e+04 1.739897447241022317e-21 1.018095394394499278e-21
3.769192258877743734e+04 3.365724558092087408e-21 1.093412744586616596e-21
3.770986526963391952e+04 2.381756388301243690e-21 1.098053735157450317e-21
3.772780790896602412e+04 4.452785863826547452e-21 1.125447921405997443e-21
3.774575050672364887e+04 1.742970945867506303e-21 9.837439978922315890e-22
3.776369306284460617e+04 3.994724343224639544e-21 1.003050665420698472e-21
3.778163557726958243e+04 1.274335546194088060e-21 9.273862376471794229e-22
3.779957804994629987e+04 3.687076544508380668e-21 9.782329684537112955e-22
3.781752048081105750e+04 1.618485027762551684e-21 9.776421264341394472e-22
3.783546286980850709e+04 2.178147980554817894e-21 1.015749525689066475e-21
3.785340521688693116e+04 1.693805003129405627e-21 1.060320935790691060e-21
3.787134752197802300e+04 1.915585680063159815e-21 9.549322933988410584e-22
3.788928978503585677e+04 3.874414549330413796e-21 9.658385350933511246e-22
3.790723200599395204e+04 2.240106639344255040e-21 9.514209979889044971e-22
3.792517418479704793e+04 1.895504238634750268e-21 9.815276430419426453e-22
3.794311632138995628e+04 -5.564237005336502339e-22 9.561404702773516052e-22
3.796105841571191559e+04 3.305977236926904320e-21 9.810372827218366063e-22
3.797900046771095367e+04 3.058074142729077915e-21 1.010715135521063034e-21
3.799694247732225631e+04 4.668758047331030447e-21 9.903740372386988043e-22
3.801488444449848612e+04 3.161263673369195000e-21 9.750772236635092160e-22
3.803282636916876072e+04 1.683084176418070411e-21 9.777989770055336236e-22
3.805076825128894416e+04 2.551239504547812068e-21 1.008933889165761421e-21
3.806871009079254145e+04 -8.015966323827857158e-22 9.392672473344277395e-22
3.808665188762756588e+04 1.695142952334269705e-21 9.874297391387340397e-22
3.810459364173687936e+04 1.796635769045830296e-21 1.008720596402775652e-21
3.812253535306260892e+04 5.169064361624053317e-21 9.379467711088848542e-22
3.814047702154448052e+04 1.736187006970166739e-21 9.494288172552911069e-22
3.815841864712588722e+04 1.041431645454564603e-21 9.171720451280698866e-22
3.817636022976005188e+04 3.016853327928410007e-21 9.689506241069240158e-22
3.819430176937420038e+04 2.429292712572871737e-21 9.013971112919929132e-22
3.821224326592114085e+04 2.154442261714944976e-21 9.261582748867604306e-22
3.823018471934183617e+04 1.097309479949749984e-21 9.358331183861992246e-22
3.824812612957942474e+04 2.759157924911749356e-21 9.702723736411121200e-22
3.826606749657590990e+04 3.448699613712075732e-21 9.635646402460450882e-22
3.828400882027077751e+04 1.572956917182272894e-21 8.880735162782365645e-22
3.830195010062109941e+04 3.977238095328544964e-21 1.019498954103670408e-21
3.831989133755390503e+04 1.998674096479130337e-21 9.053403407160964483e-22
3.833783253102056915e+04 3.010349402309419063e-21 9.761460443232046700e-22
3.835577368096310238e+04 1.623735649371662621e-21 9.802585216945526917e-22
3.837371478732478863e+04 2.344340570258769734e-22 9.674623634461952740e-22
3.839165585004883906e+04 6.802979068983782572e-22 9.488118058635057962e-22
3.840959686907536525e+04 2.832674874369625001e-21 9.755810271583555284e-22
3.842753784435566195e+04 2.483097858800285482e-21 8.849124901401720330e-22
3.844547877582387446e+04 1.996448000730125139e-21 9.218456843182291613e-22
3.846341966343019885e+04 1.690023775420643140e-21 9.536966155395870507e-22
3.848136050711730059e+04 1.118113539912134814e-21 8.909836389626138210e-22
3.849930130682497838e+04 2.724614439670059672e-21 9.339681297518095007e-22
3.851724206249669805e+04 4.052126063960296693e-21 9.700451911043209574e-22
3.853518277408285212e+04 5.803485473449121972e-23 9.340336144027399831e-22
3.855312344152155856e+04 1.574770131619772030e-21 8.675299591782177405e-22
3.857106406475030235e+04 1.879683006553141000e-21 9.408102715051384654e-22
3.858900464372678834e+04 2.443949674972830081e-21 9.292044596472739956e-22
3.860694517838508909e+04 2.918645860531435419e-21 9.415850526330779668e-22
3.862488566867285408e+04 2.175439438567639447e-21 9.032685557686073811e-22
3.864282611452760466e+04 3.150052674447131363e-21 9.603419586183146506e-22
3.866076651590252732e+04 2.693102215415001716e-21 9.810339642000837634e-22
3.867870687273181102e+04 3.153599095474539726e-21 9.676594136073029493e-22
3.869664718496554269e+04 2.421816778919086089e-21 1.048693992841558712e-21
3.871458745254842506e+04 4.371238728445848252e-21 9.865005341712768562e-22
3.873252767541724461e+04 7.686232285362071596e-22 9.300657646256512740e-22
3.875046785352527513e+04 -3.202131253571435916e-22 8.810349957847747912e-22
3.876840798680836451e+04 1.150008069325910234e-21 9.603334012707436771e-22
3.878634807521382754e+04 2.880319921342856742e-21 9.652473739394425822e-22
3.880428811868561024e+04 8.663102377543482249e-22 8.499817703456233005e-22
3.882222811717246805e+04 1.487003102616651677e-21 9.236595450657399914e-22
3.884016807060548308e+04 3.434625458999395329e-21 9.985253225044661167e-22
3.885810797893920244e+04 3.743904388339142691e-21 9.360086027428676677e-22
3.887604784211536025e+04 4.142286310004151489e-21 9.369202780308702061e-22
3.889398766007804079e+04 2.519128874923305208e-21 9.743770166635023087e-22
3.891192780730320374e+04 4.363857312886322506e-21 1.030195282475846343e-21
3.892986796386710921e+04 4.455483227180735457e-21 9.827878166776857141e-22
3.894780807504912082e+04 -3.498050507243591520e-22 9.567481674314002294e-22
3.896574814078869531e+04 1.296325351332089876e-21 9.933897854015304496e-22
3.898368816103170684e+04 4.094646256496014560e-21 1.020154335880663136e-21
3.900162813572278537e+04 1.046279783115430390e-21 1.005967192832216593e-21
3.901956806480894011e+04 2.833178954421398466e-21 1.062238022851913012e-21
3.903750794822730677e+04 2.832910421041336211e-21 9.634991260645924723e-22
3.905544778593132651e+04 2.087776588188668128e-21 1.017554542328061852e-21
3.907338757785810594e+04 3.713746231775203196e-21 9.849357761574539178e-22
3.909132732395499625e+04 1.673713287045136771e-21 8.735488211423068655e-22
3.910926702416879561e+04 4.252237581792207308e-21 9.708356775783302824e-22
3.912720667843889532e+04 1.581455801705927612e-21 9.429123607501332917e-22
3.914514628671165701e+04 4.249623547289020213e-21 1.039041158731926273e-21
3.916308584893476655e+04 2.045053433931877201e-21 9.974351873600138396e-22
3.918102536504793534e+04 2.546057345115416920e-21 9.818371290784424103e-22
3.919896483500054455e+04 2.460410647472357162e-21 9.424149736031714622e-22
3.921690425873133790e+04 1.771722269675559736e-21 9.101052585713756251e-22
3.923484363618829229e+04 1.375808573022503008e-21 1.014175743590536446e-21
3.925278296731851879e+04 2.741647722006734944e-24 9.729126228041070106e-22
3.927072225206185976e+04 -1.149179550181010317e-21 9.755812020271946117e-22
3.928866149036711431e+04 1.350404933920326048e-21 1.039922207491574501e-21
3.930660068217694061e+04 -4.347778693425359840e-22 1.018579442770911229e-21
3.932453982743156666e+04 2.056387327139032643e-21 9.342582205131796395e-22
3.934247892608545953e+04 -9.891035398698196479e-22 8.591515546148409683e-22
3.936041797807581315e+04 9.565148675336190522e-22 8.923867268375432037e-22
3.937835698335195048e+04 3.136588929422719962e-21 9.107266994850771689e-22
3.939629594185695169e+04 5.385128136984518181e-21 1.051456162985219566e-21
3.941423485353084834e+04 8.644436418393288612e-22 9.308166515433099086e-22
3.943217371833071957e+04 2.480716127532931651e-21 9.649033399396757008e-22
3.945011253618830960e+04 1.476474033954680096e-21 9.105723446043575943e-22
3.946805130705927877e+04 1.173321794359229245e-21 9.327693891283534099e-22
3.948599003087884194e+04 1.739203106063134696e-21 9.535459062429319604e-22
3.950392870759693324e+04 1.955581755183415949e-21 9.972046133386676982e-22
3.952186733716047456e+04 3.523268308663020432e-21 9.866516405393966791e-22
3.953980591950725648e+04 1.644117082696378889e-21 1.024160569986084752e-21
3.955774445459504932e+04 2.357114385669689047e-21 1.002777754074058660e-21
3.957568294235673238e+04 1.336567114957753923e-21 9.427162961871492298e-22
3.959362138274222525e+04 1.125512845663985284e-21 9.835523366545817139e-22
3.961155977569840616e+04 1.563817642239506444e-21 9.232709206568902044e-22
3.962949812116880639e+04 1.223005272615525036e-21 9.311392139265826636e-22
3.964743641909867438e+04 1.085364192458957289e-21 9.766137523007156226e-22
3.966537466943326581e+04 1.752469815069562709e-21 9.527157047390574414e-22
3.968331287211726158e+04 1.198410176944834682e-21 9.851530772798967512e-22
3.970125102709361090e+04 1.014773929633855692e-21 9.436777230760123482e-22
3.971918913431301917e+04 1.528739412640756313e-21 9.984908073710772367e-22
3.973712719371587445e+04 3.493075579782058782e-21 9.897453219706057174e-22
3.975506520525239466e+04 1.519199136929283139e-21 8.779116120661250749e-22
3.977300316886466317e+04 3.068237690582407223e-21 9.592803948357268773e-22
3.979094108449653140e+04 1.903051476032012995e-21 1.021670862684681737e-21
3.980887895209591079e+04 3.897999844874946415e-21 1.072270435024782498e-21
3.982681677161075640e+04 2.847287009988495037e-21 9.423559767813273718e-22
3.984475454298607656e+04 3.171080652672341558e-21 9.455360233817472501e-22
3.986269226615991647e+04 1.994437634342856466e-21 9.909514832113475774e-22
3.988062994108574640e+04 2.783540304805389712e-21 1.027470777462418047e-21
3.989856756770668289e+04 3.773024723712421514e-21 1.052713266316880911e-21
3.991650514596827998e+04 3.901127310523240410e-21 9.878768663190762599e-22
3.993444267581536405e+04 2.578445289346136488e-21 1.006777023758691212e-21
3.995238015719175019e+04 4.003493816117668479e-21 1.017438696985695232e-21
3.997031759004818014e+04 3.261859338385780334e-21 1.030749578436224024e-21
3.998825497432793054e+04 4.614833589833766715e-22 9.992099425818493657e-22
4.000619230997901468e+04 3.893318184110575221e-21 1.020295089127362939e-21
4.002412959694153687e+04 2.235376087234550629e-21 1.048283786238331459e-21
4.004206683516206249e+04 1.868462840892327774e-21 9.743872004083827395e-22
4.006000402459135512e+04 4.059196079172173594e-21 9.799451276742695031e-22
4.007794116517525981e+04 8.492252384475083078e-22 9.823326925030361155e-22
4.009587825685166172e+04 9.527011817407514956e-22 1.040456407813691887e-21
4.011381529957384191e+04 1.780785856098431765e-22 9.722821482440644495e-22
4.013175229328321439e+04 2.082395107189174891e-21 1.013467421500607640e-21
4.014968923793063732e+04 5.156892378330461523e-22 1.056881705879347112e-21
4.016762613345962745e+04 1.128077515408021896e-21 1.074754446249962502e-21
4.018556297981794341e+04 2.460956598915245614e-22 1.086486459966738462e-21
4.020349977694693371e+04 1.175447586721012847e-21 1.050778997253017257e-21
4.022143652479537559e+04 4.765476503946314981e-21 1.136007712076811183e-21
4.023937322330679308e+04 2.412783037458521776e-21 1.031773757729055090e-21
4.025730987243480922e+04 2.289760310153642820e-21 1.100705170376761280e-21
4.027524647211715637e+04 1.736970851206852221e-21 1.107510973866368619e-21
4.029318302230309928e+04 5.934626208742061168e-22 1.124825393494440504e-21
4.031111952293634386e+04 -3.463155160971600413e-22 1.115296876469195775e-21
4.032905597397068777e+04 2.270162453665187405e-21 1.087707218991964271e-21
4.034699237534465647e+04 4.858086276229437200e-21 1.024691449111109729e-21
4.036492872700613952e+04 3.393609591404886086e-21 9.655430764087639934e-22
4.038286502889963594e+04 9.283735564541533821e-22 9.923708465539981504e-22
4.040080128097905981e+04 2.114362396876761457e-21 1.025422303047697440e-21
4.041873748318308208e+04 -1.220026000092626164e-22 1.058146903191883346e-21
4.043667363546039269e+04 4.081974491320820439e-22 1.039387879201212359e-21
4.045460973775664752e+04 8.813237522623757993e-22 9.485708793814248249e-22
4.047254579001892125e+04 1.601655297355255886e-21 9.950522829025527098e-22
4.049048179219361191e+04 1.294502477178587002e-21 1.008090449889068545e-21
4.050841774422967865e+04 1.864929607296985683e-21 9.750494685534267169e-22
4.052635364606831718e+04 6.592487340542209461e-22 9.849167690231841638e-22
4.054428949765778816e+04 3.210799017936182112e-21 1.114130482441399603e-21
4.056222529894535546e+04 9.877705027164418123e-22 9.659643726866034982e-22
4.058016104987750441e+04 1.139865852506565813e-21 9.987691361535802604e-22
4.059809675040073489e+04 -6.564382911533278124e-22 9.559510319682693798e-22
4.061603240046151768e+04 5.922253119173803418e-22 1.076357923603349613e-21
4.063396800001076917e+04 2.188422541993115267e-21 1.022899646970367059e-21
4.065190354898560327e+04 2.373209318232367154e-21 1.104125552588115125e-21
4.066983904733772215e+04 3.176254295553405860e-21 1.010401985468562294e-21
4.068777449501380761e+04 4.459078131386696980e-21 1.055026483315809540e-21
4.070570989196041774e+04 7.517014229318478366e-22 1.018393403213526475e-21
4.072364523812348489e+04 1.280115831190611145e-21 1.071285638856924540e-21
4.074158053345297958e+04 2.139951912129576218e-21 1.035893810380051848e-21
4.075951577789051225e+04 1.177063963033880476e-21 9.730245260478721371e-22
4.077745097138796700e+04 3.216812213431780402e-21 1.094004994357949191e-21
4.079538611388697609e+04 2.972757057929650209e-21 1.079720186525082168e-21
4.081332120533873967e+04 3.142406172413058466e-21 1.071093807131449988e-21
4.083125624568406056e+04 3.624255863109782040e-21 1.057306501896048386e-21
4.084960226513185626e+04 1.573429280493296511e-21 1.076660678216113665e-21
4.086753723606410495e+04 2.398277914993057378e-21 1.063879004170880205e-21
4.088547215580690681e+04 2.380472743635304385e-21 1.030929442232858154e-21
4.090340702423159382e+04 -2.866062085299068089e-22 1.023968034207516436e-21
4.092134184128964262e+04 2.415623615040343159e-21 1.008182893396981903e-21
4.093927660691361962e+04 3.772668851886984471e-21 1.116609532106956530e-21
4.095721132107288577e+04 4.221768731139348078e-21 1.085944900113121760e-21
4.097514598369453597e+04 2.773869275944528595e-21 1.056021443635078576e-21
4.099308059473285539e+04 2.638958400526026510e-21 9.712343116278156047e-22
4.101101515413704328e+04 7.565773471790231187e-22 9.970824074081944398e-22
4.102894966184940859e+04 5.944095459610267329e-21 1.082835833527572872e-21
4.104688411781978357e+04 2.938985932304308180e-21 1.141438007003400640e-21
4.106481852200021967e+04 2.301346767060261049e-24 1.178449492246228261e-21
4.108275287432532059e+04 3.625337431459922799e-21 1.173996227387269989e-21
4.110068717475431913e+04 3.938239112958731063e-21 1.126957559941843817e-21
4.111862142323190346e+04 3.110676175667558367e-21 1.060580968913644617e-21
4.113655561969559494e+04 3.555933368595922821e-21 1.178230124876888387e-21
4.115448976410508476e+04 3.434692145092432857e-21 1.136412995691673385e-21
4.117242385640017164e+04 3.585811938445472849e-21 1.226260236790954832e-21
4.119035789653287065e+04 1.562277051191519025e-21 1.047821624225282116e-21
4.120829188444763713e+04 3.791762170874568201e-21 9.865124042150460840e-22
4.122622582008961763e+04 3.957450932229222231e-21 1.031766637330298621e-21
4.124415970401242521e+04 1.253192847129701246e-21 1.073039045047602704e-21
4.126209358636503748e+04 -7.073037746712092761e-22 1.026076854495803777e-21
4.128002742437966663e+04 1.128261659595589367e-21 1.102289691785194326e-21
4.129796121000045969e+04 2.015077731377185224e-21 1.120630641284296733e-21
4.131589494308696885e+04 9.104004890876466647e-22 1.012563550880275469e-21
4.133382862358443526e+04 -1.436729294760833240e-21 1.037842742578656913e-21
4.135176225144780619e+04 1.988800577273568376e-21 1.122473422293342944e-21
4.136969582661194727e+04 2.986003246559631898e-21 1.115662948557880917e-21
4.138762934903677524e+04 3.741260519824637935e-21 1.113828423962336793e-21
4.140556281866450445e+04 2.643878630994787840e-21 1.043817545174467636e-21
4.142349623544035421e+04 2.556563010549353960e-21 1.060965630532604744e-21
4.144142959931710357e+04 2.459368613890358996e-21 1.099031761392252934e-21
4.145936291023980448e+04 5.427468965712211365e-21 1.117318317846191892e-21
4.147729616815343616e+04 2.427521802298628314e-21 1.049589121828981332e-21
4.149522937301045022e+04 1.572163050270609345e-21 1.175127020832592304e-21
4.151316252475825604e+04 2.862487936098156948e-21 1.106201149469634184e-21
4.153109562333481881e+04 2.545386018723433606e-21 1.142894006781265243e-21
4.154902866870550497e+04 3.116570265308995790e-21 1.154979923354504300e-21
4.156696166080029798e+04 2.652501818934570904e-21 1.059723159199099039e-21
4.158489459957699728e+04 3.108762674912129225e-21 1.110036087034219292e-21
4.160282748498035653e+04 1.388670444719346492e-21 1.037177719485294165e-21
4.162076031695573329e+04 4.572419524578604995e-21 1.066971745542566000e-21
4.163869309538396919e+04 1.293341695591073391e-21 1.146010306633189417e-21
4.165662581407245307e+04 1.878908521057521346e-21 1.104681095208111400e-21
4.167497103943072580e+04 2.196848061633835124e-21 1.041579727758366644e-21
4.169290369007331174e+04 3.719957722585640500e-21 1.161283130137819350e-21
4.171083628703201248e+04 2.217903506029913501e-21 1.109558487985987822e-21
4.172876883024376730e+04 2.307521848963740396e-21 1.124129122839757606e-21
4.174670131966763438e+04 3.686528853517921120e-21 1.034214603151559821e-21
4.176463375524353614e+04 2.768115164298387328e-21 1.073845876123269452e-21
4.178256613691939128e+04 3.876519140608938646e-21 1.108453550613130868e-21
4.180049846464845905e+04 1.950028430093880721e-21 9.674454379222726720e-22
4.181843073837579141e+04 1.597328075636676114e-21 1.046374062538063599e-21
4.183636295804919064e+04 4.250763340891889191e-21 1.087892620639591114e-21
4.185429512361711386e+04 3.482473901170769397e-21 1.123186412916899863e-21
4.187222723502756708e+04 6.851471363568394167e-22 1.071366087696175292e-21
4.189015929222859995e+04 3.045258157457547029e-21 1.049548357510267894e-21
4.190809129516832036e+04 6.092639142183018294e-23 1.084779343445855370e-21
4.192602324379717902e+04 4.771806122769266631e-22 1.049123831931149292e-21
4.194395513805506926e+04 -4.958333155202207695e-22 1.138584034397685341e-21
4.196188697789859725e+04 2.022861513080769781e-21 1.167099850011573487e-21
4.197981876327322971e+04 8.209411784043262370e-22 1.101188241377360451e-21
4.199775049412981025e+04 -6.633385106068822482e-22 1.062970760792189851e-21
4.201568217040847230e+04 -1.350501974997004794e-21 1.006777609744372728e-21
4.203361379206799757e+04 -1.198554311249480716e-21 1.071527850653173711e-21
4.205154535905083321e+04 -9.280488800368372495e-22 1.050133977145070152e-21
4.206947687130042323e+04 -2.541496898094469297e-21 1.032030092245181346e-21
4.208740832877303910e+04 -2.797023626487571651e-21 1.039249315423574280e-21
4.210533973141428578e+04 3.117962516366858667e-22 1.207631205547980577e-21
4.212327107917784451e+04 3.714047688389448957e-21 1.114684033426509768e-21
4.214120237199590338e+04 2.908438969073432047e-21 1.074680541348663579e-21
4.215913360983494931e+04 1.762087744821783083e-21 1.130005639934178964e-21
4.217706479263587971e+04 2.059359624924519772e-21 1.067508781703204470e-21
4.219499592034174566e+04 2.977232549127700937e-21 1.089299866696992787e-21
4.221292699291165627e+04 1.900653967318432856e-21 1.092368433235984228e-21
4.223085801028599235e+04 4.293470428178513432e-21 1.204381387653513445e-21
4.224878897241585219e+04 1.649116518083592024e-21 1.137469536166989438e-21
4.226671987925198482e+04 7.656264679534918745e-22 1.050750974519687183e-21
4.228465073073755048e+04 2.866131488834312356e-21 1.089957436900340868e-21
4.230258152682672517e+04 2.805280475413382959e-21 1.067578800678568468e-21
4.232051226745994063e+04 3.113056705667788300e-21 1.022156807859026394e-21
4.233844295259646606e+04 2.401713455473929803e-21 1.091117256274938933e-21
4.235637358217677684e+04 6.125706614984871459e-21 1.099632869772055889e-21
4.237430415615472157e+04 4.708101610737708932e-21 1.136913040262141905e-21
4.239223467447570147e+04 1.640695085270619722e-21 1.050142039185188727e-21
4.241016513708341517e+04 2.318885835423298902e-22 1.063364197038575247e-21
4.242809554393737199e+04 3.176383111519914217e-21 1.115365854108957160e-21
4.244602589498075395e+04 2.468212962689096439e-21 1.031356338877999473e-21
4.246395619015679404e+04 1.538746723979151351e-21 1.084409773210553361e-21
4.248188642942769366e+04 1.566921166468428131e-22 1.103542930185060643e-21
4.249981661272825295e+04 1.257335281568870230e-21 1.079758348858544228e-21
4.251774674001264066e+04 6.055058710469907615e-23 1.035673405443499559e-21
4.253567681122981594e+04 6.380626568033732234e-23 1.087952520491821305e-21
4.255360682633128454e+04 -1.984253099229952079e-21 9.863867282531189468e-22
4.257153678526038129e+04 2.197005115392480740e-21 1.109331829132878810e-21
4.258946668796856829e+04 -7.465267904483240976e-23 1.064591273243668150e-21
4.260739653441007249e+04 1.436124408483051026e-21 1.096562892129178622e-21
4.262532632452234247e+04 1.875831086425400185e-21 1.048339752121741529e-21
4.264325605826269748e+04 1.197302179665811970e-21 9.996513759557172640e-22
4.266118573557465425e+04 2.537802927829527620e-21 1.070468422573249628e-21
4.267911535640983493e+04 -1.596787270003435162e-22 1.136646002199755250e-21
4.269704492072257563e+04 2.795427988738423464e-21 1.166524379174460021e-21
4.271497442845079786e+04 2.258024704826272161e-21 1.121588751358253206e-21
4.273290387954896869e+04 -4.249791794379342698e-22 1.084599483696422523e-21
4.275083327396810637e+04 1.049550610946918528e-21 1.132963222743860945e-21
4.276876261165494361e+04 4.819825489782888953e-21 1.175611865569622115e-21
4.278669189255849051e+04 3.022566212691203741e-21 1.180304867408975030e-21
4.280462111662500683e+04 2.798773163670650342e-22 1.175188432428501061e-21
4.282255028380622389e+04 1.191564548319445997e-21 1.138773128599396446e-21
4.284047939405390935e+04 1.687747227715387089e-21 1.227925038206427030e-21
4.285840844731433026e+04 2.438474777172366086e-21 1.096590857459569176e-21
4.287633744353602378e+04 1.084552916610374619e-21 1.104714218746339882e-21
4.289426638266848022e+04 -2.639740403597282878e-22 1.195075669135646393e-21
4.291219526466085517e+04 8.862869651425168360e-22 1.072448843356682862e-21
4.293012408946228243e+04 3.362692382757691522e-21 1.119726327637878844e-21
4.294805285701635148e+04 9.168227512898759854e-22 1.145876842944812359e-21
4.296598156728319736e+04 8.212503994425629185e-22 1.187162010184419637e-21
4.298391022020919627e+04 -9.320868614392591299e-22 1.124633380105198889e-21
4.300183881573494000e+04 -1.192050423238186239e-21 1.085713958247740359e-21
4.301976735382073093e+04 2.980926546681847411e-22 1.130262587975550390e-21
4.303769583440497809e+04 2.225369246075436709e-21 1.156206764361262914e-21
4.305562425744516077e+04 9.313465066310978078e-22 1.153134061394639466e-21
4.307355262288497761e+04 2.416172208359340251e-21 1.196416399560847932e-21
4.309148093067921582e+04 1.329254540710709499e-21 1.095227733517812809e-21
4.310940918077436800e+04 5.347646035548015782e-22 1.111744306123625727e-21
4.312733737312234007e+04 2.501310206604855562e-21 1.145204716488975347e-21
4.314526550766385481e+04 4.160434360388301957e-21 1.105932402061996974e-21
4.316319358435691538e+04 2.139203379301881776e-21 1.023196066144735137e-21
4.318112160314808716e+04 -4.388424933688949737e-22 1.119165345903662754e-21
4.319904956398675859e+04 2.533837433437011894e-21 1.182032121603004965e-21
4.321697746682225988e+04 1.191918600775075965e-21 1.125259984079817757e-21
4.323490531160395039e+04 -1.088351908147969989e-22 1.149298154826559033e-21
4.325283309828124038e+04 1.029406853312472531e-21 1.227691422151533730e-21
4.327076082680316904e+04 1.504902677147821245e-21 1.198723590367606820e-21
4.328868849711654184e+04 3.019009722792848903e-21 1.139579791854061863e-21
4.330661610917654616e+04 2.936977771369488444e-21 1.218167656815771188e-21
4.332454366292987834e+04 1.296903095818812802e-21 1.193601359343121830e-21
4.334247115832599229e+04 1.943663118605931834e-21 1.154277598489942797e-21
4.336039859531714319e+04 6.735013060973485474e-22 1.091362221299576578e-21
4.337832597384730616e+04 -3.383768891250589472e-21 1.131435090774017582e-21
4.339625329386597150e+04 -2.639269533080437755e-21 1.112635936112245848e-21
4.341418055533050938e+04 2.393389925787195941e-21 1.146880144017278293e-21
4.343210775818257389e+04 1.760175784650453128e-21 1.069525966466899151e-21
4.345003490237180085e+04 1.956589549264395613e-21 1.056626169106286464e-21
4.346796198785884189e+04 2.289365266851864915e-21 1.218406648728811592e-21
4.348588901457944303e+04 8.451251027282149157e-22 1.207273389110164998e-21
4.350381598248596129e+04 2.334967924813891399e-21 1.130019681136758533e-21
4.352174289153638529e+04 1.110999165998531065e-21 1.149982007511594065e-21
4.353966974167195440e+04 -2.235135973611827064e-21 1.185554968877347175e-21
4.355759653284746310e+04 -1.499215013069811315e-21 1.140614353156669853e-21
4.357552326500466006e+04 1.786116624679029357e-21 1.174141656941161607e-21
4.359344993807284482e+04 3.981062375052994540e-21 1.238437919356443941e-21
4.361137642395816511e+04 2.029644889043563599e-21 1.163334297987018731e-21
4.362930282262487890e+04 3.578115561059877693e-21 1.097009830808099683e-21
4.364722916208208335e+04 5.608296180969131772e-23 1.094923637386509308e-21
4.366515544227664213e+04 5.317419054601163159e-22 1.167675097827354502e-21
4.368308166315280687e+04 3.202153444907936906e-21 1.112480515195369953e-21
4.370100782466556848e+04 2.117392159060199665e-21 1.109654404440643115e-21
4.371893392677323573e+04 2.496883475968467811e-22 1.195370589309398273e-21
4.373685996941183839e+04 -2.374080801902802081e-21 1.148434394636838705e-21
4.375478595253676758e+04 1.383454799769094630e-21 1.111001962102910664e-21
4.377271187610067136e+04 -1.244979769404544566e-21 1.003325791525012916e-21
4.379063774005059531e+04 1.631370239217800145e-21 1.136487013762173135e-21
4.380856354432798980e+04 3.541305197736406642e-21 1.176464648997191955e-21
4.382648928889954550e+04 2.429749102786640724e-21 1.153702318625889863e-21
4.384441497370944853e+04 2.167301234229432446e-21 1.107311405216405295e-21
4.386234059869608609e+04 -7.257107762682953744e-22 1.065461108258039596e-21
4.388026616382376960e+04 1.287204198063599310e-21 1.193941964669360015e-21
4.389819166903686710e+04 1.103881988708787741e-22 1.189708232890809017e-21
4.391611711428246781e+04 1.421283414946247305e-21 1.211570312860978737e-21
4.393404249951057136e+04 5.583354254991354302e-22 1.200176143099463682e-21
4.395196782468799211e+04 -2.910664359984889081e-21 1.104975818469908874e-21
4.396989308973661537e+04 3.736605114789871853e-22 1.282925945973792902e-21
4.398781829462049791e+04 1.613893004981257006e-21 1.147399141836046119e-21
4.400574343930072791e+04 -1.169729242067859435e-21 1.247270844973885436e-21
4.402366852370466222e+04 1.882105511081825740e-21 1.294990800980181105e-21
4.404159354779397108e+04 4.440130368039620770e-21 1.156504541713973025e-21
4.405951851152993186e+04 6.896773713824648713e-22 1.136226283465921100e-21
4.407744341484292818e+04 9.212576716489252323e-22 1.141365663220372871e-21
4.409536825768863491e+04 2.137012363360844710e-21 1.126450320175056209e-21
4.411329304002846038e+04 1.435299702885571922e-21 1.135556094215355619e-21
4.413121776180122106e+04 2.033068187549933455e-21 1.200347909021784576e-21
4.414914242295421718e+04 2.276454703407040844e-21 1.169038656389111977e-21
4.416706702345440863e+04 2.813952550212982068e-21 1.211939880321782495e-21
4.418499156322913768e+04 -1.201784519793242283e-21 1.208448204959506644e-21
4.420291604224016919e+04 5.747127444713957883e-24 1.238695420429674145e-21
4.422084046045188006e+04 -4.210571173466217210e-22 1.195791873608144800e-21
4.423876481778612651e+04 1.869148655363444667e-21 1.208511033374705035e-21
4.425668911421009398e+04 3.839053997559964557e-21 1.236108782762533974e-21
4.427461334967969742e+04 4.063357988587055615e-21 1.178495703217714743e-21
4.429253752412531321e+04 1.794882274243411051e-21 1.162003542138144236e-21
4.431046163750852429e+04 4.469681341144287417e-21 1.203124593984071867e-21
4.432838568979375123e+04 2.146218941088404241e-21 1.132686307260378637e-21
4.434630968090257375e+04 9.363763560930537241e-22 1.123059950513823378e-21
4.436423361080534232e+04 1.800378789218868674e-22 1.189239045451813477e-21
4.438215747945249313e+04 7.350658242279616725e-22 1.156735973264801216e-21
4.440008128677444620e+04 4.051589068375989500e-21 1.258740431955241738e-21
4.441800503274420771e+04 1.771269604977552682e-21 1.182833220200086089e-21
4.443592871730933257e+04 9.609133043643215586e-22 1.150885990733787598e-21
4.445385234040021896e+04 1.253203979214366874e-21 1.190945731047788413e-21
4.447177590199567203e+04 2.708857705576059275e-21 1.263706774035931845e-21
4.448969940202616999e+04 4.078607584865971332e-22 1.165594308965267863e-21
4.450762284045058914e+04 5.872147682664865237e-21 1.184767736738571322e-21
4.452554621720758587e+04 -1.808650806481570360e-21 1.170033195508279317e-21
4.454346953226213373e+04 1.579362800845992052e-21 1.208962394737871118e-21
4.456139278556184581e+04 2.043276424783186199e-21 1.151568845622349824e-21
4.457931597705146851e+04 1.015468816980203541e-21 1.186295871467892188e-21
4.459723910668140161e+04 2.118193336846887526e-21 1.250834813892959086e-21
4.461516217440785113e+04 1.699168623351682099e-21 1.171337372434203399e-21
4.463308518017841561e+04 2.994043372780030737e-21 1.195434158200581499e-21
4.465100812394644163e+04 3.528256909004549027e-21 1.162929944002781914e-21
4.466893100565098575e+04 7.860717565219894244e-22 1.197436206359801025e-21
4.468685382525681052e+04 7.724456522197208654e-23 1.275342497946634001e-21
4.470477658271139080e+04 1.362190895538095023e-21 1.317515249771269953e-21
4.472269927796239790e+04 2.972827583940061157e-22 1.243703231979030123e-21
4.474062191095200978e+04 -7.122128353588045222e-22 1.306080375317659317e-21
4.475854448164508358e+04 5.026328399604547192e-21 1.295749670983868171e-21
4.477646698999213550e+04 4.276398948511916187e-21 1.299245485084252304e-21
4.479438943593235308e+04 2.388669429157644584e-21 1.317315487770831530e-21
4.481231181942198600e+04 1.181342444515640685e-21 1.254884947021742035e-21
4.483023414041166689e+04 2.839591221840576550e-21 1.271417066042145812e-21
4.484815639885201381e+04 2.464821791986084563e-21 1.245809118539231036e-21
4.486607859469361574e+04 -5.584930684899106986e-22 1.163576032359623116e-21
4.488400072788713442e+04 9.481530854232214266e-22 1.275391966779018111e-21
4.490192279838294053e+04 2.547301515758925621e-22 1.211023186213798618e-21
4.491984480613467895e+04 4.635309647488307589e-21 1.225403366749012984e-21
4.493776675108453492e+04 -8.277623703542753977e-22 1.277328334997584794e-21
4.495568863319757656e+04 3.155236437066885458e-21 1.260049051964005805e-21
4.497361045241007378e+04 2.651254590674333536e-22 1.267475069592252456e-21
4.499153220867564232e+04 5.323624821738782951e-22 1.205807803520278186e-21
4.500945390195359505e+04 -1.662071010788097028e-21 1.223763176701401296e-21
4.502737553218603716e+04 -2.105586539146393874e-22 1.282227749400980181e-21
4.504529709932656260e+04 1.892173902046456801e-21 1.330632013420739240e-21
4.506321860332594224e+04 1.450737581138302045e-21 1.213823981896545174e-21
4.508114004413778457e+04 3.429344283866690032e-21 1.294227176191379265e-21
4.509906142171280953e+04 2.495580391484065409e-21 1.392573308180659862e-21
4.511698273598713422e+04 -4.851139016754777260e-22 1.317429047362268186e-21
4.513490398693488532e+04 6.654689958838693788e-22 1.302850070489997504e-21
4.515282517448672297e+04 -2.139268993937616632e-21 1.373593949681031248e-21
4.517074629860784626e+04 -7.493530614935219504e-22 1.212135765249706953e-21
4.518866735924041859e+04 1.127969598064103561e-21 1.356928307399064510e-21
4.520658835634103161e+04 2.047032877496555361e-21 1.260982620504374214e-21
4.522450928985768405e+04 4.230618992314019134e-23 1.199598437169378452e-21
4.524243015973539877e+04 -1.799999119455816622e-21 1.267484952726003707e-21
4.526035096593950584e+04 1.304665503060209650e-21 1.206925313910272717e-21
4.527827170840351755e+04 1.336601417830350903e-21 1.168151353934097634e-21
4.529619238709858473e+04 6.166565063723729502e-22 1.177266370735676492e-21
4.531411300194954674e+04 5.341076191699038112e-24 1.237678602233560330e-21
4.533203355293597269e+04 1.904985760182891302e-21 1.229252970934106817e-21
4.534995403998288384e+04 8.687527708169063657e-21 1.210838584418720677e-21
4.536787446305578487e+04 7.526621383300186517e-21 1.241681370118965056e-21
4.538579482210564311e+04 2.763442622159710473e-21 1.389708252284539368e-21
4.540371511707755417e+04 -4.879861552870849263e-22 1.380114011500429508e-21
4.542163534793118015e+04 -6.681969857414851014e-22 1.196712211973949653e-21
4.543955551460006973e+04 1.288880235548827870e-21 1.257576728756320366e-21
4.545747561706424312e+04 2.921264798767759846e-21 1.180318121965419537e-21
4.547539565524272621e+04 5.421206826483774111e-22 1.234206253668078719e-21
4.549331562910970388e+04 8.624782470071781282e-22 1.256834547471259334e-21
4.551123553859593085e+04 1.330219661557499000e-21 1.279334859302573982e-21
4.552915538367850240e+04 2.231918866760319365e-21 1.333516069903404021e-21
4.554707516428521194e+04 6.902026227776836402e-22 1.279486915897711296e-21
4.556499488037847186e+04 1.843050503108578755e-21 1.164056543424801094e-21
4.558291453190364700e+04 3.268341338508251555e-21 1.281542103467873855e-21
4.560083411881478241e+04 2.237189262469465697e-21 1.348371317970647278e-21
4.561875364106876805e+04 -5.115776811315947780e-22 1.352061186026242408e-21
4.563667309860791283e+04 4.122684759621888112e-21 1.375663420981587094e-21
4.565459249138622545e+04 1.550960713003846882e-21 1.308970118025910842e-21
4.567251181935189379e+04 6.962374312833063592e-21 1.365150989378853753e-21
4.569043108246471820e+04 2.856506497619694061e-21 1.382423554990560749e-21
4.570835028066418454e+04 5.623696998898380079e-21 1.318869180878679993e-21
4.572626941391299624e+04 1.301787211559615139e-21 1.248439531353285254e-21
4.574418848214777245e+04 5.451007267572239834e-21 1.337378958329774741e-21
4.576210748534001323e+04 5.325876516732117867e-21 1.383807618179011070e-21
4.578002642341754836e+04 1.407536650906802216e-21 1.366017554099925039e-21
4.579794529635192885e+04 1.173659905263898848e-21 1.385802576177741849e-21
4.581586410407967924e+04 2.540798318234410245e-21 1.370780351748481263e-21
4.583378284656344476e+04 4.908796064726436229e-21 1.405679416968366599e-21
4.585170152374005556e+04 9.344289842181343451e-22 1.188453966553028299e-21
4.586962013558113540e+04 2.808425021640281224e-21 1.232021185066327930e-21
4.588753868201742443e+04 1.625241294042051688e-21 1.361302577566869368e-21
4.590545716301180073e+04 -6.699617429675491026e-22 1.271058334652136850e-21
4.592337557851257588e+04 1.880810383499197650e-21 1.392949401936200873e-21
4.594129392849877331e+04 1.398809429446823587e-21 1.303248358853649051e-21
4.595921238817401172e+04 3.332222858735861854e-21 1.324151113984729175e-21
4.597713086099404609e+04 -6.316497549245722749e-22 1.317143578422774340e-21
4.599504926812260965e+04 1.440201287899977347e-21 1.293132483718444997e-21
4.601296760951385659e+04 4.302042726856151851e-21 1.263394806104928683e-21
4.603088588511027046e+04 -2.314604812643551751e-21 1.226307761593201378e-21
4.604880409487190627e+04 2.780787631986773382e-21 1.245839059680423295e-21
4.606672223874706106e+04 5.219338406637362794e-21 1.410947419468551725e-21
4.608464031669003452e+04 1.196770138092288579e-21 1.450580410833422644e-21
4.610255832864610420e+04 4.312540329847770880e-22 1.433720606843953199e-21
4.612047627457234194e+04 -1.823090636637024577e-21 1.447132439598754673e-21
4.613839415441144229e+04 1.321686052619341002e-21 1.378766957464295792e-21
4.615631196812645794e+04 2.777430897318073641e-21 1.330549582025761136e-21
4.617422971565697662e+04 2.784853138705951320e-21 1.295118865220147876e-21
4.619214739696605830e+04 2.686860817045216759e-21 1.375977478615309096e-21
4.621006501199915510e+04 -6.337158221648723004e-22 1.384457650485560391e-21
4.622798256070176285e+04 1.618018634016434943e-22 1.326593230119368210e-21
4.624590004303405294e+04 3.020937864882869036e-21 1.341092249833372571e-21
4.626381745894442429e+04 2.414147903268846283e-21 1.417181610749669893e-21
4.628173480838717660e+04 -5.640632291628023899e-23 1.441081202865268791e-21
4.629965209130783478e+04 -9.647871239923366363e-22 1.334576359707143831e-21
4.631756930766363803e+04 3.727313806531831456e-21 1.455718040007027578e-21
4.633548645740011125e+04 8.461529375180278071e-22 1.391445820914373188e-21
4.635340354047159053e+04 4.949901863131181990e-21 1.410971627015797597e-21
4.637132055683240469e+04 2.129700663708555239e-21 1.444611845043667797e-21
4.638923750642811501e+04 1.215828717866907769e-21 1.400858555187126784e-21
4.640715438921303576e+04 1.495164272769248913e-21 1.480221087055999730e-21
4.642507120514156122e+04 3.513520942724078454e-21 1.479535369077943212e-21
4.644298795416198118e+04 3.642684046545433669e-21 1.399897539836029560e-21
4.646090463622004609e+04 3.913690181806438296e-21 1.431216852169846660e-21
4.647882125127899781e+04 1.853447347843320331e-21 1.388670508943057188e-21
4.649673779928435397e+04 4.040196409214274850e-22 1.359217640343460792e-21
4.651465428018470266e+04 4.752513206939793611e-22 1.326776721334542116e-21
4.653257069393736310e+04 1.284036544073763346e-21 1.354692358546778662e-21
4.655048704049087974e+04 2.455720316994972442e-21 1.306037894910369290e-21
4.656840331979375333e+04 -5.635365588185315116e-22 1.454594658988129658e-21
4.658631953180045093e+04 -9.574645519300566834e-22 1.440503419602518604e-21
4.660423567646541778e+04 -3.708222609190290067e-22 1.371153670967342378e-21
4.662215175373425154e+04 -3.730597885431239172e-22 1.312085700724205788e-21
4.664006776356435876e+04 2.148542944078153454e-21 1.426006675497739367e-21
4.665798370590429113e+04 1.009404935596314155e-21 1.352034722110505757e-21
4.667589958070560533e+04 3.333814857253141739e-21 1.423836047781457338e-21
4.669381538791389903e+04 3.666291671412847028e-21 1.334108151901336599e-21
4.671173112749251595e+04 2.798265137445312967e-21 1.361186866144262424e-21
4.672964679938710469e+04 2.597549166216296045e-21 1.358739669965841087e-21
4.674756240354920010e+04 4.225879338380680306e-21 1.293560430133728214e-21
4.676547793992444349e+04 4.421811560092804786e-21 1.395736570918545062e-21
4.678339340847920539e+04 6.684915069397567159e-21 1.394751183152303309e-21
4.680130880915316811e+04 2.759516478745761531e-21 1.390573425326055216e-21
4.681922414189791016e+04 2.912604867553814354e-21 1.546083880060945994e-21
4.683713940667082352e+04 2.794420910817839547e-21 1.446423203127479247e-21
4.685505460341770959e+04 3.537190305051348384e-21 1.393452987269512693e-21
4.687296973209901626e+04 2.512142735245819730e-21 1.319486347589823160e-21
4.689088479265452042e+04 2.656945672668667476e-21 1.642942169079956530e-21
4.967072659254796599e+04 3.123153617357881973e-21 3.418679357131130321e-21
4.968862975936994917e+04 1.131495431895368353e-21 2.144441495159590986e-21
4.970653285051194689e+04 4.396911556337128852e-21 2.024712006014221366e-21
4.972443586592587963e+04 3.069798498903227231e-21 2.157521615574292082e-21
4.974233880556690565e+04 3.200965150422377423e-21 2.263568462855292695e-21
4.976024166938371491e+04 -1.165482151265381346e-21 2.060245918172997309e-21
4.977814445732165041e+04 5.102013670193257167e-21 2.291954357821691564e-21
4.979604716934572207e+04 -1.522840771595374506e-21 2.007099731980280450e-21
4.981394980539802782e+04 2.694882906047781616e-22 2.171423215384518328e-21
4.983185236543047358e+04 6.320265947719117921e-21 2.299940868174925782e-21
4.984975484940473689e+04 1.314106982394743402e-21 2.224194827907078255e-21
4.986765725726625533e+04 3.160039726452739705e-21 2.171944399300692103e-21
4.988555958896362426e+04 -2.013755529054182553e-21 2.222453505514005494e-21
4.990346184445200197e+04 5.814869897803890534e-21 2.175717446275265472e-21
4.992136402368656127e+04 -3.926810872151548250e-21 2.217082699539622319e-21
4.993926612661592662e+04 -5.969770571059800445e-22 2.093862019244158310e-21
4.995716815318871522e+04 -1.264613938708967077e-21 2.027549515599902936e-21
4.997507010336336680e+04 -2.231248185356401091e-21 2.304946535050085127e-21
4.999297197708522435e+04 2.179231822851465261e-21 2.332026394825599476e-21
5.001087377431271307e+04 4.056937176272715062e-21 2.236756367309682959e-21
5.002877549499445013e+04 8.258327341772526605e-22 2.329784670728041303e-21
5.004667713907900179e+04 1.921245755053689048e-21 2.251035320152397292e-21
5.006457870652486599e+04 -2.298149975158100026e-21 2.220821264342555198e-21
5.008248019727400242e+04 7.466507738404788910e-22 2.126236830041037063e-21
5.010038161129144282e+04 3.612421211401833477e-21 2.043738036858452620e-21
5.011828294852250838e+04 1.923943053829720580e-21 2.114300098369927345e-21
5.013618420891882124e+04 2.667227384398431128e-21 2.196599580654052974e-21
5.015408539243248379e+04 3.052689312719907922e-21 2.163229549388114407e-21
5.017198649901204772e+04 -2.064843739337878506e-21 2.124228733508174908e-21
5.018988752861590910e+04 -4.763838872382635157e-22 2.152053396095206097e-21
5.020778848119269969e+04 9.273749595572450489e-22 2.023374918792447574e-21
5.022568935669420898e+04 7.635718738200312025e-22 1.968973647974445370e-21
5.024359015507230652e+04 7.286175932802097550e-21 2.142801376870723511e-21
5.026149087627552217e+04 8.275244605673573070e-21 2.127608088279173010e-21
5.027939152026230295e+04 6.069228749935847550e-21 2.167052127557797101e-21
5.029729208698446746e+04 1.406608964922041306e-21 2.124720410004179324e-21
5.031519257638398994e+04 4.357100883350107561e-21 1.972280315904053295e-21
5.033309298842254793e+04 5.227221388700451619e-21 2.032113001510350938e-21
5.035099332305198914e+04 4.840650280281506003e-22 1.987217897977877474e-21
5.036889358021427324e+04 1.750914684021444171e-21 1.995763739736365440e-21
5.038679375987104868e+04 7.323911446058953306e-22 1.959230609022446368e-21
5.040469386197413405e+04 4.484168067157338239e-22 2.049963830406459992e-21
5.042259388646548905e+04 3.503507281976390757e-21 2.146697694162701866e-21
5.044049383330679120e+04 3.620463659074710209e-21 2.119594893366894386e-21
5.045839370244983729e+04 -2.405594843119611639e-21 2.044685556655274817e-21
5.047629349383321824e+04 1.355806573964157969e-21 2.047044142684222175e-21
5.049419320742525451e+04 5.862984650925825020e-21 2.002631016634621157e-21
5.051209284317761922e+04 -7.437237660258357604e-22 2.114417518151926696e-21
5.052999240102229669e+04 2.478297180566064744e-21 2.060566108704594695e-21
5.054789188093094708e+04 3.617934023474005231e-22 1.870639326825124158e-21
5.056579128285540355e+04 4.599612160987784045e-21 1.892700841326350539e-21
5.058369060672756314e+04 1.920846574121654002e-21 1.994606069026652976e-21
5.060158985252568527e+04 9.008245744465451864e-22 1.987791237122238090e-21
5.061948902018168883e+04 9.517735728583137577e-22 1.982579775302221697e-21
5.063738810965579614e+04 3.412332971110558567e-21 1.947773014136964550e-21
5.065528712723121862e+04 2.926229948351149620e-21 1.921431264434804581e-21
5.067318607390880788e+04 5.751551631983924496e-21 2.060244471890932761e-21
5.069108494225770119e+04 4.655673465157378812e-21 2.082469482888644433e-21
5.070898373222969531e+04 1.496295270722488501e-21 2.125907575051262669e-21
5.072688244377647061e+04 9.197398535244181266e-21 2.264178650348673057e-21
5.074478107684977294e+04 1.500711190595677844e-21 2.216629563947770880e-21
5.076267963140465145e+04 -3.550127002066974195e-21 2.095961469596384835e-21
5.078057810738619446e+04 -3.275939568201012825e-22 2.139549848875332228e-21
5.079847650474945840e+04 3.856758219312475251e-22 2.221444231893643770e-21
5.081637482344614546e+04 3.486827204765651194e-21 2.148144888803720598e-21
5.083427306343115924e+04 6.397757712196619377e-21 2.311765254125874213e-21
5.085217122465284046e+04 -1.292180964282799845e-21 2.185620611978016751e-21
5.087006930706308049e+04 1.401196038811802176e-21 2.192112156939524414e-21
5.088796731060688762e+04 3.339952244425207482e-22 2.138728558865258481e-21
5.090586523524926452e+04 -5.153016380007231297e-24 2.223806254704444569e-21
5.092376308093524131e+04 2.942590234370864434e-22 2.267245583678049117e-21
5.094166084761650563e+04 3.404778750422553442e-21 2.111444228206502986e-21
5.095955853524139093e+04 6.283064874131885591e-21 2.182262011078367266e-21
5.097745614376488811e+04 1.649293443872406477e-21 2.151930850541589231e-21
5.099535367314199539e+04 1.801268012903155222e-21 2.163947300166273143e-21
5.101325112331772107e+04 -9.930267023825198469e-22 2.221620549347790608e-21
5.103114849424705608e+04 1.966548683817563761e-21 2.270648641808544545e-21
5.104904578588162258e+04 4.152981307223363176e-21 2.315742440938447509e-21
5.106694299817971478e+04 -2.036763829419954393e-22 2.225077656812745829e-21
5.108484013107969804e+04 1.327300403951376562e-21 2.490434121740906629e-21
5.110273718454314076e+04 -1.172753996668735165e-21 2.307603214879848817e-21
5.112063415851819445e+04 -4.812530074092960821e-21 2.321289176145853203e-21
5.113853105295320711e+04 3.782084900308481337e-21 2.119650457487461894e-21
5.115642786780315510e+04 2.601185592663358433e-21 2.276656470691358106e-21
5.117432460302312393e+04 -9.073333428128228350e-22 2.272255430582286333e-21
5.119222125855794002e+04 8.195834642791552699e-22 2.326381322779367413e-21
5.121011783436924452e+04 4.748538951802896992e-22 2.374665416459287274e-21
5.122801433039525728e+04 3.767838998315311862e-21 2.370030226551340920e-21
5.124591074660094455e+04 3.487636974776541160e-21 2.276539331760842235e-21
5.126380708292786585e+04 -7.444551917440987453e-22 2.192783236364154091e-21
5.128170333932754875e+04 -1.819113048385375598e-21 2.283188501454733207e-21
5.129959951575828018e+04 3.693821574186656981e-21 2.284972444884638740e-21
5.131749561216493021e+04 7.883430672760930025e-21 2.311114490640731692e-21
5.133539162850908906e+04 3.547625690176765563e-21 2.288975915724644718e-21
5.135328756472888199e+04 3.328593473080192047e-21 2.222471208781921247e-21
5.137118342078249407e+04 1.352274051266357532e-21 2.150855047439635616e-21
5.138907919662801578e+04 -1.168873508679602125e-21 2.166678201381415675e-21
5.140697489220375428e+04 1.711373030719223713e-21 2.189321739485471502e-21
5.142487050747471221e+04 2.889545246915475227e-21 2.365435147849076415e-21
5.144276604237893480e+04 4.451903720552628073e-21 2.321276554324050847e-21
5.146066149687799043e+04 1.054927462539005161e-22 2.337890749544157729e-21
5.147855687092344306e+04 3.978703540565507302e-21 2.389147994893975519e-21
5.149645216445663391e+04 2.611734481784925956e-21 2.293994926942579531e-21
5.151434737743918231e+04 9.610848401251041615e-22 2.336178826202525668e-21
5.153224250982255035e+04 -5.743248996310044388e-21 2.337739953847986630e-21
5.155013756155486044e+04 -3.602821939113328615e-21 2.328204742453044064e-21
5.156803253258418408e+04 -6.585897046315603006e-22 2.322137888107471821e-21
5.158592742286205612e+04 5.107884612937762637e-21 2.446609515125529580e-21
5.160382223234653793e+04 4.886562470089697105e-21 2.478155793254842020e-21
5.162171696098548273e+04 -1.459481585225169545e-21 2.491604802812208933e-21
5.163961160873398330e+04 -3.141863161534290236e-21 2.505169494730801768e-21
5.165750617553676420e+04 2.556822559663922357e-21 2.421118153925205608e-21
5.167540066134522203e+04 -2.410089897162134089e-21 2.380400590513294367e-21
5.169329506612089608e+04 -2.807884467743502808e-21 2.488820863912390740e-21
5.171118938980170060e+04 -2.238220584490171031e-21 2.682375455900350585e-21
5.172908363235591969e+04 2.964372354323957859e-21 2.529292564543366858e-21
5.174697779371468641e+04 -1.220417579316146490e-22 2.334595862443558940e-21
5.176487187384629215e+04 4.496169994404530883e-21 2.457810489278891944e-21
5.178276587269535230e+04 -3.696634922864523383e-22 2.486949858523388669e-21
5.180065979020984378e+04 4.567758973260849414e-21 2.405128181516000732e-21
5.181855362634456105e+04 3.693783535612203738e-21 2.445850526723581457e-21
5.183644738104710268e+04 6.997568805596024497e-22 2.490113318531495442e-21
5.185434105427924078e+04 3.311050593523961503e-21 2.513482252298465459e-21
5.187223464598900318e+04 -3.281802907023878403e-21 2.655727461082229059e-21
5.189012815611421684e+04 3.820861685748709359e-21 2.447675172981546635e-21
5.190802158461969520e+04 2.498528656763271224e-21 2.608739824223774871e-21
5.192591493145680579e+04 1.735972341655017772e-21 2.693022994511924950e-21
5.194380819657002576e+04 6.851669410353414896e-21 2.527261573764482575e-21
5.196170137991748197e+04 -1.314893362095498206e-22 2.505205457306896754e-21
5.197959448144370253e+04 7.495024759098031823e-22 2.347203705246793689e-21
5.199748750110671244e+04 -2.245461352582062675e-21 2.521249000241976276e-21
5.201538043885442312e+04 -6.026965499526788942e-21 4.805823744648050134e-21
