2.915022000568339718e+04 1.046699879930244811e-20 6.050639007759578071e-21
2.916816081794541969e+04 -2.565132843026403845e-21 4.484275239314555804e-21
2.918610155194361505e+04 -2.566171058257324850e-21 4.587986492816169266e-21
2.920404220762969635e+04 3.059081976861737704e-21 4.309791360897803956e-21
2.922198278496573766e+04 8.623372714009555508e-21 4.410749288093977341e-21
2.923992328391043338e+04 7.431635201438653734e-22 4.378251341119878405e-21
2.925786370442582120e+04 1.696447016253976662e-21 4.332269101987977026e-21
2.927580404646363968e+04 -4.395424357541119689e-21 4.323772860306560916e-21
2.929374430998937896e+04 1.414348166924194539e-21 4.398497744241923902e-21
2.931168449495473396e+04 5.721483041240275822e-21 4.471034389647949101e-21
2.932962460132172782e+04 4.697339080054692194e-21 4.141993009445448778e-21
2.934756462904557338e+04 3.083081884563562093e-21 4.127203954200923300e-21
2.936550457809526779e+04 1.264226273772360723e-20 4.234472812981711295e-21
2.938344444841903896e+04 -1.623564871536460361e-24 4.194296845349612751e-21
2.940138423997886639e+04 -6.637149312432093265e-22 4.129540612046478171e-21
2.941932395273337897e+04 -1.412756576901838189e-21 4.007074460241428824e-21
2.943726358664117652e+04 1.261553191491575153e-22 4.001491287447274967e-21
2.945520314166084427e+04 7.607554111330116865e-21 4.460592218642689936e-21
2.947314261775091654e+04 9.386461062115570115e-21 4.109402293973945314e-21
2.949108201512334199e+04 -1.018652953928276829e-22 3.773287485386018942e-21
2.950902136633844930e+04 3.374262874112046527e-21 4.164497252564862662e-21
2.952696082067233510e+04 8.863102559928756329e-21 4.296512022229408068e-21
2.954490019737099647e+04 8.748629668915128218e-21 3.974120327793941681e-21
2.956283949493700493e+04 -2.318686507345309603e-21 3.973615810810359796e-21
2.958077871332200084e+04 6.342044944879836251e-21 3.917032988483784253e-21
2.959871785248104425e+04 1.005740881491531871e-21 3.849754078704301527e-21
2.961665691238306681e+04 1.763693471925896354e-21 4.083778388857600401e-21
2.963459589297269122e+04 1.835441051079499861e-21 4.144942463207451381e-21
2.965253479421540032e+04 1.248127453482295902e-21 3.722447228082981419e-21
2.967047361607319908e+04 4.009697857316349635e-21 3.801444641184756842e-21
2.968841235849424629e+04 -3.240034120932063870e-21 3.844776723866180475e-21
2.970635102145440760e+04 -2.008199920629799485e-21 3.650941489741244183e-21
2.972428960489480596e+04 7.779952371280786855e-21 3.917251046299990451e-21
2.974222810878085875e+04 -6.512510306877978287e-22 3.775172085887612912e-21
2.976016653307112574e+04 -1.955301970686640516e-21 3.641494548371098765e-21
2.977810487772759734e+04 -9.439477982333388863e-21 3.604674119360581228e-21
2.979604314270177201e+04 -3.998080686220031807e-21 3.614654628913693777e-21
2.981398132795562560e+04 5.234634808912110710e-21 3.743654937608367041e-21
2.983191943345111213e+04 -2.479043150713210552e-21 3.643093538911768146e-21
2.984985745913625578e+04 1.706359359850289371e-22 3.575937418949579044e-21
2.986779540498343340e+04 2.059770808014103196e-22 3.571603965398361442e-21
2.988573327093727858e+04 2.619886232596326495e-21 3.605847176149280031e-21
2.990367105697006264e+04 -9.438421571399104180e-22 3.590493397340573421e-21
2.992160876302641191e+04 3.839984958739647862e-21 3.666933953778447417e-21
2.993954638907865592e+04 1.032703764673920085e-20 3.481894659933778038e-21
2.995748393507133005e+04 -7.077937379126381252e-21 3.509546251114374431e-21
2.997542140097330775e+04 1.035193715787574291e-20 3.636342725669748533e-21
2.999335878673957995e+04 5.475451044422578208e-21 3.499871873056483447e-21
3.001129609232503208e+04 1.268991754564819957e-21 3.547636679456759154e-21
3.002923331769512151e+04 -3.516182380420781491e-22 3.415250254757484900e-21
3.004717046280482100e+04 1.040229910194959279e-21 3.520678958894945785e-21
3.006510752761590265e+04 -3.239780206633930935e-22 3.564220120841739458e-21
3.008304451207284728e+04 1.935156709643647162e-21 3.553347508730227382e-21
3.010098141615154600e+04 4.118115566377670766e-21 3.555877659781473518e-21
3.011891823980340996e+04 -2.472617072203309345e-21 3.402099876356020327e-21
3.013685498298331368e+04 1.389067790267626279e-21 3.402765057206761354e-21
3.015479164565662359e+04 5.354913700636084811e-21 3.533260163826419420e-21
3.017272822777478359e+04 -4.207499848136681461e-21 3.312263668043152877e-21
3.019066472930658711e+04 5.130177188862013468e-21 3.321990616668590278e-21
3.020860115019640944e+04 1.365999008866278765e-21 3.358218296353350694e-21
3.022653749040609182e+04 1.404888695141256157e-20 3.475657032357022112e-21
3.024447374990801472e+04 5.514378233351644836e-21 3.529053908380550299e-21
3.026240992863948122e+04 -7.122180591003885608e-22 3.176425581986180363e-21
3.028034602657287178e+04 6.047902094083936028e-21 3.158701195441626471e-21
3.029828204367005674e+04 2.017386235325199438e-21 3.454553186902780640e-21
3.031621797987526952e+04 -1.267890914258365470e-21 3.400185687315060110e-21
3.033415383515381109e+04 3.293521916985113505e-21 3.785343232806259104e-21
3.035208960946408479e+04 8.223186309794116087e-22 3.428923785006175178e-21
3.037002530276436300e+04 -3.499181629070010519e-21 3.401480625680931333e-21
3.038796091501291448e+04 5.796179687605381657e-22 3.573555339432585974e-21
3.040589644616453370e+04 -8.360707961220238303e-22 3.524817320741389393e-21
3.042383189618109827e+04 9.051487489554300123e-21 3.530103714635620928e-21
3.044176726503136160e+04 3.328571506399675543e-21 3.456406443010217160e-21
3.045970255265258311e+04 -8.368370130876784200e-21 3.333031644989533987e-21
3.047763775902045018e+04 2.013347965346541038e-21 3.243699634718238213e-21
3.049557288407930537e+04 9.832961061331986004e-22 3.248906858989215719e-21
3.051350792780132542e+04 -3.177437135038823161e-21 3.209238506132755470e-21
3.053144289013076195e+04 6.482983281989549519e-21 3.221672249941803862e-21
3.054937777103286498e+04 5.554273795448358982e-21 3.116758048173600674e-21
3.056731257046938117e+04 3.145295057865321655e-21 3.426400270512173527e-21
3.058524728839157979e+04 -5.873087626078161481e-21 3.453875814786506998e-21
3.060318192476809418e+04 4.104858537645518351e-21 3.332618703695613694e-21
3.062111647954310320e+04 1.687474243486565340e-22 3.348454785966084538e-21
3.063905095268178047e+04 -1.021943568424062211e-21 3.105018364993392499e-21
3.065698534414240203e+04 2.473246189525972035e-21 3.105418364252776916e-21
3.067491965388667086e+04 5.894884012115664905e-21 3.210296145530775252e-21
3.069285388186576893e+04 4.106380899774810323e-22 3.331331277822262690e-21
3.071078802804837323e+04 -4.305831296246217467e-21 3.146322644766497274e-21
3.072872209237853895e+04 1.758797119510917857e-21 3.344659451386716548e-21
3.074665607482144696e+04 6.848364937870368625e-21 3.222648675651393726e-21
3.076458997533532965e+04 -5.343577902155256019e-22 3.222623066239973002e-21
3.078252379388532063e+04 3.949261194140519289e-21 3.153383928011957348e-21
3.080045753041546050e+04 3.482735816682503931e-22 2.937144326225103540e-21
3.081839118489085740e+04 -2.299642096612202647e-21 3.242727651058696740e-21
3.083632475726967823e+04 2.752624621174258554e-21 3.308676054188662079e-21
3.085425824751003893e+04 2.988708347543276711e-21 3.239919730078851203e-21
3.087219165557001179e+04 -1.656070886060593145e-21 3.108158940414545446e-21
3.089012498140771640e+04 9.725830317977154406e-21 3.197069750462396939e-21
3.090805822498118141e+04 7.271961999272789616e-21 3.322109984557925777e-21
3.092599138624849729e+04 4.248249355941539321e-21 3.359413431856899819e-21
3.094392446516771088e+04 7.669841661604480078e-21 3.265286563532037818e-21
3.096185746169690537e+04 3.458240212525090073e-21 3.143905229581268624e-21
3.097979037572944435e+04 1.829777737889765788e-21 3.328332012739427274e-21
3.099743566004657987e+04 -2.399341736428869817e-21 3.375422882945891462e-21
3.101536838767412337e+04 -6.080998575394818889e-22 3.334534223442499538e-21
3.103330103274419889e+04 1.591445546395821474e-22 3.327375483239997641e-21
3.105123359521481325e+04 -6.291053960254385772e-21 3.400316489438675729e-21
3.106916607504393323e+04 2.728921961120096133e-21 3.195509643260130298e-21
3.108709847218596042e+04 -5.407728177112777457e-22 3.307676889214832108e-21
3.110503078660614847e+04 3.769204451331007814e-21 3.463971900740696085e-21
3.112296301825151750e+04 -4.675983596819105705e-21 3.178955352159064694e-21
3.114089516709462623e+04 1.180610406370590436e-21 3.260122719482152443e-21
3.115882723308249479e+04 1.041159231916374393e-21 3.370210688389404660e-21
3.117675921618030407e+04 7.720914219263877207e-21 3.481575165772948823e-21
3.119469111634230285e+04 4.520104469768280237e-21 3.424506535756360942e-21
3.121262293352289635e+04 2.590804500307015746e-21 3.659223225042487619e-21
3.123055466768363112e+04 4.401874043544534429e-21 3.413295231432503341e-21
3.124848631878603555e+04 4.512375343650709048e-21 3.286828463136167372e-21
3.126641788678075682e+04 -4.032296663848437289e-23 3.261385454927668213e-21
3.128434937163295763e+04 -7.657007254981247567e-21 3.073616445430913201e-21
3.130228077328960353e+04 -7.031140971539516700e-21 3.294557165854229008e-21
3.132021209172310409e+04 -2.675203481602113582e-21 3.415887231213149323e-21
3.133814332688409195e+04 6.577115914532632395e-22 3.367666046954287150e-21
3.135607447872310513e+04 7.284505496166727973e-21 3.204559108393973970e-21
3.137400554721253866e+04 -6.802942974693830517e-21 3.217720590310345919e-21
3.139193653229570191e+04 7.477954291286685532e-21 3.126706454844661148e-21
3.140986743394497171e+04 9.003299958435993625e-23 3.144184504575138500e-21
3.142779825209993942e+04 5.848492705043773543e-22 2.929784054577885633e-21
3.144572898674013413e+04 5.281921116167529466e-21 3.079403400646638421e-21
3.146365963780530728e+04 -7.574772373797271085e-22 3.182406964158294574e-21
3.148159020526413224e+04 -6.085841893827970496e-21 3.013177230026923910e-21
3.149952068907075954e+04 -2.209527169359220089e-21 3.081757942895797778e-21
3.151745108918295227e+04 3.831696383420065335e-21 3.378344119118105526e-21
3.153538140555848076e+04 6.232827408439199766e-22 3.175955428899227083e-21
3.155331163815143736e+04 -5.957236246476121436e-21 3.075482734543705788e-21
3.157124178693046633e+04 -2.155555177601884638e-21 3.222084075540488872e-21
3.158917185183876791e+04 4.414720790076960106e-21 3.405835404904199847e-21
3.160710183284497180e+04 -1.722102148337142729e-22 3.426668959985506581e-21
3.162503172990310850e+04 2.552384023231082164e-21 3.065111196270039114e-21
3.164296154295996166e+04 1.131595797912145047e-21 3.210953503261176145e-21
3.166089127199875293e+04 -5.473726732587641598e-21 3.020969029873635754e-21
3.167882091695514100e+04 -7.879968221007424588e-21 3.218341700551792106e-21
3.169675047779781744e+04 -6.850928446581890767e-22 3.048926305270777003e-21
3.171467995447355133e+04 9.403944039600839926e-21 3.021793572299923431e-21
3.173260934695453761e+04 -2.533922763099177581e-21 2.931489604348369730e-21
3.175053865518748353e+04 -1.852192159235588079e-21 3.116140748744802553e-21
3.176846787914096058e+04 -5.997343359034678624e-21 3.363090895650907935e-21
3.178639701875798710e+04 -1.449358085114202950e-21 3.026167625255149322e-21
3.180432607399980770e+04 -2.855896673074933146e-21 3.215104300805444668e-21
3.182225504483129771e+04 -2.934161109085946442e-21 3.187861785415669555e-21
3.184018393121597546e+04 -3.578436040963413317e-21 3.290903647095805781e-21
3.185811278613000832e+04 8.862716593803974967e-21 3.187706637197103618e-21
3.187604197948699948e+04 -1.383414219480161468e-21 3.217394509570302858e-21
3.189397108824984025e+04 1.550425138936743842e-21 3.274959525415065295e-21
3.191190011238330408e+04 -5.972390307303398352e-21 3.068038733742838225e-21
3.192982905183404728e+04 -5.878086111240025387e-21 3.111807388806135540e-21
3.194775790657054313e+04 -1.332827167661437232e-21 3.411171878191632616e-21
3.196568667654298770e+04 2.946061308538642550e-21 3.270269105238259649e-21
3.198361536171617263e+04 3.801987072995557092e-21 3.258082823795947118e-21
3.200154396204391378e+04 1.386216444153361147e-21 3.385556002592651801e-21
3.201947247748369409e+04 -3.492104762062877364e-21 3.173258387455268818e-21
3.203740090798926758e+04 -1.037257832174354042e-21 3.245950413205234590e-21
3.205532925352543680e+04 -4.040017907349826632e-21 3.056687684731770051e-21
3.207325751404594848e+04 7.683242067389789925e-21 3.162936547903341743e-21
3.209118568950820190e+04 3.288725428304208045e-21 3.210120022753401564e-21
3.210911377986590378e+04 5.755547579809933658e-22 3.143789361359607333e-21
3.212704178508006589e+04 5.730087185935632972e-21 3.233233508579340972e-21
3.214496970511183463e+04 -4.214003702439472474e-21 2.995320490205402199e-21
3.216289753991126054e+04 2.371899448713192050e-22 3.146779053587111421e-21
3.218082528944302976e+04 4.624741991295198084e-21 3.194242162227591832e-21
3.219875295365714555e+04 1.683123440072851607e-21 3.208578868037244820e-21
3.221668053251827587e+04 -4.832293859037049432e-21 3.169073159194265747e-21
3.223460802596906433e+04 4.149709677368201989e-21 3.347715900903322196e-21
3.225253543398152760e+04 -7.477611414392678325e-24 3.178307513889667952e-21
3.227046275652030090e+04 -3.475471464859788995e-21 2.969275720022778603e-21
3.228838999353530744e+04 -2.156550206079852774e-21 2.949896811464664622e-21
3.230631714496911081e+04 -4.287621463279224612e-21 3.078880845975879445e-21
3.232424421078620071e+04 5.522409629028165349e-21 3.136971827421040000e-21
3.234217119094764348e+04 2.842970943072102149e-21 3.001672070880578652e-21
3.236009808541438542e+04 5.755717551552614519e-21 3.266967878360247036e-21
3.237802489414361844e+04 9.918353809246896475e-21 3.244820740163588111e-21
3.239595161708520027e+04 2.293661242901774261e-21 3.102109849916009510e-21
3.241387825420371519e+04 3.494605739412262744e-21 3.244176282064805626e-21
3.243180480544156671e+04 -8.382596809155094727e-22 3.183939640914301717e-21
3.244973127077073150e+04 1.887282316694141439e-21 2.812188194355994096e-21
3.246765765015570287e+04 -1.795180176719552604e-21 2.922425031685156620e-21
3.248558394353152471e+04 1.208942256459972492e-21 2.961601660569656711e-21
3.250351015087368069e+04 -5.808678929888821449e-21 3.026209819817213809e-21
3.252143627211717103e+04 9.870167767426778918e-22 3.317923053678889399e-21
3.253936230724499910e+04 2.741070511629733804e-21 3.093206498916578732e-21
3.255728825620691714e+04 4.985496575514896979e-21 3.006191239542615696e-21
3.257521411894520497e+04 -1.088184609751329099e-21 3.099531243139812315e-21
3.259313989543912248e+04 2.625672833793206572e-21 3.082895652411578021e-21
3.261106558561986822e+04 2.294741802109916994e-21 2.755251822188753714e-21
3.262899118947772877e+04 7.789968410275477342e-22 2.951502516559351675e-21
3.264691670694756976e+04 4.542525168519963832e-22 2.860560534079917292e-21
3.266484213797532357e+04 5.153016897632466162e-21 3.073320474714426984e-21
3.268276748253644837e+04 3.569306456739424682e-21 3.058213420625401998e-21
3.270069274059521194e+04 -1.684546263895675135e-21 3.107595867133302950e-21
3.271861791210136289e+04 -3.895641243719798689e-21 2.938703789342298459e-21
3.273654299698595787e+04 1.611141179171603826e-21 2.982901754516743055e-21
3.275446799523556911e+04 -3.507883236002412639e-21 2.842748988590870144e-21
3.277239290681079729e+04 8.548670891691788003e-22 3.057612243110429763e-21
3.279031773165380582e+04 7.634469420370198997e-21 3.172384264296698578e-21
3.280824246971408138e+04 4.136348048453397012e-21 3.060870169676240846e-21
3.282616712095963885e+04 4.671218567686935754e-21 3.089068501821523177e-21
3.284409168536216021e+04 2.696370585719604806e-21 2.944273360293468018e-21
3.286201616285999626e+04 4.770780488692544177e-21 3.087986733070672498e-21
3.287994055340986233e+04 2.368951324287026849e-21 3.113843404337102369e-21
3.289786485696503951e+04 -7.250075166579852933e-21 2.959227954146859514e-21
3.291578907350463851e+04 5.673104899195514548e-21 3.055876473144125324e-21
3.293371320296689373e+04 5.311281551270630442e-21 3.080657405694915870e-21
3.295163724529749743e+04 1.479964164319375200e-21 3.099261615392575571e-21
3.296956120047550939e+04 3.429084189058817852e-21 3.119013312926834981e-21
3.298748506846139207e+04 2.916223633638627421e-22 3.073967575881933300e-21
3.300540884919337259e+04 1.423511808032208753e-21 3.075621101892840948e-21
3.302333254262073751e+04 -4.234079609339700754e-21 3.221477935821725854e-21
3.304125614873723680e+04 -1.338834605665180650e-21 3.098344829290030461e-21
3.305917966747368337e+04 5.898960043435882968e-21 2.958563413988438541e-21
3.307710309877935651e+04 3.716520517745573101e-21 3.189999986328559365e-21
3.309502644262214017e+04 1.668140320063947859e-21 3.028541411058324704e-21
3.311294969897357805e+04 -4.062623112377324993e-22 2.996675507028907278e-21
3.313087286777171539e+04 -1.826650276372899221e-21 2.860975455770235604e-21
3.314879594895458285e+04 -3.627488338403655743e-21 2.885034618135422685e-21
3.316671894252349739e+04 4.231551629112192269e-21 3.176466185609300812e-21
3.318464184841645329e+04 2.307686059525968366e-21 3.162541257308861952e-21
3.320256466655272379e+04 5.843647557597005980e-21 3.157856249589991900e-21
3.322048739695216500e+04 1.210113024934049090e-21 3.035825274797624582e-21
3.323841003954542248e+04 5.457429478616078182e-21 3.049451239699736627e-21
3.325633259427041048e+04 5.312445291719713116e-21 3.062507053440092949e-21
3.327425506109857088e+04 4.462163277545180250e-22 2.919846794607309940e-21
3.329217743999388040e+04 -1.414855700160060617e-21 2.875316701460423109e-21
3.331009973090914718e+04 7.953046175039640073e-21 3.010510153681704390e-21
3.332802193377473304e+04 2.354276697595761479e-21 2.955620279446680799e-21
3.334594404859560746e+04 -1.754693460551576453e-22 2.958081257401807180e-21
3.336386607529834873e+04 3.320037061080333485e-21 3.047935162977200771e-21
3.338178801382066740e+04 5.588308608880811956e-21 2.985129800991868018e-21
3.339970986416017695e+04 -7.054039265947615414e-21 2.852322766165172504e-21
3.341763162625842233e+04 3.238025038949939698e-22 3.012984893519536377e-21
3.343555330004559801e+04 -2.400760303189227241e-21 2.933226617879337825e-21
3.345347488551923016e+04 1.170681620921694975e-21 2.916946986637984562e-21
3.347139638262072549e+04 4.745302316059366392e-21 3.039318067368499116e-21
3.348931779128027119e+04 7.379790500809587070e-21 2.987624593302509803e-21
3.350723911149535706e+04 -6.855183705650155411e-23 2.836972760649958737e-21
3.352516034320718609e+04 2.250067751644781305e-21 2.968441091614454351e-21
3.354308148634597455e+04 1.657894447006128232e-21 2.973902162571518431e-21
3.356100254090925591e+04 1.545982376791247647e-21 2.821571194179909657e-21
3.357892350681213429e+04 -2.781491974164723561e-21 2.867369415247040243e-21
3.359684438406326080e+04 -2.255544092744778626e-21 2.888762776171004993e-21
3.361476517258146487e+04 -9.102694966992758255e-22 2.983378376735141632e-21
3.363268587230800767e+04 1.557535663577574805e-21 2.929237879662843839e-21
3.365060648324400972e+04 -7.262050663284767159e-22 3.029140414600791723e-21
3.366852700532319432e+04 -9.079652122112378418e-22 2.866959244514196515e-21
3.368644743848286453e+04 -6.287155250225767927e-22 2.970808529713330879e-21
3.370436778272060474e+04 4.293914084533143374e-21 3.228699803473467526e-21
3.372228803796630382e+04 8.535060127126446679e-21 2.943236486124543265e-21
3.374020820415360504e+04 3.423631398233018236e-21 2.829868641278678219e-21
3.375812828129489935e+04 2.188155586170077954e-21 2.790578104518148108e-21
3.377604826930126728e+04 1.881352047995075454e-21 3.026691261840168350e-21
3.379396816814752674e+04 1.066443012627597384e-21 2.871953104740465854e-21
3.381188797779355809e+04 1.261704165489970570e-20 3.059353892360215502e-21
3.382980769816886459e+04 1.459089529176582433e-20 3.010035324142154406e-21
3.384772732926353638e+04 2.506042039498927515e-20 3.264378678779615501e-21
3.386564687100351875e+04 1.703791123266396224e-20 3.045694572487291758e-21
3.388356632337113842e+04 8.034669462156365737e-21 3.103322872661944363e-21
3.390148568632989191e+04 3.946563519028977907e-21 2.802215146346372920e-21
3.391940495977937098e+04 8.242575138225888547e-22 2.731446051847910891e-21
3.393732414373190841e+04 -5.384788312629958513e-22 2.925534969279648798e-21
3.395524323813217779e+04 3.530422643116208389e-21 2.807453163365527785e-21
3.397316224290955142e+04 2.854760347098692268e-21 2.818257566407750013e-21
3.399108115806151909e+04 1.802730654545541372e-21 3.016439406442239678e-21
3.400899998349881207e+04 -3.997502552728353080e-22 2.801619710323348418e-21
3.402691871921120764e+04 5.393899175952038175e-21 2.921250217060615952e-21
3.404483736512438918e+04 -1.836048882507150392e-21 2.948353660055338673e-21
3.406275592123942624e+04 5.469417974958222284e-21 2.861305238590486955e-21
3.408067438748574932e+04 6.784465533251731112e-24 2.979803119550253479e-21
3.409859276380031952e+04 4.984944235684602884e-21 2.998262782874603052e-21
3.411651105017262307e+04 3.537820867836537136e-21 2.856370771625483063e-21
3.413442924652849615e+04 -2.831256711813233866e-21 2.973520013623984005e-21
3.415234735285761417e+04 -1.836387363926570708e-21 2.976265190892362457e-21
3.417026536907044647e+04 6.633283674632281841e-21 2.976344046191151590e-21
3.418818329516395170e+04 2.201107472045277159e-21 3.011844996534778110e-21
3.420610112058538652e+04 -3.138238641825956786e-21 2.984621012840192696e-21
3.422401790175380302e+04 -2.273870797798070539e-21 2.906335656143889380e-21
3.424193459245181293e+04 -2.699805206071201532e-21 3.003032708827842555e-21
3.425985119283769018e+04 2.665596175218855326e-21 3.005128047301389252e-21
3.427776770290872810e+04 -7.655771946086485396e-21 2.874973200653506324e-21
3.429568412256395823e+04 3.748332315972137999e-21 2.884809616682374074e-21
3.431360045180800807e+04 3.269237683400465057e-21 2.806647004004520847e-21
3.433151669057385880e+04 2.651155578434164265e-21 3.031381003146542165e-21
3.434943283881703974e+04 2.533052666276283367e-21 2.801186106885122113e-21
3.436734889650443074e+04 -2.643713967422200541e-21 3.002827749461917055e-21
3.438526486357247632e+04 -2.624703473611965329e-21 2.778708927316620545e-21
3.440318074000706838e+04 6.604950137819071285e-21 2.917239863548951304e-21
3.442109652572219056e+04 -2.915394253395344923e-21 2.756420048368865908e-21
3.443901222071111260e+04 -2.263039245189643388e-21 2.686750153610338050e-21
3.445692782489902311e+04 2.557304881473340702e-21 2.934956474572820426e-21
3.447484333828295348e+04 6.778565727059432092e-22 2.873604106047262437e-21
3.449275876075406995e+04 3.839877963826758581e-21 2.719638088282067363e-21
3.451067409233189392e+04 1.562524019519622964e-20 3.016414074036786454e-21
3.452858933293025621e+04 3.608574247770003064e-20 3.266688921909803753e-21
3.454650448254617368e+04 3.210413656232464892e-20 3.275086947571191705e-21
3.456441954107833590e+04 1.057445960884255587e-20 2.726123392271957060e-21
3.458233450853121758e+04 1.878632237991535869e-22 2.751008986520649063e-21
3.460024938482228754e+04 6.047614907012085663e-21 2.755339545830055855e-21
3.461816416995220061e+04 2.221507525370158549e-21 2.921376137975573181e-21
3.463607886382327706e+04 -2.454713606070622841e-21 2.803281852308954400e-21
3.465399346643596800e+04 2.483140189044704367e-21 2.758503526664183217e-21
3.467190797770793142e+04 -3.264868023517251655e-21 2.687746181183679749e-21
3.468982239764726546e+04 2.234535325801891687e-21 2.836376803932323758e-21
3.470773672613358940e+04 2.896354051868806548e-21 2.839269902394339420e-21
3.472565096319009899e+04 1.150992308974905951e-22 2.702608530145565183e-21
3.474356510872660147e+04 1.209174228354049378e-21 2.896781410083812816e-21
3.476147916274359886e+04 -1.073522672553842439e-21 2.943800130093069211e-21
3.477939312514301128e+04 -2.033441688991565244e-21 2.720306848196167036e-21
3.479730699591805023e+04 3.204681938274093662e-21 2.843014911737957692e-21
3.481522077500486193e+04 3.677217817051128044e-22 2.860164654680165206e-21
3.483313446238497272e+04 4.985254675114020958e-21 2.791012751878922991e-21
3.485104805797182780e+04 4.044684671285697079e-20 3.154957002227252722e-21
3.486896156176205841e+04 9.739170258691229171e-20 4.094737172786022158e-21
3.488687497367656761e+04 6.883040701222868316e-20 3.534806903494856015e-21
3.490478829369287268e+04 1.373350261199510759e-20 2.882884774555887217e-21
3.492270152175859403e+04 9.461454058410193602e-21 2.848711215382970737e-21
3.494061465782489540e+04 -3.970684393710311558e-22 2.756008652249633114e-21
3.495852770185805275e+04 -4.702769207261807484e-22 2.805085558474134695e-21
3.497644065379024687e+04 -3.785840891756657888e-21 2.838257589390126836e-21
3.499435351361044013e+04 -6.934670787410466461e-22 2.641941707457518617e-21
3.501226628123557020e+04 2.523509003472995412e-21 2.675008159487928657e-21
3.503017895665063406e+04 6.258522982021694834e-22 2.594777661508952290e-21
3.504809153978797258e+04 5.627537846106416055e-23 2.807856077698813209e-21
3.506600403062131227e+04 1.494268447974096217e-21 2.701119571527883652e-21
3.508391642910921655e+04 3.164117909804821429e-21 2.737456183107927388e-21
3.510182873518372071e+04 3.584563884075202546e-21 2.772500333885504330e-21
3.511974094881094788e+04 -4.239522308031799050e-21 2.724359022148438395e-21
3.513765306993786362e+04 1.889953897698604510e-21 2.630365632339422526e-21
3.515556509853819443e+04 4.684268210738843586e-21 2.809904360668772603e-21
3.517347703455158626e+04 2.632600293551951648e-22 2.769476212506414042e-21
3.519138887793268805e+04 -4.644260349622262382e-22 2.745091221694639622e-21
3.520930062864372303e+04 8.048864990591470623e-22 2.749987201095756635e-21
3.522721228662795329e+04 -1.805676147922476426e-22 2.829574740708334143e-21
3.524512385186649044e+04 2.309731179996190823e-21 2.919660122250550724e-21
3.526303532427579194e+04 1.955163044848145101e-21 2.814860069152093920e-21
3.528094670383716584e+04 3.357320876089534252e-21 2.896265839679057821e-21
3.529885799049004709e+04 1.702177942540519179e-21 2.771330676918386798e-21
3.531676918420410220e+04 -6.470018284037448896e-22 2.602180498447306041e-21
3.533468028493003658e+04 5.369578803388406190e-21 2.767177088849914179e-21
3.535259129261474300e+04 3.346252254096997476e-21 2.661774939333104100e-21
3.537050220720875222e+04 -5.258001390346541903e-21 2.568692130978775220e-21
3.538841302867410559e+04 -8.523151405687903206e-22 2.808549567735469914e-21
3.540632375697293173e+04 -8.859020438301904512e-22 2.652237524253938594e-21
3.542423439205584873e+04 2.640700954071144812e-21 2.720600098505820891e-21
3.544214493386204413e+04 -2.004402611033906245e-21 2.805855813905826769e-21
3.546005538236484426e+04 2.531957671625850187e-21 2.714581694426897577e-21
3.547796573750338575e+04 -2.718550086088022007e-21 2.711687430829045993e-21
3.549587599924689857e+04 -2.829994671436226982e-21 2.694822461564073194e-21
3.551378616754239192e+04 -1.331632654814944777e-21 2.578850609805919505e-21
3.553169624234033108e+04 -4.046160995141291025e-21 2.700766677848255344e-21
3.554960622359496483e+04 3.034970601855227553e-21 2.838988732115729086e-21
3.556751611126808712e+04 -2.136194452474316166e-21 2.729721520340351581e-21
3.558542590530632879e+04 4.097534120022286643e-21 2.656812620501841073e-21
3.560333560567123641e+04 4.813152767100397246e-21 2.778802408332250693e-21
3.562124521231714607e+04 -8.762674307273623775e-22 2.729697149596621969e-21
3.563915472519447940e+04 3.786062725208627788e-21 2.630794847537182563e-21
3.565706414424973627e+04 3.198537541822193275e-21 2.713533415158437925e-21
3.567497346943704906e+04 3.555475112140368477e-21 2.841596020117345391e-21
3.569288270073323656e+04 -2.547075088948894605e-21 2.740419039681614663e-21
3.571079183807701338e+04 -4.645847480512749109e-23 2.717540031738195669e-21
3.572870088141488668e+04 -1.662914314399998143e-21 2.746905618984102256e-21
3.574660983071235387e+04 3.271899425252285035e-21 2.660362829974375079e-21
3.576451868591964012e+04 -2.063994602156412509e-21 2.756646111705320509e-21
3.578242744697929447e+04 -1.490401185417564278e-21 2.683689761406053826e-21
3.580033611387184646e+04 -5.027862805802628824e-21 2.646044312696286402e-21
3.581824468652833457e+04 -2.486809060556905135e-21 2.643948035918823858e-21
3.583615316492156853e+04 1.955884500975855319e-21 2.691796495794603095e-21
3.585406154897525266e+04 2.948475690778975152e-21 2.653999188090341048e-21
3.587196983867361996e+04 1.262473657427908285e-21 2.708329598376160148e-21
3.588987803395531228e+04 6.382085886432468258e-21 2.588035393333811360e-21
3.590778613477792533e+04 1.492015748489891237e-21 2.634082658761752690e-21
3.592569414108754427e+04 -7.920804106024975144e-22 2.670466363911536533e-21
3.594360205286448763e+04 4.170081164071298471e-21 2.771942552956572203e-21
3.596150987002845795e+04 -1.910029069311874797e-21 2.764137664124497673e-21
3.597941759255222132e+04 -1.738462756792144592e-21 2.746337869301901300e-21
3.599732522038562456e+04 2.448748428382732407e-21 2.818336697854103495e-21
3.601523275347480376e+04 -1.059111475917347303e-21 2.731370988777210531e-21
3.603314019178841409e+04 1.568233652781000158e-21 2.806337781308616232e-21
3.605104753528011497e+04 -2.547391644527432530e-21 2.790745426977476213e-21
3.606895478389607888e+04 -5.603685608733423658e-22 2.839833168430640727e-21
3.608686193757468573e+04 -5.737229046736647203e-21 2.605473090315990384e-21
3.610476899628846877e+04 5.944740927953365130e-22 2.863243631658844294e-21
3.612267595999102195e+04 5.832844557641335054e-21 2.889955059641662830e-21
3.614058282862424676e+04 -6.914312713580253740e-23 2.593434772389211816e-21
3.615848960214931867e+04 2.192767109276969291e-21 2.703317850367354706e-21
3.617639628053503839e+04 -3.516832530767725310e-21 2.688651253564834793e-21
3.619430286371965485e+04 1.518021441287831607e-21 2.775046401798524813e-21
3.621220935164138791e+04 2.822987635155590969e-21 2.710579747042888178e-21
3.623011574427263986e+04 6.340445350113713790e-21 2.826706751290840066e-21
3.624802204156655353e+04 3.545779720090960931e-21 2.729588709142983778e-21
3.626592824346525595e+04 -1.887829846734753648e-21 2.727507865601667367e-21
3.628383434992976254e+04 -2.826808212663458171e-22 2.883987996173030906e-21
3.630174036091718153e+04 -3.084213144507673905e-21 2.849410056571273025e-21
3.631964627638462116e+04 1.926810706012209134e-21 2.774940877315986607e-21
3.633755209627388103e+04 1.087690737228200701e-20 2.772667562682073379e-21
3.635545782053795847e+04 4.606886540421742043e-21 2.620079291678877239e-21
3.637336344913036010e+04 3.900806282920508010e-22 2.686421807388890709e-21
3.639126898201189761e+04 -1.503930499723005066e-21 2.638189520038230289e-21
3.640917441913569928e+04 -2.867114124655437771e-21 2.719453923157616350e-21
3.642707976044354291e+04 1.980493297213612985e-21 2.889050927688511834e-21
3.644498500589223113e+04 2.694161956592977502e-21 2.809902959408977514e-21
3.646289015545377333e+04 1.002233097409361163e-21 3.106295764264377496e-21
3.648079520906246762e+04 9.200858528394400914e-21 3.319176107662242314e-21
3.649870016667135496e+04 6.107824404157663469e-21 2.777492060614345092e-21
3.651660502823344723e+04 2.382986204211286419e-21 2.676627499625534963e-21
3.653450979370935966e+04 -3.470600082992322007e-22 2.807337300258832114e-21
3.655241446307610749e+04 1.990548898605065547e-21 2.570707287201261169e-21
3.657031928928585694e+04 1.805835674556469460e-21 2.674556526360996956e-21
3.658822407363197271e+04 -5.703946625223357003e-22 2.630237872112949701e-21
3.660583441637649958e+04 4.140923652892065591e-21 2.814437341399845372e-21
3.662373898647970782e+04 1.415485388508024201e-21 2.636783558494293322e-21
3.664164346025633131e+04 1.091055675074792066e-21 2.602910579419483014e-21
3.665954783761467115e+04 -7.505238114707758223e-21 2.479299857398699452e-21
3.667745211849285988e+04 -7.362787021340599923e-22 2.684994600243044550e-21
3.669535630284733634e+04 -2.313035777339862981e-21 2.648968155996557872e-21
3.671326039063841017e+04 -3.674109389939340859e-21 2.643960790838600046e-21
3.673116438182232378e+04 -2.175334649332225962e-21 2.634223589887479455e-21
3.674906827632940258e+04 -2.305207026145524730e-21 2.736973608290657444e-21
3.676697207413102296e+04 -5.808959000855506640e-22 2.710617016832972419e-21
3.678487577518002217e+04 -1.741614970801737299e-23 2.690445158429829707e-21
3.680277937942533754e+04 -2.857048694697677602e-21 2.534093097597906147e-21
3.682068288682696584e+04 -4.292318670325716023e-24 2.596187691118690720e-21
3.683858629732974805e+04 2.236895118082131212e-21 2.615041334317173367e-21
3.685648961087518546e+04 3.588205244635272483e-21 2.746000151121578954e-21
3.687439282743076183e+04 1.739144914890841620e-21 2.712990472958530500e-21
3.689229594694536354e+04 6.247957764009720377e-22 2.865719696193830256e-21
3.691019896936772420e+04 -1.737970753120177227e-21 2.806895987816944290e-21
3.692810189465752774e+04 1.366363260533051537e-22 2.784260411868267421e-21
3.694600472275607899e+04 5.836405797343681021e-21 2.776650911879904114e-21
3.696390745362712914e+04 -4.350461930616006456e-21 2.835328689128937588e-21
3.698181008722311526e+04 -2.236826062752414396e-22 2.853840563660217104e-21
3.699971262349270546e+04 4.821168484365342705e-21 2.930424136526585555e-21
3.701761506239175651e+04 7.879531085774870947e-22 2.709105893192749663e-21
3.703551740386497113e+04 3.307337034952063055e-23 2.625175056380969789e-21
3.705341964786112658e+04 2.513223033020170741e-21 2.684510360620617012e-21
3.707132179435107537e+04 -1.283779465418827468e-21 2.581617206577924712e-21
3.708922384326482279e+04 2.468832595717504135e-21 2.734708466241711917e-21
3.710712579457303218e+04 -1.543027658033799987e-21 2.653845024423560547e-21
3.712502764821665187e+04 -6.604685173162059961e-21 2.621258702953246510e-21
3.714292940415534395e+04 -4.609955034457880471e-22 2.697173246958602769e-21
3.716083106233384751e+04 2.586916287035761193e-21 2.920796684531653895e-21
3.717873262270432315e+04 4.014298785867799274e-21 2.934889433448547853e-21
3.719663408523365797e+04 3.141912602433430863e-21 2.863138210610077748e-21
3.721453544984765904e+04 4.080942939195564310e-22 2.653521096960815343e-21
3.723243671651702607e+04 2.947912017150475051e-21 2.771513829588177086e-21
3.725033788519402879e+04 -1.960273529911887081e-21 2.633503907816847840e-21
3.726823895583058766e+04 -6.009034701694557134e-21 2.470579571168444943e-21
3.728613992837117257e+04 -1.809472718715345099e-21 2.672678369353258562e-21
3.730404080277487810e+04 4.848433379334544246e-21 2.863063422793327547e-21
3.732194157898245612e+04 1.104900079751482656e-21 2.622725105939702567e-21
3.733984225694977067e+04 1.192570942711975561e-21 2.794584164260349506e-21
3.735774283665096300e+04 4.788668559991986203e-21 2.872235620677310645e-21
3.737564331800062791e+04 -3.950926510562578991e-22 2.938761077155800336e-21
3.739354370097635547e+04 6.404960785315417326e-21 2.795104262187790664e-21
3.741144398552625353e+04 3.273658764213199763e-21 2.731561472420419525e-21
3.742934417158734141e+04 2.050873472580613124e-21 2.788580499879091775e-21
3.744724425913363666e+04 -2.135291884884941621e-22 2.756667735868965984e-21
3.746514424810194760e+04 -2.834521116353455232e-22 2.764208595700102823e-21
3.748304413844002556e+04 1.471715759163507680e-21 2.634322458685572589e-21
3.750094393011805369e+04 -1.192545131522556555e-21 2.611918692639271835e-21
3.751884362306556432e+04 1.670787526625658640e-21 2.785465650917153830e-21
3.753674321725268237e+04 -3.991255108394393629e-21 2.638990829779336471e-21
3.755464271261981048e+04 -6.189480437024184899e-22 2.561821579923959229e-21
3.757254210911822884e+04 -6.970208078547053955e-22 2.599577125096799629e-21
3.759044140670329216e+04 -1.835198268812221149e-21 2.598055338164786114e-21
3.760834060533776938e+04 -5.115586841842227329e-22 2.609888077775656479e-21
3.762623970495072717e+04 -1.267495193445366311e-21 2.491007642311556613e-21
3.764413870550466527e+04 -5.423539908893883504e-21 2.621825245941711639e-21
3.766203760695093661e+04 4.427438431452200417e-21 2.604466908796477073e-21
3.767993640924840292e+04 -5.498854090953162359e-22 2.551096281282683589e-21
3.769783511234105390e+04 -4.166248136449523625e-21 2.469675763894611843e-21
3.771573371617637167e+04 -1.016095584926064130e-21 2.646240551730536481e-21
3.773363222070570919e+04 -6.554297636741866657e-21 2.658544458112319366e-21
3.775153062589123874e+04 -1.528087918249277873e-21 2.664331638532927383e-21
3.776942893166939029e+04 -3.236915511593474116e-23 2.611652427161138414e-21
3.778732713800264901e+04 1.402366094868691266e-22 2.589217527760429515e-21
3.780522524483472807e+04 1.770737611101359208e-21 2.435377522327136231e-21
3.782312325212049473e+04 -2.435971693698444601e-21 2.389862597823524559e-21
3.784102115975545166e+04 -5.222953628952694299e-21 2.500576122345780951e-21
3.785891896137102594e+04 2.411723165253470460e-21 2.577443118266319681e-21
3.787652079654553381e+04 1.919195816222048679e-21 2.546921729776014240e-21
3.789441838351481420e+04 1.063092217434583744e-22 2.658660251073190321e-21
3.791231587068413501e+04 3.246727343178114206e-21 2.751659190351517931e-21
3.793021325801198691e+04 2.397859541801562030e-21 2.597974309484115422e-21
3.794811054544957005e+04 1.041024727406687419e-21 2.514021955224226046e-21
3.796600773294778628e+04 1.643768658541459916e-21 2.709748429164660684e-21
3.798390482045754470e+04 -3.330757328266957095e-21 2.792680827020273141e-21
3.800180180793714680e+04 -1.003505672873387472e-21 2.516761536853407847e-21
3.801969869532212761e+04 -9.507282106618039869e-22 2.602044333148645504e-21
3.803759548257113784e+04 -1.777298985746320604e-21 2.558502205812469371e-21
3.805549216963494109e+04 1.250355195992900223e-22 2.556942361179079632e-21
3.807338875646428642e+04 3.169972735278547217e-21 2.660978661269714013e-21
3.809128524300959543e+04 1.066434621758828778e-22 2.581643353282788145e-21
3.810918162922176271e+04 -3.099221500442686923e-22 2.783720461557418992e-21
3.812707791505155183e+04 1.636511952890806398e-21 2.613538067561315910e-21
3.814497410044189746e+04 3.364946975930051945e-21 2.656423414815438864e-21
3.816287018536256801e+04 -8.576907205284106956e-22 2.696032754470283029e-21
3.818076616974848730e+04 -2.097651677115518774e-21 2.621925782950438337e-21
3.819866205355438433e+04 3.329804579923449876e-21 2.586229101418535221e-21
3.821655783673075348e+04 1.536237505910626188e-21 2.547185899734949801e-21
3.823445351922814734e+04 1.439072686780539110e-21 2.507103059234025923e-21
3.825234910098909313e+04 2.897473793376639896e-21 2.608961972303637674e-21
3.827024458197937929e+04 -3.315487817015625289e-21 2.713167495237653919e-21
3.828813996213427163e+04 3.904126739856063558e-21 2.580236392190320593e-21
3.830603524141952221e+04 -6.235892987198050145e-22 2.545450343733799499e-21
3.832393041977775283e+04 -7.286082400881378346e-22 2.513416535349784343e-21
3.834182549715896312e+04 -9.483375148729532526e-22 2.527507056083124470e-21
3.835972047351374204e+04 -3.957805053996522238e-21 2.779429938717877232e-21
3.837761534877700615e+04 7.576039702829220192e-21 2.647237547174712288e-21
3.839551012292974337e+04 -3.839039177643997945e-21 2.720477044081981877e-21
3.841340479590667383e+04 -3.519330175352712071e-21 2.575216810629238176e-21
3.843129936765778257e+04 -7.605245761410717869e-22 2.403925859909868912e-21
3.844919383812582237e+04 -6.910101901578086560e-21 2.511026166210876190e-21
3.846708820727626880e+04 -1.754801662766621780e-21 2.599058228039397366e-21
3.848498247505153995e+04 -3.213351016846690234e-21 2.470149381345276694e-21
3.850287664140136621e+04 -3.540584161176416761e-21 2.451113537042443256e-21
3.852077070627598732e+04 4.600091394856180408e-23 2.695046107514711599e-21
3.853866466961013793e+04 -2.218580306521508451e-21 2.652460931866621807e-21
3.855655853137680242e+04 -2.056510234248797908e-21 2.643585171166601511e-21
3.857445229152588581e+04 -9.801399998190707731e-22 2.525387555645285459e-21
3.859234594998392276e+04 -3.783990614173508815e-21 2.611146596007009008e-21
3.861023950673195941e+04 -4.536977527377650005e-21 2.859530784017078198e-21
3.862813296169672685e+04 2.543388635675318732e-21 2.600362347027479525e-21
3.864602631484343874e+04 3.246662168947232284e-23 2.559810796084871711e-21
3.866391956610616035e+04 -2.760852457034015887e-21 2.565324881171515111e-21
3.868181271544256742e+04 -2.835929664109038000e-22 2.461276128312495254e-21
3.869970576279481611e+04 -5.668074408497419533e-22 2.529839069197656087e-21
3.871759870813563612e+04 -1.137746538433900448e-21 2.528542205713468356e-21
3.873549155139154755e+04 1.416985831049493567e-21 2.638950010686037160e-21
3.875338429252738570e+04 3.884628962458676675e-21 2.659836242425717805e-21
3.877127693147768878e+04 2.164432688956832365e-21 2.562750773002295020e-21
3.878916946819198347e+04 -8.108496587197598350e-21 2.506241550756734721e-21
3.880706190264294855e+04 -7.056092843450534403e-21 2.644325248858114171e-21
3.882495423476428550e+04 3.969581266391888365e-21 2.766131187782087169e-21
3.884284646449045249e+04 1.077471611276496149e-22 2.501643436100968411e-21
3.886073859180177533e+04 -1.329983719918245604e-21 2.468780234311470552e-21
3.887863061661684333e+04 1.974367567523605352e-21 2.635409625944197521e-21
3.889652253891018336e+04 2.913628077040026587e-21 2.456887759151863785e-21
3.891441437437216518e+04 9.669165828883628247e-22 2.606638769488625505e-21
3.893230612232966814e+04 -1.259006110054315490e-21 2.553790844987529795e-21
3.895019776761863614e+04 1.405010036220130220e-21 2.601079133914691363e-21
3.896808931016508723e+04 4.078255882122163869e-21 2.398965621366841815e-21
3.898598074991802423e+04 1.698097454288099653e-21 2.449297363618750086e-21
3.900387208685016958e+04 -3.072789941730463554e-22 2.505884242102993913e-21
3.902176332087979245e+04 2.381530561154257709e-21 2.490775249596412518e-21
3.903965445197922236e+04 4.150773834923467537e-21 2.460375752297533064e-21
3.905754548008948041e+04 1.177244390371406293e-21 2.489298982897375116e-21
3.907543640515998413e+04 3.376014973450545450e-21 2.591410229274285619e-21
3.909332722713985277e+04 -5.345742465859475737e-21 2.504350336456830846e-21
3.911121794597036205e+04 3.342533807849562827e-21 2.853894286334131922e-21
3.912910856160800904e+04 2.295295179232032636e-21 2.522584008244782921e-21
3.914699907401725795e+04 4.438852238064242260e-21 2.529488947936658883e-21
3.916488948311633430e+04 4.382954573702294304e-21 2.645037391475099174e-21
3.918277978887730569e+04 -2.335037757508355668e-21 2.449088020649316401e-21
3.920066999123345886e+04 -5.628259751094886159e-21 2.468647790838460459e-21
3.921856009014122537e+04 -5.829139497452338779e-21 2.451041104086280873e-21
3.923645008555742243e+04 -3.423224703147089220e-21 2.566871145658059657e-21
3.925433997742308566e+04 3.804827236277919130e-21 2.572604239345580137e-21
3.927222976567917794e+04 6.579585160121975290e-21 2.648628244507145029e-21
3.929011945028956688e+04 3.109345975257457988e-21 2.624223574882593984e-21
3.930800903118785936e+04 6.722998659670377044e-21 2.537911453518384945e-21
3.932589850833040691e+04 -1.718653532498802858e-21 2.725379993498429503e-21
3.934378788166585582e+04 3.514044907244444828e-21 2.655214566565884313e-21
3.936167715115009923e+04 7.194144355206722383e-22 2.554169053600310433e-21
3.937956631672434742e+04 1.279893777420505884e-21 2.610167833894238615e-21
3.939745537832170521e+04 1.500896467579026982e-21 2.550447011307182601e-21
3.941534433592156711e+04 4.245902590171761062e-21 2.644040864458271778e-21
3.943323318945660867e+04 2.356372432002979200e-21 2.580722860268903427e-21
3.945112193886777095e+04 5.304641898470634358e-22 2.557420941592109418e-21
3.946901058411125996e+04 -3.094275334618496863e-21 2.462446087447586808e-21
3.948689912514319440e+04 -3.506372110737027378e-21 2.580847985611165187e-21
3.950478756188068655e+04 2.199990286271251535e-21 2.588939004368656997e-21
3.952267589431853412e+04 -6.237970505604259926e-22 2.549868623066000159e-21
3.954056412238199846e+04 -4.018336981123617939e-21 2.474654295497361657e-21
3.955845224600387155e+04 3.729885080794982802e-21 2.636117660447647964e-21
3.957634026516298763e+04 3.968336363330502078e-21 2.619056180238532542e-21
3.959422817978440435e+04 5.110393601114840307e-21 2.779502343317657850e-21
3.961211598982416763e+04 7.542601339089069130e-21 2.593685228304573359e-21
3.963000369523813424e+04 1.315141302918778969e-21 2.632247168804395679e-21
3.964789129595097620e+04 -2.655653577347183283e-21 2.592827976696443762e-21
3.966577879192614637e+04 1.581777612008393936e-21 2.691629656196377476e-21
3.968366618312738865e+04 -2.475299221159482295e-22 2.635086288815258849e-21
3.970155346947946236e+04 -2.002594117083379733e-21 2.547955660510126902e-21
3.971944065093788959e+04 6.069753459242808955e-21 2.607418542852549008e-21
3.973732772745817783e+04 6.271402197078039927e-21 2.484600482717047457e-21
3.975521469895757036e+04 2.762316244434123308e-21 2.473067050190700669e-21
3.977310156542259210e+04 3.637657694498544424e-21 2.412229563814506650e-21
3.979098832677768223e+04 -3.828430589731387701e-21 2.555448291471414634e-21
3.980887498299370782e+04 -1.493404087083066722e-21 2.510638783830485580e-21
3.982676153398773022e+04 -4.079593549216866493e-21 2.637491089215838686e-21
3.984464797973845270e+04 -3.216461744946474831e-21 2.476204855678445145e-21
3.986253432016243460e+04 -5.672635677133043843e-21 2.411706825648203438e-21
3.988042055522263399e+04 -5.783336244301162634e-21 2.557393623608344670e-21
3.989830668488246738e+04 -1.434223184303919929e-21 2.549047547038823178e-21
3.991619270905855956e+04 7.494939177725005914e-22 2.516017215143627524e-21
3.993407862772153021e+04 -3.132229240604897545e-21 2.598035987463507203e-21
3.995196444080324727e+04 2.180854255675231883e-23 2.516968115072646566e-21
3.996985014826698898e+04 3.517505569702897391e-21 2.671109135933778645e-21
3.998773575004473241e+04 -9.740489644472893883e-22 2.855024379255776243e-21
4.000562124609918101e+04 -7.406157104562484957e-22 2.572794257841680463e-21
4.002350663636210811e+04 -1.097451233645243536e-21 2.680817047557471619e-21
4.004139192078894121e+04 5.058176516345451304e-21 2.586359977679327692e-21
4.005927709934244194e+04 1.316278463346080550e-21 2.718088791624977372e-21
4.007716217194648198e+04 6.037917695031534121e-22 2.808602020499592843e-21
4.009504713854048168e+04 5.110834229027512387e-21 2.665075812221175189e-21
4.011293199909516989e+04 7.526803830696611382e-21 2.846587995871072064e-21
4.013081675356547930e+04 2.765782635495756549e-21 2.748682560937875393e-21
4.014870140185952914e+04 -5.213894966806159037e-22 2.631290791993132895e-21
4.016658594396326225e+04 -3.720254401487962582e-22 2.709971309989482281e-21
4.018447037980844470e+04 -7.925072245037996661e-22 2.753004861624833433e-21
4.020235470933437318e+04 1.873209565733255625e-21 2.750986648312843361e-21
4.022023893248774402e+04 -1.342206058196588697e-21 2.802786009693875935e-21
4.023812304923899501e+04 3.981022705028673496e-21 2.764068406879111310e-21
4.025600705951188138e+04 4.752236360793239424e-21 2.782280387672599358e-21
4.027389096326886647e+04 3.210839627287428227e-21 2.618445069215638513e-21
4.029177476044094510e+04 -1.344192093966797840e-21 2.809408917506540590e-21
4.030965845098298450e+04 -1.723645399242755466e-21 2.686407243958337872e-21
4.032754203484186291e+04 8.809072103345040879e-21 2.667516866526259605e-21
4.034542551196440763e+04 2.632295539875648984e-21 2.606532362596598317e-21
4.036330888229685661e+04 -5.340998332014095620e-21 2.532224534502118103e-21
4.038119214579412801e+04 -1.246085699860946207e-21 2.760165115812792965e-21
4.039907530238736945e+04 3.016411227244028176e-21 2.609441291444767616e-21
4.041695835203094612e+04 -1.727924952002974688e-21 2.490353216029531662e-21
4.043484129465553269e+04 -1.692758984878058187e-21 2.469378192330607934e-21
4.045272413024694106e+04 2.457997035256786863e-21 2.667061704031877116e-21
4.047060685872066824e+04 -3.724253863664232431e-21 2.653075112176348447e-21
4.048848948003859550e+04 1.083700736899249809e-21 2.630970011234771938e-21
4.050637199412368500e+04 1.042183752089229380e-21 2.619934358882586908e-21
4.052425440093822544e+04 3.407936510750350743e-22 2.666184344894946775e-21
4.054213670044413448e+04 2.730534656520919503e-21 2.611448015233440446e-21
4.056001889256424329e+04 2.126179250818451320e-21 2.646356230814616562e-21
4.057790097724486259e+04 2.305186922060941054e-22 2.595625108402494677e-21
4.059578295444807736e+04 3.976372224923883223e-21 2.732533248936000088e-21
4.061366482411233301e+04 6.965921425747654151e-21 2.708205197911284402e-21
4.063154658617574751e+04 2.898167918807269402e-21 2.882202220982983606e-21
4.064942824060805287e+04 1.246344380630635162e-21 2.661623998076290574e-21
4.066730978732438962e+04 -9.681382631906813399e-22 2.524660973103458845e-21
4.068519122628644982e+04 -1.113006184310129790e-21 2.503997583333139588e-21
4.070307255744752911e+04 5.916045722330730634e-21 2.531786764887891096e-21
4.072065436868711549e+04 -6.553925114017349332e-22 2.613706300944469980e-21
4.073853545605426916e+04 -2.245488072547252339e-21 2.729280199551207278e-21
4.075641644151442597e+04 1.000349035438643777e-21 2.595761648969316193e-21
4.077429731899960461e+04 1.816376584642806284e-21 2.580005958585400822e-21
4.079217808839699137e+04 2.663917561138269829e-21 2.539936446551635837e-21
4.081005874966006377e+04 5.790881682780351800e-21 2.767041789924778464e-21
4.082793930274187005e+04 -1.157050635205920291e-21 2.474591431097580372e-21
4.084581974757330318e+04 -2.101002997641482414e-21 2.537367359216698249e-21
4.086370008410773153e+04 1.549813835874851756e-21 2.623748596431777364e-21
4.088158031229092012e+04 -8.389415181448919611e-22 2.671953384869865667e-21
4.089946043207585899e+04 -3.805923395865373958e-21 2.749060772853559681e-21
4.091734044340094988e+04 -2.310887487878702653e-21 2.707006468303684918e-21
4.093522034621168859e+04 2.381155092527186107e-21 2.749252281744445764e-21
4.095310014044583659e+04 1.602640070024855007e-21 2.588437001712766147e-21
4.097097982605647849e+04 -1.546944322774600528e-22 2.638717410258215951e-21
4.098885940298947389e+04 1.563519292306122878e-21 2.603759823633784951e-21
4.100673887119028223e+04 1.676556529791815488e-21 2.573191000947133256e-21
4.102461823061156610e+04 -3.541076041003258593e-21 2.533297220399943729e-21
4.104249748118375283e+04 -2.016995728115765450e-21 2.433012752841568140e-21
4.106037662285985425e+04 2.613422298557963606e-22 2.619098575491230122e-21
4.107825565558506787e+04 2.482363885377120863e-21 2.594358553187970805e-21
4.109613457929692231e+04 1.235812608017654314e-21 2.588091117469537046e-21
4.111401339395623654e+04 1.047874585055140300e-21 2.755373993744945702e-21
4.113189209950825170e+04 -5.087455208306425193e-22 2.650563731191275395e-21
4.114977069588258018e+04 -2.045105217677295800e-21 2.650231166017058263e-21
4.116764918303201557e+04 4.049752981567942829e-21 2.627633418282019648e-21
4.118552756090183539e+04 -4.076138923797927427e-21 2.530987464620914236e-21
4.120340582942956826e+04 1.981479116379902223e-21 2.664922629256800996e-21
4.122128398858261789e+04 -8.148655095254575400e-21 2.426223287314404502e-21
4.123916203867640434e+04 -1.527395939989899124e-21 2.502951236581145242e-21
4.125704002845598006e+04 -1.399691204879730701e-21 2.689191281981705161e-21
4.127491826811614010e+04 5.637649010092306855e-21 2.565826483674350814e-21
4.129279640117246890e+04 1.235164155126764614e-21 2.461423182952606542e-21
4.131067442455633864e+04 -4.883762240083855214e-21 2.726747576589857744e-21
4.132855233821253933e+04 -8.071476885137576361e-22 2.671514238356490204e-21
4.134643014208549721e+04 -1.492742182068439634e-21 2.385391430780109625e-21
4.136430783612014056e+04 -3.070369675036541121e-21 2.547466940679523728e-21
4.138218542025367788e+04 -1.353474939664235874e-22 2.554965206469306084e-21
4.140006289443832065e+04 4.306720706132728236e-21 2.471045319817327355e-21
4.141794025863363640e+04 -4.774425660922896463e-21 2.512056921815409213e-21
4.143581751275416173e+04 -4.782379703816248062e-21 2.499605073665270495e-21
4.145369465675959509e+04 -1.750970016176441831e-21 2.596518291479185690e-21
4.147157169060934393e+04 -1.501718683700694378e-21 2.611009118149427780e-21
4.148944861421774840e+04 1.034794994591625520e-21 2.502095557720046726e-21
4.150732542755197210e+04 1.122124239262194725e-21 2.630925007859226363e-21
4.152520213054124906e+04 -4.870783405288006135e-21 2.548081705306992668e-21
4.154307872314481210e+04 -1.937526410639375502e-21 2.594604185058960477e-21
4.156095520529209898e+04 4.428652521866199741e-21 2.490514360182645150e-21
4.157883157692754321e+04 5.181638662716845326e-21 2.536892755038398517e-21
4.159670783796873002e+04 3.330929845750699294e-21 2.594507007644513060e-21
4.161428346614919428e+04 3.615320097641489164e-21 2.508767490073094327e-21
4.163215948394155566e+04 1.466897691653222059e-22 2.508494427436596689e-21
4.165003539102055220e+04 2.133835552902785578e-21 2.578673819114281812e-21
4.166791118730609014e+04 4.796244484921911063e-21 2.610689474697984293e-21
4.168578687275808625e+04 4.211601432967759745e-21 2.626883834791323126e-21
4.170366244729699247e+04 1.113640318923653716e-21 2.600990910102568182e-21
4.172153791089771403e+04 -2.260119806787146090e-21 2.587904804628866503e-21
4.173941326348899020e+04 2.292881385422475251e-21 2.623171814464410077e-21
4.175728850499123655e+04 1.691706106622012783e-21 2.791906287805306823e-21
4.177516363541058672e+04 1.770383343094654362e-21 2.594812564238248256e-21
4.179303865462057001e+04 6.408755643092455309e-21 2.648934202171594722e-21
4.181091356260431348e+04 5.011659793898782901e-22 2.686769775927412104e-21
4.182878835929758498e+04 -9.550020089167799724e-21 2.595955663330595662e-21
4.184666304464387213e+04 -9.949399187715796004e-22 2.576073089582165204e-21
4.186453761857933569e+04 -1.446935585623755082e-21 2.593938339490305517e-21
4.188241208107116108e+04 4.312964342587485022e-21 2.669785930752013424e-21
4.190028643203898537e+04 1.255856003919290715e-21 2.655276834423470043e-21
4.191816067142673273e+04 -6.266554369257167584e-22 2.557028775283648782e-21
4.193603479920147947e+04 5.640019132142675388e-21 2.742882554149761528e-21
4.195390881529081526e+04 -1.297077928546579171e-21 2.702312330208389614e-21
4.197178271961459541e+04 -1.006947218769703534e-21 2.644139171586016509e-21
4.198965651215573598e+04 4.219324163400593659e-21 2.623108818570883509e-21
4.200753019284970651e+04 -1.883018878018476126e-21 2.685550658135166015e-21
4.202540376162368193e+04 -1.211883102786450842e-21 2.653473941064382401e-21
4.204327721842144092e+04 -1.967466878092177120e-21 2.664724663571369346e-21
4.206115056320195436e+04 3.955742715766717472e-21 2.496931781992090537e-21
4.207902379590799683e+04 5.318819127490899853e-22 2.580512644200160083e-21
4.209689691645158018e+04 9.858382923920330734e-22 2.702344262504061310e-21
4.211476992481525667e+04 1.736671452411552249e-21 2.519099236677364761e-21
4.213264282092623762e+04 -7.710613147066194126e-22 2.557542871255138592e-21
4.215051560471168341e+04 -2.646275289798549587e-21 2.614686547976292078e-21
4.216838827615419723e+04 1.624900732204677666e-21 2.688702309122299504e-21
4.218626083515753999e+04 -3.837314825016494864e-22 2.485687328637918930e-21
4.220413328168760927e+04 2.270981259015600029e-23 2.608469887877777944e-21
4.222200561568004196e+04 3.673185323967368299e-22 2.590788536234601690e-21
4.223987783706981281e+04 -9.945675886839611462e-22 2.521652907761730603e-21
4.225774994581506326e+04 5.751952206377330635e-21 2.712994766821339288e-21
4.227562194185094268e+04 -2.619845886976200707e-21 2.603972110392572990e-21
4.229349382511247677e+04 2.030692159165822031e-21 2.820555063882625388e-21
4.231136559555002896e+04 -3.287458453327960248e-21 2.741323782535948207e-21
4.232923725311396265e+04 2.125033733847784926e-22 2.565972513722374952e-21
4.234710879772366025e+04 2.722051270467112191e-21 2.656501781923251312e-21
4.236498022936101188e+04 3.000580164939697197e-21 2.756952808624623483e-21
4.238285154792082903e+04 -1.887181509785523356e-22 2.547875776327141952e-21
4.240072275337764586e+04 -5.094762191834823105e-21 2.547278602641282839e-21
4.241859384568178211e+04 -2.039056766646651147e-21 2.418263599152838348e-21
4.243646482473582728e+04 -5.254229950759799873e-21 2.532889481947115733e-21
4.245433569052190433e+04 -4.109844992309640176e-21 2.609175707494593185e-21
4.247220644295879174e+04 -7.350464759448807755e-22 2.709195058530959390e-21
4.249007708199640911e+04 -3.005752851386434557e-21 2.598777001030467449e-21
4.250794760758491611e+04 2.414435054576677872e-21 2.732950905670263854e-21
4.252581801965103659e+04 -3.338647194416728673e-22 2.530463498350127688e-21
4.254368831814467558e+04 4.721682476371984234e-21 2.697845833209025953e-21
4.256155850300769089e+04 -1.918149707154741612e-21 2.633261141417946161e-21
4.257942857417474443e+04 -2.432896702993086796e-21 2.634383785306400616e-21
4.259729853160363564e+04 3.111702464782091686e-21 2.753444568295197660e-21
4.261516837523586582e+04 -2.837581773273208503e-21 2.683706854470026710e-21
4.263303810499815881e+04 3.584896915389100542e-23 2.716484724216739824e-21
4.265090772084035416e+04 2.917434645869939520e-21 2.713343173999924576e-21
4.266877722270393133e+04 -1.636821724130939364e-21 2.702319922205574823e-21
4.268664661052311567e+04 9.150706346366646333e-22 2.759055937275028353e-21
4.270451588425569935e+04 -9.018433732736033907e-21 2.670424731659934864e-21
4.272238504383518739e+04 -4.091768844470725043e-21 2.791348409833810961e-21
4.274025408920345217e+04 -1.340312942085077434e-21 2.749569148185008722e-21
4.275812302030239516e+04 2.064114588446929873e-22 2.593145307524500405e-21
4.277599183707343036e+04 6.547503375540104896e-22 2.601426787654120106e-21
4.279386053945811000e+04 -1.095269720656288661e-21 2.711741877454027559e-21
4.281172912739037565e+04 1.430400995323388674e-21 2.831757897679496118e-21
4.282959760081960849e+04 3.227980911403787839e-21 2.668237272469358586e-21
4.284746595970273484e+04 -2.539605601627344508e-22 2.822736840294667469e-21
4.286533420395002031e+04 8.170071768857324575e-21 2.915323871516112643e-21
4.288320233352664218e+04 8.053040077366505336e-22 2.693139290010461842e-21
4.290107034835755621e+04 -2.117709792878448192e-21 2.547536133778678391e-21
4.291893824839257286e+04 1.816565017805908672e-21 2.568207875903731153e-21
4.293680603358880035e+04 -4.397943665203599033e-21 2.606438517218595397e-21
4.295467370385534741e+04 5.170760889120452736e-21 2.691283093496981819e-21
4.297254125915756595e+04 -1.795097070841209085e-21 2.761649093904161107e-21
4.299040869941293931e+04 -2.507516818779062991e-21 2.874991798005648988e-21
4.300827602459389163e+04 1.037889025483096998e-21 2.781931452671640688e-21
4.302614323463376058e+04 3.658075211498024989e-21 2.611965794740783042e-21
4.304401032945005863e+04 4.068291906068298770e-21 2.547941197806512126e-21
4.306187730899926828e+04 -2.382008207280130636e-21 2.626236166681447713e-21
4.307974417322239606e+04 -1.065865629013353273e-21 2.655239210365110161e-21
4.309761092206063040e+04 -6.297222363156593171e-22 2.734398539124999909e-21
4.311547755544670508e+04 5.047740103727318556e-21 2.660850623803014027e-21
4.313334407334506977e+04 2.238684872781559727e-21 2.601744967834817591e-21
4.315121047568896029e+04 4.475864248020461762e-21 2.699972767507828496e-21
4.316907676238725981e+04 1.904485309659792083e-22 2.652012992508004924e-21
4.318694293342006858e+04 -3.516543623423265015e-22 2.766498275683558027e-21
4.320480898870464443e+04 -1.677475671961301845e-22 2.838340390392279975e-21
4.322267492818946630e+04 1.346867638595062391e-22 2.778991983682224945e-21
4.324054075181471853e+04 2.847212228087273266e-21 2.770952718869761111e-21
4.325840645952142222e+04 -5.687550291868818560e-21 2.609694368434964362e-21
4.327627205125797627e+04 -5.419926761089719943e-21 2.614906238499319740e-21
4.329413752694849245e+04 2.586166296452277473e-22 2.749716831065663128e-21
4.331200288654179894e+04 -3.240149811746468846e-22 2.762067313116157717e-21
4.332986812997830566e+04 3.431387369200202248e-22 2.728113741607416056e-21
4.334773325718980050e+04 6.337752015139757190e-22 2.623654813484036041e-21
4.336559826813303516e+04 -5.628325616049959096e-23 2.675249303630650555e-21
4.338346316274035053e+04 -7.111129426046877413e-21 2.802688622351491486e-21
4.340132794094339624e+04 3.209196233704723799e-21 2.890745200409595427e-21
4.341919260269875667e+04 1.270988279939411278e-21 2.628365752727055302e-21
4.343705714794660162e+04 3.118223519719488276e-21 2.588393838287075116e-21
4.345492157661852252e+04 2.505952268207368208e-21 2.892948188681667848e-21
4.347278588863115874e+04 -2.149182789471628089e-21 2.867420769029077231e-21
4.349065008396431222e+04 5.435868551096749577e-21 2.910078962651336072e-21
4.350851416254156356e+04 -3.860857638672107983e-21 2.810260900148106354e-21
4.352637812429519545e+04 -9.741380206676636427e-22 2.745812543489887640e-21
4.354424196918909729e+04 4.908510572127112128e-21 2.667627392210407754e-21
4.356210569712280994e+04 5.574846717816397120e-21 2.797713272709298787e-21
4.357996930808417528e+04 2.423077972727910488e-21 2.773384021866688009e-21
4.359783280175381515e+04 -1.303747321844120717e-21 2.685120247829694933e-21
4.361569569031041465e+04 2.855410246755741609e-21 2.749315284821453669e-21
4.363355815136546153e+04 -1.537885311332689136e-21 2.517053631141933745e-21
4.365142049519086140e+04 -1.797787216822225278e-21 2.940703463170615944e-21
4.366928272174965969e+04 -4.942957819932177962e-21 2.747915556279047871e-21
4.368714483094981551e+04 5.048721694554926376e-21 2.761409883884800403e-21
4.370500682275483268e+04 -1.802776954964579837e-21 2.773904465169145685e-21
4.372286869708781887e+04 -1.564798877127873404e-21 2.783173400943031989e-21
4.374073045389640902e+04 3.672163132726170027e-21 2.914055398397925830e-21
4.375859209312807798e+04 -2.352618352273103090e-21 2.845713574780102901e-21
4.377645361470510397e+04 3.252830597174305024e-21 3.035495670305442044e-21
4.379401173063349415e+04 -1.657257703306228796e-21 2.877078461257260045e-21
4.381187299441164942e+04 -2.962015866445764431e-21 2.813056114314212216e-21
4.382973414041476644e+04 -2.710533129836515008e-21 2.800162095771183577e-21
4.384759516852666275e+04 4.496095992301172448e-22 2.746204060855924752e-21
4.386545607868644584e+04 5.072155546510203166e-21 2.704522841149550566e-21
4.388331687083275756e+04 3.394142724309376662e-21 2.815123438816663599e-21
4.390117754490499647e+04 3.073170399034525506e-22 2.863392132019307241e-21
4.391903810084227007e+04 -3.338646305208990470e-23 2.796750766876838108e-21
4.393689853859834693e+04 6.396153668165891819e-22 2.833795813213137063e-21
4.395475885806621227e+04 3.998129418012842773e-22 2.882351968364153125e-21
4.397261905924635357e+04 -1.483725261478703276e-21 2.688264709222605456e-21
4.399047914201565436e+04 -4.124122312737508632e-22 2.699305956234625429e-21
4.400833910637477675e+04 -5.994323568667220514e-23 2.895446087461644537e-21
4.402619895220084436e+04 -8.153287281457708387e-22 2.717352862886963651e-21
4.404405867949369713e+04 3.340225697910055551e-21 2.866440654539309286e-21
4.406191828813087341e+04 1.522153078699958006e-21 2.900842345034334985e-21
4.407977777811231499e+04 -7.747031018565870925e-21 2.712823671688985259e-21
4.409763714931456343e+04 -2.579225936535394459e-21 2.556138962362490684e-21
4.411549640172284853e+04 -7.607396246175501055e-22 2.757263297634344717e-21
4.413335553526021249e+04 -1.406857753815828276e-21 2.816946862824629039e-21
4.415121454986461322e+04 -1.455332038994204890e-21 2.648337474197139430e-21
4.416907344547483808e+04 -3.620444536886938688e-23 2.708840137253717244e-21
4.418693222202901961e+04 -2.010339501348987625e-21 2.821886134185976336e-21
4.420479087946518848e+04 -1.273533741491013663e-21 2.517176977844460261e-21
4.422264941772187740e+04 4.167584811638820118e-23 2.709444315397531294e-21
4.424050783672926627e+04 -3.264649350916424165e-21 2.693082341516286620e-21
4.425836613643322926e+04 1.492181456657400102e-21 2.712481266473005558e-21
4.427622431677997520e+04 -4.316064349174356340e-21 2.606323464304675469e-21
4.429408237769943662e+04 9.625266594246757095e-22 2.756357649333918542e-21
4.431194031912179344e+04 -4.058299334630970088e-21 2.592725628478128765e-21
4.432979814099313080e+04 -1.229234422322457849e-21 2.662051527143765131e-21
4.434765584325873351e+04 3.434883648954443141e-21 2.568443618721737301e-21
4.436551342584889790e+04 -4.409619184002228232e-21 2.717015706050658183e-21
4.438337088870155276e+04 3.786491839897225045e-21 2.622883919720039284e-21
4.440122823174626683e+04 2.711445655283382191e-21 2.684849171748719277e-21
4.441908545493654674e+04 -8.595568072684473654e-22 2.643584369606855269e-21
4.443694255819472892e+04 5.224926936036945199e-21 2.687992002996626181e-21
4.445479954146570526e+04 -2.061472273393928700e-21 2.531496038274131502e-21
4.447265640468757192e+04 6.115799637231301910e-21 2.689298820871466951e-21
4.449051314780549728e+04 -2.248446165681072204e-21 2.630928453817610873e-21
4.450836977067733824e+04 1.765016211800157925e-21 2.782897230797639265e-21
4.452592207037632761e+04 1.628574947466324935e-21 2.728475820472387071e-21
4.454377843040502194e+04 -1.963177809054446733e-21 2.791288314587825466e-21
4.456163467007698637e+04 5.803017123198439519e-21 2.834741528741231017e-21
4.457949078931393160e+04 3.283366856583126838e-21 2.833612266918701373e-21
4.459734678806080046e+04 -2.029187408555921660e-22 2.815330240784503720e-21
4.461520266625485965e+04 -8.712240491411438900e-22 2.600273606484261921e-21
4.463305842384151765e+04 2.909895917039913086e-21 2.684830363285858670e-21
4.465091406073357939e+04 -4.049988213958155437e-21 2.661325015264079096e-21
4.466876957689230039e+04 3.078195472270809730e-21 2.987892894593276258e-21
4.468662497224693652e+04 -1.813835636517859841e-21 2.714416847167736360e-21
4.470448024672592146e+04 9.952902834449020601e-22 2.848101166340026706e-21
4.472233540029062715e+04 -2.639789604605209762e-21 2.903658584192841415e-21
4.474019043286200758e+04 3.114229708055212658e-21 2.946164984590348129e-21
4.475804534436851100e+04 4.400662339676431716e-21 2.798363200585169217e-21
4.477590013473951694e+04 -2.932945660954404512e-21 2.917895164609354146e-21
4.479375480395140039e+04 -3.177190064821137466e-22 2.681159600041569447e-21
4.481160935190082819e+04 -6.217444377088637995e-21 2.584213127096958335e-21
4.482946377854880848e+04 -3.169178357064509165e-21 2.684967740640600337e-21
4.484731808382368035e+04 7.086892866280395185e-22 2.764196152516693394e-21
4.486517226765411033e+04 4.325925942038524447e-21 2.651175685672822158e-21
4.488302633000076457e+04 1.149574464417605757e-22 2.669758525302772198e-21
4.490088027075993887e+04 1.572122059212629051e-21 2.774879389190419227e-21
4.491873408991607721e+04 1.646993714774692436e-22 2.672441205440709574e-21
4.493658778737393004e+04 1.988558247786095618e-21 2.807215501921958839e-21
4.495444136306925793e+04 -1.863446780272984729e-21 2.564465871766500097e-21
4.497229481695485447e+04 2.839338607157611105e-21 2.864429575261646336e-21
4.499014814895889867e+04 3.114653113943827471e-21 2.837678086604633562e-21
4.500800135900927125e+04 -7.204399659926562374e-21 2.661124996638997774e-21
4.502585444705063128e+04 -3.748246816964464082e-21 2.696312458617498914e-21
4.504370741301885573e+04 -2.746312928962606517e-21 2.701416669110061647e-21
4.506156025686571229e+04 1.204310093625499809e-21 2.813985169907766180e-21
4.507941297848794056e+04 -9.829578764536156646e-22 2.690948445471856280e-21
4.509726557786083868e+04 1.388194980194574126e-21 2.635042642504153852e-21
4.511511805489662947e+04 -6.057300290410101057e-22 2.652793824303704587e-21
4.513297040953948454e+04 -3.263288544566864937e-21 2.805961083017753179e-21
4.515082264174046577e+04 1.251336928146834609e-21 2.607617993016210697e-21
4.516867475140409806e+04 9.606453438885025299e-22 2.792925262535772224e-21
4.518652673847411643e+04 -5.402690287570018142e-21 2.924495713068954280e-21
4.520437860290952813e+04 -5.415740987580249493e-21 2.846338807739741812e-21
4.522223034462275245e+04 -2.067744588067674539e-21 2.797831374143071855e-21
4.524008196355702967e+04 3.737571672838403218e-21 2.821734231235600792e-21
4.525793345964785840e+04 1.178884393156202430e-21 2.760255107626124330e-21
4.527578483283902460e+04 1.555638934738222849e-21 2.760682134189713837e-21
4.529363608304970694e+04 2.151940694454578946e-21 2.772262283945495242e-21
4.531148721022346581e+04 1.583763347579211390e-21 3.037727382631968686e-21
4.532933821429591626e+04 6.895526023697940489e-22 2.733613649138944938e-21
4.534718909520172019e+04 -1.433526909560251719e-21 2.832218495811520842e-21
4.536503985286883108e+04 -3.210790021179172086e-21 2.805017865268623427e-21
4.538289048724823078e+04 5.827809366897076918e-21 2.961014639573068584e-21
4.540074099826682504e+04 6.710216329976156342e-21 2.981372832862169097e-21
4.541859138586821064e+04 -3.227911317624701525e-21 2.796901336702169176e-21
4.543644164996319887e+04 -3.123342285275447470e-21 2.973600355471111170e-21
4.545429179051084793e+04 9.739216455980709625e-22 3.024768660205308546e-21
4.547214180743844190e+04 6.026881169014651664e-22 2.877588797152954845e-21
4.548999170068032254e+04 -2.166382871121032323e-21 2.758843464524784158e-21
4.550784147017190844e+04 6.486294125680351048e-22 2.856587629365562698e-21
4.552569111584006896e+04 -5.029022234290484247e-21 2.928481699638693082e-21
4.554354063763509475e+04 -3.785146088554202286e-21 2.777602641908984995e-21
4.556139003547633183e+04 -5.752500831517282924e-21 2.775370583642999541e-21
4.557923930931410723e+04 -4.315715243741983182e-21 2.943377032158202963e-21
4.559708845906714123e+04 -1.653891001706283052e-21 2.975266544287847371e-21
4.561493748468634294e+04 -2.731725104473719428e-21 2.992693925646912842e-21
4.563278638608974143e+04 4.457836736017646233e-21 3.022219318035244650e-21
4.565063516323615477e+04 -3.530646765204552483e-22 2.902970989647857960e-21
4.566848381602831068e+04 1.258170800621106515e-20 2.981021329403491115e-21
4.568633234442397952e+04 3.009480685986813903e-20 3.262129515059538950e-21
4.570418074834221625e+04 4.721832125408280026e-20 3.461830347889291491e-21
4.572202902773288224e+04 3.575068827921319044e-20 3.468164440719628901e-21
4.573987718251435581e+04 5.344369276592885575e-21 3.035610982436335729e-21
4.575772521263713861e+04 1.102718981073747373e-20 3.011531605652703727e-21
4.577557311801888864e+04 6.328719531654370990e-21 2.848696514101379868e-21
4.579342089860219130e+04 1.471892726014375386e-21 2.813306053616211584e-21
4.581126855432901357e+04 -7.662216024100499372e-23 2.733542642926714758e-21
4.582911608511712257e+04 8.284986008347199289e-21 3.153657480130898602e-21
4.584696349090895092e+04 4.490217984058896255e-21 3.079314578764169882e-21
4.586481077163809823e+04 6.626835041788459314e-21 3.115714553992707016e-21
4.588265792724642233e+04 2.167125555885529820e-21 3.284868836371618332e-21
4.590050495765222149e+04 4.708613708186382548e-21 3.238728996055478205e-21
4.591835186279656045e+04 -1.326852278629851296e-21 3.277616288510066665e-21
4.593619864260588656e+04 -4.889042797637164349e-21 3.016719854057921570e-21
4.595404529716088291e+04 -3.225277414960519292e-21 3.187672521731722736e-21
4.597189274455120903e+04 -4.041126157439796425e-21 3.127377763717554002e-21
4.598974008694853546e+04 -8.188718589266032424e-21 3.011041004233076374e-21
4.600758730371706042e+04 -1.408533499307750021e-21 3.060377108301381307e-21
4.602543439482235408e+04 7.317695779953684266e-22 3.279637368963481748e-21
4.604328136017413635e+04 -3.794039762200395853e-21 3.204795537838141991e-21
4.606112819971319550e+04 -3.033069025106090606e-21 2.973521242411818883e-21
4.607897491337346582e+04 -3.049332757069116230e-22 3.282964604530809609e-21
4.609682150108792121e+04 -2.570934679387592617e-21 3.196862994616880975e-21
4.611466796278182301e+04 -2.858370096866494630e-21 3.047939277242715672e-21
4.613251429841257777e+04 -2.125000336821643608e-21 3.038403842659266363e-21
4.615036050788083958e+04 7.621993169416420979e-21 3.110827192916703021e-21
4.616820659114420414e+04 3.038260523068705824e-21 2.969845076990237449e-21
4.618605254811958002e+04 1.549221391105667323e-23 2.957592681871851908e-21
4.620389837875566445e+04 -1.444656430343813769e-21 2.921066834397501744e-21
4.622174408297791524e+04 2.333060904573131537e-21 2.898526010583428486e-21
4.623958966071868053e+04 6.097247117803675927e-22 3.067950082853555370e-21
4.625743511191115977e+04 4.332579488534435801e-21 2.931819144760095590e-21
4.627528043647226878e+04 -1.736592925584199269e-22 3.124642154454812905e-21
4.629312563436615164e+04 1.037690995399355185e-21 3.005804291881364943e-21
4.631097070551012439e+04 -2.591623475917352762e-21 3.012392381342824415e-21
4.632850908128585434e+04 -3.551770132784118232e-21 3.000031635193905580e-21
4.634635387055931642e+04 2.057792313082041768e-21 3.067902200344376486e-21
4.636419853833389789e+04 3.678296622996624891e-21 3.115042863108712145e-21
4.638204307914076344e+04 4.764564282927435535e-21 3.266318864289356904e-21
4.639988749285772064e+04 -3.630003441948756545e-22 3.279870775901836439e-21
4.641773177941649919e+04 -1.058243385484194959e-20 3.188292378689648501e-21
4.643557593874193117e+04 -3.328219197217935832e-21 3.120131567859877347e-21
4.645341997076651023e+04 -4.069788940882294659e-21 3.279472354188348700e-21
4.647126387544534373e+04 -5.106403962823418022e-21 3.313870126097585492e-21
4.648910765268794057e+04 -5.375941109387756682e-21 3.223159158073602126e-21
4.650695130243374297e+04 -1.820271182194124836e-21 3.144270181176725763e-21
4.652479482462276064e+04 -1.883824879461719771e-21 3.080866793217227005e-21
4.654263821917158930e+04 -1.405772541858033782e-21 3.132382782380394444e-21
4.656048148601176217e+04 -1.093918906205742143e-21 3.201157431797175412e-21
4.657832462509146717e+04 -5.301095875214459130e-22 3.300342872529294715e-21
4.659616763634225936e+04 2.407017652709894692e-21 3.224317491977260471e-21
4.661401051968806132e+04 -5.529773848395133096e-21 2.959383264843409051e-21
4.663185327503758162e+04 2.817451009021366182e-21 3.170225691908911032e-21
4.664969590236106160e+04 7.094321016034416900e-21 3.298996858334382283e-21
4.666753840158315870e+04 1.736436345409680912e-22 3.357546479654041949e-21
4.668538077262704610e+04 4.507019904962342098e-21 3.213344136692915260e-21
4.670322301540105400e+04 2.494146401675643989e-21 3.281817162496260935e-21
4.672106512987600581e+04 -9.752425856089832163e-22 3.306522613972444897e-21
4.673890711597515474e+04 1.392842864149096203e-21 3.335710891280796846e-21
4.675674897360704199e+04 -2.143104422497357439e-21 3.160789682277913510e-21
4.677459070272592362e+04 9.764644030113193567e-21 3.057824733553140242e-21
4.679243230324793694e+04 -2.577868183494522582e-21 3.100250298442568410e-21
4.681027377512772364e+04 -6.028513050382551126e-21 2.890564010229484316e-21
4.682811511826513743e+04 -5.681228059923339125e-21 2.949928029201623658e-21
4.684595633262260526e+04 -1.104062216701357574e-20 2.948540541772239552e-21
4.686379741808454855e+04 6.814777115780447636e-21 3.063049445078007382e-21
4.688163837465204415e+04 3.263982781618823493e-21 3.067939649240133159e-21
4.689947920218650688e+04 -2.684418666502619951e-21 3.076718623606843471e-21
4.691731990067266452e+04 -3.375720309012849633e-21 3.286986329507170255e-21
4.693516047000315302e+04 -6.284859612890964526e-21 3.095533994057392489e-21
4.695300091007565788e+04 -3.291044202150485604e-21 3.178382716264013049e-21
4.697084121549568954e+04 2.551038548450010903e-21 3.001959048234174599e-21
4.698837398817700887e+04 8.517227020595240938e-22 3.174531390353605156e-21
4.700621401751444500e+04 -2.779345795645341391e-21 3.061317640308803225e-21
4.702405391732264980e+04 5.993617109673825215e-21 3.141855360070582442e-21
4.704189368758771161e+04 6.651693083836356845e-21 3.166537202678515801e-21
4.705973332824082900e+04 6.080241933547347982e-21 3.186167277892862338e-21
4.707757283917214227e+04 -2.738219362760543317e-21 3.309084653118684828e-21
4.709541222036013642e+04 1.672453658893183766e-21 3.158294687696525959e-21
4.711325147167952673e+04 -7.242470913373380780e-21 3.388757045968890992e-21
4.713109059312411409e+04 -3.750664439752683622e-21 3.201340804586799489e-21
4.714892958457671193e+04 5.510068864554751939e-21 3.497007009652194160e-21
4.716676844596731098e+04 -5.542584246987321876e-21 3.098326391336260139e-21
4.718460717728224699e+04 4.114966486941128176e-21 3.338362517427201998e-21
4.720244577837977704e+04 5.434445982127428100e-21 3.397288555534140919e-21
4.722028424923754937e+04 2.071882263137712673e-21 3.394563781115688890e-21
4.723812258976219164e+04 9.628413347908161935e-21 3.390524917843732425e-21
4.725596079986712721e+04 -4.432283039380929296e-21 3.233466334418657387e-21
4.727379887955486629e+04 -2.429972584241208708e-21 3.481212363920651670e-21
4.729163682867504394e+04 2.093126534285135380e-21 3.391998671518767856e-21
4.730947464718922129e+04 -1.545389350541723558e-21 3.323736146087886331e-21
4.732731233505192358e+04 -8.861520666435956230e-23 3.446987605857736779e-21
4.734514989213593799e+04 7.555936449107131201e-21 3.327350184834940995e-21
4.736298731842775305e+04 8.103821061763740890e-22 3.197952475670015768e-21
4.738082461383274494e+04 2.694257185595839989e-21 3.295680799949174880e-21
4.739866177825610066e+04 -1.694376507712104901e-22 3.379320578205254501e-21
4.741649881166008709e+04 3.045617129772394895e-21 3.347895548361505991e-21
4.743433571398950880e+04 5.839845936843456813e-22 3.272077878282379342e-21
4.745217248511007347e+04 -6.309506037166211325e-21 3.439113669744510679e-21
4.747000912501523999e+04 -9.314729866169489363e-21 3.139215351948595953e-21
4.748784563362632616e+04 -4.434858461587645993e-21 3.274102604302942323e-21
4.750568201082446467e+04 3.931609783124230091e-22 3.194273116321094959e-21
4.752351825657866721e+04 6.638418661747518958e-21 3.271962715685550641e-21
4.754135437083482975e+04 -1.335980535568028660e-21 3.391897379042520022e-21
4.755919035346505552e+04 -4.845667640925488147e-21 3.354468058113233070e-21
4.757702620443914202e+04 -1.356224706949908366e-22 3.467000789755512220e-21
4.759486192369405035e+04 -2.721393951045007005e-22 3.441042288764884378e-21
4.761269751112622907e+04 -6.563828247696688988e-22 3.404728107680105598e-21
4.763053296668124676e+04 6.901900955653089737e-21 3.622056047843214975e-21
4.764836829028717329e+04 4.679914477361121064e-21 3.234349810659931591e-21
4.766620348188157368e+04 -2.752620224937630578e-21 3.120997449564635495e-21
4.768403854136860173e+04 4.530801272954679354e-21 3.127566199159033772e-21
4.770187346870934562e+04 -5.450237297165598919e-21 3.064034218461485538e-21
4.771970826382452651e+04 -3.132271974779981224e-21 3.201932664677411664e-21
4.773754292660994543e+04 -4.866631997877175350e-22 3.196733300725501791e-21
4.775537745701900712e+04 1.218489500351921004e-21 3.273755030967543090e-21
4.777321185499569401e+04 -1.319406469759165108e-21 3.876764875265170528e-21
4.779104612045274553e+04 -2.176987222609638668e-21 3.417864527302265313e-21
4.780888025330217351e+04 -4.178725713715540940e-22 3.288477569417127916e-21
4.782671425348841149e+04 -4.087872445627537382e-21 3.201995172578854062e-21
4.784454812095618399e+04 2.646207756182070578e-21 3.368329280867043718e-21
4.786238185562506987e+04 4.709472774795024586e-21 3.368347683653450240e-21
4.788021545739150315e+04 2.532959312740374182e-21 3.265494133645770319e-21
4.789804892620728060e+04 1.288659424960743670e-21 3.668753832837648655e-21
4.791588226200896315e+04 2.736655694399306198e-21 3.398986434603432044e-21
4.793371546472436603e+04 -2.924115044364995252e-21 3.187244745279321708e-21
4.795154853425706824e+04 5.196860527817919929e-22 3.211168156948880424e-21
4.796938147055963782e+04 -2.779653381201183579e-21 3.262574571092865022e-21
4.798721427355109336e+04 -3.100963310518787393e-21 3.194506766837324196e-21
4.800504694316001405e+04 -2.310251781178571782e-21 3.308021211038328412e-21
4.802287947932158568e+04 -2.565256187734756670e-21 3.333868220624116795e-21
4.804071188193147100e+04 -3.371140033023822733e-21 3.546308620512282450e-21
4.805854415094956494e+04 -5.399060443326624910e-21 3.496340148043082798e-21
4.807637628630334802e+04 -8.555258528140297921e-22 3.426759517383034099e-21
4.809420828792067186e+04 -5.138801051052841004e-21 3.266714550330750367e-21
4.811204015570404590e+04 3.158453032610056171e-21 3.383300912832149168e-21
4.812987188959780178e+04 -5.276817854945567790e-21 3.100531296669074646e-21
4.814770348954489600e+04 -1.118304624097906958e-20 3.156552053158757155e-21
4.816553495543249301e+04 -2.608383600327372589e-21 3.247166502620400325e-21
4.818336628722012392e+04 3.886879904799566960e-21 3.210230782064902194e-21
4.820119748485112359e+04 7.489137987834037997e-21 3.472602526289191763e-21
4.821902854819614731e+04 3.255715036774133011e-21 3.356810107516818786e-21
4.823685947723036224e+04 2.168730748417907277e-21 3.275618236719590195e-21
4.825469027185712912e+04 6.363545492845191042e-21 3.353476476490985720e-21
4.827252093201097159e+04 2.030836210936868225e-21 3.704804785356438357e-21
4.829035145761084277e+04 -5.244655588482960427e-21 3.485067830356327954e-21
4.830818160872880981e+04 7.537232064591901079e-22 3.561283056484158236e-21
4.832601078535685519e+04 1.046885183377826166e-21 3.478948225814121013e-21
4.834383982725235546e+04 -2.293559769140356566e-21 3.495697870924993010e-21
4.836166873432527063e+04 -5.456359324041748164e-22 3.522112971706965608e-21
4.837949750651105569e+04 6.474101809594093357e-22 3.530971520955918030e-21
4.839732614373561228e+04 1.908192813622402432e-21 3.653938610732058488e-21
4.841515464591793716e+04 9.932632882620779282e-22 3.650666963109918968e-21
4.843298301301667379e+04 1.728948065884985532e-21 3.518770242649308920e-21
4.845081124491779337e+04 3.007478587716602237e-21 3.641553225288796352e-21
4.846863934156400501e+04 -3.025183858638341552e-21 3.520778862284484752e-21
4.848646730288137769e+04 -1.981075726116163177e-21 3.617982891299361928e-21
4.850429512879663525e+04 -8.560988926409481696e-21 3.458798930118460090e-21
4.852212281922718830e+04 5.805282078321492695e-22 3.484578384483528061e-21
4.853995037411504745e+04 4.068387067218147018e-22 3.394973201873099013e-21
4.855746829937324219e+04 -5.426143125869418009e-21 3.626808815135454014e-21
4.857529555986037303e+04 -6.708602329963907205e-22 3.677684211265485939e-21
4.859312268459999905e+04 5.987103419606457727e-21 3.684014782898073344e-21
4.861094967349056969e+04 -6.755020765755057679e-21 3.870419437737288514e-21
4.862877652647382638e+04 3.229866537142455375e-22 3.846517935639850872e-21
4.864660324345179106e+04 5.621751276740707443e-22 4.018409647234403519e-21
4.866442982435817976e+04 -4.875000098673412338e-21 3.722729735024712100e-21
4.868225626911046129e+04 6.613424087250382851e-21 3.751982250263522758e-21
4.870008257764273731e+04 -4.054514932401285960e-21 3.586975617047999281e-21
4.871790874988013093e+04 1.512402835558802881e-22 3.651099629407187551e-21
4.873573478574876208e+04 3.017584689502704823e-21 3.811858840978200651e-21
4.875356068517378299e+04 -7.323969064578027059e-21 3.728222266005549459e-21
4.877138644809654943e+04 -3.352738598367176473e-21 3.655800680081999791e-21
4.878921207440299622e+04 1.027919003746829232e-21 3.835437644974548639e-21
4.880703756405777676e+04 2.887368546475463449e-21 3.837619213123418128e-21
4.882486291697864363e+04 -2.408655051831308231e-21 3.975146233966536060e-21
4.884268813306649099e+04 3.149812784247382594e-21 3.909135083995029629e-21
4.886051321226277651e+04 2.842713158248573692e-21 3.843269489642115741e-21
4.887833815449221584e+04 6.753268093639581883e-21 4.042123465926931618e-21
4.889616295968047052e+04 9.924485729368037889e-21 3.953689682334012392e-21
4.891398762775992509e+04 -4.284485877690479298e-21 4.109315911369515441e-21
4.893181215864801197e+04 3.651448316495371629e-21 3.808762993430675879e-21
4.894963655226935225e+04 -1.027422173467985699e-20 3.810654385072253076e-21
4.896746080854872707e+04 -4.518633543811767828e-21 3.632211316614538113e-21
4.898528492740320507e+04 4.406754117567296456e-21 3.649465594672520065e-21
4.900310890876495250e+04 -4.014216611032212472e-21 3.530894191030976671e-21
4.902093275255143089e+04 5.824686520741448193e-21 3.778082077015107110e-21
4.903875645871034067e+04 -3.438347975007654046e-21 3.561791950995950068e-21
4.905658002714319446e+04 4.862155631643257610e-21 3.578557589493845520e-21
4.907440345778163464e+04 7.503995323544359266e-22 3.424205212918078795e-21
4.909222675055069703e+04 -4.345594253048606679e-21 3.551666467190670036e-21
4.911004990532889497e+04 -5.373631405884738693e-21 3.545644811410330030e-21
4.912787291690829443e+04 3.478244291407095926e-21 3.781473744037057567e-21
4.914538554466613277e+04 1.430852517471366639e-21 3.797377426508897131e-21
4.916320826204821788e+04 6.385282643033070711e-21 3.778947899666586401e-21
4.918103084117887192e+04 1.898832842366298840e-21 3.719468093130469657e-21
4.919885328198198113e+04 1.371874909035637342e-21 3.743270441496111142e-21
4.921667558436567197e+04 1.506436993193839513e-21 3.839207607440126184e-21
4.923449774827781221e+04 7.599198965571064511e-21 3.995593198660397968e-21
4.925231977364289924e+04 -5.997116344423970088e-21 3.803095522452527761e-21
4.927014166037594987e+04 -2.187253538729083102e-21 3.690470522587998238e-21
4.928796340838542528e+04 -2.073018407472003287e-21 3.987017626053899489e-21
4.930578501762670930e+04 -2.723910353195536276e-22 3.960236744514579923e-21
4.932360648800790659e+04 -7.743860183404221203e-21 3.722898884910071106e-21
4.934142781945225579e+04 -6.443527953445406957e-21 3.967009006750585074e-21
4.935924901188358490e+04 1.583234177834499426e-21 3.799346514595486393e-21
4.937707006522535812e+04 -2.519743139098479200e-21 3.821815005688522787e-21
4.939489097940095962e+04 -4.784181383769123891e-21 3.746037791208427323e-21
4.941271175431786833e+04 2.753488599159489259e-21 3.759733008798506297e-21
4.943053238993143168e+04 -5.333223486474320556e-22 3.845582799971458636e-21
4.944835288614119781e+04 -1.244490591794174919e-21 3.649639698119866841e-21
4.946617324287781958e+04 1.881045609593237948e-21 3.744756304167119454e-21
4.948399346007338318e+04 1.930906393386111630e-21 3.774484171559585202e-21
4.950181353763398511e+04 5.237954844545266368e-22 3.768421874125011078e-21
4.951963347549157334e+04 -6.548955867806026451e-21 3.740380130241059409e-21
4.953745327356852067e+04 -2.998344594534235066e-21 3.782286860529718987e-21
4.955527293178834225e+04 8.225185439597463030e-21 3.781729621394968734e-21
4.957309245008159633e+04 -6.795901800306916351e-21 3.746595423356357148e-21
4.959091182835519430e+04 4.404994309420929738e-21 3.936251098840973503e-21
4.960873106654802541e+04 -7.894904819880629953e-21 3.783586625662133155e-21
4.962655016455855366e+04 -7.880154672782000440e-21 3.726287640023990530e-21
4.964436912233382463e+04 -5.229084596964647136e-22 3.925574895512560999e-21
4.966218793979616021e+04 3.116901943830617403e-21 4.353896441248266498e-21
4.968000661684431543e+04 -8.706711425059122383e-21 3.948990468690654307e-21
4.969782515341641556e+04 -2.418705245873815546e-21 3.770457591311146730e-21
4.971564354945169180e+04 1.713948498274165707e-22 3.751298607534006368e-21
4.973346180485559307e+04 4.453942848521853891e-21 4.199049815865108339e-21
4.975127991953515448e+04 6.466634293055428086e-21 3.949705010053101420e-21
4.976909789343605371e+04 3.168171914938101778e-21 3.900572215648738240e-21
4.978691572646509303e+04 -5.128178848377913544e-21 3.976600531804116210e-21
4.980473341856802290e+04 -2.284108903096278954e-21 4.321755780799731267e-21
4.982255096963512187e+04 -5.980144218539463488e-21 4.155280523307610867e-21
4.984036837960426783e+04 4.097982127952490785e-21 4.302002225265177452e-21
4.985818564840566978e+04 2.134946613992789111e-21 4.302061655732724408e-21
4.987600277595312218e+04 2.747284495540030205e-21 4.094528163183563443e-21
4.989381976216846670e+04 -1.317725190251002487e-21 4.033639941715310460e-21
4.991163660695752333e+04 1.486014472483567729e-21 3.994812298071126179e-21
4.992945331027400243e+04 7.512412426442470648e-21 4.023780530346243417e-21
4.994726987202385499e+04 3.968314436807957848e-21 3.891401245043521217e-21
4.996508629212019878e+04 -3.569868899923000972e-21 4.072586499536844477e-21
4.998290257049318461e+04 -6.097179897951816549e-21 3.774124884630475656e-21
5.000071870707983908e+04 7.286371203833817528e-21 4.006688009198430239e-21
5.001853470177014242e+04 3.328343119380160328e-21 3.869224727737129924e-21
5.003635055450068467e+04 4.807681606617817770e-22 4.061372436683271412e-21
5.005416626519373676e+04 7.782069059418433684e-21 4.290618009246452728e-21
5.007198183377782698e+04 3.794382574143775004e-21 4.390610404455542032e-21
5.008979726015876076e+04 -2.557069358342835815e-21 4.081738748425702896e-21
5.010761254425713560e+04 8.545478735898438626e-21 4.248961840434555705e-21
5.012542768601862190e+04 1.125210721898159724e-20 4.132424659466564493e-21
5.014324268533982831e+04 -1.789474798807835691e-21 3.844446748936185868e-21
5.016105754215809429e+04 6.257825041387385010e-21 4.111947688878274784e-21
5.017887225636995572e+04 -1.552625159603548105e-22 3.829561781486134868e-21
5.019668682792059553e+04 6.224880102988903570e-21 4.051498150754551925e-21
5.021450125673076400e+04 -3.902704963923658504e-21 4.005046227405261386e-21
5.023231554270510969e+04 3.113895191267728105e-21 4.141699082657198060e-21
5.025012968576441199e+04 6.308889613868537204e-22 3.857467710766779603e-21
5.026794368585323537e+04 3.087928218703683055e-21 4.218406034119482373e-21
5.028575754286031588e+04 -3.716301129002035693e-21 4.302238953396742412e-21
5.030357125673790870e+04 4.234054983264065272e-21 4.163058205371022550e-21
5.032138482737477898e+04 4.581315477748861107e-21 4.079414854096109019e-21
5.033919825471494551e+04 4.493129227471723954e-21 4.087725455291599848e-21
5.035701153866320237e+04 2.855382218175026229e-21 3.985050572031307204e-21
5.037482467915532470e+04 4.574917838544717170e-22 4.040994928219283358e-21
5.039263767610413197e+04 2.691077280051323120e-21 4.012226252653912791e-21
5.041045052942907205e+04 5.682925323492971354e-21 3.805692350133071541e-21
5.042826323904302990e+04 3.199143539759354042e-21 4.010004580088320179e-21
5.044607580488124222e+04 -1.939992350992372614e-21 3.918444486135338826e-21
5.046388822685651394e+04 2.499988177238878495e-21 4.146732879908298607e-21
5.048170050488793640e+04 -5.539625375361726498e-21 4.053436547248879839e-21
5.049951263888813264e+04 -4.079188185799935281e-21 3.907617555991637052e-21
5.051732462878421939e+04 6.806574086689578005e-21 4.041997616050100504e-21
5.053513647450444842e+04 -9.142296360499066582e-22 4.131419278294918421e-21
5.055263599536129914e+04 -1.185208943790714728e-21 4.167878401449443657e-21
5.057044752898994193e+04 -1.752204313314408505e-21 3.820805520534963680e-21
5.058825891823176062e+04 1.197270683908598755e-21 4.014495985522607338e-21
5.060607016296473012e+04 -2.691165534066121182e-21 4.177137197616899206e-21
5.062388126311553788e+04 -6.131583256317576261e-21 4.025743934060210405e-21
5.064169221956493129e+04 -4.969092557909943341e-21 3.938482844955537744e-21
5.065950314200900903e+04 -4.757114521749404099e-21 4.097719243065326896e-21
5.067731415546267817e+04 5.201971540514283231e-21 4.102521523156760430e-21
5.069512502602981112e+04 6.324064214466216999e-21 4.268492794297918960e-21
5.071293575160302134e+04 5.102665318617620597e-21 4.031193643728338059e-21
5.073074633208534215e+04 -1.888205445337680068e-21 4.090100668755712645e-21
5.074855676740398485e+04 2.256329676761648796e-21 4.243332054511599657e-21
5.076636705747753149e+04 4.717259397456641155e-21 4.404119485394719444e-21
5.078417720221752097e+04 -2.521599559414813544e-21 4.297961110632380341e-21
5.080198720156586205e+04 1.654897876159156307e-21 4.249394752141089692e-21
5.081979705541817384e+04 1.134263552387839931e-20 4.216268603720903312e-21
5.083760676369284192e+04 2.981915401460462973e-21 4.149194168699629018e-21
5.085541632632446999e+04 -2.770901680070974046e-21 4.150254017505380441e-21
5.087322574322378205e+04 2.347459819714038243e-21 4.022364414427536432e-21
5.089103501431705808e+04 3.060475188221836951e-21 4.193283904096653414e-21
5.090884413949920418e+04 -1.032964070558207627e-21 4.270526060746316368e-21
5.092665311870440200e+04 6.293969799843607868e-21 4.473974724706295569e-21
5.094446195185885153e+04 -3.672183351106526311e-21 4.420300162455181543e-21
5.096227063887316763e+04 -4.357643889831920176e-21 4.214482691624481351e-21
5.098007917967314279e+04 7.367874543803388914e-21 4.390798240947103108e-21
5.099788757415355212e+04 1.034337975861800973e-20 4.238448497939641647e-21
5.101569582224811893e+04 -3.590061322685298908e-21 4.122933188571893791e-21
5.103350392388281034e+04 2.624606154553069332e-21 4.235974924558004847e-21
5.105131187892379239e+04 -1.117730899424406778e-20 4.102458160176479335e-21
5.106911968242368312e+04 -8.323506412590110396e-22 4.060618019331865233e-21
5.108661445785341493e+04 -3.499742210059166647e-22 4.079511215572263728e-21
5.110442194925696094e+04 3.644956622576603716e-21 4.278056818613451861e-21
5.112222929377837863e+04 -1.717889385680596063e-22 4.251487488512295430e-21
5.114003649132770079e+04 -2.781106677972049651e-21 4.329549128498084459e-21
5.115784354183023243e+04 -1.692047785914038272e-21 4.474639489265491613e-21
5.117565044520382071e+04 2.886390809810956124e-21 4.639141245237060629e-21
5.119345720137366879e+04 9.888719205934004823e-21 4.419561752242866980e-21
5.121126381024155853e+04 5.145809389831498043e-21 4.277440539380222747e-21
5.122907027172450034e+04 7.539300872701176501e-21 4.472093822405918838e-21
5.124687658576417016e+04 -5.133229802213239911e-21 4.215332888800842105e-21
5.126468275225349498e+04 -2.090922420435049070e-21 4.252069709891868469e-21
5.128248877111800539e+04 2.868575265651827937e-22 4.436361658992122955e-21
5.130029464227450080e+04 -5.325852779986643011e-21 4.120967646352255832e-21
5.131810036564838083e+04 5.090946770025325168e-21 4.175272929669946504e-21
5.133590594113228144e+04 3.579767091998327938e-21 4.289726605042845563e-21
5.135371136866759480e+04 7.890399741659613481e-21 4.216596590443836090e-21
5.137151664816276752e+04 5.927509265379129252e-21 4.157644992300696655e-21
5.138932177953504288e+04 2.300025378374371789e-21 4.180371966853205412e-21
5.140712676270077645e+04 -3.048845476277871195e-21 4.264896446592590072e-21
5.142493159756909154e+04 -9.229426538356446978e-21 4.381158645335917739e-21
5.144273628407220531e+04 3.158083611143584924e-21 4.455194016734444793e-21
5.146054082212716457e+04 -6.535594216469846740e-21 4.344861600905729618e-21
5.147834521163396130e+04 -6.552338591712429616e-21 4.140640528441752030e-21
5.149614945250158780e+04 -5.299395540033653152e-23 4.461407642701570039e-21
5.151395354468592268e+04 -4.011084720590299436e-21 4.188440121314429483e-21
5.153175748806383490e+04 9.032237520672767204e-21 4.443730289845514095e-21
5.154956128256703232e+04 -3.914754524133555459e-21 4.431324855357555709e-21
5.156736492812033975e+04 5.905048100948224473e-21 4.422129174343045355e-21
5.158516842463125795e+04 -5.400595329193209629e-21 4.637704963699646395e-21
5.160297177201651357e+04 7.350616466305926667e-22 4.648342183335833547e-21
5.162077497019145085e+04 -3.125738256740069959e-21 4.615410731140831756e-21
5.163857801905678934e+04 -7.684779557082393939e-21 4.434517999078345046e-21
5.165638091855964740e+04 2.085783663645590608e-21 4.352511923314735261e-21
5.167418366860066453e+04 -2.245812822525301514e-21 4.562241761878590305e-21
5.169198626908675942e+04 -3.462083583298414989e-21 4.383341441422236767e-21
5.170978871994252404e+04 -1.500134653542769011e-21 4.511303602817030794e-21
5.172759102108275692e+04 4.938009843852188573e-22 4.746584135182412984e-21
5.174539317242387187e+04 9.023728744083490414e-21 4.396664995998442582e-21
5.176319517388861277e+04 4.462229598251466378e-21 4.179994337661121180e-21
5.178099702537721896e+04 -3.802641379204810099e-21 4.460106242420958652e-21
5.179879872680432163e+04 2.304963644266086157e-21 4.696594461054491603e-21
5.181660027810995962e+04 -2.069853307415564389e-21 4.482787759633230364e-21
5.183440167918477528e+04 -9.846939636855674846e-21 4.357962988761552285e-21
5.185220292996060743e+04 4.554495253898740962e-21 4.625421268952373688e-21
5.187000403032006579e+04 2.172099235175797161e-21 4.638347866522845191e-21
5.188780498023463588e+04 4.911446387750642260e-21 4.625143574219341802e-21
5.190560577956302586e+04 2.149111903379354386e-21 4.539854014884455186e-21
5.192340642825252144e+04 3.357015237058085325e-21 4.757778948225102484e-21
5.194120692620974296e+04 -8.521707735951879597e-22 4.685474973153650229e-21
5.195900727335773990e+04 -1.034085185763120889e-20 4.586051482827246200e-21
5.197680746957913652e+04 4.327832122036200323e-21 4.563019313325702798e-21
5.199460751483670902e+04 1.771945202753258826e-22 4.602907122580794078e-21
5.201240740901313984e+04 -6.946533838417693970e-21 6.029620376370786758e-21
