1.699306619250933727e+04 3.890803045060643740e-20 6.611621253847934140e-21
1.700375166152487873e+04 5.089592219168139233e-20 5.223949861092254406e-21
1.701443713366081283e+04 4.237716857612628279e-20 5.188786678202847342e-21
1.702512260886190415e+04 4.771032443926347567e-20 5.264530191851962679e-21
1.703580808707736287e+04 5.133775516900777063e-20 5.401081135044012285e-21
1.704649356825257928e+04 4.895199772512363312e-20 5.247716576806352895e-21
1.705717905233625788e+04 4.784900914490311590e-20 5.182355464225737239e-21
1.706786453927444745e+04 4.401962097771591154e-20 5.078903667872937700e-21
1.707855002901517946e+04 5.186707104110308530e-20 4.571154463320733253e-21
1.708923552150532487e+04 4.331058555098953204e-20 5.497740043569782455e-21
1.709992101669234398e+04 4.908347089692533642e-20 4.695509036578980136e-21
1.711060651452345337e+04 3.542833635874275462e-20 5.143055324947641687e-21
1.712129201494660811e+04 4.144802219100582025e-20 4.998649119023707414e-21
1.713197751790853363e+04 4.193725684223125728e-20 4.917645196746109179e-21
1.714266302335745786e+04 3.148886862880617497e-20 4.435080128384363594e-21
1.715334853124057918e+04 4.960706816285190321e-20 5.158510028677644273e-21
1.716403404161573417e+04 3.655923659072618531e-20 4.982532374794954760e-21
1.717494756956478159e+04 5.139364102174626513e-20 5.133152856786380612e-21
1.718563310485630427e+04 2.880759274183285554e-20 4.817521449080765070e-21
1.719631864236805632e+04 2.407393748695375043e-20 4.707307157376242962e-21
1.720700418204800735e+04 2.705578034517424421e-20 4.478630325074151759e-21
1.721768972384409062e+04 4.175814611696160694e-20 4.705143760992260758e-21
1.722837526770350814e+04 3.511483117588348087e-20 4.762168240896068818e-21
1.723906081357502626e+04 3.765628040151314734e-20 4.735566938562880887e-21
1.724974636140526127e+04 3.713276300718862975e-20 4.693276009065419334e-21
1.726043191114338333e+04 4.174795393848087009e-20 4.806206313028341219e-21
1.727111746273641984e+04 3.356407259664100790e-20 4.539862888728771890e-21
1.728180301613295160e+04 3.509500775879754726e-20 4.852105207606254641e-21
1.729248857128020609e+04 4.095773897251095781e-20 4.885947699264815060e-21
1.730317412812726616e+04 3.085843112472690857e-20 4.904155051989588781e-21
1.731385968662133018e+04 4.157692872783903765e-20 5.101787087914812037e-21
1.732454524671104446e+04 2.882845499127848273e-20 4.441405975684050313e-21
1.733523080834436769e+04 3.230358823792483910e-20 4.627063142247143760e-21
1.734591637146936409e+04 2.903564578401773786e-20 4.784562228169661114e-21
1.735660193603471998e+04 3.683720784049042155e-20 4.072730539477671138e-21
1.736728750198794296e+04 3.641719481060083281e-20 4.671359644250564906e-21
1.737797306927820682e+04 3.779662371454377178e-20 4.815875199209929455e-21
1.738865863785313559e+04 2.736880310565472255e-20 4.621697945223596440e-21
1.739934420766171388e+04 4.645300657025004789e-20 4.688887123107593796e-21
1.741002977865152207e+04 3.832582010930448351e-20 4.602734644920323483e-21
1.742071535077210137e+04 3.896611772861615339e-20 3.825888145081447571e-21
1.743140092397102489e+04 3.519648746802669494e-20 3.736317163133765741e-21
1.744208649819749553e+04 4.184126789615678286e-20 4.632899431417902614e-21
1.745277207339916640e+04 3.403497894664060908e-20 4.796527452400129045e-21
1.746345764952565878e+04 3.971018256808582442e-20 4.627232864073123496e-21
1.747414322652487681e+04 4.519203259778382886e-20 4.619402505284767682e-21
1.748482880434585604e+04 3.468079150468423309e-20 4.468984667356733635e-21
1.749551438293716274e+04 8.868424213041057014e-20 4.940992641963097119e-21
1.750619996224746501e+04 1.787022952416386957e-19 5.776201944471263870e-21
1.751688554222596940e+04 3.177948760914326887e-19 7.418479770480647660e-21
1.752757112282076559e+04 2.802067093774216289e-19 7.252896113812275460e-21
1.753825670398154762e+04 1.157536588458276128e-19 5.431907837820293815e-21
1.754894228565622689e+04 4.504684830308622995e-20 4.542214700443178360e-21
1.755962786779484304e+04 3.118802847750635090e-20 4.148788164080692054e-21
1.757031345034509286e+04 3.166555254149085627e-20 4.044345101015359171e-21
1.758099903325733248e+04 4.616497333456500640e-20 4.377949139611199830e-21
1.759168461647927688e+04 4.381673636949617520e-20 4.693662868050059774e-21
1.760237019996120216e+04 3.472445631737227973e-20 4.147652361630622161e-21
1.761305578365101246e+04 2.315652229510698057e-20 4.224790068041656176e-21
1.762374136749907848e+04 2.210284323301671322e-20 4.329868409911838004e-21
1.763442695145333346e+04 3.625326587371000125e-20 4.253671764366834987e-21
1.764511253546410080e+04 3.860588554842751386e-20 4.538379628446440291e-21
1.765579811947975395e+04 4.295443845230994510e-20 4.163847994793801056e-21
1.766648370345019430e+04 3.882689301998787603e-20 4.165912465313990156e-21
1.767716928732438100e+04 5.884204733239156843e-20 4.262397027718908310e-21
1.768785487105178618e+04 5.682349604317851280e-20 4.105443006619946053e-21
1.769854045458189648e+04 4.817452203316748605e-20 4.045039989760543604e-21
1.770922603786379113e+04 3.814062221089660109e-20 4.171283541046368301e-21
1.771991162084756070e+04 3.391701478519476768e-20 4.241148583538645044e-21
1.773059720348188057e+04 4.831114899089437574e-20 4.270456254548149282e-21
1.774128278571717965e+04 4.853889522756823571e-20 4.193437984806783251e-21
1.775196836753552998e+04 4.833283405324314086e-20 4.519002528394931364e-21
1.776265410608740422e+04 4.192173328315002132e-20 4.378927374549917148e-21
1.777333992344622311e+04 4.789832396086749379e-20 4.277032170579193647e-21
1.778402574020473548e+04 5.481612110502618511e-20 4.340210685777133923e-21
1.779471155631108923e+04 4.744831359223336364e-20 4.297549649844641637e-21
1.780539737171674642e+04 5.182461657971223503e-20 4.471915305356701199e-21
1.781608318636976037e+04 4.224200853565795159e-20 4.355809633873144448e-21
1.782676900022154223e+04 4.194405671687146501e-20 3.966542453524484991e-21
1.783745481322040723e+04 2.760500928802896454e-20 3.883772716929619849e-21
1.784814062531779200e+04 3.793721896169368195e-20 4.236340048726314595e-21
1.785882643646215729e+04 3.628177058538233869e-20 4.356599509902667896e-21
1.786951224660468870e+04 4.794166024290609220e-20 4.007262957781148521e-21
1.788019805569427263e+04 4.523858359203624633e-20 4.071139356346577021e-21
1.789088386368198553e+04 3.997923903557740875e-20 3.830027445832581689e-21
1.790156967051692482e+04 5.800715307981442928e-20 4.092944233014116667e-21
1.791225547614997777e+04 5.832295299476955452e-20 4.362865461431245772e-21
1.792294128053076565e+04 4.482752425120055395e-20 4.075276217278068245e-21
1.793362708360988836e+04 3.046682669716699740e-20 3.659376841886220604e-21
1.794431288533711995e+04 4.024392861493216868e-20 3.917580326952083204e-21
1.795499868566283476e+04 3.731216924803412834e-20 3.825668368224836533e-21
1.796568448453746896e+04 5.381641799645990701e-20 3.976372202680194335e-21
1.797637028191118588e+04 4.934533149447497911e-20 4.177503028217681019e-21
1.798705607773625525e+04 5.452930844839736035e-20 4.364159536118461685e-21
1.799797141116549756e+04 3.820688145183360835e-20 3.912419292149139543e-21
1.800865722394717523e+04 3.072811605586953197e-20 3.990041409826596500e-21
1.801934303491726678e+04 3.855075628572636215e-20 4.208279122594238560e-21
1.803002884413440916e+04 3.669774978789252004e-20 3.792649158913762928e-21
1.804071465154920224e+04 4.023419748168748113e-20 3.785698280091087255e-21
1.805140045711257335e+04 4.405781819100726898e-20 4.117512232773931527e-21
1.806208626077469307e+04 4.623640980666169316e-20 4.097007602043133091e-21
1.807277206248627044e+04 5.277710504063588318e-20 4.195160181146255639e-21
1.808345786219771253e+04 5.124424902183456010e-20 4.177004967637108410e-21
1.809414365986052508e+04 4.299788697232122019e-20 4.238184392108952534e-21
1.810482945542426751e+04 5.391499312513756837e-20 4.313774374028223068e-21
1.811551524884138780e+04 6.051723252902407281e-20 4.426058749906995626e-21
1.812620104006073598e+04 5.949740970359857244e-20 4.355873242310441973e-21
1.813688682903467634e+04 4.894411368223523180e-20 4.192728017331032987e-21
1.814757261571271374e+04 4.375622315689223045e-20 4.152569962781895007e-21
1.815825840004703059e+04 5.436841035496487247e-20 4.069313406185067834e-21
1.816894418198803032e+04 7.622397452599310963e-20 4.325458456307892462e-21
1.817962996148699676e+04 1.145330784962151032e-19 4.785971231423440802e-21
1.819031573849382039e+04 8.684423664148721769e-20 4.644879417100847637e-21
1.820100151296120021e+04 4.782642596036713109e-20 4.034374633950935793e-21
1.821168728483869199e+04 4.991247316445807144e-20 4.087320065614546136e-21
1.822237305418929100e+04 4.810614748599223811e-20 4.121931698982545415e-21
1.823328880126212607e+04 3.934534302119731065e-20 4.213126452957456085e-21
1.824397458509253556e+04 3.638807593807418539e-20 4.061489541862219349e-21
1.825466036613418692e+04 4.449231975163052145e-20 4.474202359387608707e-21
1.826534614433909519e+04 4.776742463644936864e-20 4.228788790161508414e-21
1.827603191965812948e+04 5.623696259354643175e-20 4.131849127594574951e-21
1.828671769204237717e+04 6.620616086280248819e-20 4.158363371219332154e-21
1.829740346144310388e+04 3.507405473981854385e-20 3.862792007051113334e-21
1.830808922781244110e+04 3.944321743208670275e-20 4.253788547373514992e-21
1.831877499110092685e+04 4.381204171992638857e-20 4.137623087949156504e-21
1.832946075126086726e+04 4.222803960156445955e-20 3.975870524274146150e-21
1.834014650824295677e+04 4.395237257593490055e-20 4.060484715482210480e-21
1.835083226199985074e+04 4.224187301880276406e-20 3.619554790673309579e-21
1.836151801248128322e+04 3.499464919140072760e-20 3.745414869952159274e-21
1.837220375964084451e+04 5.242114130388429422e-20 3.982889911611570811e-21
1.838288950342855969e+04 5.209763209882242484e-20 3.961983861611332508e-21
1.839357524379786264e+04 4.026690163514638115e-20 3.888136025426555448e-21
1.840426098069815635e+04 5.070889840650687525e-20 3.779650163143111948e-21
1.841494671408303475e+04 5.561224092652340306e-20 3.718018670716199541e-21
1.842563244390362888e+04 4.051952748733560920e-20 3.794832889006751946e-21
1.843631817011152089e+04 4.504950941872854325e-20 3.899277207902392566e-21
1.844700389265926060e+04 4.597043088707030664e-20 3.858639671726732233e-21
1.845768961149788811e+04 3.784005992468901645e-20 3.735519829386210146e-21
1.846837532657922930e+04 5.016851835008768802e-20 3.760453156819001264e-21
1.847906103785643063e+04 4.403491039642600656e-20 3.628380901479641374e-21
1.848974674527992465e+04 4.470640086383174042e-20 3.504986265181275877e-21
1.850043244880320708e+04 4.465115072680145519e-20 3.769649144473160567e-21
1.851111814837731799e+04 4.362082221380401506e-20 3.960697389420636413e-21
1.852180384395410874e+04 4.871253869738640523e-20 3.767044950826991591e-21
1.853248953548697682e+04 5.005468530831902242e-20 3.817734536999894863e-21
1.854317522292638387e+04 4.421309127550664540e-20 3.618942352337396945e-21
1.855386090622677511e+04 4.090801407392833795e-20 3.680910214944514576e-21
1.856454658533749898e+04 4.347064527321552878e-20 3.639390547872517229e-21
1.857523226021288428e+04 3.710969470569826479e-20 3.621985655534779771e-21
1.858591793080434945e+04 4.147757506004137459e-20 3.690675592357278140e-21
1.859660359706497911e+04 4.832065081096573970e-20 3.407118723647909201e-21
1.860728925894547865e+04 3.651334197743502258e-20 3.562278866542456303e-21
1.861797491640067165e+04 3.887154754869857923e-20 3.503187130076119722e-21
1.862866056938051042e+04 4.116542551981374730e-20 3.588480394367808044e-21
1.863934621783942566e+04 5.281157280312873807e-20 3.822968587341814355e-21
1.865003186172840287e+04 5.970888047072341112e-20 3.749634144448528292e-21
1.866071750100145073e+04 5.632272884633865699e-20 3.599594690008205847e-21
1.867140313560909271e+04 5.342663325201008840e-20 3.575280852348371815e-21
1.868208876550542118e+04 3.151968069635999979e-20 3.573669816794514500e-21
1.869277439064255304e+04 3.054552925074950535e-20 3.660910279183960772e-21
1.870346001097362750e+04 3.077306146768969276e-20 3.597834357354776225e-21
1.871414562645059777e+04 3.735042100037976231e-20 3.360708669649704768e-21
1.872483123702661032e+04 4.110718851202569447e-20 3.416607663331176239e-21
1.873551684265452059e+04 4.746947537590484716e-20 3.732898815872221731e-21
1.874620244328725312e+04 3.547052459936389334e-20 3.471520025417598001e-21
1.875688803887644826e+04 4.597523260217119199e-20 3.080739893059767266e-21
1.876757362937597645e+04 5.367243539291806559e-20 2.989248336092707732e-21
1.877825921473903145e+04 4.638178065855861857e-20 3.375067524792332129e-21
1.878894479491852690e+04 4.883116515309077235e-20 3.504519712118860280e-21
1.879963036986508450e+04 4.192428642351703263e-20 3.358621785356420702e-21
1.881031593953491756e+04 4.320656840238676936e-20 3.489206194513061451e-21
1.882100150387948815e+04 4.131242622997015414e-20 3.460954327702451838e-21
1.883168706285139342e+04 5.164204707207900293e-20 3.391352761734983160e-21
1.884237261640440192e+04 4.455976915855602777e-20 3.447437226519830257e-21
1.885305816449217309e+04 3.699656605257830735e-20 3.334826499792903284e-21
1.886374370706686386e+04 3.696822719242977401e-20 3.443620730076549004e-21
1.887442924408104955e+04 3.424814558449764136e-20 3.676724751053267865e-21
1.888511477549010306e+04 4.584853462357297811e-20 3.188759378390511290e-21
1.889580030124510085e+04 5.415103223689115520e-20 3.658267786255084514e-21
1.890648582130117575e+04 3.790374509270158189e-20 3.424201672194659695e-21
1.891717133560946240e+04 3.723392199049308138e-20 3.348721513293340869e-21
1.892785684412613045e+04 4.793058386831542163e-20 3.574878338412597343e-21
1.893854234680168884e+04 4.510229039840725922e-20 3.722290903647587400e-21
1.894922784359176148e+04 4.010337586161970034e-20 3.349072755903833589e-21
1.895991333444768679e+04 4.974525735283736776e-20 3.354427801289643598e-21
1.897059881932547796e+04 4.708274457475644007e-20 3.421226802672250202e-21
1.898128429817671349e+04 3.678069751198173245e-20 3.618856092346170765e-21
1.899196977095488910e+04 4.328599888067356301e-20 3.629437231963497810e-21
1.900265523761460281e+04 5.133428416583545815e-20 3.464483469922015096e-21
1.901334069810908477e+04 4.300047832903703628e-20 3.590855288780013760e-21
1.902402615239203442e+04 5.113590455467096060e-20 3.582233568294603976e-21
1.903471160041671828e+04 5.060972410260414973e-20 3.724114552779375050e-21
1.904539704213774530e+04 4.595464815605070914e-20 3.549831022537610099e-21
1.905608247750795636e+04 4.700381707084477550e-20 3.471281866871853510e-21
1.906676790648094902e+04 3.991368448945939293e-20 3.322107710481486230e-21
1.907745332901032816e+04 5.096924347355103649e-20 3.445789881242859189e-21
1.908813874505154308e+04 4.243176415855656335e-20 3.487736201987378768e-21
1.909882415455791124e+04 4.619875209375045563e-20 3.557791546299031975e-21
1.910950955748129854e+04 4.901519223880247391e-20 3.504648657793759933e-21
1.912019495377821659e+04 4.547737247669820894e-20 3.650306162896438057e-21
1.913088034340193553e+04 4.981349180005459605e-20 3.580935062661883095e-21
1.914179734182304310e+04 4.465991780789942935e-20 3.559433434259907533e-21
1.915248274753215082e+04 4.809802085087386982e-20 3.609223782257207097e-21
1.916316813664599249e+04 4.083855272805028436e-20 3.487403415931921975e-21
1.917385351878849178e+04 5.008584760265872613e-20 3.546089728635139742e-21
1.918453889402536879e+04 5.368977734828000636e-20 3.702460076191981134e-21
1.919522426230889323e+04 4.745940690679147350e-20 3.640220258584450998e-21
1.920590962359371042e+04 4.259245460814931024e-20 3.597057338810708391e-21
1.921659497783355982e+04 4.358844833666873757e-20 3.703694161138007528e-21
1.922728032498394168e+04 4.262579681956933166e-20 3.947531504430977519e-21
1.923796566499945038e+04 3.725736234475499812e-20 3.586819888192779250e-21
1.924865099783243568e+04 4.403839978833440759e-20 3.656764508486766782e-21
1.925933632343877252e+04 4.955558849949131262e-20 3.648377725550905519e-21
1.927002164177241866e+04 6.468797448181720401e-20 3.679891470761372111e-21
1.928070695278712446e+04 6.037704919913039879e-20 3.959060016379314936e-21
1.929139225643831378e+04 4.581928318752507567e-20 3.426678902327953406e-21
1.930207755268060282e+04 4.494109397609948321e-20 3.629278252769297785e-21
1.931276284146658145e+04 4.048691732870600573e-20 3.521006970783846409e-21
1.932344812275361255e+04 3.963493422814329983e-20 3.739286765631916641e-21
1.933413339649423870e+04 4.209382850084165874e-20 3.605329553980178251e-21
1.934481866264347263e+04 4.086526518716137987e-20 3.452502202502812334e-21
1.935550392115722934e+04 3.530856838424478129e-20 3.505071135516228749e-21
1.936618917198792769e+04 4.240597674163812338e-20 3.636014632112613910e-21
1.937687441509121709e+04 4.405723259812764538e-20 3.507421039177618700e-21
1.938755965053097316e+04 3.877672133266775496e-20 3.313142768236334168e-21
1.939847697480648640e+04 4.038290847281267360e-20 3.494489124963720026e-21
1.940916221404938551e+04 4.220764982086695947e-20 3.311266837190378013e-21
1.941984744538202722e+04 4.149818282409125577e-20 3.605260872371453112e-21
1.943053266875720874e+04 4.769541710426520926e-20 3.248766125724497249e-21
1.944121788413019021e+04 3.932023307593557336e-20 3.275232649658469167e-21
1.945190309145730862e+04 4.601342925093230903e-20 3.396745518742018013e-21
1.946258829069115382e+04 4.428316245604831012e-20 3.333841630261899342e-21
1.947327348178754255e+04 4.156639839465377655e-20 3.303441805479932426e-21
1.948395866470293913e+04 4.372047205348003185e-20 3.439771009401359423e-21
1.949464383939145046e+04 6.013836958077787035e-20 3.361637817194844078e-21
1.950532900580765272e+04 4.226403540940781928e-20 3.193850006496828209e-21
1.951601416390666418e+04 4.748026393412713158e-20 3.222861157669067240e-21
1.952669931364339573e+04 3.542918989326175491e-20 3.123511324946306809e-21
1.953738445497426437e+04 3.734687404822455139e-20 3.235819752333532679e-21
1.954806958785415554e+04 4.712734184075110556e-20 3.338866817274272754e-21
1.955875471223857676e+04 3.847895628659917928e-20 3.143432158739359987e-21
1.956943982808185319e+04 4.523191409802506955e-20 2.838818017574200036e-21
1.958012493533890665e+04 4.067307609469708240e-20 2.909863163644913840e-21
1.959081003396689266e+04 4.168552336296047620e-20 2.998196180175565162e-21
1.960149512391969620e+04 4.273362008951203235e-20 3.187101407818590607e-21
1.961218020515270837e+04 4.161739676083319679e-20 3.338513854644692075e-21
1.962286527762117839e+04 4.275512744435336830e-20 3.064082909120389229e-21
1.963355034128272746e+04 4.197766964137699251e-20 3.308138018606222975e-21
1.964423539609070212e+04 4.196859839626732881e-20 3.325578918605196711e-21
1.965492044200071905e+04 4.849614629465175912e-20 3.244776861212126846e-21
1.966560547896856951e+04 4.894252462345261662e-20 3.110744986743778958e-21
1.967629050695102342e+04 4.012344604622311037e-20 2.972305278024531757e-21
1.968697552590210398e+04 4.198753524982528909e-20 3.263978970143672830e-21
1.969766053577948696e+04 4.672195731262392656e-20 3.151913779629664168e-21
1.970834553653609328e+04 5.117608601414860042e-20 3.294261833643421043e-21
1.971903052812836177e+04 4.169401980568072376e-20 2.956739308386068023e-21
1.972971551051425558e+04 4.190926025439623727e-20 2.986683368166955299e-21
1.974040048364549511e+04 4.837333660943143187e-20 2.899748137994319145e-21
1.975108544748361965e+04 3.902573258479344248e-20 2.917739694356800920e-21
1.976177040198024406e+04 4.674259526506712420e-20 2.956824513154480324e-21
1.977245534709074127e+04 4.734685034899845427e-20 3.172612420682000195e-21
1.978314028277295074e+04 3.733539998539627803e-20 3.204614261911482988e-21
1.979382520898163057e+04 4.680068665872263259e-20 3.318869594378063468e-21
1.980451012567502039e+04 2.916129446426747362e-20 2.955978291709307717e-21
1.981519503280587014e+04 3.745501833548371029e-20 3.072551227387247642e-21
1.982587993033319071e+04 3.603164942299977548e-20 3.073503531330730281e-21
1.983656481821156922e+04 3.706431390729426196e-20 3.039940127367976659e-21
1.984724969639580377e+04 3.934722256631293148e-20 3.079932022284909045e-21
1.985793456484377020e+04 4.180448396850228916e-20 3.074680785855017857e-21
1.986861942351160542e+04 4.314289785274088714e-20 3.085513436588434573e-21
1.987930427235454408e+04 3.968684678379646978e-20 3.082377326089906503e-21
1.988998911132874855e+04 4.267808798082079765e-20 3.106722255322754385e-21
1.990067394039349529e+04 3.997097398026291499e-20 3.067095299841939994e-21
1.991135875950026821e+04 4.386340372638212316e-20 3.238484376246940773e-21
1.992204356860626649e+04 3.777133576300933010e-20 2.969112845208665049e-21
1.993272836767285480e+04 5.141303950648137923e-20 2.982737441235536525e-21
1.994341315664986178e+04 4.911016255878880875e-20 3.032356887542539267e-21
1.995409793549706956e+04 4.184817147772240379e-20 3.109008652960852107e-21
1.996478270417088424e+04 3.844838100979139208e-20 2.991487642039507576e-21
1.997546746262749730e+04 4.258634951330159601e-20 3.041110243268516775e-21
1.998615221082301287e+04 3.914846365383347006e-20 2.976386059804228572e-21
1.999683694871030093e+04 3.940861127039839955e-20 3.075296701560743012e-21
2.000752167625335642e+04 4.559597544643411692e-20 3.301747228634714914e-21
2.001820639340320122e+04 4.687723571584048800e-20 3.342002963206890874e-21
2.002889110011873709e+04 3.618891777116399961e-20 3.127081826636642075e-21
2.003957579635783623e+04 3.761013041917174762e-20 2.925945016842543113e-21
2.005026048207324857e+04 4.002727422453768972e-20 3.010429255100561054e-21
2.006094515722387587e+04 4.252645239274667586e-20 2.981217717416668532e-21
2.007162982176575315e+04 4.809009255816316374e-20 3.065110256190437298e-21
2.008231447565789495e+04 4.459041180692501890e-20 3.050310531844977314e-21
2.009299911885355323e+04 4.805344910029003493e-20 3.037104908656922434e-21
2.010368375133991140e+04 4.534136580769216366e-20 3.062717008199621771e-21
2.011436848999547510e+04 4.896066423710906983e-20 2.935793245207090137e-21
2.012505324108021159e+04 4.338264521836486987e-20 2.970033454476987673e-21
2.013573798129635179e+04 4.221154373419920132e-20 3.025580688303461208e-21
2.014642271060458006e+04 4.303514687350027271e-20 2.971738928809112574e-21
2.015710742895833755e+04 3.913888929923884167e-20 3.014593897356103984e-21
2.016779213631349921e+04 3.632116773618607613e-20 3.020580189866882591e-21
2.017847683262785722e+04 4.234391423111620937e-20 3.079530515489058457e-21
2.018916151786179034e+04 4.126059237890521416e-20 2.930465002954582674e-21
2.019984619196832864e+04 4.393233522916786051e-20 2.942278309317426430e-21
2.021053085490669037e+04 3.869556687882496437e-20 2.972553342319043392e-21
2.022121550663530070e+04 4.206825899863540247e-20 3.049553892318348851e-21
2.023190014710634568e+04 4.191709132701639320e-20 3.161387292501717836e-21
2.024258477628235778e+04 4.227069079324090510e-20 2.875317997334189658e-21
2.025326939411706917e+04 4.162648862668706909e-20 3.077161811353776709e-21
2.026395400056935614e+04 5.336456083305633745e-20 3.313436638489505699e-21
2.027463859559553384e+04 3.563320114507952326e-20 2.925377681041755086e-21
2.028532317915407475e+04 5.005980017785155078e-20 3.230527047596314764e-21
2.029600775120385515e+04 4.769280469747147672e-20 2.998829028939329174e-21
2.030669231169657724e+04 3.218170317717687729e-20 3.016822663141513587e-21
2.031737686059465705e+04 3.714554608018380118e-20 2.960392316368720538e-21
2.032806139785469713e+04 3.738132841789794683e-20 3.129783001601548155e-21
2.033874592343286713e+04 3.132291503660603748e-20 2.662091623625402976e-21
2.034943043728675548e+04 3.926116019694802484e-20 2.992265097498563163e-21
2.036011493937603518e+04 3.505587837121577674e-20 2.960425826225654222e-21
2.037079942965533701e+04 3.115130219510276899e-20 2.712354340602462277e-21
2.038148390808184195e+04 4.976835818770539338e-20 3.179868523480827096e-21
2.039216837461788964e+04 9.091517569230982944e-20 3.724719765907863183e-21
2.040285282921618636e+04 9.866834957587202357e-20 3.701443226959343012e-21
2.041353727183795854e+04 6.384459415932475651e-20 3.433090891112601391e-21
2.042422170243821165e+04 3.619172081402924700e-20 3.058159310991286499e-21
2.043514006124611115e+04 3.519738476389252847e-20 2.936306111886503132e-21
2.044582448702834881e+04 3.261622814565273794e-20 2.977887891690367630e-21
2.045650890055297350e+04 4.153463742829234936e-20 3.037663252393665465e-21
2.046719330188639651e+04 3.156770839460872219e-20 2.910298898087235366e-21
2.047787769098197532e+04 3.872951494175483791e-20 2.935010366035560195e-21
2.048856206780144930e+04 4.444797543095149645e-20 3.096711281362134689e-21
2.049924643230330184e+04 3.973379276793105713e-20 3.132044773992396498e-21
2.050993078444183629e+04 4.732861081901368631e-20 3.116421524193462596e-21
2.052061512417610356e+04 3.966915079860639098e-20 3.111705231710287348e-21
2.053129945146855243e+04 3.597810453618495650e-20 3.167203206447892282e-21
2.054198376626951358e+04 3.658722168886281766e-20 3.073684120200946449e-21
2.055266806854267998e+04 2.959872694777781098e-20 3.092557835382246645e-21
2.056335235824521806e+04 3.537679475964563947e-20 3.013776385694413604e-21
2.057403663533361396e+04 3.510376647641672375e-20 3.005207008627294084e-21
2.058472089976529242e+04 3.331671536055299925e-20 3.037117069592125243e-21
2.059540515150250576e+04 3.559576904057260385e-20 3.023117993739014804e-21
2.060608939049993205e+04 3.573689694285079990e-20 2.963158322336748557e-21
2.061677361671611652e+04 3.769873090253998429e-20 3.010077725346924562e-21
2.062745783011041567e+04 3.436913414855869408e-20 3.088634077556442141e-21
2.063814203064169851e+04 3.581033554527782513e-20 3.211962336393352729e-21
2.064882621826431568e+04 4.094289104169382088e-20 3.242058394858231153e-21
2.065951039294114162e+04 4.388794663523960316e-20 3.238054161734374539e-21
2.067019455462961196e+04 3.791399613139967206e-20 3.171248835765178458e-21
2.068087870328499775e+04 3.722999736991404557e-20 2.894513183364211839e-21
2.069156283886926030e+04 3.932079142308885744e-20 2.686746778681274921e-21
2.070224696144799236e+04 4.349443527100571439e-20 2.861518632871664808e-21
2.071316551030321716e+04 3.735180055836161565e-20 2.684396420733986377e-21
2.072384962557724066e+04 4.732790993846954920e-20 2.532672143421353711e-21
2.073453372761273567e+04 4.442245433963679833e-20 2.641040076944512234e-21
2.074521781636212472e+04 3.619456853422530320e-20 2.765838735706828289e-21
2.075590189178500805e+04 3.947145572696295482e-20 2.863970923865289387e-21
2.076658595384521686e+04 4.295471369634420271e-20 2.837646228861716784e-21
2.077727000249466073e+04 3.692189341355876258e-20 2.761895774529341121e-21
2.078795403769705445e+04 4.262993508891370535e-20 2.927895005129560739e-21
2.079863805940957172e+04 4.359796850352217153e-20 2.855543631546057287e-21
2.080932206759161636e+04 4.147982002457957475e-20 2.931027562317567982e-21
2.082000606219724068e+04 3.695481704813138962e-20 2.830206684168243349e-21
2.083069004319310625e+04 3.874640594749386613e-20 2.906901371157061714e-21
2.084137401053701979e+04 3.273065803954588165e-20 2.720226769412254465e-21
2.085205796417467718e+04 3.541870677755095495e-20 2.757608498815573635e-21
2.086274190408186405e+04 4.143175664218871389e-20 2.651129098105639274e-21
2.087342583021112296e+04 4.273033152161953716e-20 2.754732795430306148e-21
2.088410974251620792e+04 3.661903815679641904e-20 2.688153533525852066e-21
2.089479364096508652e+04 3.226235988392186822e-20 2.837286091714676917e-21
2.090547752551427402e+04 3.846035217209772587e-20 2.853587445876541984e-21
2.091616139611284598e+04 3.768642651291933228e-20 2.775405852057294650e-21
2.092684525273424879e+04 3.461952607869955106e-20 2.578496164940643559e-21
2.093752909533122147e+04 3.903750510586391509e-20 2.775535496759235524e-21
2.094821292385927518e+04 4.622928086994881540e-20 2.872595693232750521e-21
2.095889673828307059e+04 3.812581573490550661e-20 2.766973423937823879e-21
2.096958053855932303e+04 3.795442148494177339e-20 2.824790544295733152e-21
2.098026432464619211e+04 3.213950768029248908e-20 2.534662035064616237e-21
2.099094809650604293e+04 3.327203155142584724e-20 2.661173225084510348e-21
2.100163185409730795e+04 3.000577364775044479e-20 2.646666358171178952e-21
2.101231559737564749e+04 3.677689436490364609e-20 2.645918736575672923e-21
2.102299932630435069e+04 3.921323264048902557e-20 2.737206005912361226e-21
2.103368304084265765e+04 2.957885567473488450e-20 2.594072836486686812e-21
2.104436674094586488e+04 3.830328536771154548e-20 2.687362171739918685e-21
2.105505042657556987e+04 3.310600495196796636e-20 2.602221195846206413e-21
2.106573409769658610e+04 3.518393424657422411e-20 2.491343952519208405e-21
2.107641775425885498e+04 3.533506446516847174e-20 2.662305069175721049e-21
2.108710139622573843e+04 3.809620585577008053e-20 2.547600769655047942e-21
2.109778502356100216e+04 3.833500423093981457e-20 2.659394626382096282e-21
2.110846863621862940e+04 4.341413300910727049e-20 2.726341872802706423e-21
2.111915223415826767e+04 3.604611647547840807e-20 2.587721309037074915e-21
2.112983581734312247e+04 3.063057720228004509e-20 2.552109383795118862e-21
2.114051938573033476e+04 3.830719402379543425e-20 2.677744816109547550e-21
2.115120293927872262e+04 3.631592117127356247e-20 2.577780238424877874e-21
2.116188647795255747e+04 3.827301781800319426e-20 2.715513796422511488e-21
2.117257000170593165e+04 3.911424217822977950e-20 2.772481443236018970e-21
2.118325351049804522e+04 3.552565142962842902e-20 2.755756571791069541e-21
2.119393700429594901e+04 3.336477635886117599e-20 2.694158251437735424e-21
2.120462048305302233e+04 3.603355786534075253e-20 2.821371317743545094e-21
2.121530394672950206e+04 3.903131887858711723e-20 2.456709565716026141e-21
2.122598739528924852e+04 3.088288273934164856e-20 2.605777475026170660e-21
2.123667082868792932e+04 3.759966333574090232e-20 2.558711673801623545e-21
2.124735424688365310e+04 2.838569242009115784e-20 2.646647926549378786e-21
2.125803764984375448e+04 3.428201285751213805e-20 2.545901489171954666e-21
2.126872103752264593e+04 3.377083746949427561e-20 2.716408432565834128e-21
2.127940440987960392e+04 3.101464147743788349e-20 2.720432802705659695e-21
2.129008776687782301e+04 3.218790515525545964e-20 2.609592551959849359e-21
2.130077110847625227e+04 3.399140262862871206e-20 2.572088506924948872e-21
2.131145443463244374e+04 3.711165065843819241e-20 2.724801817332939413e-21
2.132213774531034869e+04 4.317714888594071967e-20 2.606512052529465660e-21
2.133282104046505629e+04 4.110763218815640352e-20 2.744667628665318859e-21
2.134350432006428309e+04 3.986394530912077320e-20 2.736542019637411964e-21
2.135418758406240886e+04 3.297030818408433669e-20 2.519011311864094118e-21
2.136487083241915388e+04 3.975294558556308018e-20 2.548368901754594628e-21
2.137555406509763998e+04 3.107585323282848067e-20 2.514697199370269622e-21
2.138623728205727821e+04 3.444655783308780973e-20 2.583158907098545251e-21
2.139692048325413998e+04 3.439151674767552922e-20 2.659307058535335903e-21
2.140760366865723699e+04 3.481806244146435550e-20 2.267024041872896565e-21
2.141828683822037056e+04 2.869268099184832716e-20 2.464374879228333241e-21
2.142896999189969210e+04 2.286720420049041207e-20 2.650303342322916798e-21
2.143965312966991041e+04 3.532119692352876745e-20 2.623575971559111705e-21
2.145033625147931889e+04 3.814976177515609911e-20 2.677416233669728721e-21
2.146101935728409808e+04 4.020534580053842599e-20 2.620455429963335928e-21
2.147170244706466838e+04 3.624231234000548550e-20 2.561978150904450506e-21
2.148238552076373526e+04 3.902034203826413554e-20 2.526619476507271627e-21
2.149306857833957838e+04 2.898149351032736090e-20 2.591053237870088409e-21
2.150375161977270545e+04 3.998643653396290925e-20 2.678773649559144699e-21
2.151443464500554910e+04 3.491508053739803989e-20 2.351263280661148451e-21
2.152511765399698197e+04 3.261739312320326086e-20 2.565953461010873382e-21
2.153580064672731896e+04 3.124772753601011139e-20 2.593563925904808383e-21
2.154648362313887992e+04 3.347490439875048839e-20 2.559664979382793415e-21
2.155716658319105045e+04 3.549844844146988971e-20 2.529546088155497827e-21
2.156784952686393808e+04 3.793930774995224739e-20 2.616237053795758725e-21
2.157853245409989540e+04 3.301127048918110230e-20 2.614133605305587579e-21
2.158921536485860634e+04 3.998422790136081723e-20 2.673883126477568426e-21
2.159989825911839580e+04 4.025745557667697190e-20 2.753228394514665132e-21
2.161058113682507610e+04 3.358178034224838273e-20 2.822430364502352064e-21
2.162126399793865494e+04 3.688025534339300925e-20 2.714101484059508290e-21
2.163194684243376105e+04 2.933454528370380416e-20 2.493732073120098267e-21
2.164262967025475155e+04 3.287643757103344058e-20 2.670003460910726909e-21
2.165331248137226794e+04 3.183893500463347263e-20 2.520049458247651623e-21
2.166399527574838066e+04 3.966013172000920812e-20 2.621578626369980888e-21
2.167467805333503202e+04 3.527419628738476233e-20 2.792134349640449703e-21
2.168536081410267798e+04 3.504354673092525404e-20 2.572054856461646610e-21
2.169604355800799749e+04 3.261186340292915571e-20 2.465120075286779996e-21
2.170672628501052532e+04 3.193203558184438511e-20 2.577246347036953532e-21
2.171740899507515860e+04 3.355730313043315351e-20 2.676783147259020391e-21
2.172809168816040983e+04 4.118215348170423243e-20 2.833625931806364813e-21
2.173877436422431128e+04 2.930320582277578695e-20 2.565733524453224468e-21
2.174945702323528894e+04 3.463026972059580765e-20 2.528907938849755431e-21
2.176013966515191714e+04 3.870049149941594627e-20 2.640746949878880863e-21
2.177082228992513774e+04 3.224199988791158022e-20 2.541764209467004889e-21
2.178150489753619331e+04 3.572128449999915988e-20 2.582648222850884897e-21
2.179218748792898987e+04 3.420360583865267664e-20 2.746484650269769637e-21
2.180287006106753688e+04 3.566897994826609070e-20 2.607461752180553783e-21
2.181355261692757995e+04 3.130607070078563624e-20 2.688145778505516437e-21
2.182423515544565817e+04 3.869149868255468133e-20 2.642503240429905151e-21
2.183491767660450569e+04 3.811950405771845047e-20 2.465068161249567553e-21
2.184560018036309339e+04 3.171766899115872003e-20 2.496026194530340839e-21
2.185628266666375202e+04 3.827812871309761512e-20 2.682551610541382828e-21
2.186696513548921575e+04 3.749690428736318380e-20 2.702928939219622118e-21
2.187764758679283477e+04 2.590900363712601448e-20 2.523595537796601858e-21
2.188833002053218661e+04 2.931885311039055480e-20 2.524505737040947874e-21
2.189901243667874223e+04 3.948938093253031591e-20 2.637840990058882439e-21
2.190969483518393099e+04 3.567688411582444843e-20 2.532164252155586059e-21
2.192061375517056513e+04 3.263347106333092734e-20 2.673883833837280967e-21
2.193129613718334440e+04 3.273020143415843824e-20 2.470202435608407344e-21
2.194197850132818712e+04 3.822513628810857221e-20 2.523404486611113893e-21
2.195266084768428118e+04 3.598543775581592284e-20 2.625948335427090873e-21
2.196334317621173614e+04 3.597585862158748885e-20 2.591923431775963052e-21
2.197402548685677539e+04 4.408442159527142802e-20 2.644481123537473186e-21
2.198470777959991756e+04 3.409624461116939115e-20 2.546400583453269251e-21
2.199539005439941684e+04 2.891737963292773541e-20 2.855304579050463885e-21
2.200607231120141296e+04 3.293718567901060807e-20 2.826043910752803756e-21
2.201675454998667192e+04 3.331050633250006960e-20 2.605795492480511033e-21
2.202743677070791455e+04 4.527082014240988258e-20 2.717319579043066070e-21
2.203811897332999069e+04 3.919495500642774355e-20 2.587059889780415457e-21
2.204880115781320637e+04 3.889480161462718880e-20 2.658634673820672084e-21
2.205948332411014781e+04 3.535237084056553216e-20 2.759080352297247950e-21
2.207016547220290886e+04 3.708216138134612108e-20 2.366674226876194654e-21
2.208084760204442136e+04 4.312962718390048280e-20 2.628369287923533183e-21
2.209152971358330251e+04 4.262900066982604044e-20 2.412105126112045887e-21
2.210221180680181351e+04 3.662961800959232987e-20 2.771670461982928564e-21
2.211289388165296623e+04 3.392091794536550449e-20 2.705382835224713703e-21
2.212357593809109312e+04 3.257866366127378605e-20 2.741342210063175420e-21
2.213425797609088113e+04 3.584687724427395396e-20 2.729939745108789228e-21
2.214493999559980148e+04 3.784183908914153425e-20 2.578452889914599940e-21
2.215562199660292026e+04 3.233547897014457426e-20 2.595135629659730686e-21
2.216630397904634810e+04 3.347547905702028578e-20 2.670281905166627075e-21
2.217698594288494496e+04 3.971635406182930663e-20 2.668149094081772198e-21
2.218766788809829450e+04 2.871020675357465895e-20 2.435403002687547614e-21
2.219834981464218799e+04 3.339242061655560529e-20 2.580355261149520251e-21
2.220903172246963368e+04 3.092692571367046863e-20 2.558668553124930189e-21
2.221971361155638078e+04 3.470620722861795809e-20 2.583963390739261115e-21
2.223039548196101896e+04 3.724601136179589904e-20 2.651450567952351442e-21
2.224107734268677086e+04 3.558925988545390590e-20 2.531814236888266349e-21
2.225199628632015811e+04 3.525937329148276194e-20 2.465383633868814020e-21
2.226267811873124447e+04 3.320243702522180490e-20 2.548608075433337580e-21
2.227335993221426907e+04 3.197878328314592667e-20 2.472719375652935532e-21
2.228404172671759079e+04 3.380529189882164782e-20 2.575330461037172741e-21
2.229472350220503722e+04 2.949304771128485803e-20 2.407415450108496925e-21
2.230540525864549636e+04 3.307653352381796609e-20 2.348862108789701158e-21
2.231608699599545434e+04 3.494437244010357712e-20 2.575576050902837760e-21
2.232676871421890610e+04 3.628539831318366937e-20 2.393188381739520128e-21
2.233745041328060324e+04 3.284244318161703256e-20 2.591402944785213612e-21
2.234813209313304469e+04 2.688609058228541202e-20 2.676459708379549508e-21
2.235881375375682910e+04 3.231986482128854734e-20 2.652827940328247632e-21
2.236949539510012255e+04 3.254386307191024615e-20 2.504197944858323785e-21
2.238017701713008137e+04 3.450180533472901566e-20 2.498866769803685039e-21
2.239085861981089693e+04 3.494508152714813897e-20 2.591129846940639446e-21
2.240154020309471889e+04 3.310934312487153345e-20 2.515880809012344206e-21
2.241222176696137831e+04 3.497318111852197863e-20 2.551988587883783737e-21
2.242290331136483292e+04 3.817312277030544938e-20 2.541328560151073161e-21
2.243358483626121597e+04 2.655894462148020197e-20 2.599163390700059246e-21
2.244426634162857954e+04 3.050212167849671609e-20 2.449910951735777282e-21
2.245494782732729800e+04 3.825186905177325039e-20 2.556766675820229210e-21
2.246562863424884563e+04 3.425409559665947952e-20 2.542096949001217247e-21
2.247630939322337144e+04 3.960649976343888669e-20 2.562270174193192094e-21
2.248699013250670396e+04 4.031393404475776277e-20 2.551153908821240861e-21
2.249767085208002391e+04 3.586958169930036417e-20 2.487781941012443066e-21
2.250835155189231591e+04 3.108886316861012082e-20 2.520785595963570850e-21
2.251903223190834251e+04 3.251457918875602879e-20 2.526869077330078240e-21
2.252971289209676252e+04 2.895839811318174778e-20 2.447182895936756358e-21
2.254039353241063509e+04 3.497596124833132848e-20 2.402892017930288110e-21
2.255107415282558213e+04 3.575836335570516254e-20 2.469795102826403849e-21
2.256175475329552137e+04 3.774476565940437202e-20 2.453390398604173947e-21
2.257243533378395659e+04 3.079263617012178494e-20 2.450196010980218453e-21
2.258311589425826241e+04 3.014405001599037844e-20 2.530470466397456943e-21
2.259379643467888673e+04 2.922465340273720737e-20 2.409971543741743554e-21
2.260447695501130511e+04 3.106330546287335340e-20 2.502214248487983297e-21
2.261515745521241479e+04 2.973195224206983299e-20 2.379500558707783417e-21
2.262583793524710200e+04 2.673134242656744603e-20 2.217349785740007648e-21
2.263651839508926059e+04 2.963148475124623393e-20 2.348406188676619549e-21
2.264719883468525950e+04 3.707659103525147406e-20 2.488434078124115264e-21
2.265787925401312168e+04 2.328817570306056730e-20 2.427928348942627409e-21
2.266855965302704499e+04 2.875922009779161148e-20 2.192596450615702119e-21
2.267924003168879790e+04 3.017108744707384421e-20 2.180380702496185071e-21
2.268992038997448617e+04 3.115468147469252481e-20 2.214430078028134806e-21
2.270060072782711723e+04 3.031938479838756753e-20 2.220636269640441815e-21
2.271128104523051661e+04 2.719756278661069974e-20 2.306045792249470381e-21
2.272196134213691039e+04 3.234076093628842913e-20 2.182934025861286824e-21
2.273264161850910023e+04 2.857397649382887117e-20 2.110588597131670785e-21
2.274332187431759667e+04 3.273565170817670250e-20 2.226954586520641628e-21
2.275400210951485496e+04 2.739374634688161354e-20 2.110154242824014507e-21
2.276468232407706455e+04 2.446718235529025568e-20 2.208862853702356370e-21
2.277536251795681164e+04 2.936843575520178885e-20 2.060497516807797366e-21
2.278604269112234033e+04 2.878137120705222349e-20 2.316782526839326101e-21
2.279672284354342992e+04 2.862947710160111471e-20 2.162187348754015168e-21
2.280740297516565261e+04 2.857399545625527802e-20 2.299724329969861845e-21
2.281808308597088762e+04 2.807327470656296633e-20 2.233881033569615962e-21
2.282876317591586121e+04 5.881204628713780539e-20 2.531871226236453579e-21
2.283944324496350237e+04 1.510548024892452072e-19 3.492896530566539919e-21
2.285012329307604159e+04 1.426251840639713499e-19 3.404395344110970260e-21
2.286080332021693539e+04 7.031771440801724449e-20 2.665247084070848025e-21
2.287148332635825864e+04 3.223240233922626327e-20 2.161896141420468580e-21
2.288216331145522418e+04 2.889545637655039129e-20 2.186688773678612428e-21
2.289284327547384964e+04 2.255508021897751523e-20 2.049890949543473583e-21
2.290352321837300406e+04 2.668294359974405898e-20 2.592148623878155230e-21
2.291420314012316157e+04 3.543256116126868388e-20 2.489490385807045826e-21
2.292488304069082733e+04 3.599153221136924601e-20 2.356650129050384172e-21
2.293556292003501585e+04 2.787940223204562184e-20 2.230830872056125284e-21
2.294624277811454158e+04 3.494979109064003893e-20 2.351679329927029235e-21
2.295692261489624070e+04 2.840296398895620817e-20 2.119581199579870098e-21
2.296760243034833184e+04 3.283191706486202554e-20 2.174206002087426467e-21
2.297828222443643972e+04 3.010158222166076356e-20 2.174150857281943932e-21
2.298896199711592635e+04 2.703081713006189474e-20 2.131887670340240636e-21
2.299964174835756057e+04 2.973287435784293346e-20 2.198024755517659693e-21
2.301032147811812683e+04 1.712518059082156025e-20 2.004198597692320803e-21
2.302100118637069318e+04 2.061541832035573621e-20 2.233123397636933985e-21
2.303168087307514725e+04 3.681506545069056476e-20 2.388861860338710296e-21
2.304236053819069639e+04 3.020816421960483041e-20 2.199847439116823090e-21
2.305304018169231495e+04 2.706954235700893023e-20 2.153785204294892094e-21
2.306371980353336403e+04 3.116747445286624029e-20 2.264131828098131871e-21
2.307439940368464158e+04 3.001617486763599792e-20 2.203985385249354372e-21
2.308507898210518761e+04 2.591029617198719717e-20 2.233669183894841233e-21
2.309575853875949178e+04 2.692696101717130393e-20 2.245508625242463493e-21
2.310643807361880317e+04 3.205735349903107209e-20 2.392818496409752325e-21
2.311711758664238732e+04 2.877235164172635146e-20 2.184279120667902159e-21
2.312779707779187447e+04 3.071355368545379771e-20 2.270752919781009796e-21
2.313847654703441367e+04 2.752759217823423284e-20 2.373873631897423215e-21
2.314915599433403986e+04 2.620468377616141297e-20 2.131188858127113503e-21
2.315983541965678523e+04 3.388366759346297659e-20 2.215022455156560795e-21
2.317051482296292306e+04 3.080757894706031547e-20 2.258207561664443082e-21
2.318119420422138865e+04 3.435167367114884311e-20 2.424627807044151330e-21
2.319187356339150210e+04 3.643589811102311401e-20 2.454568697055273854e-21
2.320255290044227149e+04 3.144244743467960734e-20 2.176908685818376342e-21
2.321323221532908792e+04 2.797400562160628806e-20 2.237488723204024969e-21
2.322391150803035634e+04 2.752883591969547987e-20 2.248568143471289267e-21
2.323459077850274480e+04 3.110427192395202845e-20 2.255095931433060819e-21
2.324527002670679940e+04 3.458633828585849043e-20 2.412222391134854827e-21
2.325594925261625758e+04 2.906374821070745407e-20 2.208610839383732883e-21
2.326662845618815481e+04 3.120597738143331011e-20 2.292113208896758122e-21
2.327730763739185932e+04 4.137691543239414417e-20 2.453562505701829462e-21
2.328798679618745155e+04 9.346339057606224822e-20 2.933773217224859031e-21
2.329866593253936662e+04 2.498118071264169029e-19 4.379372895214337328e-21
2.330934504641866442e+04 2.319778653164094241e-19 4.329955038553074983e-21
2.332002413778358459e+04 8.719849409311653107e-20 2.861231933690751931e-21
2.333070320660099969e+04 3.344983800841613421e-20 2.308951433944473062e-21
2.334138225283754582e+04 2.724307172746249042e-20 2.247144097975642944e-21
2.335206127645320885e+04 2.915657369215348080e-20 2.275418423723821331e-21
2.336274027741538521e+04 2.763731454086814740e-20 2.214520553636814327e-21
2.337341925568867373e+04 3.108873462943880197e-20 2.280709168139685978e-21
2.338409821123711299e+04 2.935802224248032509e-20 2.261943992935206918e-21
2.339477714402623678e+04 3.225225223945061380e-20 2.209869471520622671e-21
2.340545605402070214e+04 2.855427072213004637e-20 2.142252669664071720e-21
2.341613494118496965e+04 2.685133393047201191e-20 2.277455532580351276e-21
2.342681380548622474e+04 3.110749321890998753e-20 2.272818187510212970e-21
2.343749264688246330e+04 2.995540272606783979e-20 2.074817093859990610e-21
2.344817146534566200e+04 3.020584057925016263e-20 2.102838932747743432e-21
2.345885026083769480e+04 2.780239871005966283e-20 2.352361360943789955e-21
2.346952903332650385e+04 2.480183211344932010e-20 2.305199400775569657e-21
2.348020778277211502e+04 3.666388725811299282e-20 2.324298209373074814e-21
2.349088650913921447e+04 2.921563354584520430e-20 2.253732712922887560e-21
2.350156521239741414e+04 4.882507693348388597e-20 2.592447967367826496e-21
2.351224389250732202e+04 1.985708715814981695e-19 3.842155298630635085e-21
2.352292254944114393e+04 6.416278398439231157e-19 6.414351707789614023e-21
2.353360118315612272e+04 6.654178310686911152e-19 6.639029320976406689e-21
2.354427979362005499e+04 2.461152100471146706e-19 4.200846967347984223e-21
2.355495838079818350e+04 5.400576666200642917e-20 2.517764481290618014e-21
2.356563694465793014e+04 3.157700200352968785e-20 2.395454735546057737e-21
2.357631548515645409e+04 2.619202272932868045e-20 2.325444499512629284e-21
2.358699400226695434e+04 3.056812326609938037e-20 2.193693133323084231e-21
2.359767249595203612e+04 3.291174532539608804e-20 2.310585601152833970e-21
2.360835096617405725e+04 3.073100920056247167e-20 2.037183222572271398e-21
2.361902941290311355e+04 2.502205839009563532e-20 2.090654512571709783e-21
2.362970783610233411e+04 3.457292762061474363e-20 2.178392207962523674e-21
2.364038623573685982e+04 2.721005095107621406e-20 2.151250259189435011e-21
2.365106461177143137e+04 2.894405601980012993e-20 2.276034469299060631e-21
2.366174296416924335e+04 2.993220655984701553e-20 2.082803142206493517e-21
2.367242129290316007e+04 2.766667349075070062e-20 2.259193929120552660e-21
2.368309959793091548e+04 3.105830246843832191e-20 2.269298720441416759e-21
2.369377787921731215e+04 3.095029846298907921e-20 2.219929091487326386e-21
2.370445613673333719e+04 3.249816943895012004e-20 2.199404569188939210e-21
2.371513437043928934e+04 2.918362167770110508e-20 1.966323510803394917e-21
2.372581258030531899e+04 3.163658337924186102e-20 2.163592590499417546e-21
2.373649076629558476e+04 3.011807348937914451e-20 2.117258848331765630e-21
2.374740857710215278e+04 2.786754326516658939e-20 2.140852740969312192e-21
2.375808673363351772e+04 3.245222436325775849e-20 2.288563426146099369e-21
2.376876486608197592e+04 3.051952009563398960e-20 2.273380951988102091e-21
2.377944297451260354e+04 2.456172810295856411e-20 2.090844357189830008e-21
2.379012105888639053e+04 2.793745001593328316e-20 2.251228201910394049e-21
2.380079911917858772e+04 3.340250412068794588e-20 2.307129489789016927e-21
2.381147715535184398e+04 3.163727032867863451e-20 2.231934772031828122e-21
2.382215516736716381e+04 2.971624311127449065e-20 2.272703612369974844e-21
2.383283315519024836e+04 2.581985952967721419e-20 2.164070329416336396e-21
2.384351111879157179e+04 2.863868755766204545e-20 2.143184970220580630e-21
2.385418905813131641e+04 3.643352499031427933e-20 2.413848226643747984e-21
2.386486697318064398e+04 3.093660878484494205e-20 2.154590771296046548e-21
2.387554486390035891e+04 3.124099760075669870e-20 2.184869160814334200e-21
2.388622273026330367e+04 2.678731799991014251e-20 2.275415819029002625e-21
2.389690057222253381e+04 2.690263642976610167e-20 2.141326819880269743e-21
2.390757838975664345e+04 3.130335436477711281e-20 2.210846119836846190e-21
2.391825618282648065e+04 2.721188375175241815e-20 2.230764647137072538e-21
2.392893395139750282e+04 3.045746920395387021e-20 2.258197041768295211e-21
2.393961169543287906e+04 2.451881288697132698e-20 2.072897940220521765e-21
2.395028941490378929e+04 2.841502912370353486e-20 2.246304871263885885e-21
2.396096710977111070e+04 3.015516514129506596e-20 2.184528477354576348e-21
2.397164478000528106e+04 2.758749322628958524e-20 2.243052324082332939e-21
2.398232242556726123e+04 2.983187668526349874e-20 2.254174153995162001e-21
2.399300004642575732e+04 2.887100924762104681e-20 2.159910860648149140e-21
2.400367764254913709e+04 3.051185263182282176e-20 2.248840968654791256e-21
2.401435521389796486e+04 2.764193678598658544e-20 2.191759787197742140e-21
2.402503276044332233e+04 2.486951016422098356e-20 2.228171289884634116e-21
2.403571028214649778e+04 3.052380372250309546e-20 2.293645758593302150e-21
2.404638777898089029e+04 2.784120377461511201e-20 2.149554309103502370e-21
2.405706525090203650e+04 2.793036351612573307e-20 2.205635595395531909e-21
2.406774269788123274e+04 2.673357014885021621e-20 2.106230154563881661e-21
2.407842011988479499e+04 2.578668967338980095e-20 2.207234342481128100e-21
2.408909751688121833e+04 2.514118921882753268e-20 2.066845975106970860e-21
2.409977488882858233e+04 3.052746427668650233e-20 2.201314288680465591e-21
2.411045223570346934e+04 2.406938223187426310e-20 1.961114322719848177e-21
2.412112955746711668e+04 2.890049239981034313e-20 2.270746618850719763e-21
2.413180685408559657e+04 3.186817070792113054e-20 2.247431150904957141e-21
2.414248412562261365e+04 2.259690220016950274e-20 2.057942300150346986e-21
2.415316138057604257e+04 2.747125729923240602e-20 2.089895342577070063e-21
2.416407895341197218e+04 3.157406587715528706e-20 2.177560425925591687e-21
2.417475616731057380e+04 3.086156563759135939e-20 2.120511445726863364e-21
2.418543335589209892e+04 2.565327963946693255e-20 2.154551169664191874e-21
2.419611051912315088e+04 2.902811192952030339e-20 2.081087205903628383e-21
2.420678765697280323e+04 2.263754690189126066e-20 2.160661143268444532e-21
2.421746476940204957e+04 2.647230927087762116e-20 2.125109445917789946e-21
2.422814185637937771e+04 2.998625727168602908e-20 2.209920172640845620e-21
2.423881891787413042e+04 2.669559906346241268e-20 2.285241754401465547e-21
2.424949595384751228e+04 3.130489122276703026e-20 2.323349028860770021e-21
2.426017296427116889e+04 2.117614459340802853e-20 2.007582090573165705e-21
2.427084994910577007e+04 2.626273365914724019e-20 2.151464992590933941e-21
2.428152690831799191e+04 2.425029921982555838e-20 2.117982581138406849e-21
2.429220384188511525e+04 2.422502115904316052e-20 2.160574112439147119e-21
2.430288074975756172e+04 2.457260890348693358e-20 2.089477026625360697e-21
2.431355763191210644e+04 2.529624532146409655e-20 2.013308379565319263e-21
2.432423448831541100e+04 2.542701939748907024e-20 1.995520916012737874e-21
2.433491131892890189e+04 2.652457054699833910e-20 2.235239496443233231e-21
2.434558812372169996e+04 2.690027632365206552e-20 2.312702994660357880e-21
2.435626490266276232e+04 2.554633276683431116e-20 2.159956600636153679e-21
2.436694165571333360e+04 2.773288549299826775e-20 2.101079421758319506e-21
2.437761838284025725e+04 2.714063006768226294e-20 1.991270882086976642e-21
2.438829508401553539e+04 3.315786640402826029e-20 2.191719795170010577e-21
2.439897175920553855e+04 2.351469896906613642e-20 2.020415693008686334e-21
2.440964840837139491e+04 2.381375346383344786e-20 2.132161331642061697e-21
2.442032503148557225e+04 2.981723456755254640e-20 2.228650653226750786e-21
2.443100162850928609e+04 2.821143015956026165e-20 2.111571619155845359e-21
2.444167819941181733e+04 2.871410785337104864e-20 2.231071821399432167e-21
2.445235474415955832e+04 2.467243494722514491e-20 1.982558139244422961e-21
2.446303126271971996e+04 2.683829594771677037e-20 1.865445544173587528e-21
2.447370775505905112e+04 2.510468214433848762e-20 2.077623503704305320e-21
2.448438422114428613e+04 2.674357185859438504e-20 2.158742704067176667e-21
2.449506066093892878e+04 3.248406292744402166e-20 2.135932784261616800e-21
2.450573707441858278e+04 2.689404055782171867e-20 2.277523663173871105e-21
2.451641346154188068e+04 3.058381658414859740e-20 2.143550977095535303e-21
2.452708982227837623e+04 2.587844545007765760e-20 2.100570306343283512e-21
2.453776615658896117e+04 2.891114825575045523e-20 1.923247354612789451e-21
2.454844246445462340e+04 2.307999744213833509e-20 2.003132551588909670e-21
2.455911874582866585e+04 2.379872643098738066e-20 2.027947620180782623e-21
2.456979500068895140e+04 2.560956131243930115e-20 2.032318542806695037e-21
2.458047122899112583e+04 2.378707326904929701e-20 1.947985886610632555e-21
2.459114743071045450e+04 2.414041389817694439e-20 2.016618863047521689e-21
2.460182360581143439e+04 2.012306019498361727e-20 2.048667535036777369e-21
2.461249975425827142e+04 2.389570186461413816e-20 1.911685462189666519e-21
2.462317587602610365e+04 2.617812101592374098e-20 2.050137333678721283e-21
2.463385197107066051e+04 2.718379383353774213e-20 2.084325135727335563e-21
2.464452803937044882e+04 3.082815322601838912e-20 2.069160565976622414e-21
2.465520408087870237e+04 2.681051910465195250e-20 2.047410389055572883e-21
2.466588009558190970e+04 2.558981088346087328e-20 2.071411994016399231e-21
2.467655608342442429e+04 1.985509179021723455e-20 1.957354723956288408e-21
2.468723204439330220e+04 2.785056344362036603e-20 2.080447021730933082e-21
2.469790797844183908e+04 2.648204529700847769e-20 2.051671302434016317e-21
2.470858388554550402e+04 2.765317989343845272e-20 1.967008413399168120e-21
2.471925976566838654e+04 3.589561019011156005e-20 2.110505875075223975e-21
2.472993561877772663e+04 2.430467792153151312e-20 1.917114012407192253e-21
2.474061144483821045e+04 2.388324661165141999e-20 1.975280302936108893e-21
2.475128724382264045e+04 2.488091178338750638e-20 1.948386847789267511e-21
2.476196301569537536e+04 2.440073033293516471e-20 2.036064319760318693e-21
2.477263876042326592e+04 2.855897772666697790e-20 2.048150039194189575e-21
2.478331447796849170e+04 2.710177773621016797e-20 1.965791256186211486e-21
2.479399016831235349e+04 2.272945375064569489e-20 1.975445588814698716e-21
2.480466583142478703e+04 2.387645212527837088e-20 2.047907218058510435e-21
2.481534154651750941e+04 2.116122865082175744e-20 1.979095254732832888e-21
2.482601723822233907e+04 2.659466880274853248e-20 1.926316621654358482e-21
2.483669290258331603e+04 2.940210257628328012e-20 1.909504987316542883e-21
2.484736853957624044e+04 2.554681902871210310e-20 2.024568836660378030e-21
2.485804414915711823e+04 2.312558940721565965e-20 1.955718042758846924e-21
2.486871973129869002e+04 2.845878426359369034e-20 2.017211084114109033e-21
2.487939528596883974e+04 2.621020937561008759e-20 2.005898292283575167e-21
2.489007081313783056e+04 2.216402948910384140e-20 2.075929878159329008e-21
2.490074631276748914e+04 2.387975425759786668e-20 2.031544219084559828e-21
2.491142178483340103e+04 2.015295569771909385e-20 1.964288621164941822e-21
2.492209722929195414e+04 2.859413421700669055e-20 1.974363617313529541e-21
2.493277264611651844e+04 2.499852849879582786e-20 1.878175552511785382e-21
2.494344803527461409e+04 2.596055058358721656e-20 1.863391019213102197e-21
2.495412339673941460e+04 2.288882633710548723e-20 1.873096336460696838e-21
2.496479873046670400e+04 2.793813532954728517e-20 2.059366081956978625e-21
2.497547403642740392e+04 2.876901660054264974e-20 1.992253296949430985e-21
2.498614931460053413e+04 2.431641574194570233e-20 1.908929107974782568e-21
2.499682456493656719e+04 2.013505367766159993e-20 1.981377476322947042e-21
2.500749978742001258e+04 2.676420369675417173e-20 1.970563574733465399e-21
2.501817498200426780e+04 2.690650761062433920e-20 2.059297056029462465e-21
2.502885014866585334e+04 2.413330029715881024e-20 2.070115091115074511e-21
2.503952528736672321e+04 2.782802004593138091e-20 2.052330743580414151e-21
2.505020039807742796e+04 2.772374045094768566e-20 2.025345188972490692e-21
2.506087548076523308e+04 2.949002011452703952e-20 1.944805105293423047e-21
2.507155053540119479e+04 2.919566689248452794e-20 2.164729726678019053e-21
2.508222556194447316e+04 2.281296039719980565e-20 2.045434110893673511e-21
2.509290056037438990e+04 2.139763273325381807e-20 1.898294679863252033e-21
2.510357553065282991e+04 2.278903245053164164e-20 1.964694556704948166e-21
2.511425047274153985e+04 2.317065975659889511e-20 1.936468183564995473e-21
2.512492538662322841e+04 2.547727296772360264e-20 1.949523742160844927e-21
2.513560027224833902e+04 2.603889879415602816e-20 1.975487069398259884e-21
2.514627512959925298e+04 2.282190777677298494e-20 1.898951168111108047e-21
2.515694995863487566e+04 2.607560406576195867e-20 1.927877242910486964e-21
2.516762475932597590e+04 2.781306764509140340e-20 1.963330294559159422e-21
2.517829953163783284e+04 2.570699623268821585e-20 2.038760367662288535e-21
2.518897427554711248e+04 2.066874057396169831e-20 2.026363048997723659e-21
2.519964899101592891e+04 2.620588269934499740e-20 2.085289539539691339e-21
2.521032367800603970e+04 2.512046794249496827e-20 2.015606203434928180e-21
2.522099833650022265e+04 2.847753198942293201e-20 1.955455326320470384e-21
2.523167296644911767e+04 2.479897179957598877e-20 1.983067886884849682e-21
2.524234756782947807e+04 2.192119170257804319e-20 1.841412445653680837e-21
2.525302214061518680e+04 2.433988458047632547e-20 1.948678808554403469e-21
2.526369668476504739e+04 3.010309332418128933e-20 2.053283392068858942e-21
2.527437120025043623e+04 2.501937492949273874e-20 2.049780605527611662e-21
2.528504568704243502e+04 2.535271285393687579e-20 2.052910535924482944e-21
2.529572014510621375e+04 2.366524863471834319e-20 1.885086527787309477e-21
2.530639457440394835e+04 2.685392792100250772e-20 2.054847649376222672e-21
2.531706897490916526e+04 2.373715350933525248e-20 1.959481894577643588e-21
2.532774334659640226e+04 3.010359047132646496e-20 2.059018482110824194e-21
2.533841768942497583e+04 2.791492227950189569e-20 2.023795606898443487e-21
2.534909200336305730e+04 2.973232782911254284e-20 2.022862549499472870e-21
2.535976628839059413e+04 2.288555535335717357e-20 1.988214607684570543e-21
2.537044054446059454e+04 2.159975467418967030e-20 1.908589459863181589e-21
2.538111477154470049e+04 2.202594601154857061e-20 1.955879366227330128e-21
2.539178896961706050e+04 2.654435065553147174e-20 1.998480137381141464e-21
2.540246313864296826e+04 2.468994268503970840e-20 1.925204372778959210e-21
2.541313727858768107e+04 1.781577677031481272e-20 1.876692426143462188e-21
2.542381138942796679e+04 2.605702509189631641e-20 2.004559014342931298e-21
2.543448547112665256e+04 2.537251263771849471e-20 1.944879082458290790e-21
2.544515952364610712e+04 2.182299970445251203e-20 2.019636624795820040e-21
2.545583354696359675e+04 2.617391334000254483e-20 1.974885050449600542e-21
2.546650754104442603e+04 2.370530698753050885e-20 1.902215127095744890e-21
2.547718150585654803e+04 2.215866281990617406e-20 1.899016694235074513e-21
2.548785544136281533e+04 2.000530594913764348e-20 2.026614874919755445e-21
2.549852934754657690e+04 2.347598571245215625e-20 1.926117604944200125e-21
2.550920322436728020e+04 2.637486418524964820e-20 1.931523729795591512e-21
2.551987707178435085e+04 2.707358926027959414e-20 1.727360939530960962e-21
2.553055088978073400e+04 2.530549990302962845e-20 1.787093306142833756e-21
2.554122467831935137e+04 1.927388124194052404e-20 1.736688337351821091e-21
2.555189843737169576e+04 2.564149068265295071e-20 1.887167717473701420e-21
2.556257216689726556e+04 2.177272960061892387e-20 1.984680979342871421e-21
2.557324586687355986e+04 2.444488783144451267e-20 1.787821548436861645e-21
2.558391953726266001e+04 2.306806969868622872e-20 1.894332963148720388e-21
2.559459317803643717e+04 2.856190435272060901e-20 1.903441906321394649e-21
2.560526678916654782e+04 2.354688399260500152e-20 1.792697219618893143e-21
2.561594037061854397e+04 2.181151592061085573e-20 1.856370380668352100e-21
2.562661392236102256e+04 2.532524426354523611e-20 1.864937452816966130e-21
2.563728744435618864e+04 2.604770074906255509e-20 2.031232766443141050e-21
2.564796093659397593e+04 2.552509021617747641e-20 1.948979932163819432e-21
2.565863439901292440e+04 2.710264357539070704e-20 1.997673815419572256e-21
2.566930783159983184e+04 2.846029016625299296e-20 2.094149642844041368e-21
2.567998123432337161e+04 2.423962748997552947e-20 1.984572189513729575e-21
2.569065460714596338e+04 2.393109889418131057e-20 2.044444154819370797e-21
2.570132795004224681e+04 2.465051891366861592e-20 1.943869544212055916e-21
2.571200126297816678e+04 2.272191582638509175e-20 1.787329030442364836e-21
2.572267454591940623e+04 2.005763896282063545e-20 1.655160311114941496e-21
2.573334779884081945e+04 1.735721863342137297e-20 1.935534297798759051e-21
2.574402102170806393e+04 2.118602890790806857e-20 1.910805086153119095e-21
2.575469421448946014e+04 2.146598459317984494e-20 1.855186119049344855e-21
2.576536737714813353e+04 2.770329966301393792e-20 2.015130636745233445e-21
2.577604050966507930e+04 2.528144683313793966e-20 1.971281026516829968e-21
2.578671361200303363e+04 2.754056301746431916e-20 1.993483545988124951e-21
2.579738668412774496e+04 2.473932363263117115e-20 2.001340786942287391e-21
2.580805972601078975e+04 2.458532151234997643e-20 1.853185513554974273e-21
2.581873273762424287e+04 2.383945541429161447e-20 1.845285664759095742e-21
2.582940571893096785e+04 2.186534614176397838e-20 1.868642914676860244e-21
2.584007866990601542e+04 2.258560304131815526e-20 1.961745924957118425e-21
2.585075159051214359e+04 2.837318231789373563e-20 1.770528930445640170e-21
2.586142448072124898e+04 2.219824849282899011e-20 1.913387310401902067e-21
2.587209734050193583e+04 2.343504736889205176e-20 1.916562031852865121e-21
2.588277016982662462e+04 1.982575699243611902e-20 2.047020031646907937e-21
2.589344296866118020e+04 2.346649517259220790e-20 1.981315594055933528e-21
2.590411573697150743e+04 2.421216648331488249e-20 1.821037822309925475e-21
2.591478847472965572e+04 2.260181464075693119e-20 1.873808713188231714e-21
2.592546118190743073e+04 2.677746392851122243e-20 1.828616001562041112e-21
2.593613385846467645e+04 3.196319194266489647e-20 1.964157259840659833e-21
2.594680650437987788e+04 2.467437236132927631e-20 1.941460271168775313e-21
2.595747911961898717e+04 2.087256794618514043e-20 1.874528450363262072e-21
2.596815170415728426e+04 2.431887186984969532e-20 1.813012905881000793e-21
2.597882425795139716e+04 2.366162757616774159e-20 1.736548064361654044e-21
2.598949678097929063e+04 2.258870092975338071e-20 1.882302836018819425e-21
2.600016927320117611e+04 2.246333237946000818e-20 1.866515068104336530e-21
2.601084173459549493e+04 2.098257489605642854e-20 1.722668262664977077e-21
2.602151416513141521e+04 2.784132662063152891e-20 2.006806894841819378e-21
2.603218656477181139e+04 2.784436710309145896e-20 1.913706010369613662e-21
2.604285893348882018e+04 2.440585192377976619e-20 1.902084662613005722e-21
2.605353127125146420e+04 2.538734147725029272e-20 1.857453133519744709e-21
2.606420357802922081e+04 2.746874098161288064e-20 2.030200579331008478e-21
2.607487585379127268e+04 2.271514972533237567e-20 1.984275879325753191e-21
2.608554809851001482e+04 2.343507021447986085e-20 1.995350536669509200e-21
2.609622031214836898e+04 2.578468482997490254e-20 1.952242446314155771e-21
2.610689249467847912e+04 2.195047765474443056e-20 1.733505741103469859e-21
2.611756464606964073e+04 2.166884103718557833e-20 1.838848125295550910e-21
2.612823676628818066e+04 2.014292934987047051e-20 1.811100462915340569e-21
2.613890885531280946e+04 2.453509137370343854e-20 1.947419145632652961e-21
2.614958091310340023e+04 2.148524315646744080e-20 1.831220972598242329e-21
2.616025293963239892e+04 2.276260400329788029e-20 1.886829558301050175e-21
2.617092493486569947e+04 2.151136633262772585e-20 2.041157716268400147e-21
2.618159689878224162e+04 2.278836618637327576e-20 2.073908341996473993e-21
2.619226883134205127e+04 2.188055953249666060e-20 1.931824786698760856e-21
2.620294073251765803e+04 2.365299201915933099e-20 2.083683874271954341e-21
2.621361260227527964e+04 2.481481106240770449e-20 2.013844041916904064e-21
2.622428444059063986e+04 2.424293476409237356e-20 1.865695515661518230e-21
2.623495624743285589e+04 2.576647958335813803e-20 1.805699164527718260e-21
2.624562802276199363e+04 2.478752879232181023e-20 1.833863677776491828e-21
2.625629976655713472e+04 2.184557120809026025e-20 1.790324775053770716e-21
2.626697147878773831e+04 2.130844899151471164e-20 1.687597776350964319e-21
2.627764315941374662e+04 2.531515143455983547e-20 1.998428297878626840e-21
2.628831480841097073e+04 2.308907036541032088e-20 1.836995973379159985e-21
2.629898642575497433e+04 2.841648039865022966e-20 2.054794357809852472e-21
2.630965801140271287e+04 2.720913956696028394e-20 2.087789667832342600e-21
2.632032956533343167e+04 2.309366813259143953e-20 1.805063415221910500e-21
2.633124504206634811e+04 2.627197390519496745e-20 1.905581334662046795e-21
2.634191655839375380e+04 2.069240249172392794e-20 1.757277573343158440e-21
2.635258803482163785e+04 2.530460349076512120e-20 1.904926050872126197e-21
2.636325947931280825e+04 3.008281150745830007e-20 2.027039316842483569e-21
2.637393089192623302e+04 2.683399205143060029e-20 1.954411737870937412e-21
2.638460227263488196e+04 2.150590671843156332e-20 1.872524254174466127e-21
2.639527362141458434e+04 2.382932148941979763e-20 1.801075572787396187e-21
2.640594493822564618e+04 2.925550775016344701e-20 1.844133650397864383e-21
2.641661622303765762e+04 2.430215008756245211e-20 1.899801643479700813e-21
2.642728747582645155e+04 2.858712408703673183e-20 1.981320861352492284e-21
2.643795869655836213e+04 2.674669434973733536e-20 2.119154455954237956e-21
2.644862988520328508e+04 2.791481835975669169e-20 1.815133904218587111e-21
2.645930104172783103e+04 2.085022309636941173e-20 1.911285483137633350e-21
2.646997216610484975e+04 2.502360935890718719e-20 1.896044833372071594e-21
2.648064325830723101e+04 2.819657344504909704e-20 1.868389233166319698e-21
2.649131431830153451e+04 2.122179480462925731e-20 1.935188416627484508e-21
2.650198534605411987e+04 2.303227252797758574e-20 1.858086928997218853e-21
2.651265634154421787e+04 2.130456258486093852e-20 1.756161484000867342e-21
2.652332730472612093e+04 2.180475855680679589e-20 1.751974103766345379e-21
2.653399823558211210e+04 1.715067568546002104e-20 1.693964294443779592e-21
2.654466913408520122e+04 1.879665051257715247e-20 1.929920180216984158e-21
2.655534000019255836e+04 1.952071507352560453e-20 1.869986613747962271e-21
2.656601083387705876e+04 2.312023862022963316e-20 1.905355692404100001e-21
2.657668163512093815e+04 2.328801356700987365e-20 1.909137440598113659e-21
2.658735240387865997e+04 2.401490924106369619e-20 1.911881362301656889e-21
2.659802314012626448e+04 2.622218218555433673e-20 1.871024399723663471e-21
2.660869384383683791e+04 2.482507103197150742e-20 1.863495394521680899e-21
2.661936451497403687e+04 1.976856028934249707e-20 1.857788855100212164e-21
2.663003515351705209e+04 1.610525574336230944e-20 2.009116678140319659e-21
2.664070575941987045e+04 2.814684636217415021e-20 1.987135454500349160e-21
2.665137633266828561e+04 2.664918697210735931e-20 1.879029676914933454e-21
2.666204687322605241e+04 2.145861922436952673e-20 1.926102944601606684e-21
2.667271738105679106e+04 2.070611154843530690e-20 2.006142516619467073e-21
2.668338785614313383e+04 2.211840480010782574e-20 2.050218097170975753e-21
2.669405829844871187e+04 2.001029854711962717e-20 2.025661805849016816e-21
2.670472870793713810e+04 3.020715221605130183e-20 1.934047562033765975e-21
2.671539908459081562e+04 2.137847043270565425e-20 1.770978919729672512e-21
2.672606942837365568e+04 2.120155243901058295e-20 1.955142743263304823e-21
2.673673973924625534e+04 1.919694458217898238e-20 2.086262227993933172e-21
2.674741001720078202e+04 1.933823793242091180e-20 2.004469632161231655e-21
2.675808026218834129e+04 2.416217778254425881e-20 2.035047999653599323e-21
2.676875047418211034e+04 1.931708674265021630e-20 2.110119921638085406e-21
2.677942065316476510e+04 1.817420147190302653e-20 2.091280351003458107e-21
2.679009079908714921e+04 2.508878286517364848e-20 2.010401960523891607e-21
2.680076091193232060e+04 2.613620438896387697e-20 2.064260688860765018e-21
2.681143099167036780e+04 2.305471829649224147e-20 2.058351034569990832e-21
2.682210103825877741e+04 1.675168756288374030e-20 1.791684216458759296e-21
2.683277105168992057e+04 2.438350868902623511e-20 1.982840600346699694e-21
2.684344103191484828e+04 2.710367054447069088e-20 2.136108300253755706e-21
2.685411097890678866e+04 2.281178465266234491e-20 1.889779654905724020e-21
2.686478089264850860e+04 2.616346712200754045e-20 1.921430627570180390e-21
2.687545077309444969e+04 1.911540978261419738e-20 1.892811870319012818e-21
2.688612062021801103e+04 2.296765064398165527e-20 1.978306542081320514e-21
2.689679043400217415e+04 2.475930115927638397e-20 1.868518977570704336e-21
2.690746021439798642e+04 2.060710987827399795e-20 1.904813639823726432e-21
2.691812996138521703e+04 2.296763793318772557e-20 1.904135387788241633e-21
2.692879967494048469e+04 2.075071943364878870e-20 1.848962288131988336e-21
2.693946935501789631e+04 2.129930425650714497e-20 2.095037703834843361e-21
2.695013900161031052e+04 2.731476750536077403e-20 2.043111285008266037e-21
2.696080861466562419e+04 2.360630841618869893e-20 1.937767101158412891e-21
2.697147819416692437e+04 2.488207602275738074e-20 2.167451364768437276e-21
2.698214774008766108e+04 1.954199187160996289e-20 1.862035867567536066e-21
2.699281725237248247e+04 1.917157880531291059e-20 1.982986843195272645e-21
2.700348673103030887e+04 1.882388180505207339e-20 2.011259331931088786e-21
2.701415617600555561e+04 2.348778956019177519e-20 1.882622410371486938e-21
2.702482558736758801e+04 2.355594441242736640e-20 1.990332706435788141e-21
2.703549497295602850e+04 2.402529546934639774e-20 1.956982655671297572e-21
2.704640945659920180e+04 2.024631945283341591e-20 2.037504562059567763e-21
2.705707878420229463e+04 2.672775373271623718e-20 1.862653240662223944e-21
2.706774807797616450e+04 2.534854258796501090e-20 2.051313769718269259e-21
2.707841733789794307e+04 2.472564237909377377e-20 2.099083997197527541e-21
2.708908656393799538e+04 2.209732500100092675e-20 1.910380682172986719e-21
2.709975575605977428e+04 2.371058692019087965e-20 1.893067859842077723e-21
2.711042491423737738e+04 2.703979071728978975e-20 1.923802070984481649e-21
2.712109403843447581e+04 2.726458716991650538e-20 2.062351700418415364e-21
2.713176312863167186e+04 2.665450804356886687e-20 1.939137229993951420e-21
2.714243218480957512e+04 2.712450483411172032e-20 2.034253553844456606e-21
2.715310120683661080e+04 2.311652588800751515e-20 1.982646647157945373e-21
2.716376996500813766e+04 1.897389491120020589e-20 2.020754904765835074e-21
2.717443864031207340e+04 1.827888488344655509e-20 1.889761426134362119e-21
2.718510728147110058e+04 2.086701390856056531e-20 2.015611397584923436e-21
2.719577588844572892e+04 2.365230518865961308e-20 2.085408503233278475e-21
2.720644446122346562e+04 2.181576668688441402e-20 2.024416211855471854e-21
2.721711299975450675e+04 2.379752545458616867e-20 2.037526599762040470e-21
2.722778150403318068e+04 2.295919757497145807e-20 1.903879536818950861e-21
2.723844997400630746e+04 1.926217284705532762e-20 2.123193495053397686e-21
2.724911840965462761e+04 2.292253133755583090e-20 2.291139507951768826e-21
2.725978681095195498e+04 2.169644964102921432e-20 2.203899366255442435e-21
2.727045517786217533e+04 2.807950951328398051e-20 2.143928110228976027e-21
2.728112351036621840e+04 2.388431215808477181e-20 2.073490051320836608e-21
2.729179180841088601e+04 2.075488396652968337e-20 2.174316549459867438e-21
2.730246007200426175e+04 2.380560484569082138e-20 1.981544877529749494e-21
2.731312830108638082e+04 2.049012920749182111e-20 1.927521842266594009e-21
2.732379649564150895e+04 2.084469767883315001e-20 2.078971706208024612e-21
2.733446465563007587e+04 2.539795776496613721e-20 2.041217175366551574e-21
2.734513278103966877e+04 2.230485188600394149e-20 2.099231592603902239e-21
2.735580087182393981e+04 1.785199524995648438e-20 2.235406524101973519e-21
2.736646892795713211e+04 2.782044836027081155e-20 2.163935237969163735e-21
2.737713694942363509e+04 2.389621686200316303e-20 2.013673581081564298e-21
2.738780493617363754e+04 2.163543351167225516e-20 1.975535225669365355e-21
2.739847288819845198e+04 1.866323347504307401e-20 2.112972057133936374e-21
2.740914080544824174e+04 2.048463700835529518e-20 2.297902725429659023e-21
2.741980868791091416e+04 2.302140979000892773e-20 2.130256380942476278e-21
2.743047653554684803e+04 2.474778541155269485e-20 2.172259123033171096e-21
2.744114434833354971e+04 2.118658040464731316e-20 1.999265002319449468e-21
2.745181212623172905e+04 1.855496577406102919e-20 2.079865906114037447e-21
2.746247986922934069e+04 2.386432094416577172e-20 2.144305525161498391e-21
2.747314757727312099e+04 2.679778565844914264e-20 1.960217704409735600e-21
2.748381525035800951e+04 2.572462879390065700e-20 2.054354543517553217e-21
2.749448288844103445e+04 2.325316864427328800e-20 2.211135960448827883e-21
2.750515049150338018e+04 1.872095501647787764e-20 2.135482834069503349e-21
2.751581805949865520e+04 2.216564394939640903e-20 2.334954546605091336e-21
2.752648559241131807e+04 2.076770719651362818e-20 2.151790902578788348e-21
2.753715309020887071e+04 2.286649866352551674e-20 2.182996008034952486e-21
2.754782055286575996e+04 2.132148522704734323e-20 2.114572399081171217e-21
2.755848798033904313e+04 2.025039726816310828e-20 1.892712890664793822e-21
2.756915537262033831e+04 2.216529102337527826e-20 2.153956673660399559e-21
2.757982272967022800e+04 1.714512628950643658e-20 1.881052313707812166e-21
2.759049005145614137e+04 1.952108389053223890e-20 2.061335785688011952e-21
2.760115733795591223e+04 3.094082718327052209e-20 2.321828921784610491e-21
2.761182458912666698e+04 4.079297235884101319e-20 2.522685028508420769e-21
2.762249180495986730e+04 2.912208186984087684e-20 2.336733441994803405e-21
2.763315898541281786e+04 2.785888082650238362e-20 2.001349594323266518e-21
2.764382613045999096e+04 3.060960682901682772e-20 2.230504770066697551e-21
2.765449324006887400e+04 2.906049523872546787e-20 2.170919158311419776e-21
2.766516031422090964e+04 2.169646904936400249e-20 2.119198905689142622e-21
2.767582735287664036e+04 2.248512164294985611e-20 2.178397761591202433e-21
2.768649435601056757e+04 2.395761159357702392e-20 2.232852399885849688e-21
2.769716132359022231e+04 1.833863139674673578e-20 2.051283989169233633e-21
2.770782825559359117e+04 2.003510188551060912e-20 2.241726954649714499e-21
2.771849515198803783e+04 2.468475787345823824e-20 2.159361681543336545e-21
2.772916201274121704e+04 2.788891590081191694e-20 2.409522187930966116e-21
2.773982883783474608e+04 2.196540694377793588e-20 2.226740068081486935e-21
2.775049562722920382e+04 2.178045695987621869e-20 2.138825536290438938e-21
2.776116238089917897e+04 2.359039372306154109e-20 2.191542027821150710e-21
2.777182909881220985e+04 2.189240532840142564e-20 2.028095139491066341e-21
2.778249578094642857e+04 2.386858899892519464e-20 2.194089511532269764e-21
2.779316242726595010e+04 2.408702119200253733e-20 2.257220225219594865e-21
2.780382903775235172e+04 2.466155595981032981e-20 2.274182199676514708e-21
2.781449561235919464e+04 1.782258181454061885e-20 2.065367927131589213e-21
2.782516215108198958e+04 2.468401208454521537e-20 2.213411039137202751e-21
2.783582865386403137e+04 1.942679982352745772e-20 2.284577456486357626e-21
2.784649512069752382e+04 2.482131152535651087e-20 2.277663889973176467e-21
2.785716155154659646e+04 2.661986455426281161e-20 2.253733188229293235e-21
2.786782794638241103e+04 2.295459028526096137e-20 2.336899953025280387e-21
2.787849430517265500e+04 1.931102580356138627e-20 2.274163957253348484e-21
2.788916062789902935e+04 1.968651254977830633e-20 2.316075010242911685e-21
2.789982691451867868e+04 2.176964084588341472e-20 2.347837653455630431e-21
2.791049316501688008e+04 2.419487891042756100e-20 2.349610931704737820e-21
2.792115937935067632e+04 1.942977487052181842e-20 2.069443814938055229e-21
2.793182555749823223e+04 1.630564115099429834e-20 2.046499408299385186e-21
2.794249169943096422e+04 2.460241455342704116e-20 2.231480925421264695e-21
2.795315780512011406e+04 2.341013082157593644e-20 2.186209127669818791e-21
2.796382387454397394e+04 2.357607517515058083e-20 2.313400009880814022e-21
2.797448990765613780e+04 2.137019965077365308e-20 2.207189851678679586e-21
2.798515590444556437e+04 2.396024795191059233e-20 2.265102072168994552e-21
2.799582186487644867e+04 2.373603252698542759e-20 2.299753485310724279e-21
2.800648778892007613e+04 2.122741231991182004e-20 2.125126327571340095e-21
2.801715367654419242e+04 2.102899112301527706e-20 2.067485037482320839e-21
2.802781952772364457e+04 2.569758391390560089e-20 2.099580639950957645e-21
2.803848534243304312e+04 2.091764277088585556e-20 2.031742035313213086e-21
2.804915112063685592e+04 1.759910144734999049e-20 2.010923256209329925e-21
2.805981686230995183e+04 2.023435457372632745e-20 2.004951475668728119e-21
2.807048256742366357e+04 2.408497624095487686e-20 2.068245889345036682e-21
2.808114823594935297e+04 2.083784412560734051e-20 2.152920318540315327e-21
2.809181386786190342e+04 2.631904844726646396e-20 2.360187496866584480e-21
2.810247946312558997e+04 2.079521656841001489e-20 2.276131129410330428e-21
2.811314502171889399e+04 1.747565541489272100e-20 2.015337265947109616e-21
2.812381054360606140e+04 1.842260993204357620e-20 2.216689351378543861e-21
2.813447602876205565e+04 2.516826164851781348e-20 2.224687089582860682e-21
2.814514147716177831e+04 2.631047616517063924e-20 2.249131918933435988e-21
2.815580688876937347e+04 2.130188442854400820e-20 1.970907219774296237e-21
2.816647226355998646e+04 1.766205730809831377e-20 1.793015105729286106e-21
2.817713760150505914e+04 2.153032515897441510e-20 2.132038879562692585e-21
2.818780290257959132e+04 2.422012042932127609e-20 2.023944727807113450e-21
2.819846816674783258e+04 1.332679259771552807e-20 1.776780602568968014e-21
2.820913339398486278e+04 1.433975979237633114e-20 2.045946424838313517e-21
2.821979858426567807e+04 2.082162018425829183e-20 2.234497662423382692e-21
2.823046373755100649e+04 2.295313900183782758e-20 2.038389183982816262e-21
2.824112885382308377e+04 2.569017008732743529e-20 2.199948826165159685e-21
2.825179393305334452e+04 1.879479574522614120e-20 1.968374762897841995e-21
2.826245897520615108e+04 1.743081430811821050e-20 2.630981341120734885e-21
2.827312398025279617e+04 2.266241367486755633e-20 2.535543892471521676e-21
2.828378894817567925e+04 1.492010405250373733e-20 2.434403860413302361e-21
2.829445387893199950e+04 2.337404418184107664e-20 2.077349987708052689e-21
2.830511877250404359e+04 1.835150241591714179e-20 2.105895057408622772e-21
2.831578362885975002e+04 1.773748006856364348e-20 2.076283269519424172e-21
2.832644844797065889e+04 1.495030356181996711e-20 2.124902981377825195e-21
2.833711322981189005e+04 2.591764091342038900e-20 2.407967841806264635e-21
2.834777797434422973e+04 1.475077956454368461e-20 1.844521779282173167e-21
2.835844268155361715e+04 1.587600112811126786e-20 2.292469927384556376e-21
2.836910735139721146e+04 1.638479517897139248e-20 2.013552472010014884e-21
2.837977198385377778e+04 1.838603296614789014e-20 1.974543261518929002e-21
2.839043657890213581e+04 1.980582117473759690e-20 2.111370629215537008e-21
2.840110113649929190e+04 1.224406620333523752e-20 1.953668629544556412e-21
2.841176565662773282e+04 1.478745373122847962e-20 1.832572336461602575e-21
2.842243013925554624e+04 1.947251041667795861e-20 2.024723530356928243e-21
2.843309458435071429e+04 2.758823708933782034e-20 2.144290964319798265e-21
2.844375899189570191e+04 2.147303047573732566e-20 1.927258934177055059e-21
2.845442336185128806e+04 1.962945642183440477e-20 1.933193891513634897e-21
2.846508769418908560e+04 1.868390591444842815e-20 2.143367488334715172e-21
2.847575198888800878e+04 1.762109561487823641e-20 1.879568425354711182e-21
2.848641624591608343e+04 2.469493949397656345e-20 2.133922760942591834e-21
2.849708046524495148e+04 2.296205241869472707e-20 2.196724756396517115e-21
2.850774464683903352e+04 1.744659985281802227e-20 2.017480199437337887e-21
2.851840879068811410e+04 2.165458483155961265e-20 2.068983027589990595e-21
2.852907289674576896e+04 2.020576820893706185e-20 2.031328910621636580e-21
2.853973696499805374e+04 2.145946859785623043e-20 2.082375316755740659e-21
2.855040099539856601e+04 1.980357374447820039e-20 2.001089774501725998e-21
2.856106498793724677e+04 1.962239174369698801e-20 2.006206776025335636e-21
2.857172894257489679e+04 2.325262449442027434e-20 1.857427475543084459e-21
2.858239285929051766e+04 1.418899617703461601e-20 1.983619108713735280e-21
2.859305673804851540e+04 2.031398329293840676e-20 2.224520073543296374e-21
2.860372057882794979e+04 1.787455939259141063e-20 2.093017405122777614e-21
2.861438438159688303e+04 2.155105631427092974e-20 2.111903839801365043e-21
2.862504814632343187e+04 2.289243200762882123e-20 2.142972268338529126e-21
2.863571187298664154e+04 2.361811069856511864e-20 2.017877031214184809e-21
2.864637556155461425e+04 2.178874875314847492e-20 2.079321178954613277e-21
2.865703921199546312e+04 2.060576823851383106e-20 2.080611228763316651e-21
2.866770282428093924e+04 2.157560872217041009e-20 2.153470031855868105e-21
2.867836639839748386e+04 1.912704633199308576e-20 2.315578156947537770e-21
2.868902993430209972e+04 2.256297936281445183e-20 2.064150628491834396e-21
2.869969343196667251e+04 2.020966214381049009e-20 2.020914181113633844e-21
2.871035689136305882e+04 2.111279438082451504e-20 1.819447689323271535e-21
2.872102031247401464e+04 2.081590151728316893e-20 1.927094570373586574e-21
2.873168369526040988e+04 2.240644983147477109e-20 1.884862252278296847e-21
2.874234703970136979e+04 2.135803307585438932e-20 1.969960623535286840e-21
2.875301034576137317e+04 2.054941632540689677e-20 2.104330496123548460e-21
2.876367361341226933e+04 2.139418801131205655e-20 2.155866167161583461e-21
2.877433684264059411e+04 2.195456827593857206e-20 2.022936658799944555e-21
2.878500003339614341e+04 2.141253433405522122e-20 1.974094852316032597e-21
2.879566318566916016e+04 2.497433470456301688e-20 2.083922797888756788e-21
2.880632629942043786e+04 2.194479598343400020e-20 1.837651114789759579e-21
2.881698937462557296e+04 1.988558288950361924e-20 1.964094915428896549e-21
2.882765241126008914e+04 2.135494151496586516e-20 2.001995136146576750e-21
2.883831540928481991e+04 1.894391520880885770e-20 1.961247795395757877e-21
2.884897836868999002e+04 1.768355852199211485e-20 1.813122426629424795e-21
2.885964128942538446e+04 2.324262938478594055e-20 2.206926095707324970e-21
2.887030417147775734e+04 1.656989602043869201e-20 2.142910584143023160e-21
2.888096701481897617e+04 1.871554372054514896e-20 2.087967344254231788e-21
2.889162981940987811e+04 2.319732473489175919e-20 2.051301495839251712e-21
2.890229258523718090e+04 1.872875344039133644e-20 2.327831555500887237e-21
2.891295531226171079e+04 1.467828106813725677e-20 1.843244563533643139e-21
2.892361800045540804e+04 1.936730014622136114e-20 2.081728658935761154e-21
2.893428064980129056e+04 1.988154063290260989e-20 2.046413048030855622e-21
2.894494326025650298e+04 1.576896611816785291e-20 2.068262147157793431e-21
2.895560583180410322e+04 2.230341223214639692e-20 2.135842252885960330e-21
2.896626836441976775e+04 1.294476696243380199e-20 1.940779487578268222e-21
2.897693085805691589e+04 1.694806326806795859e-20 1.987335221308668375e-21
2.898759331269863105e+04 1.904136813068431944e-20 1.972844321872190690e-21
2.899825572832431499e+04 2.108913025319254950e-20 2.170457824183847935e-21
2.900891810489109776e+04 2.293844496036468029e-20 1.997148177356134600e-21
2.901958044237839204e+04 1.607829457482226093e-20 1.917803360574424782e-21
2.903024274076555957e+04 1.981105776681326239e-20 1.956448487192624940e-21
2.904090500000971952e+04 1.634771371463435663e-20 2.178502513723590209e-21
2.905156722009411169e+04 1.694722133230179295e-20 2.037372130805326422e-21
2.906222940098702020e+04 1.670448531856588555e-20 2.296043825323524921e-21
2.907289154266417609e+04 1.606262198586208760e-20 2.001883833131314018e-21
2.908355364508272396e+04 1.983419869658008114e-20 1.933155583066693158e-21
2.909421570823702859e+04 2.189802264545241875e-20 2.150066750303800199e-21
2.910487773208049111e+04 1.656259609591290577e-20 1.818262003591261477e-21
2.911553971659259332e+04 1.496509352375874129e-20 2.309698531219842358e-21
2.912620166174541373e+04 2.356941703179594442e-20 2.135092106938052651e-21
2.913686356751844141e+04 2.394822823181863510e-20 1.988154908468107952e-21
2.914752543387253900e+04 1.906953954785199037e-20 1.987082849332592209e-21
2.915818726078350664e+04 1.868059270671194242e-20 2.157547847272564364e-21
2.916884904822341559e+04 1.708929197587493745e-20 2.174829729984489323e-21
2.917951079616058632e+04 1.862456681046682430e-20 1.901347996419401532e-21
2.919017250457083355e+04 1.549855303671864639e-20 1.959993601142598875e-21
2.920083417342998655e+04 2.181016225136657422e-20 2.079349291285212689e-21
2.921149580270640945e+04 1.965281128217100820e-20 2.232258577223563374e-21
2.922215739236843001e+04 1.562799834298395140e-20 2.038900296196829494e-21
2.923281894239190660e+04 2.267887336750810783e-20 2.185568888101495551e-21
2.924348045275259210e+04 2.178214316899832830e-20 1.981423501405851930e-21
2.925414192341892704e+04 1.741663090321949317e-20 1.978905215355478490e-21
2.926480335436305177e+04 2.178981802035114222e-20 1.973814872357315854e-21
2.927546474555708846e+04 1.376398878674801513e-20 1.962185959698716393e-21
2.928612609696562868e+04 1.785866261475562456e-20 2.181509634326678442e-21
2.929678740857585581e+04 2.207054021168339797e-20 1.996455074628087202e-21
2.930744868034862520e+04 1.955226288517941913e-20 2.104737542584029833e-21
2.931810991225983526e+04 1.734858459930716444e-20 1.990195928654031339e-21
2.932877110428540982e+04 1.826986085529206765e-20 1.892641197573565912e-21
2.933943225638994409e+04 1.363762938267153501e-20 2.017770566894195871e-21
2.935009336854939465e+04 1.478237788557162081e-20 1.795235550613718169e-21
2.936075444073590188e+04 1.081528415169588856e-20 1.981192821536983433e-21
2.937141547292164614e+04 2.118092326826866833e-20 2.085152412177902764e-21
2.938207646508256221e+04 2.369446487236313017e-20 2.209204736622520229e-21
2.939273741718707242e+04 2.084728540682289104e-20 2.033367775451080052e-21
2.940339832920357003e+04 1.885406054356640044e-20 1.926714718037545948e-21
2.941405920110800798e+04 2.130257093574701151e-20 1.872240671002290378e-21
2.942472003287261032e+04 1.460167903499604397e-20 1.937871410994293323e-21
2.943538082446954286e+04 1.500418303019933204e-20 1.670922727844315360e-21
2.944604157587481677e+04 1.856458322794510806e-20 2.056499861519803919e-21
2.945670228704925466e+04 1.859926258606759149e-20 1.970846635895368870e-21
2.946736295798022911e+04 1.504671960050446496e-20 1.863723135628813722e-21
2.947802358863240443e+04 1.768794590587957523e-20 1.719946722274270952e-21
2.948868417897417021e+04 1.865518099616283836e-20 1.844440120989980483e-21
2.949934472900805122e+04 1.385676055052099975e-20 1.753083571873122021e-21
2.951000541292516209e+04 1.855444826243974424e-20 1.765500791762102787e-21
2.952066623256514868e+04 1.887076424807372012e-20 1.779247447790916739e-21
2.953132701177967465e+04 1.733936879444428358e-20 1.861936037590703053e-21
2.954198775054857833e+04 2.321043791358974415e-20 1.850186424777127725e-21
2.955264844883272963e+04 2.032526967161983164e-20 1.918132956700747561e-21
2.956330910661193775e+04 1.653015980036149569e-20 1.993105033292310566e-21
2.957396972386229390e+04 1.857145364926092401e-20 1.839827395248413553e-21
2.958463030055605486e+04 2.481028512727791096e-20 2.030956470334589988e-21
2.959529083665785583e+04 2.560065271527870381e-20 2.086022384613533451e-21
2.960595133214379530e+04 2.729636695334345881e-20 2.102951889304226685e-21
2.961661178698612639e+04 2.414949163033983248e-20 1.980895375369205775e-21
2.962727220115713499e+04 2.040148705745108910e-20 2.145609217008618426e-21
2.963793257462526162e+04 2.324975998937120365e-20 2.046487146236414284e-21
2.964859290737427727e+04 1.595298561755352765e-20 2.228770324689717203e-21
2.965925319936498636e+04 1.729556723596108939e-20 1.961659725893325128e-21
2.966991345056968930e+04 1.592280369903659352e-20 1.957816444351107198e-21
2.968057366096451005e+04 1.967441557740157807e-20 1.892107379487753254e-21
2.969123383052556892e+04 2.193065768720298332e-20 2.049396826314680802e-21
2.970189395922135009e+04 1.452385363096826196e-20 1.992419885218730295e-21
2.971255404702417218e+04 1.604908316240741821e-20 1.924146677582435909e-21
2.972321409390632107e+04 1.213741487067429272e-20 1.757745459323877081e-21
2.973387409983631005e+04 1.884403252311891292e-20 2.007637227269500650e-21
2.974453406479411569e+04 1.679188791321197282e-20 1.954331122227265821e-21
2.975519398874823310e+04 1.239399582383985070e-20 1.987489073340000847e-21
2.976585387166714281e+04 1.388835179470142910e-20 1.942970869040938552e-21
2.977651371353086870e+04 1.674027688591581232e-20 2.031457919852393670e-21
2.978717351430789859e+04 1.912616218976627836e-20 1.888381872325205650e-21
2.979783327396674213e+04 1.589837667668098413e-20 1.842640805002382593e-21
2.980849299248741590e+04 1.660353801714959777e-20 1.835901164297142670e-21
2.981915266983457332e+04 1.666251064250114512e-20 1.835857760401361471e-21
2.982981230598828915e+04 2.042368068553940503e-20 1.934661599347720556e-21
2.984047190091320954e+04 2.442015597868153834e-20 1.966231354542273465e-21
2.985113145458552754e+04 2.527049494809783885e-20 1.812380032834421791e-21
2.986179096698144349e+04 2.418397173988099213e-20 1.987463114291416316e-21
2.987245043806948888e+04 1.988748677078845903e-20 1.835931695833836670e-21
2.988310986782203690e+04 1.959083281446390569e-20 1.830221590392495851e-21
2.989376925620762631e+04 1.758266176691116537e-20 1.902090839209418102e-21
2.990442860320633190e+04 2.255337774757508611e-20 1.984893042816957406e-21
2.991508790878282525e+04 1.619593606380870778e-20 2.083677576555647548e-21
2.992574717291335037e+04 1.799277182946182216e-20 1.880189491804111020e-21
2.993640639557027316e+04 2.157033240949483592e-20 1.943230057194422002e-21
2.994706557672601775e+04 2.972344352111764647e-20 1.917096635022279546e-21
2.995772471635685361e+04 2.217110228927036546e-20 1.949047930741387103e-21
2.996838381442740865e+04 1.688619234671631152e-20 1.693101168627890860e-21
2.997904287091396691e+04 1.235555463646633552e-20 2.097031365176943400e-21
