2.879777472710702568e+04 9.340329950468758194e-21 3.652779422353050465e-21
2.881578428680277284e+04 3.127760235823836485e-21 2.769476410861039310e-21
2.883379386413029351e+04 7.762044375662635787e-21 3.041802023390771882e-21
2.885180345899060194e+04 3.989682995440023432e-21 3.196155442584877142e-21
2.886981307128472326e+04 2.615189539494565957e-21 3.292894482233193827e-21
2.888782270091331520e+04 -8.801602313992936645e-24 3.051433529948448676e-21
2.890583234777717007e+04 1.240143781227174095e-20 3.439336772333173719e-21
2.892384201177721479e+04 6.863377207168944925e-21 3.023717372688002060e-21
2.894185169281454728e+04 6.403993897094910938e-22 3.003863982738287106e-21
2.895986139079028362e+04 5.453274633495749675e-21 2.919877354653927837e-21
2.897787110560597648e+04 -3.507211042707909852e-22 3.178151278202864750e-21
2.899588083716270921e+04 -1.081065218787652101e-23 2.934068893124933961e-21
2.901389058536167067e+04 5.412157686570525115e-21 3.099361831139849491e-21
2.903190035010460633e+04 1.187698401991397023e-20 3.028384529183238361e-21
2.904991013131616273e+04 1.313629110838970601e-20 3.047268139291077652e-21
2.906825712071594171e+04 -1.734316340890245291e-22 3.015143765738802619e-21
2.908626696175107645e+04 1.959253428936711406e-21 2.751688524526473353e-21
2.910427681892838882e+04 -1.045815061279889879e-21 2.501336539102652775e-21
2.912228669214896945e+04 8.401298390576033226e-21 2.596532562269728887e-21
2.914029658131565884e+04 3.467789032434402154e-21 2.831622054092093812e-21
2.915830648632952216e+04 2.465452968120265802e-21 2.717350620073987282e-21
2.917631640709289422e+04 9.193872032056769846e-21 2.709779800849702855e-21
2.919432634350872468e+04 7.624355436977669430e-21 2.809889626598311700e-21
2.921233629547793316e+04 3.552659592420847332e-21 2.548767303931315851e-21
2.923034626290388405e+04 1.109913059245794490e-21 2.719756232148285940e-21
2.924835624568740241e+04 3.116483103489530454e-22 2.583686948638913600e-21
2.926636624373242739e+04 8.680995938181671005e-21 2.541825032944477810e-21
2.928437625694040253e+04 -9.576702420424074246e-22 2.489208107915613487e-21
2.930238628521489591e+04 5.843397020130918870e-21 2.514303812933356875e-21
2.932039632845774031e+04 1.119833588381473444e-20 2.582685695940557212e-21
2.933840638657149248e+04 4.920224511505877276e-21 2.757090791058821459e-21
2.935641645945961500e+04 3.352622447376272289e-21 2.549357516430291795e-21
2.937442654702406435e+04 2.496811634492195725e-22 2.502618958127441603e-21
2.939243664916907437e+04 -2.389122918516585636e-21 2.542562479045285871e-21
2.941044676579615771e+04 3.920510226079443424e-21 2.616381484114783968e-21
2.942845689680957003e+04 8.436037863002957575e-21 2.174204697277878745e-21
2.944646704211148972e+04 -7.636915310078829594e-21 2.394447052959984492e-21
2.946447720160567042e+04 4.809077889206483671e-21 2.355711005935388112e-21
2.948248737519554561e+04 1.626348020883175782e-21 2.415343134830558797e-21
2.950049756277313645e+04 6.125093871300056088e-21 2.483330933669854834e-21
2.951850769144009246e+04 3.953776295784968197e-21 2.196835267648237899e-21
2.953651782879442544e+04 -7.693064960816353368e-22 2.202902073250896808e-21
2.955452797985835787e+04 1.201438994664129902e-22 2.167435607178967359e-21
2.957253814453463929e+04 2.877931266637468817e-21 2.316162169723245671e-21
2.959054832272767817e+04 9.990794514325460624e-21 2.871440514762235926e-21
2.960855851434091164e+04 9.205919576980209177e-21 2.858496335317568190e-21
2.962656871927840621e+04 6.464103200799320957e-21 2.595897099980160786e-21
2.964457893744379908e+04 8.326370673243206479e-21 2.344914209768391250e-21
2.966258916874133502e+04 1.287528632189401856e-21 2.595615860914906032e-21
2.968059941307553163e+04 5.601990673229455719e-21 2.463700721709229572e-21
2.969860967034931309e+04 1.198584168970984553e-21 2.620186659561952651e-21
2.971661994046846667e+04 5.363506835810050292e-21 2.465284362935778126e-21
2.973463022333585832e+04 3.487124663047013617e-21 2.321416751345466994e-21
2.975264051885673689e+04 2.123837340963306945e-21 2.248431823243528040e-21
2.977065082693513978e+04 3.859949939472527453e-21 2.294126406971895193e-21
2.978866114747622851e+04 4.483115373469074117e-21 2.474903227605250048e-21
2.980667148038373853e+04 -3.186970311258891325e-22 2.417731766045490157e-21
2.982468182556286047e+04 3.043672044195058501e-21 2.447640005657264620e-21
2.984269218291840298e+04 4.145736390345602507e-22 2.295842574140535027e-21
2.986070255235477816e+04 5.232984103766014734e-21 2.366448831668447330e-21
2.987871293377746406e+04 5.284155700276911724e-21 2.340574983256167460e-21
2.989672332709034526e+04 6.615031938927923671e-21 2.506969652232579353e-21
2.991473373219968926e+04 3.799425345035470562e-21 2.477247124324208512e-21
2.993274414900938064e+04 6.942849656273514689e-21 2.169616235757159011e-21
2.995075457742586877e+04 5.406346843671539996e-21 2.456015264256256982e-21
2.996876501735345664e+04 2.732479571010546172e-21 2.287786877519891737e-21
2.998677546869782236e+04 1.654572014321825326e-21 2.070272587155074314e-21
3.000478593136453492e+04 4.471708563634723153e-21 2.058710939847009546e-21
3.002313495253399014e+04 4.114467535218832886e-21 2.189886277447822261e-21
3.004114546675806196e+04 -2.960720953586497028e-22 2.084025176980373152e-21
3.005915598964201126e+04 4.009610359351891460e-21 2.215940427360935311e-21
3.007716652343919486e+04 9.726420580576655023e-22 2.285936898538836706e-21
3.009517706807835930e+04 2.194392017223583509e-21 2.291355179045821969e-21
3.011318762346524454e+04 3.908763089466596592e-21 2.160369339058798423e-21
3.013119818950593981e+04 5.575525550236700737e-21 2.417170987798080211e-21
3.014920876610657069e+04 4.538625779459079618e-21 2.275332085959009410e-21
3.016721935317243697e+04 6.808729196012702380e-21 2.410078836268221139e-21
3.018522995061037000e+04 1.873761226166525383e-21 2.219299375898445619e-21
3.020324055832629165e+04 6.217374112354811163e-21 2.117902020495192465e-21
3.022125117622649486e+04 -4.839969848596722183e-22 2.041513810279708942e-21
3.023926180421714525e+04 5.747759829515945514e-21 2.572708782729111901e-21
3.025727244220496868e+04 2.539032639750010666e-21 2.296683755517009304e-21
3.027528309009603981e+04 3.888746051664496051e-21 2.053475610806509081e-21
3.029329374779694263e+04 2.173369264580709848e-21 1.971880065102537234e-21
3.031130441521483590e+04 1.745921125879797089e-21 1.855428476368456818e-21
3.032931509225573245e+04 6.491247279053947382e-21 2.388435228424705483e-21
3.034732577882656551e+04 6.343751919126344029e-21 2.162218880845868041e-21
3.036533647483421009e+04 1.579665071790237017e-21 2.296072451712773915e-21
3.038334718018579952e+04 1.400701826153510936e-21 2.367666447417419932e-21
3.040135789478785591e+04 9.900187969980017851e-21 2.234137497225405275e-21
3.041936861854775634e+04 2.611016389706918030e-21 2.276291616004842404e-21
3.043737935137245586e+04 7.906534188586522033e-22 2.120474026322075980e-21
3.045539009316926604e+04 1.052283890053232683e-21 2.496901326960006222e-21
3.047340084384502188e+04 -4.618385741103089485e-21 2.139945979061440046e-21
3.049141160330755520e+04 6.599412928466797783e-21 2.047101778264915208e-21
3.050942237146401385e+04 2.803299940873283277e-21 1.963923433011479211e-21
3.052743314822170578e+04 2.938457470368808392e-21 1.990125827973162459e-21
3.054544393348848826e+04 7.225821295156798267e-21 2.219476864712547962e-21
3.056345472717180382e+04 2.789638433270006861e-21 2.098842060770246982e-21
3.058146552917935333e+04 2.430092894596506384e-21 2.085579723449253242e-21
3.059947633941882304e+04 3.021507261047305124e-21 2.064750824047670847e-21
3.061748715779810300e+04 -5.591070519621328772e-21 1.952893689090748683e-21
3.063549798422490494e+04 3.358263456108530281e-21 2.024109275140336629e-21
3.065350881860734080e+04 -6.396499195236395469e-22 2.056011931935473267e-21
3.067151966085356617e+04 1.311743013871806535e-21 2.121530561047878763e-21
3.068953051087151835e+04 7.351917195693918181e-21 1.872305643817156876e-21
3.070754136856892364e+04 1.845630348759273193e-21 2.080735786150243890e-21
3.072555223385498175e+04 6.012899217672423241e-22 2.031137202994978051e-21
3.074356310665889032e+04 3.722675585287617151e-21 1.941582559310585037e-21
3.076191362881723035e+04 2.425512031758579239e-21 2.033525779954287930e-21
3.077992454278981677e+04 4.626978542681299831e-21 2.154921311706229192e-21
3.079793546397683531e+04 4.779850032651850550e-21 1.804963272446414415e-21
3.081594639228564120e+04 -2.938486896059482251e-21 1.782450209072845730e-21
3.083395732762589614e+04 -1.782101031822095812e-21 2.003452642653262219e-21
3.085196826990558475e+04 4.156550874914004683e-21 2.057892026912217105e-21
3.086997921903409224e+04 2.042271417184289553e-21 2.219278863103191559e-21
3.088799017491978520e+04 6.024376990722483900e-21 1.697015690490173168e-21
3.090600113747208161e+04 1.298007136182625574e-21 1.925925969962259662e-21
3.092401210659977369e+04 7.532851885569344322e-21 2.040189205727986198e-21
3.094202308221174826e+04 3.305396956887072230e-21 2.223428401910535111e-21
3.096003406421742693e+04 -3.928867155634040650e-21 2.087551754934614127e-21
3.097804505252597664e+04 9.928192342443951266e-22 2.155652866586415710e-21
3.099605604704654615e+04 1.895678735720724623e-21 1.987846958262286952e-21
3.101406704768851705e+04 4.530719843758782013e-21 2.100881821987192281e-21
3.103207805436166745e+04 3.696424992922008350e-21 1.993516908195491651e-21
3.105008906697478960e+04 2.407857137078313050e-21 1.861405557894187469e-21
3.106810008543837102e+04 4.228273079685418712e-21 1.852160371419146138e-21
3.108611110966098204e+04 9.248361398098653753e-21 2.094171857473037399e-21
3.110412213955352127e+04 -1.222318836942104348e-21 1.834049019357176805e-21
3.112213317502443897e+04 4.350627410817828501e-21 1.900772758770375048e-21
3.114014421598505214e+04 5.199655115809571981e-21 2.052314058340201915e-21
3.115815526234368008e+04 3.944714840464820114e-21 1.999048552128515440e-21
3.117616631401180348e+04 -1.676429348852589051e-21 1.860661497941318003e-21
3.119417737089812726e+04 -3.625171838011539234e-21 1.892827299542337210e-21
3.121218843291408848e+04 2.487538558344930887e-21 1.823069501094910216e-21
3.123019949996863215e+04 2.325876301201954652e-21 1.673570941986886609e-21
3.124821057197311893e+04 4.043125539200080260e-21 1.920641915383891440e-21
3.126622164883694495e+04 3.684192772850674586e-21 1.748742839488218489e-21
3.128423273047125986e+04 3.667020511069397951e-22 1.727505278989576717e-21
3.130224381678602731e+04 7.269402116514532853e-21 1.775781973163411325e-21
3.132025490769203680e+04 8.710871275881867707e-21 1.729600922610286117e-21
3.133826600309956848e+04 1.056839976741514481e-20 1.922428006633140271e-21
3.135627710291969197e+04 3.517922204166394361e-21 1.881597510937525242e-21
3.137428820706300030e+04 -2.061921586147719540e-21 1.859061045117524761e-21
3.139229931544019928e+04 1.780556032582389154e-21 1.948943469981895645e-21
3.141031042796239853e+04 5.050685710583146886e-21 1.815622502746129402e-21
3.142832154454025294e+04 4.558295271592474012e-21 1.831726024114713044e-21
3.144633266508501765e+04 -5.386026588289974655e-22 1.694907364105433099e-21
3.146434378950751488e+04 1.781029128799480308e-21 1.808079998256707127e-21
3.148235491771931265e+04 -5.138244669077060930e-22 1.796201538180618444e-21
3.150036604963111313e+04 1.816413028394860569e-21 1.579234402243494616e-21
3.151837718515474626e+04 2.456619239458041256e-21 1.871491506360212576e-21
3.153638832420097606e+04 4.581294360497549811e-21 1.864303607144006177e-21
3.155439946668190532e+04 4.061950630372538516e-22 1.688907283972881466e-21
3.157241061250826533e+04 -2.129699510644069887e-22 1.934003709838977090e-21
3.159042176159247538e+04 2.019082310797624485e-21 1.949891605179805236e-21
3.160843291384522672e+04 2.267854253924793917e-21 1.818333907284391309e-21
3.162644406917921879e+04 4.416302585483975607e-21 1.702368338302749612e-21
3.164445522750512464e+04 5.758712397951514880e-21 1.747096908335444293e-21
3.166246638873598204e+04 2.720309082786043956e-21 1.703459847135322580e-21
3.168047755278239129e+04 4.006192141217556284e-21 1.814154884655290859e-21
3.169848871955771756e+04 -1.491708083083379202e-23 1.773627612966364385e-21
3.171649988897249204e+04 3.546158337419025720e-21 1.822648972112448167e-21
3.173451106094046918e+04 2.593547185149555662e-21 1.881281987086670866e-21
3.175252223537209284e+04 5.586470499439589844e-21 1.755516770363963800e-21
3.177053341218129208e+04 2.728958751088156596e-21 1.689190097345073130e-21
3.178888565273869244e+04 5.001152489333396697e-22 1.794679183705282119e-21
3.180689686220202930e+04 -1.151402748705186544e-21 1.655075127314566537e-21
3.182490807164180296e+04 -1.228814832608943703e-22 1.801412915882994481e-21
3.184291928609126626e+04 8.236542748569672473e-21 1.736113443774505743e-21
3.186093081567240733e+04 8.365477110458080769e-21 1.813841686590283459e-21
3.187894263361209232e+04 6.638195509347870737e-21 1.722184012493916390e-21
3.189695445601450410e+04 4.057663518603834775e-22 1.633304243174423831e-21
3.191496628008664629e+04 7.991883690851941195e-21 1.707841747850941030e-21
3.193297810574103642e+04 3.555162601990502346e-21 1.601148390562581751e-21
3.195098993289089049e+04 2.980107402938380331e-21 1.735955321810143724e-21
3.196900176144891884e+04 -1.367805596332838052e-22 1.862032778538124241e-21
3.198701359132841390e+04 3.570273567987409568e-21 1.911727744268805480e-21
3.200502542244227880e+04 5.525224443121852571e-21 1.707902788052075665e-21
3.202303725470386416e+04 3.294829468500745466e-21 1.704040625395780176e-21
3.204104908802623322e+04 2.806771733997895759e-21 1.858104665853733508e-21
3.205906092232292576e+04 4.703082545234769795e-21 1.681545179259205264e-21
3.207707275750705958e+04 6.131645468972814663e-21 1.664574480349052022e-21
3.209508459349231998e+04 2.167635165124257522e-21 1.587942994937738531e-21
3.211309643019201394e+04 1.753510140908473010e-21 1.640272262750445054e-21
3.213110826751995774e+04 5.746330766883448592e-21 1.753874928178101778e-21
3.214912010538956383e+04 6.446227796678487412e-21 1.826029157778229182e-21
3.216713194371473946e+04 2.097860776880194114e-21 1.845054325265526456e-21
3.218514378240907899e+04 2.386331123173204250e-21 1.976880535827447788e-21
3.220315562138663881e+04 3.046496408046390388e-22 1.599631853618014430e-21
3.222116746056113698e+04 3.954543747538007460e-21 1.645170744938177531e-21
3.223917929984672446e+04 1.403921410941151070e-21 1.674673288274468184e-21
3.225719113915730122e+04 -3.057347910889959172e-21 1.855559885159936458e-21
3.227520297840714193e+04 4.264112709834484979e-21 1.730812876442351036e-21
3.229321481751023748e+04 5.146497787340624884e-21 1.833335063675427035e-21
3.231122665638104081e+04 3.632683926975835868e-21 1.714968096274794694e-21
3.232923849493365924e+04 2.620140823115512534e-21 1.782246158083537957e-21
3.234725033308268394e+04 3.043290457711962359e-21 1.700832934430939541e-21
3.236526217074234955e+04 4.791118778629740507e-21 1.764662897397815174e-21
3.238327400782738550e+04 3.273087285216239248e-21 1.698692420911395908e-21
3.240128584425219742e+04 1.913571457378828271e-23 1.761351262103136743e-21
3.241929767993155110e+04 5.105110807855533839e-21 1.682456236688176015e-21
3.243730951478004135e+04 6.504449556259754594e-21 1.597210082667096892e-21
3.245532134871263406e+04 2.037863410977293750e-21 1.802447931379414717e-21
3.247333318164390221e+04 6.503657488179144922e-21 1.731273604685092693e-21
3.249134501348905178e+04 4.580993581332065929e-21 1.871648341490881335e-21
3.250935684416277218e+04 3.893327930650366801e-21 1.812025538970961406e-21
3.252736867358037489e+04 2.686516047477594249e-21 1.625888285837522348e-21
3.254538050167729671e+04 1.453056568810803097e-21 1.711294190022047743e-21
3.256339233041349144e+04 2.664833631896258914e-21 1.681243725212883523e-21
3.258174636596841810e+04 7.248487086146318662e-21 1.637362952091917895e-21
3.259975821519154852e+04 1.103340821791414403e-20 1.888843592587368868e-21
3.261777006272785002e+04 1.008765452981169859e-20 1.845859348341654284e-21
3.263578190849118255e+04 1.016170906333474963e-20 1.845332275323852855e-21
3.265379375239868750e+04 1.961250675578357582e-21 1.756080007315173142e-21
3.267180559436431577e+04 -2.354349909569033253e-21 1.652179737268422036e-21
3.268981743430528877e+04 3.493502056564484096e-21 1.847342276359976698e-21
3.270782927213590301e+04 -2.153962076141093821e-22 1.771027430502411634e-21
3.272584110777309252e+04 6.639170137453243284e-21 1.697596385565994005e-21
3.274385294113162308e+04 5.107686080089477142e-21 1.790905773607016253e-21
3.276186477212854152e+04 5.124098378874059787e-21 1.812748671009639542e-21
3.277987660067871184e+04 3.223862767892242550e-21 1.450741667602551387e-21
3.279788842669904989e+04 5.117610290646165221e-21 1.710315027741884557e-21
3.281590025010490353e+04 3.910612551596813258e-21 1.627186443922505207e-21
3.283391207081320317e+04 1.483863074059867600e-21 1.611344508581466582e-21
3.285192388873939490e+04 1.966374167342095217e-21 1.631609768346155578e-21
3.286993570380040182e+04 1.702925627430016310e-22 1.655954383697388099e-21
3.288794751591219392e+04 2.080969010765533412e-21 1.609312536528563556e-21
3.290595932499148330e+04 6.576899939157239419e-23 1.673371742363541221e-21
3.292397113095450914e+04 -1.538344366887903673e-21 1.789698790494954563e-21
3.294198293371790351e+04 3.467067451527139800e-21 1.761642672712196905e-21
3.295999473319845129e+04 3.187392814975672241e-21 1.668439717326133304e-21
3.297800652931249351e+04 1.759026180193125131e-21 1.798194645491911627e-21
3.299601832197712065e+04 4.976952521590710980e-21 1.519745915544541370e-21
3.301403011110881926e+04 1.892690519099176187e-21 1.541702756285556967e-21
3.303204189662489080e+04 9.997904692281899247e-22 1.724272226370009127e-21
3.305005367844177817e+04 3.272994844343215097e-21 1.591981921814912475e-21
3.306806545647711027e+04 -1.946272684565262910e-22 1.454923184051435397e-21
3.308607723064706079e+04 2.272216364683691686e-21 1.521803081052819954e-21
3.310408900086997164e+04 1.145880650970258559e-21 1.593978689240679193e-21
3.312210076706166001e+04 6.081687126710380667e-21 1.491742534644911768e-21
3.314011252914080978e+04 1.713103092916224421e-21 1.480549522951803260e-21
3.315812428702325269e+04 3.697768599609667965e-21 1.590474156080412367e-21
3.317613604062785453e+04 2.056027355130184791e-21 1.475663706708761339e-21
3.319414778987087630e+04 5.554650474731415564e-21 1.643226877246592968e-21
3.321215953467079089e+04 6.200678619895643206e-21 1.697415998979002274e-21
3.323017127494420129e+04 3.067402677348097796e-21 1.652015575257697046e-21
3.324818301060991507e+04 5.066677310054306038e-21 1.639162909514295374e-21
3.326619474158455705e+04 5.420746742369007086e-21 1.687576169869620394e-21
3.328420646778689843e+04 1.618988083605258822e-21 1.556961478526562497e-21
3.330221818913373136e+04 3.763316762985214540e-21 1.443723346126525404e-21
3.332022990554375428e+04 2.145015725652473268e-21 1.541195081655234223e-21
3.333824161693469796e+04 1.080715183081630777e-21 1.501481490345775553e-21
3.335625332322449685e+04 2.964792701282848883e-21 1.452081751940227142e-21
3.337426502433144924e+04 4.852225473327533782e-22 1.437055661204633071e-21
3.339227672017341683e+04 3.011037128167392881e-21 1.552778814077670898e-21
3.341028841066911991e+04 3.964508135225045148e-21 1.578039350507694029e-21
3.342830009573626012e+04 3.363408790420801402e-21 1.633087775633308666e-21
3.344631177529393608e+04 6.170143766141791364e-21 1.515297619512730467e-21
3.346432344925952930e+04 8.146622874948787394e-21 1.617340799427310463e-21
3.348233511755265499e+04 7.965585062984375263e-21 1.581556537148195310e-21
3.350034678009067284e+04 3.739456061395017926e-21 1.679300149167354211e-21
3.351835843679348181e+04 5.040992395694264477e-22 1.630296325816744693e-21
3.353637008757838339e+04 -7.883428866776658808e-22 1.485359785902345163e-21
3.355438173236559669e+04 2.308436502322436828e-21 1.477579313809846100e-21
3.357239337107253959e+04 2.578517020131529100e-21 1.512178861690536061e-21
3.359040500361919112e+04 1.940885897893895435e-21 1.566908405243158057e-21
3.360841662992360943e+04 -1.105022102638845302e-22 1.520803812301122162e-21
3.362642824990530062e+04 3.058820371787531332e-21 1.501845043709592113e-21
3.364443986348320323e+04 1.052735255872662679e-21 1.654371838488934161e-21
3.366245147057619761e+04 5.814898786856792497e-21 1.553277373430312032e-21
3.368046307110440102e+04 3.294415142673888886e-21 1.587352218374932773e-21
3.369881837963298312e+04 4.485123392122747503e-21 1.590121539939795365e-21
3.371682999201445637e+04 -8.540203954810954653e-22 1.482253620407243496e-21
3.373484159756197914e+04 1.545134965573516822e-21 1.505133805296959861e-21
3.375285319621447707e+04 1.989187635755100125e-21 1.591240778613298658e-21
3.377086478789057583e+04 1.561645778568559219e-21 1.574074121579153535e-21
3.378887637251053093e+04 7.907699218549778863e-21 1.525376263628333910e-21
3.380688794999386300e+04 5.872697090206103308e-21 1.506527974314653808e-21
3.382489952025966340e+04 -6.956987574758935562e-22 1.488221733793837895e-21
3.384291108322827495e+04 4.927063947766752611e-21 1.663155532752401572e-21
3.386092263881921099e+04 5.119621954457792220e-21 1.584897915635205772e-21
3.387893418695274886e+04 1.032351609204575424e-21 1.586663683645877463e-21
3.389694572754839464e+04 -7.079456144352969899e-22 1.500860416420627363e-21
3.391495726052652753e+04 1.791608067640239844e-21 1.449454947188636781e-21
3.393296878580699558e+04 2.392480822154493765e-21 1.463831286812144171e-21
3.395098030330995971e+04 3.956192346775916220e-21 1.480991319685246627e-21
3.396899181295559538e+04 2.238607032038275952e-21 1.389039820916572026e-21
3.398700331466423086e+04 8.555849552172146645e-22 1.477500456426494907e-21
3.400501480835580151e+04 2.177012819189977700e-21 1.444959354420445920e-21
3.402302629395118129e+04 4.549953062143064193e-21 1.508663072507888805e-21
3.404103777137040743e+04 3.479465929479851169e-21 1.575295690450710382e-21
3.405904924053420109e+04 2.713482601509017221e-21 1.551119053738878923e-21
3.407706070136329072e+04 1.590240413990680024e-21 1.542268704601360215e-21
3.409507215377809189e+04 4.530442072137788601e-21 1.584272668687167535e-21
3.411308359769932576e+04 3.105000205525133447e-22 1.474576153437529369e-21
3.413109503304773534e+04 -5.243320373470798636e-22 1.378836833022238847e-21
3.414910645974421641e+04 2.923916936067874730e-22 1.324912448260469371e-21
3.416711787770939554e+04 4.813760286629437219e-21 1.458868310586005305e-21
3.418512928619026206e+04 3.767779056161987029e-21 1.611590879609207853e-21
3.420314061049676820e+04 3.184135596007844711e-21 1.543928683104840581e-21
3.422115126809759386e+04 -4.235327236558421022e-22 1.320987870905425937e-21
3.423916191031209019e+04 4.573352753451314296e-21 1.562480748468768189e-21
3.425717254340190993e+04 4.482083042237340838e-21 1.588180284074024363e-21
3.427518316728823993e+04 6.269284591761588660e-21 1.513475303635393047e-21
3.429319378189243434e+04 -9.423344997380213870e-22 1.425123525200503826e-21
3.431120438713594922e+04 3.481804290848706919e-21 1.352402752507003972e-21
3.432921498293995683e+04 1.279599526584749120e-21 1.510509031436221733e-21
3.434722556922604417e+04 3.349852270363662316e-21 1.439968709680189179e-21
3.436523614591587830e+04 2.604669407199722451e-21 1.551495094867674205e-21
3.438324671293106803e+04 -3.883136664771552242e-22 1.426051292731843535e-21
3.440125727019341866e+04 1.643910830631983714e-21 1.504449124009424548e-21
3.441926781762461906e+04 4.071341892065509894e-21 1.426694178326231644e-21
3.443727835514648905e+04 1.320290602518758604e-21 1.410784544654655026e-21
3.445528888268074661e+04 5.614780490450730892e-21 1.487028149541688672e-21
3.447329940014941531e+04 3.615960575799491154e-21 1.514718396618364547e-21
3.449130990747421311e+04 2.905322849629424544e-21 1.472236696330293998e-21
3.450932040457782568e+04 1.825902963244859872e-21 1.567132403375726488e-21
3.452733089140024822e+04 4.140993137840797399e-21 1.531977302017631632e-21
3.454568624526947679e+04 -2.379839257063702523e-21 1.515220199441817064e-21
3.456369673610953760e+04 2.500968421024550938e-21 1.404747727524463334e-21
3.458170721640976990e+04 3.458014399798776138e-21 1.463620504495495360e-21
3.459971768609295395e+04 2.644814310926548960e-21 1.408563556093940345e-21
3.461772814508071315e+04 3.361131065968497658e-21 1.632141325455969363e-21
3.463573859329635161e+04 -9.636933278776934429e-22 1.546629931463204977e-21
3.465374903066162369e+04 -9.311847977169889291e-22 1.409420327442889783e-21
3.467175945709942607e+04 -3.716886764253308238e-21 1.196543309249229222e-21
3.468976987253269181e+04 2.211615052710222873e-22 1.202355360504371143e-21
3.470778027688405564e+04 3.620586396887715465e-21 1.398260765356865419e-21
3.472579067007602134e+04 6.359808299596123287e-22 1.211078926670793920e-21
3.474380105203170388e+04 9.655081271725226834e-22 1.323927530764804774e-21
3.476181142267405812e+04 3.724661938544836112e-21 1.306570717657299194e-21
3.477982178192555148e+04 2.015947192406964051e-21 1.247166751256639024e-21
3.479783212971036119e+04 1.366256973240157694e-21 1.382702058471100518e-21
3.481584246595065633e+04 1.126843218626683845e-21 1.437846645009089728e-21
3.483385279056927538e+04 -1.074087077602072137e-21 1.466922350438626868e-21
3.485186310349014821e+04 3.689208630835131175e-21 1.464409563589307483e-21
3.486987340463601868e+04 6.132822471163842021e-22 1.465664342870739262e-21
3.488788369393099129e+04 2.858314491019775796e-21 1.462656412022636317e-21
3.490589397129765712e+04 1.579282182454536400e-21 1.430360356293096432e-21
3.492390423665993876e+04 2.896406308952189736e-21 1.518285702725522985e-21
3.494191448994064558e+04 3.006017454322514239e-21 1.410401281326273637e-21
3.495992473106449324e+04 1.077561959001808425e-21 1.302667554156659603e-21
3.497793495995459671e+04 -8.703160518296871384e-22 1.365301674035929626e-21
3.499594517653453659e+04 -1.060461319403875727e-21 1.434923681549029048e-21
3.501395538072786439e+04 1.176504334563344284e-21 1.391395646591002600e-21
3.503196557245841541e+04 4.321865295951453632e-21 1.226748107624861368e-21
3.504997575165080343e+04 4.962137587007829642e-21 1.429738501905786152e-21
3.506798591822745948e+04 3.181123000915092872e-21 1.367406323996484382e-21
3.508599607211416151e+04 2.763765519323912580e-21 1.520412158938417380e-21
3.510400621323379892e+04 1.672380364399490101e-21 1.568158627801461669e-21
3.512201634151070903e+04 3.586499870300271793e-21 1.399567177112160136e-21
3.514002645686936739e+04 2.705307174098581529e-21 1.428802130220188658e-21
3.515803655923366023e+04 7.348351337332455442e-21 1.498531270932150183e-21
3.517604664852860878e+04 1.751592239747992178e-21 1.554148219659840706e-21
3.519405672467740806e+04 1.043589489249697938e-21 1.448360201177410380e-21
3.521206678760574869e+04 3.468432824753051505e-21 1.364749687646957855e-21
3.523007683723601804e+04 -6.940559647480138135e-22 1.320229334075533099e-21
3.524808687349485263e+04 3.521630892265524406e-21 1.340440055211915751e-21
3.526609689630552020e+04 2.904987521032930234e-21 1.361428937092653971e-21
3.528410690559379873e+04 -4.412911411876867886e-22 1.303340383140777663e-21
3.530211690128347254e+04 4.810101396675730798e-22 1.278143001080387282e-21
3.532012688329980301e+04 1.040381735460904028e-21 1.426960917855321333e-21
3.533813685156788415e+04 1.036650196436059907e-21 1.410237158937587844e-21
3.535614680601096188e+04 5.264184178919139850e-22 1.390219565432799470e-21
3.537415674655643670e+04 9.469186022378354729e-22 1.418263840274270969e-21
3.539216667312778736e+04 2.234460969910648111e-21 1.389717544606683250e-21
3.541017658564983867e+04 4.859816972981504026e-22 1.375217017189713631e-21
3.542818648404838314e+04 -1.871668449068850845e-21 1.378013824844210850e-21
3.544619636824810732e+04 1.105634845556470476e-21 1.303219267198761873e-21
3.546420623817506566e+04 4.550560458726317952e-21 1.426715792674049969e-21
3.548221609375325352e+04 3.103127172411148117e-21 1.338918287042936742e-21
3.550022593490938743e+04 1.395324021407550574e-21 1.434947631555096443e-21
3.551823576156787021e+04 -1.263998620003144603e-22 1.295801712746076468e-21
3.553624557365458168e+04 1.509573288399500617e-21 1.307731527028313165e-21
3.555425537109527795e+04 3.362573826020333276e-21 1.458176979165428647e-21
3.557226515381537320e+04 4.236184467136946338e-21 1.449394189293618319e-21
3.559027492174058716e+04 4.441257588903686476e-21 1.445428658234594550e-21
3.560828467479610845e+04 3.872247352169029862e-22 1.406964214175178582e-21
3.562629441290820978e+04 2.019879284365744711e-21 1.347541410931121043e-21
3.564430413600223255e+04 6.181765156276662986e-21 1.454937902333735189e-21
3.566231384400442039e+04 3.354033381792792786e-21 1.395981848024301647e-21
3.568032353684084956e+04 -1.225889196988311897e-21 1.302410957857462757e-21
3.569833321443691239e+04 -2.544924724351591157e-21 1.398512298353649818e-21
3.571634287671961647e+04 6.400237492462003106e-21 1.399009874231152830e-21
3.573435252361367020e+04 1.679239091310901287e-23 1.403819955569191826e-21
3.575236215504669235e+04 3.309526350829212136e-21 1.345230375940459203e-21
3.577037177094437357e+04 1.556030028089614966e-21 1.458182409618621131e-21
3.578872786938610079e+04 1.406982084968006319e-21 1.318984237869652742e-21
3.580673748010523559e+04 1.278778603243707357e-21 1.318734518355703977e-21
3.582474707334388222e+04 1.655993463176519387e-21 1.477576666127467185e-21
3.584275665072866104e+04 1.902065609768332867e-21 1.333824242739229383e-21
3.586076621220335073e+04 2.166605612698401950e-21 1.411030398720676089e-21
3.587877575769407849e+04 8.747619453232558227e-22 1.395355674675152461e-21
3.589678528712815751e+04 3.176297324114574726e-21 1.381341183551957073e-21
3.591479480043154763e+04 3.094714063245478297e-21 1.332679101524186428e-21
3.593280429753146018e+04 4.572231120263610773e-21 1.327931185237862248e-21
3.595081377835464809e+04 3.523830053345997921e-21 1.309625472836999968e-21
3.596882324282770423e+04 1.399508053724330727e-21 1.240877724943173407e-21
3.598683269087813096e+04 2.986889762179741550e-22 1.343776549554868092e-21
3.600484212243234651e+04 1.649981334450900359e-21 1.428755323199355479e-21
3.602285153741807153e+04 1.811174779325343781e-21 1.377980928606831401e-21
3.604086093576143321e+04 8.509587589640776509e-22 1.365603098872160341e-21
3.605887031739031227e+04 2.347626245804932732e-21 1.439425013125827755e-21
3.607687968223119242e+04 2.279310696875086395e-21 1.509808760453782339e-21
3.609488903021203441e+04 4.475432526011859216e-21 1.477610953937074737e-21
3.611289836125997681e+04 1.831326676248286979e-21 1.394993119017284547e-21
3.613090767530199810e+04 4.298884581132267122e-21 1.298725646885909422e-21
3.614891697226608085e+04 2.769490856636165090e-21 1.376747160719839150e-21
3.616692625207908713e+04 1.776276160004346092e-21 1.380998643769942751e-21
3.618493551466919598e+04 1.808399588129562723e-21 1.379876820377513213e-21
3.620294475996374240e+04 3.037026133209936631e-21 1.358036487778961204e-21
3.622095398789081810e+04 4.418260657755082550e-22 1.389746728248076045e-21
3.623896319837737974e+04 1.999019544045285346e-21 1.274040446659182182e-21
3.625697239135183918e+04 9.812967911597675706e-22 1.473528374741007610e-21
3.627498156674137135e+04 2.863176935678034660e-21 1.459742054563649587e-21
3.629299072447459184e+04 1.663452254162511580e-21 1.332284566112909920e-21
3.631099986447888659e+04 1.904374202594198267e-21 1.318650525714722117e-21
3.632900898668271839e+04 3.565155630405478148e-21 1.598414613810946705e-21
3.634701809101370600e+04 9.006800112200655334e-22 1.470507412918279223e-21
3.636502717740060325e+04 3.444827296582916444e-21 1.371457378018754476e-21
3.638303624577047594e+04 -3.070587272221920767e-22 1.230553438833483058e-21
3.640104529605228890e+04 3.029574840682794692e-21 1.381967794754846622e-21
3.641905432817416295e+04 2.943312496588308992e-21 1.392388102598608546e-21
3.643706334206445172e+04 2.775527053972643542e-21 1.425276284748129136e-21
3.645507233765198907e+04 4.602306856154691729e-21 1.539671553971930796e-21
3.647308131486442289e+04 1.649839021399514998e-21 1.454868376988433213e-21
3.649109027363077621e+04 3.905478352958821823e-21 1.348205429089624432e-21
3.650909921387943177e+04 2.321149004177738375e-21 1.429863975642250199e-21
3.652710813553935441e+04 2.556759479286768559e-21 1.607272555428052814e-21
3.654511704204509442e+04 2.693371990255569417e-21 1.535566129921121636e-21
3.656312628563464386e+04 1.125134274193806947e-21 1.569632230991385152e-21
3.658113569674373139e+04 4.769414118478594151e-21 1.468808403361687375e-21
3.659914509076473769e+04 3.543678721418581259e-21 1.357318097416368349e-21
3.661715446583855373e+04 3.291361702470668289e-21 1.446713574276632318e-21
3.663516382189477008e+04 -4.308802369499660310e-22 1.569185913743880386e-21
3.665317315886251890e+04 9.074078595615146278e-22 1.415961122418764126e-21
3.667118247666938259e+04 1.080853988887794451e-21 1.393715057993193206e-21
3.668919177524626866e+04 3.888936767305617726e-21 1.371106981230253217e-21
3.670720105453743599e+04 8.341639986516027951e-22 1.454535737966940586e-21
3.672555808374224580e+04 2.781580417602691913e-21 1.441604542039500878e-21
3.674356734823653824e+04 3.858668969707327355e-21 1.265719253456869803e-21
3.676157659320979292e+04 2.982200012346829089e-21 1.333638610111158836e-21
3.677958581859271362e+04 1.514005025948932804e-21 1.195753255837932671e-21
3.679759502431388682e+04 -3.161225445133230112e-21 1.230221624326774934e-21
3.681560421030320140e+04 9.278585311833002066e-22 1.254759278871072660e-21
3.683361337649066263e+04 1.261363974327573424e-21 1.385934251311182103e-21
3.685162252280460962e+04 -2.954512596150390319e-22 1.342109457785634799e-21
3.686963164917597896e+04 1.206486323798862462e-21 1.497406739648002924e-21
3.688764075553353905e+04 4.016758908435284310e-22 1.399202123775720879e-21
3.690564984180789179e+04 1.946031659516714709e-21 1.325175118583922666e-21
3.692365890792883874e+04 2.861549277619875551e-21 1.272849170412583533e-21
3.694166795382484270e+04 5.785942028451612067e-21 1.383835192090987778e-21
3.695967697942809173e+04 3.060093352717842551e-21 1.420407097847827019e-21
3.697768598466699768e+04 3.172795238890119942e-21 1.442313547351779145e-21
3.699569496947187145e+04 6.949385173191988987e-21 1.359725240186088863e-21
3.701370393377312575e+04 2.251334876033836859e-21 1.317659652315000162e-21
3.703171287750064948e+04 5.546953317400325514e-22 1.540774265383332581e-21
3.704972180058502272e+04 3.238973128782967424e-21 1.568768511787221608e-21
3.706773070295629441e+04 4.424117457439495911e-21 1.404807240881537218e-21
3.708573958454416425e+04 1.316596300616555940e-21 1.363023202078415602e-21
3.710374844528084941e+04 4.384921637436399619e-21 1.327956997739846334e-21
3.712175728509460896e+04 2.606487179720342363e-21 1.374543959324585154e-21
3.713976610391704162e+04 5.395858154405769408e-21 1.434208656838666425e-21
3.715777490167880751e+04 6.696563814049226196e-21 1.437900004977388181e-21
3.717578367830988282e+04 1.258593213521705476e-21 1.314976297970491120e-21
3.719379243374175712e+04 6.319602062025648227e-21 1.280372935885032996e-21
3.721180116790418833e+04 2.948103166612244749e-21 1.450507559263661606e-21
3.722980988072822947e+04 5.858312701344387027e-21 1.372963709024787160e-21
3.724781857214546471e+04 1.210204598836868427e-21 1.467339422887662132e-21
3.726582724208568106e+04 1.170116282322595949e-21 1.377624398471970185e-21
3.728383589048057911e+04 5.777809820505444110e-21 1.355834418350194350e-21
3.730184451726068801e+04 3.208261520103920628e-21 1.320835230478118776e-21
3.731985312235725723e+04 1.871263215494892056e-21 1.389826981480485025e-21
3.733786170570169634e+04 2.697971967475895268e-21 1.347319440505587294e-21
3.735587026722369774e+04 8.970160130089295878e-22 1.323747547811451479e-21
3.737387880685638811e+04 1.290752651546874775e-21 1.306601536857239238e-21
3.739188732452996192e+04 1.716170722128467404e-21 1.197156461780448839e-21
3.740989582017540670e+04 8.190451342101924911e-21 1.396111732057638834e-21
3.742790429372576182e+04 1.950825135758014475e-21 1.322190997129883688e-21
3.744591274510984658e+04 -1.190225960767497228e-21 1.275790559603470802e-21
3.746392117426126060e+04 1.096810504313318180e-21 1.395283113801154095e-21
3.748192958111062762e+04 2.110213109537644620e-21 1.340220026919729469e-21
3.749993796558949543e+04 6.413247671141354577e-21 1.431693051006015638e-21
3.751794632763011759e+04 8.246518157221480467e-22 1.246592198610667989e-21
3.753595466716287774e+04 2.475258591359940656e-21 1.212711404191515369e-21
3.755396298412122997e+04 1.473214634702892297e-21 1.330002646299858296e-21
3.757197127843557973e+04 1.931751500357968375e-21 1.337561948920824636e-21
3.758997955003797688e+04 4.410387867245434112e-21 1.334840598638378194e-21
3.760798779886106786e+04 1.603787505045410762e-21 1.290005071821681384e-21
3.762599602483590570e+04 4.057110605461691685e-21 1.399598399130268657e-21
3.764400422789472941e+04 5.044406674993408585e-21 1.392459370054645921e-21
3.766201240797056380e+04 2.536011151052631940e-21 1.399322304793740416e-21
3.768002056499345053e+04 3.252885304027247931e-21 1.379669392529430096e-21
3.769802869889745489e+04 1.831190998050028652e-22 1.246832563261041670e-21
3.771603680961383361e+04 1.724242591848189009e-21 1.265549482162659479e-21
3.773404489707544417e+04 1.883255707176100517e-21 1.298945253515891570e-21
3.775205296121391439e+04 4.608720585973498142e-21 1.401842253483220735e-21
3.777006100196197076e+04 -8.333026230400500587e-22 1.252983566684216623e-21
3.778806901925166312e+04 2.979023815867480974e-21 1.520429538562798605e-21
3.780607701301680936e+04 2.383386786651039034e-21 1.446367488658115947e-21
3.782408498318778584e+04 3.908972187299058265e-21 1.401384919945677741e-21
3.784209292969873059e+04 4.755593605735575178e-21 1.461133770948099021e-21
3.786010085248185351e+04 1.816809560092317600e-21 1.322559122103731047e-21
3.787810875146948820e+04 1.976062358683602123e-21 1.299244955334284290e-21
3.789611662659535796e+04 -4.516938506320017748e-22 1.194428153416132071e-21
3.791412447779114154e+04 8.721196114540319879e-22 1.335398616938205871e-21
3.793213230498983467e+04 6.660719111241774474e-22 1.298051872721046423e-21
3.795014010812537890e+04 -8.393632876155163903e-22 1.425100984743724395e-21
3.796814788712882728e+04 -1.067031834954196873e-21 1.313847588130981377e-21
3.798615564193557657e+04 -1.046905333515512264e-22 1.232018414182856524e-21
3.800416337247613410e+04 1.354868355948865320e-21 1.360593961446215969e-21
3.802217107868576568e+04 4.776572630020084948e-21 1.423863899005277402e-21
3.804017876049632468e+04 2.266416587928966351e-21 1.324102926406275656e-21
3.805818641784135252e+04 3.316955999735727588e-22 1.497050500235193135e-21
3.807619405065427418e+04 4.544947113104507417e-22 1.399417371581022368e-21
3.809420165886821633e+04 3.076954950338427998e-21 1.531888652345467665e-21
3.811220924241588364e+04 4.091369786979539889e-21 1.473585048550530607e-21
3.813056634587406006e+04 2.871594745529597203e-21 1.437029735377835840e-21
3.814857390492140985e+04 6.792040314669052503e-21 1.487974306540519107e-21
3.816658143760854728e+04 2.250304773032635432e-21 1.337874668509993041e-21
3.818458894534184947e+04 2.917889902675409270e-21 1.275313413245285666e-21
3.820259642807257478e+04 7.023813189488484847e-22 1.377013001322931728e-21
3.822060388573195814e+04 2.222932997837657343e-21 1.268259736515342729e-21
3.823861131825461052e+04 -1.998597944466162669e-22 1.309690611225785461e-21
3.825661872557405877e+04 2.239537406522213702e-21 1.308912660234380579e-21
3.827462610762428812e+04 3.019005946721830300e-21 1.307509183182999233e-21
3.829263346433928382e+04 -1.356782255181894564e-21 1.256841395885319312e-21
3.831064079565287830e+04 3.962101134908745982e-21 1.354179123909960654e-21
3.832864810149886034e+04 -2.032689634047307393e-21 1.414659345033256259e-21
3.834665538181154261e+04 7.138726381189375342e-22 1.330870128532375976e-21
3.836466263652493217e+04 3.344861094410539732e-21 1.236689010915440745e-21
3.838266986557309428e+04 2.220147688526608890e-21 1.391713893899535966e-21
3.840067706889021792e+04 2.793056710662471004e-21 1.384253470737345724e-21
3.841868424641057936e+04 5.207100676747058000e-21 1.413284442222817169e-21
3.843669139806855674e+04 4.365018715679828519e-21 1.384918223290794221e-21
3.845469852379830263e+04 4.314370231290589335e-21 1.382915502776964475e-21
3.847270562353422429e+04 -2.141876746951038255e-21 1.264114174357093246e-21
3.849071269721091812e+04 1.187723758248599421e-21 1.374323925132542131e-21
3.850871974476239848e+04 2.516385794666513435e-21 1.299911762637076323e-21
3.852672676612428768e+04 3.954088398538688619e-22 1.337010116513820518e-21
3.854473376122974150e+04 1.927342145549016260e-21 1.289450319611570269e-21
3.856274073001497163e+04 2.311322699821166590e-21 1.277077215315964529e-21
3.858074767241303925e+04 8.314864803438006611e-22 1.330205202006735739e-21
3.859875458836021426e+04 4.565507983555902549e-21 1.402440041782683640e-21
3.861676147779019811e+04 3.576802723288681953e-22 1.392990806783584298e-21
3.863476834063829301e+04 4.262118707740368028e-22 1.368660468152522377e-21
3.865277517683876795e+04 1.468311729652376767e-21 1.340767562112353990e-21
3.867078198632748536e+04 2.765155424253487541e-21 1.291710504134775556e-21
3.868878876903917262e+04 1.294066783332226945e-21 1.147590134713555132e-21
3.870679552490876813e+04 -7.730166352604883431e-22 1.288547552556541343e-21
3.872480225387121754e+04 1.107696317239115046e-21 1.343693442331412030e-21
3.874280895586191764e+04 2.669104894492871181e-21 1.510979591716583493e-21
3.876081563081595232e+04 1.013312156405979814e-21 1.358398551762061831e-21
3.877882227866856556e+04 5.558921297666508624e-21 1.453636691852946557e-21
3.879682889935503044e+04 -3.572017039406656871e-22 1.365687019130234374e-21
3.881483549281073647e+04 3.284583745088109646e-21 1.287209854813216828e-21
3.883284205897116044e+04 5.952674169636279409e-21 1.486499755595130613e-21
3.885084859777108068e+04 -3.445490289282131849e-22 1.376324436955803134e-21
3.886885510914745828e+04 3.033400813618794609e-21 1.320576414243950009e-21
3.888686159321136802e+04 1.091319022513498053e-21 1.439568592576467299e-21
3.890486806809529662e+04 2.185754166343545044e-21 1.282090273644369034e-21
3.892287458334385155e+04 -2.037847667143207076e-21 1.281780733832889937e-21
3.894088107157842751e+04 3.345739367953167856e-21 1.356817348430091014e-21
3.895888753206726687e+04 9.781309253055887609e-22 1.367688009658941521e-21
3.897689396474429668e+04 7.903706877813378823e-22 1.343903836707058330e-21
3.899490036954732932e+04 -2.272432833928918896e-23 1.383082042202557923e-21
3.901290674641039368e+04 -2.019239643903482677e-21 1.411178112729383871e-21
3.903091309527072008e+04 2.347057978866325290e-21 1.384078824862477645e-21
3.904891941606347245e+04 2.096482950200751493e-21 1.360357717413071325e-21
3.906692570872557553e+04 2.042295815296147970e-21 1.357914401081824892e-21
3.908493197319269530e+04 7.135109108285772238e-23 1.318838584357655785e-21
3.910293820940086152e+04 3.455393141992303642e-21 1.432020750950008153e-21
3.912094441728632955e+04 1.060885806376066351e-21 1.338840043710806699e-21
3.913895059678548569e+04 7.045089822548399360e-22 1.297956779139766291e-21
3.915695674784841685e+04 1.315095945041701118e-21 1.399637870135098809e-21
3.917496287180868967e+04 2.788082416781915849e-21 1.452753619908656734e-21
3.919331988977502624e+04 -2.969583496791239171e-21 1.412499937407381627e-21
3.921132597825988341e+04 -4.868154336961494999e-21 1.329070146276664144e-21
3.922933203803375363e+04 -2.159408048378281671e-21 1.464037553620313598e-21
3.924733806903479126e+04 1.612987033705521019e-21 1.344286002761828928e-21
3.926534407119797834e+04 9.838281538388550986e-22 1.435372729602848089e-21
3.928335004446067614e+04 1.867290848065163493e-22 1.410028450221668735e-21
3.930135598875879805e+04 -1.313008385901140403e-21 1.349214378902743632e-21
3.931936190403036017e+04 1.212213850745617088e-21 1.445345932292644262e-21
3.933736779021075927e+04 2.247838623363715180e-21 1.458984368762538560e-21
3.935537364723696373e+04 1.396297754466113226e-21 1.285361079542380302e-21
3.937337947504787007e+04 3.478082463309883018e-21 1.341066358791452273e-21
3.939138527357744897e+04 4.669826609731820289e-21 1.388384152667302565e-21
3.940939104276544822e+04 1.714417909340476364e-21 1.356821735333118366e-21
3.942739678254666069e+04 4.606435807645031142e-21 1.275140995120934722e-21
3.944540249285913887e+04 4.164852893117882200e-21 1.332944377353655421e-21
3.946340817364025133e+04 -1.831010914103934325e-22 1.301577383180554365e-21
3.948141382482587505e+04 2.594175732045807379e-21 1.268231699426428766e-21
3.949941944635572872e+04 7.566095244061615439e-22 1.475456172881186594e-21
3.951742503816403041e+04 2.620022424396606477e-21 1.441245516451598108e-21
3.953543060019033874e+04 -3.378346502767092041e-21 1.303296460646396987e-21
3.955343613237108366e+04 4.485971758243714662e-21 1.349242439648477267e-21
3.957144163464421581e+04 5.453259049460499373e-21 1.435933129646331511e-21
3.958944710694607784e+04 3.737942103949699698e-21 1.403197095031170200e-21
3.960745254921484593e+04 5.405625545932248031e-22 1.446680589268880801e-21
3.962545796138895821e+04 3.660851907638624651e-21 1.350375218455264183e-21
3.964346334340438625e+04 3.403468073115069237e-21 1.534910380839409328e-21
3.966146869520002656e+04 3.884084613961810186e-22 1.363064178309633624e-21
3.967947401671349508e+04 1.973622514266690841e-22 1.488201252071126605e-21
3.969747930788175290e+04 5.422769061950890139e-22 1.368098948033958554e-21
3.971548456864259788e+04 2.340388830571157327e-21 1.380189441463476813e-21
3.973348979893463547e+04 2.558110751504230669e-21 1.414153631659582499e-21
3.975149499869537976e+04 2.045469684979564305e-21 1.437110620847048375e-21
3.976950016786286869e+04 8.441525852623530166e-23 1.494081404605446969e-21
3.978750530637533666e+04 -1.396210344879395268e-21 1.420579062684725652e-21
3.980551041416900989e+04 7.960229469401089869e-22 1.470138569353905235e-21
3.982351549118448747e+04 1.723715884649046262e-21 1.415174867466107486e-21
3.984152053735915979e+04 2.040236495671313325e-21 1.252673334447619963e-21
3.985952555262983515e+04 8.690218581134408395e-22 1.394724104220742930e-21
3.987753053693638503e+04 1.773506172381688256e-21 1.481300460922981656e-21
3.989553549021628714e+04 1.531890702210536818e-21 1.354483781889324735e-21
3.991354041240745573e+04 1.539950732917834932e-21 1.331791359711239811e-21
3.993154530344891828e+04 1.809215290161443825e-21 1.357306109522452648e-21
3.994955016327983321e+04 1.769795421761047082e-21 1.230047887831218066e-21
3.996755499183714710e+04 6.447655154553142801e-21 1.456759992745894739e-21
3.998555978906015662e+04 6.191405352612880128e-21 1.260048356778907816e-21
4.000356455488709616e+04 1.471894248627894977e-21 1.484449818184985094e-21
4.002156928925612010e+04 1.470627544685172386e-21 1.449866514163493645e-21
4.003957399210756557e+04 2.067181824348441573e-21 1.307581583899257034e-21
4.005757866337837186e+04 5.414154846207940364e-21 1.465959378811098516e-21
4.007558330300727539e+04 5.139727637291589089e-21 1.488836061881952345e-21
4.009358791093387117e+04 1.906871592623352564e-21 1.457088924014576992e-21
4.011159248709707026e+04 -3.027609135020920570e-21 1.502793053329484780e-21
4.012959703143490333e+04 2.665743686180373419e-21 1.623799427475464286e-21
4.014760154388748197e+04 -1.913542233273028776e-23 1.504133620594793932e-21
4.016560602439341892e+04 4.165100026153146889e-22 1.496278741025071900e-21
4.018361047289041744e+04 1.708066994316416052e-21 1.353056365561833380e-21
4.020161488931916392e+04 3.125425025131938549e-21 1.515315018551434015e-21
4.021961927361744893e+04 7.741418649075846746e-22 1.443707906834919993e-21
4.023762362572613347e+04 2.501656019963590581e-21 1.448358787340079832e-21
4.025562794558245514e+04 -1.374852013768726114e-22 1.275683069081818135e-21
4.027363223312691116e+04 3.582693105723800463e-21 1.430507808805189372e-21
4.029163648829854355e+04 7.066671894374476413e-21 1.437103182635465145e-21
4.030964071103560127e+04 -8.391638085448847842e-23 1.427515138426402131e-21
4.032764490127979661e+04 1.100406276980231970e-21 1.388395875691518436e-21
4.034564905896834534e+04 4.560762856333874341e-21 1.412282183900130163e-21
4.036365318404155551e+04 1.686726653651865402e-21 1.551178648371514517e-21
4.038165727643979335e+04 -9.719471461759177043e-22 1.495261300109891924e-21
4.039966133610103134e+04 2.803441427508497385e-21 1.504090374057264225e-21
4.041766536296601407e+04 4.477709296426005457e-21 1.615853235965988022e-21
4.043566935697385634e+04 4.854247943174048737e-21 1.278653211727818972e-21
4.045367331806424772e+04 4.188398574878159617e-21 1.471371727038050742e-21
4.047167724617689964e+04 1.353993165327131312e-21 1.490663796933857141e-21
4.048968114125262218e+04 4.654497095233330795e-21 1.554994486952297183e-21
4.050768500322940235e+04 1.965026458673063865e-21 1.566507056165210579e-21
4.052568883204880694e+04 2.833028305120312046e-21 1.529542884239344893e-21
4.054369262764995074e+04 1.782717697482283754e-21 1.545505854686445588e-21
4.056169638997298898e+04 1.838969216758554932e-21 1.409579587618668916e-21
4.057970011895801144e+04 3.617066723419046644e-21 1.417524631937607074e-21
4.059770381454478047e+04 3.800527931970980871e-21 1.476485875251834468e-21
4.061570747667378600e+04 3.080543034793594514e-21 1.502352451865789935e-21
4.063371110528444115e+04 4.250312250109808626e-21 1.593458731497466090e-21
4.065171470031832723e+04 2.232380376314601099e-21 1.520765646944017610e-21
4.066971826171413704e+04 2.977614484184544374e-21 1.463105937357601640e-21
4.068772178941373568e+04 2.839893844288343659e-21 1.419151421099879501e-21
4.070572528335540119e+04 6.398068628883785567e-21 1.407373373526818889e-21
4.072372874348203914e+04 6.836048983406841461e-22 1.530666342629425241e-21
4.074173216973165108e+04 4.121788818877702415e-21 1.601890383028661544e-21
4.075973556204548368e+04 3.943985554489337727e-22 1.349961850809651369e-21
4.077773892036519828e+04 2.776673966078900956e-21 1.541911089462892528e-21
4.079574224463053542e+04 2.944456623930644614e-21 1.521965583058462672e-21
4.081374553478167218e+04 3.839329361841846735e-21 1.555984579928682404e-21
4.083210171938350686e+04 1.334896129660113605e-21 1.388225537592092311e-21
4.085010496506898926e+04 7.494820507759506050e-22 1.410598055629068884e-21
4.086810817516706447e+04 1.285675477525725871e-21 1.566749059245157032e-21
4.088611135089626623e+04 1.262353013581232791e-21 1.545770571714644704e-21
4.090411449220994109e+04 2.203304643048780140e-21 1.434322723363240125e-21
4.092211759904836799e+04 4.369133393162397884e-21 1.391494057450980956e-21
4.094012067135280085e+04 2.992447774097883218e-21 1.447865047421759645e-21
4.095812370906401338e+04 3.680690735955412539e-21 1.575827309184878311e-21
4.097612671212425630e+04 5.343285295336862476e-21 1.588735578410798876e-21
4.099412968047314644e+04 2.541940974046418712e-21 1.445679489125094730e-21
4.101213261405193771e+04 5.081841564237099604e-23 1.480887702311099750e-21
4.103013551280245883e+04 2.629728429499261331e-23 1.454751105280246912e-21
4.104813837666610925e+04 4.104336083511954968e-21 1.456312030818975545e-21
4.106614120558262221e+04 -5.805749897082454430e-22 1.487028518836734786e-21
4.108414399949463404e+04 5.060442637595120203e-22 1.519425897316705999e-21
4.110214675834360969e+04 6.361501807886859173e-22 1.465812869568805021e-21
4.112014948206979898e+04 -1.308666102176550009e-21 1.409262411878195557e-21
4.113815217061561998e+04 -1.955550380711037060e-21 1.473563991093197096e-21
4.115615482392060221e+04 -6.485978221307629949e-25 1.535675836819627892e-21
4.117415744192901911e+04 -1.864818154148369130e-21 1.337915935090543136e-21
4.119216002458066941e+04 5.512618816920561840e-22 1.417012165486397734e-21
4.121016257181749097e+04 -3.941767409685448521e-22 1.484759679488989630e-21
4.122816508358049032e+04 1.098114706083377169e-20 1.622422940041799776e-21
4.124616756137468474e+04 5.100509761638113052e-21 1.464677700438293676e-21
4.126417015765231918e+04 3.537729150708656445e-21 1.580935682400754160e-21
4.128217277683733118e+04 2.130174508531643750e-21 1.482506820348685076e-21
4.130017536088560882e+04 4.635726484355478610e-21 1.597599587138042466e-21
4.131817790916701051e+04 1.444644784022116257e-21 1.569192312259824957e-21
4.133618042162514030e+04 5.642813241368613982e-22 1.601828053137186398e-21
4.135418289820179780e+04 2.206759722432112383e-21 1.631139185251775759e-21
4.137218533883746568e+04 -6.595309867496484565e-22 1.549331963292892804e-21
4.139018774347576255e+04 2.361179417768271045e-21 1.500404872983525599e-21
4.140819011205797869e+04 4.153343253825377003e-21 1.493405159094718988e-21
4.142619244452648127e+04 -1.063975429420280376e-21 1.391542463703737283e-21
4.144419474082274974e+04 1.812468745110899513e-21 1.566393218181835953e-21
4.146219700088996615e+04 -4.789304330395320188e-22 1.543874497670667214e-21
4.148019922467052675e+04 -2.890294078793361029e-21 1.610463562780851104e-21
4.149820141210484871e+04 4.852138834893034442e-21 1.595271368467575934e-21
4.151620356313705270e+04 1.765458060113039483e-21 1.574213770578128603e-21
4.153420567770885100e+04 1.496072272121890479e-21 1.621439274322466460e-21
4.155220775576162850e+04 2.759867122284348678e-22 1.384725987973576416e-21
4.157020979724046629e+04 2.461074276926275718e-21 1.575803296394178397e-21
4.158821180208608712e+04 3.684931983762199047e-21 1.617571175473063565e-21
4.160621377024022513e+04 6.830410981736864865e-22 1.460612742286051630e-21
4.162421570164635341e+04 3.651587956343567325e-22 1.463471025829099290e-21
4.164221759624801780e+04 -1.460978738898318125e-22 1.632380130295147692e-21
4.166021945398607932e+04 1.640629024539948647e-21 1.727068286589567870e-21
4.167822127480438212e+04 3.401339093212449198e-21 1.666760748860668957e-21
4.169622305864548252e+04 2.182589886116871210e-21 1.513688498873754251e-21
4.171422480545197322e+04 2.687175555611530492e-24 1.512283806066323623e-21
4.173222651516619953e+04 3.102885034102592223e-21 1.626218784011697379e-21
4.175022818773215113e+04 8.968267166737703827e-21 1.630723855041419709e-21
4.176822982309140207e+04 -3.160857557587849785e-22 1.468503675338527726e-21
4.178623142118828400e+04 4.873080114211229856e-21 1.502806436006476357e-21
4.180423298196504766e+04 3.464805626781451490e-21 1.478413682716120032e-21
4.182223450536522432e+04 7.397029092287219284e-21 1.595090595762692745e-21
4.184023599132998788e+04 3.671710944449036223e-21 1.623127794068607456e-21
4.185823743980532890e+04 1.745354342649728177e-21 1.550666376448116297e-21
4.187623885073144629e+04 4.859428966436671439e-21 1.679110161605196279e-21
4.189424022405403230e+04 4.056084245359925702e-21 1.569384444446363950e-21
4.191224155971591244e+04 -7.638778750383167945e-22 1.513086445621878760e-21
4.193024285765875538e+04 -4.268087523141943460e-22 1.502072416626810337e-21
4.194824411782673997e+04 2.818557887791493720e-21 1.704702471351631043e-21
4.196624534016461257e+04 4.482605160296623197e-21 1.664334432695115811e-21
4.198424652461282676e+04 4.886281250185693153e-21 1.627771019108401670e-21
4.200224767111762776e+04 3.933375632317838019e-21 1.675449977744319716e-21
4.202024877962143364e+04 4.645532816442237627e-21 1.611698135303228060e-21
4.203824985006717179e+04 -1.079302731610389875e-21 1.393985267042453531e-21
4.205625088241232152e+04 8.847525134720326580e-22 1.441896716577077983e-21
4.207460636000364320e+04 5.541016161028847021e-21 1.471290263346359680e-21
4.209260733820636960e+04 3.190175409893310804e-21 1.580420536727814768e-21
4.211060827812174102e+04 8.430197624893793388e-22 1.556365943249326401e-21
4.212860917969184811e+04 4.871541098726640245e-21 1.579884640968773170e-21
4.214661004286116076e+04 4.201330607028068138e-21 1.672753095672559389e-21
4.216461086757440353e+04 2.928847041262021018e-21 1.688649751686161264e-21
4.218261165377483121e+04 3.079333644139580919e-21 1.595357760563001738e-21
4.220061240140504378e+04 -8.278120538760372175e-22 1.671282079249391424e-21
4.221861311041144654e+04 -4.468757306134437048e-22 1.529570927658065726e-21
4.223661378073527885e+04 1.570640381643417715e-21 1.639215377629200535e-21
4.225461441232327343e+04 1.731805415951164526e-21 1.605662795151061565e-21
4.227261500511644408e+04 1.325804665722659282e-21 1.613362503444260450e-21
4.229061555906196008e+04 -2.244560481120938895e-23 1.612054875652281940e-21
4.230861607410222496e+04 2.950047031892329734e-22 1.628820800675554497e-21
4.232661655018182500e+04 3.242650440643747651e-21 1.562451172840322833e-21
4.234461698724519374e+04 1.801988317986811410e-21 1.569222445170795470e-21
4.236261738523610256e+04 3.013000469359017003e-21 1.464808258776682060e-21
4.238061774409881036e+04 5.130630519483477827e-21 1.640292310551335687e-21
4.239861806377845642e+04 2.540939790546108797e-22 1.482411665104641852e-21
4.241661834421860112e+04 4.810980013582655866e-21 1.484018772124208729e-21
4.243461858536477666e+04 1.929028208056619091e-21 1.534516688654721340e-21
4.245261878715952480e+04 7.163600458037098523e-23 1.527143972818103869e-21
4.247061894954875606e+04 1.952187989263958182e-21 1.736782558503853436e-21
4.248861907247759518e+04 1.963023379936166850e-21 1.555498382114419829e-21
4.250661915588900592e+04 6.060810405177037150e-21 1.556701330018226795e-21
4.252461919972878241e+04 2.382194505092322195e-21 1.551887592287989162e-21
4.254261920394088520e+04 3.666282627143182138e-21 1.618541878263317264e-21
4.256061916847008251e+04 5.683422437520696001e-21 1.666080358990962894e-21
4.257861909326240129e+04 1.810708666890562688e-21 1.563232349996498806e-21
4.259661897826071799e+04 9.113892525884728746e-22 1.352447281587753056e-21
4.261461882341154706e+04 2.337005674095275620e-21 1.545346859549489266e-21
4.263261862865773583e+04 3.453082879307591199e-21 1.538630381655535769e-21
4.265061839394621347e+04 1.865238415537158289e-21 1.534686588066877975e-21
4.266861811922026391e+04 2.963731055706016372e-21 1.420533432372262639e-21
4.268661780442759482e+04 2.626602278290242209e-21 1.600619335768759690e-21
4.270461744951034052e+04 1.213307268916458245e-21 1.638479141637541996e-21
4.272261705441297090e+04 2.776665277176063558e-22 1.581975499551582436e-21
4.274061661908408860e+04 -1.738185134453936849e-21 1.721691254967318609e-21
4.275861614346644637e+04 1.385632731549813902e-21 1.558534717462762182e-21
4.277661562750581652e+04 2.869087640808826081e-21 1.465037377477075261e-21
4.279461507114751294e+04 4.799015285560426169e-21 1.655169341885139171e-21
4.281261447433571448e+04 3.477952042334868396e-21 1.604128692091907211e-21
4.283061383701748855e+04 -1.127631704092625755e-21 1.594914029498304888e-21
4.284861315913655562e+04 6.190634294779484297e-22 1.703169225132242600e-21
4.286661244063924823e+04 -1.917254744535079415e-21 1.518984616313522357e-21
4.288461168147040007e+04 3.401349165410772199e-23 1.562541285307039853e-21
4.290261088157695485e+04 5.193456019716008866e-21 1.673832996999214316e-21
4.292061004090228380e+04 1.571950899894220395e-21 1.597593675295355644e-21
4.293860915939309780e+04 7.190367539696959690e-22 1.598106397182377221e-21
4.295660823699480534e+04 -2.109870156817376013e-22 1.688442560793511864e-21
4.297460727365195635e+04 -6.687255184530486442e-22 1.674022726228861694e-21
4.299260626931258594e+04 9.627285322876664163e-22 1.731991903031486381e-21
4.301060522392066923e+04 6.683292532982228423e-22 1.657199915412573922e-21
4.302860413742257515e+04 4.072405374319636099e-21 1.497991415748791659e-21
4.304660300976246799e+04 1.131198689030380145e-21 1.439264794852141011e-21
4.306460184088879032e+04 1.626804660838849884e-21 1.611008749082300897e-21
4.308260063074510981e+04 2.725717540098181229e-21 1.590921210490724497e-21
4.310059937927830470e+04 1.433662137455156316e-21 1.603580067559887686e-21
4.311859808643427095e+04 2.281682387836468022e-21 1.930524795623458070e-21
4.313659675215972675e+04 1.736733715040124580e-21 1.759693048860264935e-21
4.315459537639879272e+04 8.134472950807071147e-22 1.757242503564140978e-21
4.317259395909975865e+04 1.504694700186107836e-21 1.691271754350597660e-21
4.319059250020596664e+04 4.257639339449087740e-21 1.827886047940157345e-21
4.320859099966583744e+04 5.923700204543104498e-21 1.637408304116729223e-21
4.322658945742459036e+04 2.853317107598650231e-21 1.623659153724947809e-21
4.324458787342824508e+04 2.063041306372823672e-21 1.613926464782064532e-21
4.326258624762351974e+04 3.527614412611376316e-21 1.777299600340652871e-21
4.328058457995669596e+04 9.211395909585869532e-22 1.662977696333829216e-21
4.329858287037351693e+04 2.614265069978604649e-21 1.777460871956756559e-21
4.331658111882111552e+04 -1.350777196316897492e-22 1.561942224242630028e-21
4.333457932524446369e+04 -2.994896425133239282e-22 1.534940901695980886e-21
4.335257748959169112e+04 4.887027075942284737e-21 1.704040954557753809e-21
4.337057561180792982e+04 3.447141808659117715e-21 1.632722079898710886e-21
4.338857369183969422e+04 2.648455523488379223e-21 1.713329228827534732e-21
4.340657172963478661e+04 7.580886089185748795e-23 1.709699823432695209e-21
4.342456972513976507e+04 5.715939579168207555e-21 1.756156594809117614e-21
4.344256767829863384e+04 4.997061281263987584e-21 1.761227644885822590e-21
4.346056558906066493e+04 -2.041256358453585296e-21 1.660912201807516587e-21
4.347856345737248921e+04 -1.426038561067652241e-21 1.563680889318323866e-21
4.349656128317887487e+04 1.146996044059775538e-22 1.567618111728902393e-21
4.351455906642844639e+04 1.347116473005944061e-21 1.659908813774840767e-21
4.353255680706631392e+04 7.791833650984382170e-21 1.785528664647178312e-21
4.355055450504046894e+04 4.900361146981391257e-22 1.717379102651038344e-21
4.356855216029800795e+04 -2.052657744122687436e-21 1.604292745843486135e-21
4.358654977276704449e+04 4.614339409203833203e-21 1.675428734570142643e-21
4.360454728162044921e+04 8.916384536676865768e-21 1.787162630095036619e-21
4.362254450234895921e+04 6.620206094467715943e-22 1.671626381015474452e-21
4.364054168015017058e+04 2.005652317528998833e-22 1.809875692616298185e-21
4.365853881497113616e+04 -8.412449755986486375e-23 1.838153945093760827e-21
4.367653590675934538e+04 -2.236906148886931815e-21 1.624697794480885059e-21
4.369453295546194568e+04 3.017441488327399699e-22 1.764786799702490338e-21
4.371252996102554607e+04 2.691730104921159379e-21 1.817528980607566239e-21
4.373052692339695932e+04 6.718864744904093871e-22 1.817791512377365396e-21
4.374852384252433694e+04 3.448068434762226291e-21 1.698836096484673859e-21
4.376652071835551033e+04 4.408121793585383548e-21 1.667664630838077038e-21
4.378451755083658645e+04 -1.135682839421277772e-21 1.595873656372473509e-21
4.380251433991589874e+04 1.186372140979224693e-21 1.511427735339290217e-21
4.382051108553925587e+04 -6.281259225920756305e-21 1.410915817772108787e-21
4.383850778765526775e+04 5.445286389372133846e-22 1.555232862575977073e-21
4.385650444621129282e+04 -1.642932032433861878e-22 1.662441025757052612e-21
4.387450106115531526e+04 -2.218977649742506154e-21 1.685635931861378379e-21
4.389249763243265625e+04 2.240887275818723264e-21 1.721804433538254940e-21
4.391049415999386110e+04 5.712410434926812256e-22 1.547145978071960344e-21
4.392849064378516778e+04 3.482164396195873751e-21 1.698508605539488457e-21
4.394648708375246497e+04 2.032762543445966479e-21 1.983208705189315553e-21
4.396448347984646534e+04 2.331591021301667814e-21 1.725619353654007625e-21
4.398247983201370516e+04 2.408625885944882849e-21 1.777409110489744370e-21
4.400047614020061155e+04 4.523374509663454348e-21 1.731699943247066676e-21
4.401847240435677668e+04 4.890626323867078778e-21 1.616047519834842292e-21
4.403646862442888960e+04 2.732731533544948881e-21 1.743046340337952151e-21
4.405446480036539288e+04 1.398217341519033396e-21 1.730852825377433571e-21
4.407246093211403786e+04 1.723233633945025788e-21 1.769613752422750528e-21
4.409045701962277235e+04 2.133638002359444863e-21 1.696412821309734490e-21
4.410845306283972604e+04 -5.897545455352663529e-22 1.707686933089634048e-21
4.412680596319832694e+04 2.621276034181400786e-21 1.765088307202585792e-21
4.414480193938080629e+04 4.296860852644168627e-21 1.793748521663205576e-21
4.416279787109942845e+04 2.024729816176010820e-21 1.601927477858022164e-21
4.418079375831277866e+04 3.586224507534416968e-21 1.672810442691876032e-21
4.419878960097040544e+04 1.762053417367833728e-21 1.756313699976181286e-21
4.421678539901909244e+04 3.629812887706654304e-21 1.816092310549747200e-21
4.423478115240783518e+04 3.559900343612838003e-21 1.824299142904428631e-21
4.425277686108519993e+04 1.689612629871637618e-21 1.679414935425637654e-21
4.427077252499858150e+04 -3.084193914848367861e-21 1.933146749079184066e-21
4.428876814409717190e+04 -2.003680144233374088e-21 1.591337163175393738e-21
4.430676371832841687e+04 -8.715173899768425861e-21 1.687738823776996593e-21
4.432475924764162482e+04 1.870170398401187427e-21 1.782945664476958407e-21
4.434275473198424152e+04 -4.517111657040912579e-22 1.755210952566540372e-21
4.436075017130571359e+04 -1.072062308334748116e-21 1.735652680352547917e-21
4.437874556555350864e+04 5.139361886702577520e-21 1.757120683067874361e-21
4.439674091467715334e+04 1.662090877476424380e-21 1.577239138445697922e-21
4.441473621862419532e+04 2.333467674917184304e-21 1.771520926697976750e-21
4.443273147734370286e+04 1.146478039758596447e-21 1.760125449478989191e-21
4.445072669078486797e+04 -2.257809944879436305e-21 1.827400904024373203e-21
4.446872185889526008e+04 3.026669255012333877e-21 1.684938635872269166e-21
4.448671698162410758e+04 3.416198124430777481e-21 1.889419608446968166e-21
4.450471205892074067e+04 2.044135800473187720e-21 1.868894114965975302e-21
4.452270709073269245e+04 -3.291522848546406420e-21 1.665551790693548184e-21
4.454070207700943865e+04 -2.457679170026025226e-21 1.801213595544831162e-21
4.455869701770025131e+04 -1.108940571535821583e-21 1.762832399226688999e-21
4.457669191275304183e+04 4.935845857757289779e-22 1.898883592170823281e-21
4.459468676211703132e+04 2.940474039479594509e-21 2.131827222869057144e-21
4.461268156574198656e+04 7.869312641292006191e-21 2.386418936678053788e-21
4.463067632357545517e+04 3.474698669956079175e-21 1.876404066559324658e-21
4.464867103556731308e+04 3.706011602757944221e-21 1.955113306114623348e-21
4.466666570166681777e+04 -4.574207137962851295e-21 1.761864090222749491e-21
4.468466032182225172e+04 2.149933577975314166e-21 2.007659992759942815e-21
4.470265489598233398e+04 1.835932878116225759e-21 1.661743116866379985e-21
4.472064942409776268e+04 -1.320352386507913343e-21 1.819585843683463189e-21
4.473864390611793351e+04 1.318314992327109118e-21 1.831410397269237780e-21
4.475663834198941913e+04 3.600918487325652453e-21 1.843537836479746945e-21
4.477463273166357249e+04 2.373396115803605773e-21 1.834433764035847606e-21
4.479262707509036409e+04 -4.205016940319498355e-21 1.865298433384012990e-21
4.481062137221617013e+04 -4.548865342101072088e-22 1.773655710935059323e-21
4.482861562299264915e+04 2.405571014548472647e-21 1.622411862133615706e-21
4.484660982736972801e+04 -3.917705691099298294e-21 1.770254850555564299e-21
4.486460398529392114e+04 1.289758359540282208e-21 1.989741560000707604e-21
4.488259809671704716e+04 -1.231033993152630207e-21 1.835226684091834031e-21
4.490059216158841446e+04 -5.559743207289254623e-21 1.816423820300177406e-21
4.491858617985661112e+04 1.357761328124315936e-21 1.855226195377552601e-21
4.493658015147088008e+04 1.397162676107670181e-21 1.788775483322091204e-21
4.495457407638228324e+04 -3.402173569052075948e-22 1.850577516515214031e-21
4.497256795453894301e+04 6.664544486280636338e-21 1.908685657109966550e-21
4.499056178589310002e+04 -1.073281950506226707e-21 1.935213589930779058e-21
4.500855557039127598e+04 1.960291841000148224e-21 1.889273694785396157e-21
4.502654930798394344e+04 1.112989650976536577e-21 1.866018965352883720e-21
4.504454299862190965e+04 8.394519863463412922e-21 1.947279536983224148e-21
4.506253664225497778e+04 2.664310207733894536e-22 1.905897862472118649e-21
4.508053023883175047e+04 2.476277226990528964e-21 1.913555959348704549e-21
4.509852378830206726e+04 3.325584699484031167e-21 2.023198891005059351e-21
4.511651729061705555e+04 3.719009190501023607e-21 1.920658564849464449e-21
4.513451074572643120e+04 -2.219120739296135881e-21 1.896256037964475415e-21
4.515250415357862221e+04 5.830847381677728160e-21 1.956589625447947887e-21
4.517049751412443584e+04 1.930328055348816867e-21 1.947349501809177188e-21
4.518849082731539966e+04 3.654766618693165328e-21 1.899235773063102463e-21
4.520648409310008719e+04 6.321214135467564907e-21 2.042358866580448531e-21
4.522447731142759585e+04 5.877708057915077540e-22 2.071724996008221047e-21
4.524247048224960599e+04 -6.183373268597746035e-22 1.868101157059201683e-21
4.526046360551578982e+04 1.046584270959886865e-21 1.885185218257702433e-21
4.527845668117627793e+04 2.886782139358292990e-21 1.776416433114615935e-21
4.529644970918120089e+04 1.444587053134688863e-21 1.828392512828877934e-21
4.531444268948089302e+04 2.653506414756466739e-21 1.934681939634082441e-21
4.533243562202544126e+04 -2.142913149835003629e-21 1.844724663407942917e-21
4.535042850676537637e+04 -6.858945701319422132e-23 1.842686393011955561e-21
4.536842134365072707e+04 -4.048620643140997338e-21 1.831448723932128608e-21
4.538641413263154391e+04 1.654298341055694869e-21 1.913580150032082394e-21
4.540440687365915801e+04 -6.329869559118511049e-22 1.982563724017352090e-21
4.542239956668357627e+04 2.956404195140279468e-21 1.790254667946028849e-21
4.544039221165514027e+04 -1.487521034818869902e-21 1.749016791017367535e-21
4.545838480852435168e+04 -1.580946448645990779e-21 1.883224370432451131e-21
4.547637735724121740e+04 1.717920512319997384e-21 1.890288216717052573e-21
4.549436985775724315e+04 5.389595703929810614e-21 1.842462341552545365e-21
4.551236231002272689e+04 1.539750111972771042e-21 1.918287923653745993e-21
4.553035471398736263e+04 3.662832060117893358e-22 1.900781521119754488e-21
4.554834706960379845e+04 5.479224942633055491e-21 1.869608830081827951e-21
4.556633937682020769e+04 1.150277003332944264e-21 1.855941973757013134e-21
4.558433163558915112e+04 2.930959816738626256e-21 1.741697339662123662e-21
4.560232384586076660e+04 2.690532926314690656e-21 1.744773492880620221e-21
4.562031600758570858e+04 2.071934224871917055e-21 2.048067886586181182e-21
4.563830812071495893e+04 3.037426802965144433e-21 2.014756939587269450e-21
4.565630018519792793e+04 2.055946075190284637e-21 2.010944535435661445e-21
4.567429220098806400e+04 8.327067547889521020e-21 1.994221009943893993e-21
4.569228416803488653e+04 8.461436985086996910e-21 2.062566683004187834e-21
4.571027608629962924e+04 3.520830729803005747e-21 2.150620783887427913e-21
4.572862677029875340e+04 2.687237621222729767e-21 1.962695503396775920e-21
4.574661861211889482e+04 -1.574890917139948682e-21 1.859959635407496935e-21
4.576461040499675437e+04 -2.564752808946296538e-21 1.883499625589064386e-21
4.578260214887982147e+04 -7.425468737716896650e-23 2.084955535992439962e-21
4.580059384372395289e+04 3.754942985209859840e-21 2.004738994252192636e-21
4.581858548947672534e+04 4.926206290692690752e-21 1.977834843155075166e-21
4.583657708608968824e+04 3.562962374955445399e-22 1.984069053107029774e-21
4.585456863351475477e+04 1.181516406829923311e-21 2.055393965344452929e-21
4.587256013170431834e+04 1.209023727267170284e-21 2.049350294831445319e-21
4.589055158060772374e+04 5.794044881541573464e-21 2.216866095308458812e-21
4.590854298017457040e+04 1.022624440751679206e-20 2.176383638432590668e-21
4.592653433036027127e+04 7.451175429564870196e-21 2.168946893644207859e-21
4.594452563111499330e+04 7.735269513334663236e-21 2.017709701671690738e-21
4.596251725390146748e+04 8.643886163536804720e-22 2.076164633553561610e-21
4.598050902904018585e+04 4.499363291913654237e-21 2.155571060995896012e-21
4.599850075459696382e+04 1.052347577111353634e-20 2.190796490372736289e-21
4.601649243052296515e+04 5.844265821703651179e-22 2.036015563126318722e-21
4.603448405676850234e+04 4.912867183366574796e-21 2.025992966852674858e-21
4.605247563328750402e+04 2.238374408921824128e-21 2.103503942035146399e-21
4.607046716002984613e+04 1.071770801384586461e-21 2.042521423192526888e-21
4.608845863694664149e+04 1.951198602122516044e-21 2.066349121095604653e-21
4.610645006398978876e+04 8.306903465759468612e-22 1.941891677580853914e-21
4.612444144111323840e+04 2.681361818687744045e-21 2.115022685944473824e-21
4.614243276826628426e+04 -1.992874740087465570e-21 1.983920125598799627e-21
4.616042404539944982e+04 9.302795483872957146e-22 2.013805391938459875e-21
4.617841527246666374e+04 7.670041157093205030e-21 2.210004812300419646e-21
4.619640644941981009e+04 -3.079342178987491774e-22 2.011814629830482741e-21
4.621439757621062745e+04 7.271665234398827332e-22 1.945371088428579443e-21
4.623238865278790763e+04 -1.043398957445552519e-21 2.014758497773183806e-21
4.625037967910647421e+04 6.315070259464146416e-21 2.211748855213185392e-21
4.626837065511815308e+04 6.098074359474795474e-21 1.977897297888088428e-21
4.628636158077491564e+04 8.170676271383619559e-21 2.153707939105111876e-21
4.630435245602623763e+04 3.485069477369547614e-21 2.040051018673817560e-21
4.632234328082643333e+04 -2.133961737627303403e-21 2.084500990324248013e-21
4.634033405512688478e+04 -1.724070334605270504e-21 1.943530911418894121e-21
4.635832477887903224e+04 4.786980684716616939e-21 1.930236600628228308e-21
4.637631545203490532e+04 1.348530149855609632e-21 2.065835027382329016e-21
4.639430607454898563e+04 8.035398439438545093e-21 2.107213358393913294e-21
4.641229664637085807e+04 5.928682627821439993e-21 2.117106188853077269e-21
4.643028716745092970e+04 -1.918000776391877656e-22 1.923613662811722983e-21
4.644827763774495543e+04 5.946773694615017444e-21 2.183790870154418756e-21
4.646626805720515404e+04 2.613175694671278003e-22 2.051172350857849081e-21
4.648425842578124866e+04 3.432572736913240511e-21 2.197476734323065195e-21
4.650224874342605472e+04 4.720986836934060733e-21 2.168286397023066077e-21
4.652023901009248948e+04 -1.481327311016391459e-21 2.269125592514368692e-21
4.653822922573352116e+04 4.297860758972219714e-21 2.555697830609918960e-21
4.655621939030136127e+04 3.491793055309586077e-21 2.487854030805960329e-21
4.657420950374542008e+04 -4.683095413112249472e-21 2.141395483978907392e-21
4.659219956602097955e+04 -1.912742969753618665e-21 2.294316763368895834e-21
4.661018957708059315e+04 2.600500328442801127e-21 2.225575054319660799e-21
4.662817953687664703e+04 3.647270452196089509e-22 2.049262503349224023e-21
4.664616944535851508e+04 1.065966657447936425e-21 2.109003268476326635e-21
4.666415930248244695e+04 -5.328985066550191064e-21 2.214743995427643535e-21
4.668214910819965735e+04 8.044354973196350784e-21 2.202016207254512441e-21
4.670013886246332549e+04 2.916917025265216090e-21 2.143319636787678698e-21
4.671812856522360380e+04 2.237288557277529879e-21 2.084162741436622453e-21
4.673611821643432631e+04 5.212845113027747454e-21 2.141119619255272851e-21
4.675410781605056400e+04 1.646057608831654764e-21 2.014833609227840645e-21
4.677209736402378621e+04 2.115493365742939140e-21 2.091254814071849579e-21
4.679008686030360695e+04 -9.397168424400607319e-22 2.060032373808996846e-21
4.680807630484513356e+04 4.502373452123320358e-21 2.110339661203300870e-21
4.682606569760177808e+04 2.981699595207945240e-21 2.151547453135073530e-21
4.684405503852693801e+04 4.481761748040863047e-22 2.178975543298985747e-21
4.686204432757032191e+04 2.854246451696244578e-22 2.451364916523779103e-21
4.688003356468554557e+04 -1.008528788222563726e-21 2.298337326517876304e-21
4.689802274982825475e+04 1.160951611435029927e-21 2.080146464402884866e-21
4.691601188295022439e+04 -4.594049342652871790e-21 2.041088796205846542e-21
4.693400096400189796e+04 2.113821540002484616e-21 2.172814480209541799e-21
4.695198999293748057e+04 -1.781199151282228308e-21 2.201521126793447593e-21
4.696997896971207228e+04 1.495730848584048680e-21 2.254535945736985061e-21
4.698796789427685871e+04 3.451353947146078204e-21 2.207379007224157718e-21
4.700595676658389857e+04 2.589789859843705618e-21 2.290625397666264745e-21
4.702394558658747701e+04 5.740053215674732400e-21 2.253848296035753970e-21
4.704193435424194467e+04 -1.727346724838631718e-21 2.446977725006151291e-21
4.705992306949839258e+04 4.296028498552236737e-21 2.480414039989901543e-21
4.707791173231022549e+04 1.139058441804245591e-20 2.343663282110316590e-21
4.709590034263049893e+04 4.075050018206412782e-21 2.229704892643243447e-21
4.711388890041231934e+04 -1.852295079592927691e-21 2.388830117503949594e-21
4.713187740561210376e+04 4.248200135728053397e-21 2.232024721471718151e-21
4.714986585817929881e+04 2.303407261047944284e-21 2.229196778362918142e-21
4.716785425806727289e+04 3.318711300834373656e-21 2.237410690315508917e-21
4.718584260523042030e+04 1.900155881777810426e-21 2.142323132362742682e-21
4.720383089962336817e+04 3.701365192615750494e-22 2.276332438959233654e-21
4.722181914119823341e+04 1.792282150429312009e-21 2.327730887435169148e-21
4.723980732990715478e+04 3.450506461021000170e-21 2.279043958605314901e-21
4.725779546570381353e+04 3.492281147972928523e-21 2.287674585146331428e-21
4.727578354854290228e+04 -1.087445448466020915e-21 2.323321345857944933e-21
4.729377157837884442e+04 -2.468029258233663037e-21 2.134278773965625222e-21
4.731175955516382237e+04 3.167445451595982064e-21 2.332547859811497320e-21
4.732974747884948738e+04 3.679667310792627205e-21 2.337527894823269767e-21
4.734773534939248202e+04 -3.301279155521507121e-21 2.165424282799285392e-21
4.736572316674328613e+04 -4.106954861265625797e-21 2.290024229931768878e-21
4.738371093085990287e+04 3.447062591737167601e-21 2.418006139606917548e-21
4.740169864169145148e+04 5.872287868159745644e-22 2.268258730906998929e-21
4.741968629919290106e+04 -1.150379006092467048e-21 2.119834503386254854e-21
4.743767390331975912e+04 1.134848778150914532e-21 2.279420779570232757e-21
4.745566145402479742e+04 1.132666299952239941e-21 2.348951020580297859e-21
4.747364895126116608e+04 2.754519229160215012e-21 2.316571879865362722e-21
4.749163639498033444e+04 5.304016316896439879e-21 2.190010895978185583e-21
4.750962378513984731e+04 -1.307622647626719018e-21 2.379516023191961213e-21
4.752761112169354601e+04 1.716011763145988833e-21 2.284271204412119513e-21
4.754559840459329280e+04 5.224856887241806020e-21 2.184511840269098818e-21
4.756358563379304542e+04 2.726851734220031354e-22 2.320432908289343453e-21
4.758157280924535007e+04 -1.957804073394964501e-21 2.248935017303319517e-21
4.759955993090789707e+04 1.451517508579786282e-21 2.280469592285133687e-21
4.761754699873270147e+04 3.546988033703700163e-21 2.298773725879769042e-21
4.763553401267435402e+04 -2.591021925931913030e-21 2.362789275993077992e-21
4.765352097268410580e+04 -4.013640373287969279e-21 2.315864270857042756e-21
4.767150787871833018e+04 8.260735905632928884e-22 2.365914145101565841e-21
4.768949473073014087e+04 -2.004432836501668286e-21 2.365125312249612679e-21
4.770748152867675526e+04 -9.693504408905471123e-22 2.524691364812057824e-21
4.772546827250910428e+04 1.865998070180513311e-21 2.540641748634306686e-21
4.774345496217875188e+04 5.818078963729924656e-21 2.265051590422636302e-21
4.776144159764515643e+04 1.907388668891308491e-21 2.048065843396476998e-21
4.777942817885949626e+04 8.792170983379270039e-22 2.385314950348650258e-21
4.779741470577802829e+04 3.664153416531928236e-21 2.419424482958801075e-21
4.781540117835306592e+04 -2.034561411947780225e-21 2.391004960809270161e-21
4.783338759653754823e+04 -3.115105514626056391e-22 2.261848104735627405e-21
4.785137396028891089e+04 5.684795094105575241e-21 2.624417830966627202e-21
4.786936026956034038e+04 5.106988092317211528e-21 2.328992249322783046e-21
4.788734652430591814e+04 3.463195310064580027e-21 2.279531704963867679e-21
4.790533272448000935e+04 -2.164370660124319842e-22 1.989439258338963925e-21
4.792331887003573502e+04 5.155760746235116387e-21 2.309676365596736743e-21
4.794130496092872636e+04 2.144152530098801933e-21 2.337344014374449045e-21
4.795929099711401068e+04 -2.922849437974204780e-21 2.282493364695128715e-21
4.797727697854678263e+04 5.438299957078274440e-22 2.293610404197600644e-21
4.799526290517820598e+04 -4.806683034608396274e-21 2.584894784106495631e-21
4.801324877696401381e+04 1.576551496403155206e-21 2.286853252133441249e-21
4.803123459385999740e+04 2.605986134770436307e-23 2.463254872419009766e-21
4.804922035581943055e+04 -3.546628058272681311e-21 2.362348393349127249e-21
4.806720606279931235e+04 1.947956809985962777e-21 2.318086157503975366e-21
4.808519171475127951e+04 2.707057097695917031e-21 2.245731275871792315e-21
4.810317731162913697e+04 3.884261936945494555e-21 2.466195011594179439e-21
4.812116285339131719e+04 1.795572371469868677e-21 2.513380573560647279e-21
4.813914833998865652e+04 -1.220837116047326455e-21 2.419133591337469270e-21
4.815713377138092619e+04 6.135187214555966128e-22 2.482306516097665182e-21
4.817511914751827862e+04 -2.466933825136869754e-21 2.555866937190867299e-21
4.819310446835440962e+04 2.936494650500727483e-21 2.486843481861366513e-21
4.821108973384774436e+04 4.568192809628780767e-21 2.449375191246734187e-21
4.822907494395108370e+04 5.296258091666774560e-21 2.493802568186962749e-21
4.824706009862248902e+04 2.735429385336426093e-21 2.494012272451659943e-21
4.826504519781288400e+04 -1.046872366090559214e-21 2.585353212114482081e-21
4.828303024147319957e+04 -4.016638575533920068e-21 2.472620699082007948e-21
4.830101522097374254e+04 1.214261835418700865e-22 2.379777374485107022e-21
4.831899934198151459e+04 2.116342306261871825e-21 2.420100841777448748e-21
4.833698340733662917e+04 1.046510220797029870e-20 2.765409827391950492e-21
4.835496741699722043e+04 -4.087520884447652622e-21 2.671943508497157877e-21
4.837295137091181823e+04 -6.426459835075717517e-21 2.391108399631201390e-21
4.839093526903866587e+04 4.085764696468770534e-21 2.659483071468093044e-21
4.840891911133289977e+04 1.058523689060652349e-20 2.723774111716276684e-21
4.842690289774807752e+04 -3.663986441627449235e-21 2.538901077945245386e-21
4.844488662824251514e+04 -5.275288631027672735e-21 2.439207263827852197e-21
4.846287030277067242e+04 1.943560704407482294e-21 2.458036515113365577e-21
4.848085392128314561e+04 6.850760317875382609e-21 2.516764421493225214e-21
4.849883748373956769e+04 2.743456437941537257e-21 2.365977050887755383e-21
4.851682099009214289e+04 8.845193395472910804e-21 2.622583800248477950e-21
4.853480444029820501e+04 -8.602356864198847281e-22 2.403877480636316954e-21
4.855278783431564079e+04 -3.088570162431261655e-21 2.452817446063266335e-21
4.857077117209330027e+04 2.020661818400613030e-21 2.672893639782077683e-21
4.858875445358960860e+04 -1.480784211393329267e-21 2.473834067673340248e-21
4.860673767876048078e+04 2.358659947113844355e-21 2.348652893747948082e-21
4.862472084755907417e+04 2.927591403315655444e-21 2.506556045991843463e-21
4.864270395994191495e+04 2.088196685425154829e-21 2.430104646509106055e-21
4.866068701586779935e+04 3.745173659045358692e-21 2.506977231231361312e-21
4.867867001528762921e+04 1.931958435344094719e-21 2.551066756214891645e-21
4.869665295815616992e+04 1.024485094516228488e-21 2.580939452936585688e-21
4.871463584443196305e+04 -6.734561695452197896e-21 2.578318650005317761e-21
4.873298089970758156e+04 -8.338614489096940348e-22 2.521606752725281967e-21
4.875096369420138217e+04 -2.195272673388209924e-21 2.627642506993686352e-21
4.876894643107776210e+04 4.555566968516493799e-21 2.898066625912604259e-21
4.878692911116839969e+04 1.104516700371681015e-21 2.840578612411238945e-21
4.880491173443626758e+04 3.530055300364985589e-21 2.852974870840817071e-21
4.882289430084136984e+04 3.292518417587904874e-21 2.666398002076828351e-21
4.884087681033628905e+04 3.210176545450006848e-21 2.628205212483634917e-21
4.885885926287768962e+04 5.511068715568495598e-21 2.609434241721674425e-21
4.887684165842369111e+04 5.878935272823814840e-21 2.614923695399940689e-21
4.889482399692814943e+04 4.363232336744539210e-21 2.746364333703555530e-21
4.891280627834235929e+04 1.235904140710022604e-21 2.717343920500818315e-21
4.893078850262737251e+04 5.117744600204839975e-21 2.885358395053675797e-21
4.894877066973602632e+04 5.019675810858237890e-21 2.639540791706095940e-21
4.896675277962531254e+04 -1.842235062774933098e-21 2.664780051122797666e-21
4.898473483225258678e+04 -4.339699623239603739e-21 2.610515205163755733e-21
4.900271682757315284e+04 9.794928255592420274e-22 2.665716881562837914e-21
4.902069876553855283e+04 2.173509865299360556e-21 2.769168331399037621e-21
4.903868064610806323e+04 -1.379529068927120728e-21 2.565323630603652207e-21
4.905666246923701692e+04 1.252509041597007985e-21 2.773659754447319576e-21
4.907464423488073226e+04 6.742690817695526305e-21 2.647001610924165361e-21
4.909262594299628108e+04 1.075730320793574332e-23 2.688608146736160029e-21
4.911060759354181209e+04 1.245099393115527726e-21 2.797879428350480631e-21
4.912858918646733946e+04 -7.195503356139912779e-21 2.651431038322223790e-21
4.914657072173060442e+04 -5.103668664518681353e-21 2.669579576589176950e-21
4.916455219929103623e+04 1.379614761295985739e-21 2.684311309526389373e-21
4.918253361909992964e+04 -2.537959390593208120e-21 2.705703435340881401e-21
4.920051498111693218e+04 -1.705068238901819379e-21 2.674904800406586203e-21
4.921849628529685288e+04 -4.109956285506902128e-21 2.845943189929252895e-21
4.923647753159919375e+04 1.882759761946353664e-21 2.652060137017431989e-21
4.925445871997172071e+04 -4.160827655515517734e-21 2.666951763066879079e-21
4.927243985037654056e+04 7.319003530032160100e-22 2.875632957293679364e-21
4.929042092276840413e+04 -8.449073890501779412e-21 2.528758909786216918e-21
4.930840193710294989e+04 -6.925755898754413657e-21 2.685814984894133370e-21
4.932638289333698776e+04 -3.922095720869255368e-23 2.835020800988125948e-21
4.934436379142726219e+04 1.068013228960124493e-21 2.674492579829026112e-21
4.936234463133284589e+04 -5.864370656317599139e-21 2.873726153768222229e-21
4.938032541300163575e+04 -5.427551499649222838e-21 2.890144151868297794e-21
4.939830613639527292e+04 -9.787572949591321717e-22 3.019387088440585505e-21
4.941628680147046543e+04 -4.895027281803790469e-21 3.009846070343526766e-21
4.943426740818122926e+04 5.451719760707545040e-22 2.780305467531941431e-21
4.945224795648505096e+04 2.968051980052884674e-21 2.944398251504652952e-21
4.947022844633883506e+04 4.783489114539613248e-21 2.767265862831069549e-21
4.948820887769878755e+04 -1.437158370591017069e-21 2.750382395814741850e-21
4.950618925052201666e+04 9.538117292013767992e-21 2.918947947806686409e-21
4.952416956476128689e+04 1.672618525605454480e-21 2.847121688653053079e-21
4.954214982037640584e+04 -1.520046841983009360e-21 2.793931367520721621e-21
4.956013001732090197e+04 -7.836439340787402408e-22 2.758235446754553734e-21
4.957811015555428457e+04 -3.312976016922519404e-21 2.909778188729992414e-21
4.959609023503059143e+04 -1.763907268548824603e-21 2.815404423544353186e-21
4.961407025570909173e+04 -1.053669740510646855e-21 2.659609213826293970e-21
4.963205021754471090e+04 -7.127578970748176749e-22 2.696678092261773016e-21
4.965003012049452082e+04 7.009757822412512324e-21 2.918893599792665052e-21
4.966800996451317042e+04 -1.850934900107108651e-21 2.826321257382343639e-21
4.968598974955834274e+04 2.457134946470093551e-21 2.909504008357416232e-21
4.970396947558618558e+04 -2.508399462795045515e-21 2.949036795952948019e-21
4.972194914255385811e+04 -1.354981597066632039e-21 2.738210812194034756e-21
4.973992875041785010e+04 -1.995459250552796897e-21 3.078279033690506891e-21
4.975790829913546622e+04 -1.892932855406133284e-21 2.870642785144315978e-21
4.977588778866520443e+04 1.681556931929407470e-21 2.919234073813946673e-21
4.979386721895895607e+04 -9.725862552692637281e-22 2.663170675694653922e-21
4.981184658997495717e+04 -2.190528496741584511e-21 2.424410779978584860e-21
4.982982590167136368e+04 2.502101612730989373e-22 2.649281465260930595e-21
4.984780515400366858e+04 -1.887012294311236349e-21 2.698275168608119024e-21
4.986578434692916926e+04 1.010691079394061843e-23 2.932968723749891225e-21
4.988376348040397716e+04 8.638359032483589002e-21 2.738553424173559442e-21
4.990174255438736145e+04 -1.596322729027153428e-21 2.958004556028946917e-21
4.991972156883320713e+04 -9.248195969779795518e-21 2.738786331642162439e-21
4.993770052370235499e+04 -2.803339772685574994e-21 2.812363506949559652e-21
4.995567941894570686e+04 2.930722367481260425e-21 2.796215823267731294e-21
4.997365825452433637e+04 -1.407705905807670933e-22 2.928038100837524429e-21
4.999163703039224492e+04 -2.824132130972296386e-23 2.835943408555343061e-21
5.000961574650908733e+04 -2.086378319219092689e-21 2.893434321577246779e-21
5.002759440282949072e+04 9.001636076505054696e-22 2.885953304303025865e-21
5.004557299931226589e+04 -8.113118443131318909e-21 2.774096514399490294e-21
5.006355153591494309e+04 3.330347934188802986e-21 2.933930750919532193e-21
5.008153001259201847e+04 -2.060906743269282471e-21 2.930617249423563340e-21
5.009950842930404178e+04 3.111709939651000186e-21 2.718509946187206501e-21
5.011748678600342828e+04 -2.209750032231963054e-21 2.635366900738701105e-21
5.013546508265063312e+04 1.433423262441196048e-21 2.945009028822097723e-21
5.015344331919976685e+04 5.968937262297228700e-21 2.663802637421076907e-21
5.017142149561078259e+04 -5.561407131999055929e-23 2.693087439901160388e-21
5.018939961183856212e+04 3.289662952696239167e-21 2.870483638071257166e-21
5.020737766784193809e+04 -4.458675386319120458e-21 2.807066237727677150e-21
5.022535566357788775e+04 5.447798200063982041e-21 2.709146221378396510e-21
5.024333359900307551e+04 -1.235349544262653354e-22 2.792502554231836593e-21
5.026131147407351818e+04 -5.311301920711752551e-21 2.793606010347033655e-21
5.027928928874932171e+04 -8.797382221651476393e-22 2.899036701724407389e-21
5.029726704298635741e+04 -2.159628138170680113e-21 2.946732564965937116e-21
5.031524473674018373e+04 -1.501815425378778630e-20 2.816113863169441093e-21
5.033322236996861466e+04 -3.132441256768498272e-21 2.695919333806236998e-21
5.035119994262952969e+04 9.251718209585165655e-22 2.896497652491811246e-21
5.036917745467947680e+04 1.236100184638785459e-21 2.932443195997495741e-21
5.038715490607751417e+04 -2.257768315363202091e-21 2.954030500173872031e-21
5.040513229677936033e+04 -5.584682612320352140e-21 2.818158911494371843e-21
5.042310962674338225e+04 -8.624417212034227082e-22 2.968827993546675402e-21
5.044108689592508745e+04 -8.512111283594913107e-21 2.761498445500550895e-21
5.045906410428364325e+04 4.334672793630293289e-21 2.997929395283863346e-21
5.047704125177764217e+04 -2.785230831839838440e-22 2.883076316955404356e-21
5.049501833836213336e+04 3.171897509331398259e-21 2.995774491730776442e-21
5.051299536399445788e+04 -4.267694443312279088e-21 2.896497825908012779e-21
5.053097232863138197e+04 -1.224595277586517224e-21 2.800457654270871594e-21
5.054894923223221122e+04 -1.481396845374126432e-21 2.832737166869016052e-21
5.056692607475386467e+04 -2.360804075957334474e-21 2.985108018777550524e-21
5.058490285615375615e+04 -1.441843021143246781e-21 2.917476257586298863e-21
5.060287957638868102e+04 -1.870600721140444610e-21 3.164953567849047753e-21
5.062085623541858513e+04 9.014690923482975172e-22 3.071375912715953063e-21
5.063883283376142936e+04 2.346050439146538041e-21 2.944270988163489189e-21
5.065680942529173626e+04 1.949079204011836431e-21 2.753090832872364237e-21
5.067478605951002828e+04 -9.656832076557329220e-21 2.904854629549010133e-21
5.069276263339573779e+04 -7.639886086979487776e-21 2.597363369537787055e-21
5.071073914586143655e+04 -3.977007287849923634e-21 2.753635090346539541e-21
5.072871559686245018e+04 1.865515642415176609e-21 3.170829473454533747e-21
5.074669198635852808e+04 5.389331297018315748e-21 2.966467653608549640e-21
5.076466831430570892e+04 -4.073190463316964034e-21 2.945432071722981289e-21
5.078264458066337829e+04 1.189274994755036873e-21 3.039600388408609621e-21
5.080062078538867354e+04 -2.960811115569546712e-21 2.988180063115027936e-21
5.081859692843871017e+04 -5.828005366111597793e-21 2.955694111519823036e-21
5.083657300977216801e+04 -1.551674178853349427e-21 2.967836099007417714e-21
5.085454902934692655e+04 -4.654504352210096699e-22 3.022660198646118292e-21
5.087252498711903172e+04 -3.247946665051992535e-21 2.889706165516042839e-21
5.089050088304735982e+04 1.224549676085211982e-21 2.864143261882702818e-21
5.090847671709018323e+04 -2.235864257713135702e-21 2.674315837944797461e-21
5.092645248920588347e+04 -4.281813562706677397e-21 3.034080414244601148e-21
5.094442819935063017e+04 -3.560068110430259206e-21 3.195302517531769511e-21
5.096240384748277575e+04 4.722306700243772337e-21 2.915827504563798484e-21
5.098037943355958123e+04 -2.520505174093104307e-21 2.661950550783609745e-21
5.099835495753992291e+04 -8.218210993600884658e-21 2.906912551816755633e-21
5.101633041938010865e+04 -3.901303863968143157e-21 2.867176991007894977e-21
5.103430581904028077e+04 -2.891323237727626250e-21 3.084277941802355951e-21
5.105228115647609957e+04 -8.145651486507574536e-21 3.006646223664282405e-21
5.107025643164650683e+04 -4.037832731585950382e-23 3.419028729719548286e-21
5.108823164450999320e+04 1.306461549869165291e-21 3.403996630502043416e-21
5.110620679502405255e+04 3.189485688841784856e-21 3.156037973533117394e-21
5.112418188314665167e+04 -8.977559340703725679e-21 3.398147690567220516e-21
5.114215690883517527e+04 -1.386304585100487239e-20 3.085608722295197549e-21
5.116013187204804126e+04 -1.705564088495509060e-20 3.159940274703807093e-21
5.117810677274397312e+04 -1.936440933305345540e-20 3.048038346734478625e-21
5.119608161088042107e+04 -2.229165854171165224e-20 3.102049096368708685e-21
5.121405638641547557e+04 -8.185567244063764051e-20 3.040249862201761802e-21
5.123203109930825303e+04 -9.461509662385557930e-20 3.184800182307826570e-21
5.125000574951501767e+04 -5.687076009622144446e-20 3.216705651573371110e-21
5.126798033699402004e+04 -2.699263781618239400e-20 2.910725522141634427e-21
5.128595486170332151e+04 -2.171584124489267284e-20 3.224232025698916389e-21
5.130392932360221312e+04 -2.325899969910645912e-20 3.339636740752467459e-21
5.132190372264815232e+04 -1.552751766615326584e-20 3.135435731181719300e-21
5.133987805879874213e+04 -1.336998768025332061e-20 3.004862448385731425e-21
5.135785233201385563e+04 -7.441155251394600014e-21 3.013618252574707245e-21
5.137582654224951693e+04 -5.612870026794687862e-21 3.050628819515516612e-21
5.139380068946495885e+04 -1.169180295769487482e-20 3.158256107342898425e-21
5.141177477361891943e+04 4.242052999593852796e-22 3.155457791080691235e-21
5.142974879466903803e+04 2.661232228874949389e-21 3.135789758922512645e-21
5.144772275257307047e+04 6.654826791258158703e-21 2.965145176455723825e-21
5.146569664729037322e+04 -4.637634126946106496e-22 2.904403313883188442e-21
5.148367047877814184e+04 1.817691015239656907e-22 3.035616348101746867e-21
5.150164424699563824e+04 -6.852662106368112373e-21 2.952936305594788817e-21
5.151961795190006524e+04 -7.982900593218092629e-22 3.348795996623224045e-21
5.153759159345035732e+04 2.928194737153154055e-21 3.318575323151041183e-21
5.155556517160485964e+04 -5.561649282441988591e-21 3.178612040891740664e-21
5.157353868632191006e+04 2.627356850750368754e-21 3.157704915230718407e-21
5.159151213756087236e+04 2.900086661517997104e-21 3.154051033524822640e-21
5.160948552527791617e+04 1.488290018731596750e-21 3.251096199139119838e-21
5.162745884943367855e+04 2.193142906082347687e-21 3.325886758303733057e-21
5.164543210998436552e+04 -9.906126545839122231e-21 3.084717824687922342e-21
5.166340530689764273e+04 -1.052482489647895046e-21 3.171717375818594001e-21
5.168174401248434879e+04 -1.662717641765052150e-20 3.285262600017500939e-21
5.169971710211151367e+04 -7.257347057414061686e-21 3.043071481090066789e-21
5.171769012796629977e+04 -5.024460024597761029e-21 3.068422884862075278e-21
5.173566309000656474e+04 2.149966755667603109e-21 3.254612276567550147e-21
5.175363598819028266e+04 -1.250982885031531913e-21 3.171465913234039706e-21
5.177160882247648988e+04 -7.833150557475173996e-21 3.105565069188778771e-21
5.178958159282369888e+04 -6.467643419327664717e-21 3.049485983724836120e-21
5.180755429919158632e+04 3.063296164710131024e-21 3.430984808638980376e-21
5.182552694153696211e+04 6.580623762679248044e-22 3.484746440949809521e-21
5.184349951981781487e+04 2.026317015991182619e-21 3.150822291214411318e-21
5.186147203399553109e+04 -3.097110884905862740e-23 3.304229375933018485e-21
5.187944448402575654e+04 2.283578881089135645e-21 3.182149704683163242e-21
5.189741686986816785e+04 9.332159119216408528e-22 3.421933566223927617e-21
5.191538919148151763e+04 1.044744792946762853e-21 3.325518772098712479e-21
5.193336144882442750e+04 -3.624029592212104026e-21 3.177496661002120584e-21
5.195133364185557730e+04 -6.550507838660394315e-21 3.095911238225946805e-21
5.196930577053411980e+04 1.369862362808384718e-21 3.042613754858086004e-21
5.198727783481758524e+04 3.982940960676598915e-21 3.250543150298307617e-21
5.200524983466581762e+04 2.247936614788717168e-22 4.286327705059784983e-21
