3.021942975128834587e+04 8.672273103980634102e-20 3.651736024859658806e-21
3.023737629052254852e+04 9.877612257151906098e-20 2.736093621585671002e-21
3.025532275138339901e+04 1.002990458252066704e-19 2.780739862098826879e-21
3.027326913383058491e+04 8.874942281228773046e-20 2.649948903860563095e-21
3.029121543782058870e+04 9.368080986862367531e-20 2.651473817474620382e-21
3.030916166331956993e+04 9.491106985491337832e-20 2.645235905638001440e-21
3.032710781028395650e+04 9.785697927295023582e-20 2.802838349588638622e-21
3.034505387867022728e+04 7.502983366537735659e-20 2.644205519899617459e-21
3.036299986844129671e+04 8.133002624063232392e-20 2.647746119630706426e-21
3.038094577956327339e+04 9.031600251401870907e-20 2.729801934069782838e-21
3.039889161197972498e+04 9.610704588252736446e-20 2.830590422269327203e-21
3.041683736566642983e+04 9.785101739806546225e-20 2.968808016457165397e-21
3.043478304057659989e+04 9.727546839554935255e-20 2.834922732424593682e-21
3.045272863666346529e+04 8.889891140491053633e-20 2.758696605809572003e-21
3.047067415389635062e+04 8.334751262736577435e-20 2.676166534312977969e-21
3.048861959223813756e+04 7.947401178300926371e-20 2.569351105083873165e-21
3.050656495163231375e+04 8.425241531670601768e-20 2.705211155682249849e-21
3.052451023205794263e+04 8.212928033297050160e-20 2.619215457053087204e-21
3.054245543345524129e+04 8.321865672387193095e-20 2.501614146694843986e-21
3.056040055579679756e+04 8.372350387653804182e-20 2.616700283192037656e-21
3.057834559904222988e+04 7.906531748080222559e-20 2.621821285849869086e-21
3.059629056314147238e+04 7.467063406550020042e-20 2.667158400712608401e-21
3.061423544806709469e+04 8.834904686924418166e-20 2.665036464259146210e-21
3.063218025376573860e+04 8.748292047114998892e-20 2.547348809330052882e-21
3.065012498020998828e+04 8.728923552198024050e-20 2.541364286113166638e-21
3.066806962734974149e+04 9.054404276761196535e-20 2.585796888202997469e-21
3.068601419514460213e+04 8.242008108565576375e-20 2.594443694706691355e-21
3.070395868356062056e+04 8.259554033989100369e-20 2.625626403075474392e-21
3.072190309255419197e+04 8.888789263602143300e-20 2.517343569285749639e-21
3.073984742208488751e+04 8.334674488847236247e-20 2.606393019521783205e-21
3.075779167211228196e+04 8.364459644777117756e-20 2.581662471548282917e-21
3.077573584259920608e+04 8.546250470554518491e-20 2.556247846031124623e-21
3.079367993349227618e+04 8.595455414296005563e-20 2.647581042870517947e-21
3.081162394477043563e+04 8.896033963685635538e-20 2.574818966695815208e-21
3.082956787637709203e+04 8.268225230987296183e-20 2.490585930160585108e-21
3.084751172827832124e+04 8.630572818821973729e-20 2.317524146327799477e-21
3.086545550044014453e+04 7.679794079214009126e-20 2.205377387238859864e-21
3.088339919280264439e+04 8.037521376445597576e-20 2.407803658442174316e-21
3.090134280535455764e+04 8.740876949757477640e-20 2.607453215517109676e-21
3.091928633802948752e+04 9.012130078033163342e-20 2.518745317242832236e-21
3.093722979079992365e+04 9.109859864725282432e-20 2.459746236913781022e-21
3.095517316361892154e+04 8.394237296807776235e-20 2.409452136334643458e-21
3.097311645644598320e+04 9.036641346137228753e-20 2.472785652989519898e-21
3.099105966925036410e+04 8.426012777045268916e-20 2.400383416506961964e-21
3.100900280198185283e+04 8.295554622594532025e-20 2.380223906576508325e-21
3.102694585460968301e+04 8.528065126596991299e-20 2.483986115479489559e-21
3.104488882707062294e+04 8.501928069252629387e-20 2.420912334855138589e-21
3.106283171935988139e+04 8.458365212540528599e-20 2.374812414731376870e-21
3.108077453140446596e+04 7.864082131743916144e-20 2.426407582212878893e-21
3.109871726318338915e+04 7.254449586842117759e-20 2.336505918520370854e-21
3.111665991463983664e+04 8.361248594963885681e-20 2.411562719066786314e-21
3.113460248575927471e+04 8.437199060807086097e-20 2.370607900529560943e-21
3.115254497646867821e+04 7.437666875983280213e-20 2.326535444581325870e-21
3.117048738675676941e+04 8.362662351633483901e-20 2.515333518327194723e-21
3.118842971655370638e+04 8.080416266607872198e-20 2.471923778663311097e-21
3.120637196585473430e+04 8.431293360041386739e-20 2.277596828609101855e-21
3.122431413458349925e+04 8.427667212390260734e-20 2.244967563512182743e-21
3.124225622272543478e+04 8.036622550374042187e-20 2.396409651524891730e-21
3.126019823022040509e+04 8.246894549450529114e-20 2.284646498098355354e-21
3.127814015705070778e+04 8.523448839961538813e-20 2.401621841673086261e-21
3.129608200315291106e+04 7.681591990268379292e-20 2.325258287507348099e-21
3.131402376849298889e+04 8.746095925815277222e-20 2.400213973881571350e-21
3.133196545304329993e+04 8.489789348059693238e-20 2.342544948974627778e-21
3.134990705674373748e+04 8.730159082346737035e-20 2.293997781934071986e-21
3.136784857957977147e+04 7.387351644290162904e-20 2.496461293890198201e-21
3.138579002147488791e+04 7.901209533744823078e-20 2.362672912915958431e-21
3.140373138242108325e+04 7.358448055693050703e-20 2.220673435839123800e-21
3.142167266235489660e+04 8.116723027742152887e-20 2.271181914391456046e-21
3.143961386124871569e+04 7.778670647035543018e-20 2.221096633958509501e-21
3.145755497906516757e+04 7.841372019610916061e-20 2.201470043911342477e-21
3.147549601574730696e+04 8.210301522831181729e-20 2.297911738810969447e-21
3.149343697127400083e+04 8.807592704088748209e-20 2.432508084663670730e-21
3.151137784558177009e+04 8.203239423182381565e-20 2.293982114906132432e-21
3.152931863864952902e+04 7.885920524595737699e-20 2.212364783840605362e-21
3.154725935043982099e+04 8.418565439376524687e-20 2.411379689452417308e-21
3.156519998088914508e+04 8.200520208338894579e-20 2.332410063487774209e-21
3.158314052997635736e+04 8.542954286164194412e-20 2.354368889338063097e-21
3.160108099764770304e+04 7.861173450776885405e-20 2.432116758375241301e-21
3.161902138386893421e+04 8.324113295856841584e-20 2.418371364883198182e-21
3.163696168861245314e+04 8.349579595595473780e-20 2.396267705758057286e-21
3.165490191181141199e+04 8.091876377143754778e-20 2.442145815359705831e-21
3.167284205344142174e+04 7.400228821826164243e-20 2.280101007318985956e-21
3.169078211345845193e+04 8.392344144749438165e-20 2.297769298807191015e-21
3.170872209181848302e+04 8.190502458835069459e-20 2.355396629341880735e-21
3.172666198849386274e+04 7.396673155136399481e-20 2.224752299060731569e-21
3.174460180342417880e+04 8.094620796352657357e-20 2.264548931833476467e-21
3.176254153657520146e+04 8.283775524560688404e-20 2.293132225359623589e-21
3.178048118791924571e+04 8.567662304557589056e-20 2.293334384791001140e-21
3.179842075740241489e+04 7.624111548845473292e-20 2.298689888560611695e-21
3.181636024498067127e+04 8.492514259247640024e-20 2.424882603559821319e-21
3.183429965062953124e+04 8.078971941725136692e-20 2.211358269484166103e-21
3.185223897432014928e+04 8.594861785502852398e-20 2.320991516523025019e-21
3.187017855621233321e+04 8.544754963669959568e-20 2.396267169875644142e-21
3.188811813603447081e+04 8.051091083610617164e-20 2.330233162688114316e-21
3.190605763375489914e+04 8.320569671163361853e-20 2.402362550596888009e-21
3.192399704931637098e+04 8.511395873887037023e-20 2.478281303638346984e-21
3.194193638268775612e+04 8.323271805806786852e-20 2.401842421899332070e-21
3.195987563384141322e+04 8.374227114069424798e-20 2.382992239657297141e-21
3.197781480271679902e+04 8.447536404098560525e-20 2.395208127129472339e-21
3.199575388927630047e+04 8.521555907837840194e-20 2.395858081261185718e-21
3.201369289347902668e+04 8.368379325040710294e-20 2.417272307618315770e-21
3.203163181529720168e+04 8.521526616889117278e-20 2.360501369662590508e-21
3.204957065466693530e+04 6.722531969270464508e-20 2.159945120771557546e-21
3.206750941157030684e+04 7.471138870657105978e-20 2.199274388344834419e-21
3.208544808595651921e+04 8.653473226720269542e-20 2.301345066277215842e-21
3.210338667778135641e+04 7.993370221964305254e-20 2.361937681236953351e-21
3.212132518700388391e+04 8.007876070102835717e-20 2.281351436639917854e-21
3.213926361358971189e+04 8.148590888266597537e-20 2.370718361833633385e-21
3.215720195749787308e+04 7.687801854498634372e-20 2.278293615343005305e-21
3.217514021868083728e+04 8.366315439474867676e-20 2.371039074230852545e-21
3.219307839709760083e+04 8.843107026548910542e-20 2.330566597725879062e-21
3.221101649271706628e+04 8.212354401641537407e-20 2.415468295031977260e-21
3.222895450548824010e+04 8.912259124112503476e-20 2.393140416176858810e-21
3.224689243537021684e+04 8.436613562718705831e-20 2.412897856154778528e-21
3.226483028233186269e+04 8.642231123133767292e-20 2.368143299557060363e-21
3.228276804631900086e+04 8.055087450645104117e-20 2.399980486899267963e-21
3.230070572729385822e+04 8.710226088751025806e-20 2.378241562050354987e-21
3.231864332523516714e+04 9.214582789920250894e-20 2.407076379410283969e-21
3.233658084006563149e+04 8.207073719219477594e-20 2.336962442633819253e-21
3.235451827177383166e+04 8.705008314204377256e-20 2.330318987736224392e-21
3.237245562031214649e+04 8.652687304614540255e-20 2.297479160631563917e-21
3.239039288562954971e+04 8.284505552489122299e-20 2.289915044173676416e-21
3.240833006769485655e+04 7.936056717722900437e-20 2.267838729184046702e-21
3.242626716646039495e+04 8.659046381867035723e-20 2.321939902162146017e-21
3.244420418188831536e+04 8.439829329310341523e-20 2.324150926372972266e-21
3.246214111393750500e+04 8.396335098505153066e-20 2.274123492802341914e-21
3.248007796256680376e+04 7.767001293711020734e-20 2.365044282719180694e-21
3.249801472773832211e+04 7.989219912432803733e-20 2.270863013254852924e-21
3.251595140940437705e+04 7.195605938217109762e-20 2.165149712944393428e-21
3.253388800752711541e+04 7.998145800328284244e-20 2.259624130488059840e-21
3.255182452206534799e+04 8.650259136034453968e-20 2.302254451950433407e-21
3.256976095297464053e+04 8.187956450988103523e-20 2.249498114182821378e-21
3.258769730022696967e+04 8.343144214692101242e-20 2.394792764869587438e-21
3.260563356377123637e+04 7.944542813962522240e-20 2.354543812541280917e-21
3.262356974355633065e+04 8.612492337497350753e-20 2.318342150640977470e-21
3.264150583955420007e+04 8.401799174317883718e-20 2.312469630186170870e-21
3.265944185171370918e+04 8.398904566096723603e-20 2.271381737155021642e-21
3.267737778001350307e+04 8.503755841809514598e-20 2.329585558338725267e-21
3.269531362438580982e+04 8.633151984108672624e-20 2.321558048127689891e-21
3.271324938480924538e+04 8.113755441582214167e-20 2.287701678056318804e-21
3.273118506123584302e+04 8.407484083137259152e-20 2.213143333844663472e-21
3.274912065362761496e+04 8.562030423713420523e-20 2.242050191505178325e-21
3.276705616193673268e+04 8.128111964275768283e-20 2.209296710005787566e-21
3.278499158612519386e+04 7.758583365765520433e-20 2.313846009614346514e-21
3.280292692615165288e+04 8.639970135357991989e-20 2.327894147678662857e-21
3.282086218197480048e+04 8.168271432360647880e-20 2.266265726150330636e-21
3.283879735354666627e+04 7.426198298903632616e-20 2.277267697002707152e-21
3.285673244083915779e+04 8.887025275707267660e-20 2.316653407779593875e-21
3.287466744379765441e+04 8.436176153387539984e-20 2.252550190417188062e-21
3.289260236239403457e+04 7.467757747197876621e-20 2.240033298048979783e-21
3.291053719657698821e+04 7.839680945765867944e-20 2.225037711504178470e-21
3.292847194630841841e+04 8.063697982326356480e-20 2.274762643150037398e-21
3.294640661154691043e+04 7.512091477256435726e-20 2.262985720186925561e-21
3.296434119225430186e+04 7.924506842901990485e-20 2.217230842131555707e-21
3.298227568838588195e+04 7.655650337125936422e-20 2.217052119062191510e-21
3.300021009989359300e+04 7.950107359958939280e-20 2.261189025426371525e-21
3.301814442674928432e+04 7.635824987882904591e-20 2.229038669059269751e-21
3.303607866890485457e+04 7.672006151290164329e-20 2.214493654365456154e-21
3.305401282631880167e+04 7.390564142485128516e-20 2.177551209879932217e-21
3.307194689894302428e+04 6.847436932239456530e-20 2.166632399779784460e-21
3.308988088674265600e+04 7.207064954133080172e-20 2.135702286493778575e-21
3.310781478968285228e+04 5.620341735334046257e-20 2.122343038097803351e-21
3.312574860771542444e+04 6.402407916003744716e-20 2.271591220605481977e-21
3.314368234079217655e+04 5.923763914348019187e-20 1.999153133245048735e-21
3.316161598888492153e+04 6.248388573160028750e-20 2.080775721348617931e-21
3.317954955193866772e+04 7.144415204720139454e-20 2.138155048507698007e-21
3.319748302992516255e+04 7.754087235629662050e-20 2.114557309586588946e-21
3.321541642278959625e+04 7.136608691539349771e-20 2.076612389858888334e-21
3.323334973049703694e+04 7.309623726882444657e-20 2.146366941415156185e-21
3.325128295301253820e+04 7.954637158811579071e-20 2.272660580087813406e-21
3.326921609028115927e+04 8.264482910127803156e-20 2.245301320366171158e-21
3.328714914226793189e+04 8.166977352891710833e-20 2.137644626848308519e-21
3.330508210893120850e+04 7.821563326458554459e-20 2.231209489465262320e-21
3.332301499023604265e+04 7.478225908268121439e-20 2.234608608368607399e-21
3.334094778612736991e+04 7.697938383049904072e-20 2.237000444984323659e-21
3.335888049657356896e+04 7.700336216572116868e-20 2.146546743212582496e-21
3.337681312152958708e+04 7.098830592683153945e-20 2.155923781230537658e-21
3.339474566095358023e+04 7.650214456762716348e-20 2.334615754138737153e-21
3.341267811480062664e+04 7.920139334988268676e-20 2.275956198232978725e-21
3.343061048303236748e+04 7.813673760652787515e-20 2.201364995827461994e-21
3.344854276561370352e+04 7.462676720416098811e-20 2.176400368796418033e-21
3.346647496248954121e+04 8.088310145217084585e-20 2.258596330399227628e-21
3.348440707362480316e+04 8.144785233459556191e-20 2.260291858817676002e-21
3.350233909897770354e+04 8.068918365001749680e-20 2.183820856980956338e-21
3.352027103850644926e+04 7.505552356394577456e-20 2.089247128257674686e-21
3.353820289216587844e+04 7.832320703795582607e-20 2.158617828756292183e-21
3.355613465992089186e+04 7.707700316147585560e-20 2.184669495768464639e-21
3.357406634172629128e+04 8.219980099326058465e-20 2.179633870886305910e-21
3.359199793754010898e+04 8.008594986872162796e-20 2.227822493197606226e-21
3.360992944732393516e+04 7.917357288165180265e-20 2.172374080772348315e-21
3.362786087102924648e+04 8.184629326330972534e-20 2.338080751557030896e-21
3.364579220861748763e+04 7.591936302081015899e-20 2.101906040796325603e-21
3.366372346004677092e+04 8.194961359968892884e-20 2.188521979457740702e-21
3.368165462527519412e+04 8.478438183535266343e-20 2.199242502096990631e-21
3.369958570425747894e+04 8.283104254367892691e-20 2.341095248501498556e-21
3.371751669696174940e+04 7.486012534282655352e-20 2.181194836740828311e-21
3.373544760333262093e+04 7.414580463668551386e-20 2.219288300329065358e-21
3.375337842333822482e+04 7.774757540094746950e-20 2.174920359969779291e-21
3.377130915692979033e+04 7.888031719308732357e-20 2.242647578372562277e-21
3.378923980407199997e+04 7.536867029230397632e-20 2.087144239309266773e-21
3.380717036471288156e+04 7.082982324250087997e-20 2.075953362388652335e-21
3.382510083883057086e+04 7.856443766991923897e-20 2.110799486260533866e-21
3.384303122635953332e+04 7.897780347333786364e-20 2.232518854893851761e-21
3.386096152727113804e+04 7.827502005689155103e-20 2.227222130536405079e-21
3.387889174151325278e+04 7.737697562504245604e-20 2.290707238467805163e-21
3.389682186905390699e+04 8.567882933968057367e-20 2.279016337597577007e-21
3.391475190985098016e+04 7.919076672407562873e-20 2.133857776207931252e-21
3.393268186385234003e+04 7.975817401181932767e-20 2.172322134239327675e-21
3.395061173102923203e+04 7.788501809728654491e-20 2.143759795635536858e-21
3.396854151133608684e+04 8.116551836527822776e-20 2.124870589696170104e-21
3.398647120471743256e+04 7.875375410620920029e-20 2.146915257263604079e-21
3.400440081114457280e+04 7.917753805975771794e-20 2.141646653115386761e-21
3.402233033057869761e+04 8.059989344110469196e-20 2.154855541184434414e-21
3.404025976295743749e+04 8.468034795336845036e-20 2.194347198731731913e-21
3.405818910826214415e+04 7.757756336991316161e-20 2.219990165520110402e-21
3.407611836643717106e+04 7.829468308456844116e-20 2.086302273860703806e-21
3.409404753744021582e+04 7.796434450168434534e-20 2.118973370999894692e-21
3.411197662123919872e+04 7.750536093980229175e-20 2.131282593880596430e-21
3.412990561777494440e+04 7.681661754033956048e-20 2.207175461100916661e-21
3.414783452702533395e+04 8.160721111551362763e-20 2.248046558760556403e-21
3.416576334893472085e+04 7.631080483531268239e-20 2.154271968925382313e-21
3.418369208346756204e+04 7.777144529333566897e-20 2.170379598454163691e-21
3.420162073050748586e+04 7.509782228326557572e-20 2.117043355954968106e-21
3.421954849210322573e+04 8.084891512399937620e-20 2.193517121484561491e-21
3.423747594855272473e+04 7.279909177203088123e-20 2.157459126485702392e-21
3.425540331745089497e+04 7.221372877903059365e-20 2.128999885845003736e-21
3.427333059877569758e+04 7.539167664914482358e-20 2.112620448174313148e-21
3.429125779247793980e+04 7.824331294135559169e-20 2.144433162182942417e-21
3.430918489852860512e+04 7.473196473265838993e-20 2.092849082537872696e-21
3.432711191687190876e+04 7.473094987447993017e-20 2.067645541208256147e-21
3.434503884746541007e+04 7.475466408163447505e-20 2.047470216960705547e-21
3.436296569027348596e+04 7.970198958370422470e-20 2.165697213110015322e-21
3.438089244524688547e+04 7.616824237029943802e-20 2.126942417586379631e-21
3.439881911234988365e+04 7.421241435500209278e-20 2.185889542125781516e-21
3.441674569153323682e+04 7.793376528180921934e-20 2.254851437143860197e-21
3.443467218275446794e+04 7.782178714675918634e-20 2.137349954609742548e-21
3.445259858598456049e+04 7.951248296396333274e-20 2.159284384448373669e-21
3.447052490116730769e+04 7.128707773949674687e-20 2.085548306622258607e-21
3.448845112825348770e+04 7.722463656876625818e-20 2.242547046570756454e-21
3.450637726721412037e+04 7.330756455426409897e-20 2.092673236469620894e-21
3.452430331800999556e+04 7.629389551352706080e-20 2.253870506626707982e-21
3.454222928059514379e+04 7.280001230395269458e-20 2.005133537334109382e-21
3.456015515491343103e+04 7.030917290454038487e-20 2.024294014513639172e-21
3.457808094093571708e+04 7.716745542066756679e-20 2.080397826671192871e-21
3.459600663861266366e+04 7.219016458844868216e-20 2.092734976186705351e-21
3.461393224790829845e+04 7.358336098276377634e-20 2.133547758907059431e-21
3.463185776877982426e+04 7.346723818794395359e-20 2.079502256675460082e-21
3.464978320117452677e+04 7.727592804961034956e-20 2.097038054955993117e-21
3.466770854505985335e+04 7.639772180766596591e-20 2.212133546083645166e-21
3.468563380038635660e+04 8.034602813643314456e-20 2.201048330045906255e-21
3.470355896711800597e+04 7.366433336783466065e-20 2.146647467379953752e-21
3.472148404521209886e+04 7.462109499109282760e-20 2.081249780062011869e-21
3.473940903460892150e+04 7.542853307648450115e-20 2.052943779193128446e-21
3.475733393528596935e+04 7.352951528639482523e-20 2.102942584608554295e-21
3.477525874720379943e+04 7.723092807530299020e-20 2.072763545778582170e-21
3.479318347029916185e+04 7.276645738989267419e-20 2.064516133629725062e-21
3.481110810454289458e+04 6.848416480888969841e-20 2.015747945793487777e-21
3.482903264987863804e+04 7.004917278914820658e-20 2.023346474454050477e-21
3.484695710628716915e+04 7.559576273783516116e-20 2.125038363717795951e-21
3.486488147370870865e+04 7.319081315347443988e-20 2.105399289732949221e-21
3.488280575210034294e+04 7.332622030294213130e-20 2.038725582101267308e-21
3.490072994142254174e+04 7.284714924309301826e-20 2.025611316522587628e-21
3.491865404163235507e+04 7.397518894219245209e-20 2.044788113227307068e-21
3.493657805268329685e+04 7.379295505760721980e-20 1.977035870204628187e-21
3.495450197454600857e+04 7.245207861616380527e-20 1.994983306685667147e-21
3.497242580716065277e+04 7.335888115831334245e-20 2.036956593716223557e-21
3.499034955048421398e+04 7.063190850648218395e-20 2.010144296062681358e-21
3.500827320449058607e+04 7.019268382318304717e-20 2.000384652619693610e-21
3.502619676912320574e+04 7.204862926673240829e-20 2.108500041149909989e-21
3.504412024434578052e+04 7.545333505197001185e-20 2.088311938333721155e-21
3.506204363010507222e+04 6.883078958293941493e-20 2.056725964649913309e-21
3.507996692636336957e+04 7.138424323290124988e-20 2.022886204446938021e-21
3.509760446242702892e+04 6.975865371095732710e-20 1.988289279596425205e-21
3.511552755945012177e+04 7.417755980809488736e-20 2.020292601779591069e-21
3.513345056689564080e+04 7.085839278785992976e-20 2.049734613149261701e-21
3.515137348468189884e+04 7.294848689568568313e-20 2.133343237014094810e-21
3.516929631273270934e+04 6.990708428017486340e-20 2.038154564906106744e-21
3.518721905103127938e+04 7.063489116880397387e-20 2.021290592028059438e-21
3.520514169953432429e+04 6.986410624529427103e-20 2.013701420909352945e-21
3.522306425818219577e+04 7.443431117330189519e-20 2.171340103260851565e-21
3.524098672695136338e+04 7.649325921558125675e-20 2.130864160248162241e-21
3.525890910578543117e+04 8.041324146641863225e-20 2.097745246108469871e-21
3.527683139463779662e+04 7.430823758806545812e-20 2.000075852708953603e-21
3.529475359348160418e+04 7.283564469786857473e-20 2.093371546380890018e-21
3.531267570225053350e+04 7.298607486902271520e-20 2.027872149289277843e-21
3.533059772092427011e+04 6.930113100799357319e-20 2.037445836728520695e-21
3.534851964944955398e+04 7.524766502962806566e-20 2.131996319022787922e-21
3.536644148778289673e+04 7.537616270456557564e-20 2.110981914136570144e-21
3.538436323587108927e+04 7.564598261436122967e-20 2.078671522953518390e-21
3.540228489369384624e+04 7.636965118644356612e-20 2.000568632158202044e-21
3.542020646118467266e+04 7.983409580031816815e-20 2.057920666483442823e-21
3.543812793831330055e+04 7.688778625793397628e-20 2.094362496711766617e-21
3.545604932503953023e+04 8.035741056497395313e-20 2.109618769464475312e-21
3.547397062130000995e+04 7.620195949389840563e-20 1.977032824132973934e-21
3.549189182706774591e+04 7.034011743348460948e-20 1.952501435453467959e-21
3.550981294230579078e+04 7.558534192466318118e-20 2.096650280313622130e-21
3.552773396694759140e+04 7.017592474337055982e-20 2.028324224804101888e-21
3.554565490096939175e+04 7.670654264868450135e-20 2.054066050320467373e-21
3.556357574432758702e+04 7.318785982598962574e-20 2.050229607450156238e-21
3.558149649695547123e+04 7.172226997477358717e-20 2.020758708302499613e-21
3.559941715883582947e+04 7.853298007717857115e-20 2.094004039428969438e-21
3.561733772991838487e+04 7.737970604642445895e-20 2.013552832494197446e-21
3.563525821014625399e+04 8.016609480772227019e-20 2.090561755891542816e-21
3.565317859949228296e+04 7.521673823746287577e-20 2.116566619448884512e-21
3.567109889790954912e+04 7.118315802725477910e-20 2.050910704525204598e-21
3.568901910534108174e+04 7.428418007985795390e-20 2.207480278458111462e-21
3.570693922175644548e+04 7.016756265145023395e-20 2.012211675743938583e-21
3.572485924711844564e+04 7.321099553091605743e-20 2.093327238673472810e-21
3.574277918136006338e+04 7.140540697225257783e-20 1.985505122018969751e-21
3.576069902444744366e+04 7.303433239089975173e-20 1.983978213567037090e-21
3.577861877635007113e+04 7.323448377233787289e-20 2.001636317795281901e-21
3.579653843701754522e+04 7.264149260460432254e-20 2.038580430163909061e-21
3.581445800639280787e+04 7.590760125559520352e-20 2.119081981410228211e-21
3.583237748444844328e+04 7.396982241392311352e-20 2.077804263735831830e-21
3.585029687113074033e+04 7.602413974849489232e-20 2.145658981219413159e-21
3.586821616639895365e+04 7.765188604248508781e-20 2.072704041854680993e-21
3.588613537020267540e+04 7.492379646406787189e-20 2.107359855617605917e-21
3.590405448252424685e+04 7.471486642931615008e-20 2.037140710765447669e-21
3.592197350328018365e+04 7.760558614061463219e-20 2.122636102496522224e-21
3.593989243245283433e+04 7.459881780839805725e-20 2.089828065387142467e-21
3.595781126998845866e+04 7.265940305802124580e-20 2.006201003083941960e-21
3.597573001585281600e+04 7.520594722485607767e-20 2.066393658307725695e-21
3.599364866998548678e+04 7.916550998495270078e-20 2.202363903049214755e-21
3.601156723236534162e+04 7.526995991478768525e-20 2.114382836890139641e-21
3.602948570293174271e+04 7.949320055904564145e-20 2.111763474585464045e-21
3.604740408162740641e+04 8.252639814037997309e-20 2.212508606535548761e-21
3.606532236843813735e+04 8.022207692744752525e-20 2.186349938013172624e-21
3.608324056331645988e+04 7.981235461780496732e-20 2.235029959850994944e-21
3.610115866619165899e+04 7.564604843451603038e-20 2.138439459422588692e-21
3.611907667703607149e+04 7.681353403382660315e-20 2.249107726131538966e-21
3.613699459581540577e+04 7.614204746798709603e-20 2.218942257572599500e-21
3.615491242246886395e+04 8.011645955690907579e-20 2.154220022640139332e-21
3.617283015695558424e+04 7.743085204449211377e-20 2.215539051443204242e-21
3.619074779924131144e+04 7.823313587203251303e-20 2.166229139468511468e-21
3.620866534927838075e+04 7.488260187033365122e-20 2.118673508195006857e-21
3.622658280700595060e+04 7.611218511921567660e-20 2.075597349983471943e-21
3.624450017239953013e+04 7.414452259298452959e-20 2.192575780939242456e-21
3.626241744541475055e+04 7.592124563284553544e-20 2.266352124058088879e-21
3.628033462599061022e+04 7.105054652853576880e-20 2.131973206106802912e-21
3.629825171409275208e+04 7.039748173812982262e-20 2.077895989542331265e-21
3.631616870968353032e+04 7.387739010149189031e-20 2.086454775291835867e-21
3.633408561271506187e+04 7.341655068604526045e-20 2.063255842725457899e-21
3.635200242312638875e+04 7.606488787006792927e-20 2.084491059591038692e-21
3.636991914089281636e+04 7.075134771678428887e-20 2.075253208117069726e-21
3.638783576596659259e+04 7.553197015750303823e-20 2.334583796229116903e-21
3.640575229829649470e+04 7.516401204425524146e-20 2.043229815866762184e-21
3.642366873783805931e+04 7.202140388379915283e-20 2.159448699853359573e-21
3.644158508455018455e+04 7.257236436706572921e-20 2.147416053125007011e-21
3.645950133840144554e+04 7.194165409227365978e-20 1.959873674849732264e-21
3.647741749932078528e+04 7.382251272321659610e-20 2.003930221908654851e-21
3.649533356727648061e+04 7.096338751501560328e-20 2.023423801856707088e-21
3.651324954221103690e+04 7.229237051652078912e-20 1.997317036721412984e-21
3.653116542412270792e+04 6.951903957405722437e-20 1.940298604166581917e-21
3.654908121471910272e+04 7.260646391596734464e-20 2.023393151286038479e-21
3.656699713215772499e+04 7.102817826116704340e-20 2.088535710921278158e-21
3.658491307012250763e+04 7.062106814483866980e-20 1.998861590227173789e-21
3.660282891575896065e+04 7.582616933452191105e-20 2.009723065929164745e-21
3.662074466810721060e+04 7.421736504291813695e-20 2.067467025876763011e-21
3.663866032712893502e+04 7.205071922178478556e-20 2.042495449662286417e-21
3.665657589277307125e+04 7.157574465475696358e-20 1.999542948272706596e-21
3.667449136502435431e+04 7.664295576113583695e-20 2.036699083540816157e-21
3.669240674378842232e+04 7.150418688296784837e-20 2.017153756150350639e-21
3.671032202905660233e+04 7.069265776872024639e-20 2.017355475367581064e-21
3.672823722077424463e+04 7.265815739142082918e-20 2.183057041790235825e-21
3.674615231890614814e+04 7.417264669494470606e-20 2.071154069251527309e-21
3.676406732337766152e+04 7.910522381205821519e-20 2.045117296288143534e-21
3.678198223417362897e+04 7.727803459985211944e-20 2.059510676811828568e-21
3.679989705123934982e+04 7.696834729392693727e-20 2.104302127331025976e-21
3.681781177453951386e+04 7.947446657071999879e-20 2.109210780238695980e-21
3.683572640399926604e+04 7.408273433784720575e-20 2.028644622530374960e-21
3.685364093960321043e+04 7.026193935219820324e-20 2.240209432022688146e-21
3.687155538129006891e+04 6.906771941946286402e-20 1.979999165001854123e-21
3.688946972904434369e+04 7.220341934563446362e-20 2.130329659006689019e-21
3.690738398272509949e+04 7.424433453157350583e-20 1.995049983019680609e-21
3.692529813678898790e+04 7.855526768665564518e-20 2.112863354285752171e-21
3.694292446396420564e+04 7.840188672644433331e-20 2.109530622910524789e-21
3.696083841532700171e+04 7.820942235540207004e-20 2.170827495103425084e-21
3.697875227249735326e+04 8.658471609384901797e-20 2.184257515597313767e-21
3.699666603544025565e+04 9.175594572707318714e-20 2.173390308786980858e-21
3.701457970411041606e+04 9.569259193478541631e-20 2.295103478835987313e-21
3.703249327846594679e+04 8.946961633167669027e-20 2.300244762861863569e-21
3.705040675845814985e+04 8.623467392019195898e-20 2.250355040584749804e-21
3.706832014403803623e+04 7.772670379702528342e-20 2.182018761321955786e-21
3.708623343516391469e+04 7.593709456830848129e-20 2.132966305964941996e-21
3.710414663178360934e+04 6.926149306199849840e-20 2.052062422488240727e-21
3.712205973388228449e+04 6.958008047229042178e-20 1.949859327485407395e-21
3.713997274136699707e+04 7.125101934570027165e-20 2.055986330515797401e-21
3.715788565421942621e+04 6.906166059566739594e-20 2.005364150262092056e-21
3.717579847239047376e+04 7.583885881308898248e-20 2.106823240517439972e-21
3.719371119585187989e+04 7.490960006934425864e-20 2.039464886957137581e-21
3.721162382452077145e+04 7.388642686389789042e-20 2.022059840087728242e-21
3.722953635837879847e+04 6.801473126434727388e-20 2.065052675116341405e-21
3.724744879737358133e+04 7.191789478304858516e-20 1.949059845129561457e-21
3.726536114145277679e+04 7.155039455483709068e-20 2.007208204211868424e-21
3.728327339059423684e+04 7.007152886470860761e-20 2.076825993524558451e-21
3.730118554472542746e+04 6.896799367189081738e-20 2.000786011629599933e-21
3.731909760380414082e+04 6.744240202150201339e-20 1.976709528797250704e-21
3.733700956779145781e+04 7.218191096014002350e-20 1.949980836879735285e-21
3.735492143664848118e+04 7.057353575350262133e-20 1.974456858412344807e-21
3.737283321033285029e+04 7.281426847010396655e-20 1.984977013978687331e-21
3.739074488877480326e+04 7.331852903415048732e-20 1.987468108297147123e-21
3.740865647193898621e+04 7.346719952373849074e-20 2.062474761333124663e-21
3.742656795978984155e+04 7.411482029113584321e-20 2.007467435129911589e-21
3.744447935226454865e+04 7.231948043610370385e-20 2.001648536514673536e-21
3.746239064934783528e+04 7.243005290503362126e-20 1.938590467568747731e-21
3.748030185095978231e+04 6.773645930876980206e-20 1.943079107720675764e-21
3.749821295706454111e+04 6.490448659440215164e-20 1.956528636174545901e-21
3.751612396762661228e+04 6.994164489028988044e-20 1.965440028848646409e-21
3.753403488258303696e+04 6.774372594760032135e-20 2.004618875426970168e-21
3.755194570191849925e+04 7.369751034463962997e-20 1.980382964217564856e-21
3.756985642554957303e+04 7.399656976761867090e-20 1.988588801888943879e-21
3.758776705345049413e+04 7.445148823726348701e-20 2.009190334144898983e-21
3.760567758557182242e+04 7.293571197567231645e-20 2.023764887889136594e-21
3.762358802186424873e+04 7.248806378316813598e-20 2.028110421557065113e-21
3.764149836228511413e+04 7.171559233891502055e-20 2.015810005475203093e-21
3.765940860679847538e+04 6.882606343747895735e-20 2.023634108984102059e-21
3.767731875533779385e+04 7.187548651310808855e-20 2.099405677344287847e-21
3.769522880786688620e+04 7.210902620084941617e-20 2.101705653579187047e-21
3.771313876434652775e+04 6.518433437316222435e-20 1.975616027939343935e-21
3.773104862471018714e+04 7.245870503221194968e-20 2.001594948382390076e-21
3.774895838894903864e+04 7.262797487570246796e-20 1.972518903238497925e-21
3.776686805697599630e+04 7.661616961160186244e-20 2.026022535239731957e-21
3.778477762875834014e+04 6.986542715258397583e-20 1.986743436310701944e-21
3.780268710426316102e+04 7.106512377002011031e-20 1.956425263210587328e-21
3.782059648342734727e+04 6.850398060209998080e-20 1.870012282066389730e-21
3.783850576621139044e+04 6.662686079271448342e-20 1.848461589774780253e-21
3.785641495257226052e+04 7.455751572315484859e-20 1.941677776015315788e-21
3.787432404246360966e+04 7.286145254581985942e-20 1.987077332554593060e-21
3.789223303582172957e+04 7.021902423783291240e-20 1.962381109580933043e-21
3.791014193262409390e+04 7.049014635189527230e-20 1.928530447148560726e-21
3.792805073281072691e+04 7.119180458157933889e-20 1.924840671144038389e-21
3.794595943633169372e+04 7.347756716077057588e-20 1.937869768174402059e-21
3.796386804316430789e+04 6.904514340353431015e-20 2.026114110864686441e-21
3.798177655324156513e+04 6.742651405293778128e-20 1.915248964572665495e-21
3.799968496650636371e+04 7.078348817511784394e-20 2.015964370275744581e-21
3.801759328293624276e+04 6.755004447900980740e-20 1.921514304829316676e-21
3.803550150247092824e+04 6.862243173770911445e-20 1.977750282243209835e-21
3.805340962506037613e+04 6.818705509537043578e-20 1.951501771437736145e-21
3.807131765066471417e+04 6.243133637273487993e-20 1.829682354100211212e-21
3.808922557926085574e+04 6.907524900708439009e-20 1.975933678095393102e-21
3.810713341075785138e+04 7.069488457197660433e-20 1.935099730088542866e-21
3.812504114512608794e+04 6.453167774540913264e-20 1.928646886901823750e-21
3.814294878232902556e+04 6.883399386173360397e-20 1.947137364409212940e-21
3.816085632231640921e+04 6.879609869860953849e-20 1.928677280944513652e-21
3.817876376501748746e+04 6.439593640983209006e-20 1.864432313549344094e-21
3.819667111043293698e+04 6.612313574411297077e-20 1.871379897737844977e-21
3.821457835848881223e+04 6.417141222235581937e-20 1.872337807621148421e-21
3.823248550912458450e+04 7.153114279718364690e-20 1.995412455747654931e-21
3.825039256230012688e+04 6.969263128226444816e-20 1.913467366539018456e-21
3.826829951798893308e+04 6.698109893245499412e-20 1.960072187248928449e-21
3.828620637612319842e+04 7.171922672415291746e-20 1.968023388299390432e-21
3.830411313664936461e+04 6.770565193717038371e-20 1.951746400808213696e-21
3.832201979955456773e+04 6.550863385413739911e-20 1.952051492993515983e-21
3.833992636478486384e+04 7.182933492730447561e-20 1.960831510683270873e-21
3.835783283225903870e+04 7.558639102743051835e-20 2.006764641274588548e-21
3.837573920194339735e+04 6.823876787827370725e-20 1.811601945705581064e-21
3.839364547380455770e+04 6.469253574499515249e-20 1.811318903387494891e-21
3.841155164778856124e+04 6.680514460020332450e-20 1.937865913772429450e-21
3.842945772384140582e+04 6.506687746299652610e-20 1.923086282255532131e-21
3.844736370192953473e+04 6.588059914540105064e-20 1.917252093443364018e-21
3.846526958199189539e+04 6.423461013715330523e-20 1.925263679524084940e-21
3.848317536400836252e+04 6.285107388861166626e-20 1.921425880985468432e-21
3.850108104790461948e+04 6.970020935677340992e-20 1.931913187621314863e-21
3.851898663362640946e+04 6.219274146116282034e-20 2.001871332475718671e-21
3.853689212114689872e+04 6.372660444961273077e-20 1.961750285598658763e-21
3.855479751041858981e+04 6.601241265953963112e-20 2.003906117429808406e-21
3.857270280136656947e+04 7.285320113939757192e-20 2.016400258589963666e-21
3.859060799397093797e+04 6.763739731069166148e-20 1.939376110414378466e-21
3.860851308817740210e+04 6.366959716557428251e-20 2.009274225694323619e-21
3.862641808395215776e+04 6.538084359841715948e-20 1.899791563295817770e-21
3.864432298124759109e+04 6.546227173056381486e-20 1.993552632380461484e-21
3.866222777997489175e+04 6.835145776828647659e-20 1.910801430463699816e-21
3.868013248010726238e+04 6.493506172755809235e-20 1.891523288211808500e-21
3.869803708162444673e+04 6.071420768253246929e-20 1.991428857266694026e-21
3.871594158445145149e+04 6.912154018835582977e-20 1.894541067977240536e-21
3.873384598854061915e+04 6.745725447400744687e-20 1.956151693046385159e-21
3.875175029384389927e+04 6.878694360378019282e-20 2.032508720626750826e-21
3.876965450032758963e+04 6.065059035007060089e-20 2.051628552099752973e-21
3.878755860794391629e+04 6.415976822665170810e-20 2.092638096061315006e-21
3.880546261664510530e+04 6.113768733537906774e-20 1.951346953702687628e-21
3.882336652638339001e+04 5.777246919173131613e-20 1.829871845289942184e-21
3.884127033707635564e+04 6.300495638229831419e-20 1.865368976695831840e-21
3.885917404870387691e+04 6.617057708551746815e-20 1.956292059326899228e-21
3.887707766123853798e+04 7.139114515835664218e-20 1.865595693041116192e-21
3.889498117460508365e+04 7.096986278419793002e-20 1.929915025602240692e-21
3.891288457903212839e+04 6.573217335839623042e-20 1.938540658509767669e-21
3.893078787223280233e+04 6.439048911217505544e-20 1.898752847825797373e-21
3.894869106613468466e+04 6.549568804890301670e-20 1.876537296123256560e-21
3.896659416068372229e+04 6.587546961135576916e-20 1.956098489681911000e-21
3.898449715583183570e+04 6.219256233815952292e-20 1.910446662857293786e-21
3.900240005153777020e+04 6.435541659181706597e-20 1.933296774194106689e-21
3.902030284774621396e+04 6.895079420499232803e-20 1.998299629634028963e-21
3.903820554441623972e+04 6.413485528212902113e-20 1.910268799369411940e-21
3.905610814147231576e+04 6.401217965351310866e-20 1.936822889187714912e-21
3.907401063889358193e+04 6.648067237197043312e-20 1.888178049295758007e-21
3.909191303663860890e+04 6.829064773711208710e-20 1.881249310042166284e-21
3.910981533463153028e+04 6.770879927122508785e-20 1.843906094882664082e-21
3.912771753283804719e+04 6.322674638726693623e-20 1.952564950049713840e-21
3.914561963120300788e+04 6.644375437634812268e-20 1.924506264131945239e-21
3.916352162969173514e+04 7.465668294195251323e-20 1.994666995825808058e-21
3.918142352824892441e+04 6.705561237375440733e-20 1.941351583202278498e-21
3.919932532681917655e+04 6.521546476504360002e-20 1.930700044262724386e-21
3.921722702536803263e+04 6.848508684688976347e-20 1.877411057599519457e-21
3.923512862385385233e+04 6.172520730256560164e-20 1.962966878512235697e-21
3.925303012220078381e+04 6.812373361344147748e-20 1.942690720505017062e-21
3.927093152037380787e+04 6.442121051043157522e-20 1.857733742653728714e-21
3.928883281833124056e+04 6.578339635476154715e-20 1.829730781873485719e-21
3.930673401601101068e+04 6.735711959497950213e-20 1.887927583755810960e-21
3.932463511336447846e+04 6.469660059572341107e-20 1.900411814609762715e-21
3.934253611034990172e+04 6.490210589375178703e-20 1.794955649606311383e-21
3.936043700693886785e+04 6.817369573842670091e-20 1.853020990852870136e-21
3.937833780304863467e+04 6.559509689064064534e-20 1.837643149860021360e-21
3.939623849864423391e+04 6.618159408595544086e-20 1.850309990859166578e-21
3.941413909367015731e+04 6.441711096072252911e-20 1.959772368106719014e-21
3.943203958808438620e+04 6.335285009887485432e-20 1.930577415166924876e-21
3.944993998185150849e+04 6.014952263291962109e-20 1.880476657799787780e-21
3.946784027489563596e+04 6.204377777733749733e-20 2.015704632744769597e-21
3.948574046718158206e+04 6.527751158457352609e-20 1.870822082774378034e-21
3.950364055866050330e+04 6.776102373076354061e-20 1.923768298650780543e-21
3.952154054928332334e+04 6.428719505830731181e-20 2.009102668423122119e-21
3.953944043900779798e+04 6.839308725119528063e-20 1.936138671276731969e-21
3.955734022777834616e+04 6.781051632910979834e-20 1.981450851272953197e-21
3.957523991555967950e+04 7.015555122495547671e-20 2.022342412426451220e-21
3.959313950226848829e+04 6.691070662338302941e-20 1.967964909871673749e-21
3.961103898787600338e+04 6.295654658716985515e-20 1.979622797420944436e-21
3.962893837234007515e+04 6.519951696137852726e-20 2.000776187787973885e-21
3.964683765559805761e+04 6.385170970122942343e-20 1.911117320069074516e-21
3.966473683761441498e+04 6.450598934751282083e-20 1.927787406238079243e-21
3.968263591832627571e+04 6.863114557324951049e-20 1.785385492927196502e-21
3.970053489769093721e+04 5.553414300854576996e-20 1.797140135639612888e-21
3.971843377566633717e+04 6.033021781096051504e-20 1.973795444074068442e-21
3.973633255219634157e+04 5.928165111177168900e-20 1.930267680814732809e-21
3.975423122723164124e+04 5.790024112405728687e-20 1.968973451919207423e-21
3.977212980071586935e+04 6.015677236337941747e-20 1.932338960695067950e-21
3.979002827260644699e+04 5.973086580440546870e-20 1.923880786524794742e-21
3.980792664286107174e+04 6.544670966254079140e-20 1.960927295502494318e-21
3.982582491143031075e+04 6.467353992395956418e-20 1.982848882426483907e-21
3.984372307824412565e+04 6.318684074111737147e-20 1.942470229285241457e-21
3.986162114327319432e+04 5.890266341646767719e-20 1.838439935006457123e-21
3.987951910645463795e+04 5.908091946026296605e-20 1.961744852429950760e-21
3.989741696774577576e+04 5.794184090563765877e-20 1.965612301286300177e-21
3.991531472709703667e+04 5.840280678194964885e-20 2.004625271938370742e-21
3.993321238445862400e+04 6.436484579139852594e-20 1.968591076472604774e-21
3.995110993978085753e+04 6.287561617588285209e-20 2.060784720977257075e-21
3.996900739301421709e+04 6.041693674759386282e-20 2.012303949807588644e-21
3.998690474411592004e+04 6.062881586133959816e-20 1.974597017712597874e-21
4.000480199301564426e+04 6.279136672149371303e-20 2.006254619077881296e-21
4.002269913969060872e+04 6.359301771866523394e-20 2.012701549653915171e-21
4.004059618407086964e+04 6.872174761571912385e-20 2.167006696488585502e-21
4.005849312611343339e+04 5.982728541627262827e-20 2.014559652533558136e-21
4.007638996576843056e+04 6.232120497525612301e-20 1.907845994435785184e-21
4.009428670298578800e+04 6.599609311513084929e-20 1.922267464463210283e-21
4.011218333771556354e+04 6.424481054841271564e-20 1.985032165645964480e-21
4.013007986990800418e+04 6.529670712294525976e-20 2.128171772925837825e-21
4.014797629951313138e+04 6.507419452864931858e-20 2.164634441644239947e-21
4.016587262648085743e+04 6.715535021387824718e-20 2.124334722014074762e-21
4.018376885076082544e+04 6.098299309683481707e-20 2.043030190163411112e-21
4.020166497230331879e+04 6.339585426216902670e-20 2.187695814952224076e-21
4.021956099105819158e+04 6.630756789340258927e-20 2.216564583860201330e-21
4.023745690696848033e+04 6.308393600550481432e-20 2.124589579352347237e-21
4.025535272000425175e+04 6.392780990039143984e-20 2.192960158432104993e-21
4.027324843008806056e+04 6.202720756952723391e-20 2.105642389623160823e-21
4.029114403718349058e+04 6.252983402416442541e-20 2.017107223798482007e-21
4.030903954124714073e+04 6.525042094399682042e-20 2.115823148900719117e-21
4.032664330843859352e+04 5.891647392119368389e-20 2.010827330832764104e-21
4.034453858070349088e+04 5.893953441239352162e-20 1.957776823374738580e-21
4.036243375497606030e+04 6.339877905342676747e-20 1.974911821310722442e-21
4.038032882605673512e+04 6.071666604881118914e-20 1.894955163636513399e-21
4.039822379383192310e+04 5.826138016138241652e-20 1.821467539755656227e-21
4.041611865827783913e+04 5.827602879967018148e-20 1.875348180831291810e-21
4.043401341932424111e+04 6.484147549221947335e-20 2.020520285207116072e-21
4.045190807693386887e+04 6.059789527331870417e-20 1.977577070330905773e-21
4.046980263104268670e+04 6.506599642171750274e-20 2.103337350732496518e-21
4.048769708161336166e+04 6.360745019055989918e-20 2.086306660624485107e-21
4.050559142858882115e+04 6.653642466237285663e-20 2.085151665551925394e-21
4.052348567191836628e+04 6.955825348756594518e-20 2.042894228215837339e-21
4.054137981155127636e+04 6.655689209065600439e-20 2.054738062310577863e-21
4.055927384743654693e+04 6.427243744658183163e-20 2.036441473364030197e-21
4.057716777951694530e+04 6.024652330369819782e-20 2.054076543932443445e-21
4.059506160775510943e+04 6.121571800202474916e-20 1.981634232454697764e-21
4.061295533208682900e+04 6.628523623827528696e-20 1.970134409696555654e-21
4.063084895246102678e+04 6.134364922625833503e-20 1.988322977398870714e-21
4.064874246884711465e+04 6.536204604689572805e-20 2.021781897556360372e-21
4.066663588118094776e+04 6.105602511589276958e-20 1.964258678149475918e-21
4.068452918941142707e+04 6.310610183142556142e-20 2.047760622673461811e-21
4.070242239348063595e+04 6.235446206663098228e-20 2.020721666236540925e-21
4.072031549334430019e+04 6.120663326386046964e-20 2.015716671600712479e-21
4.073820848895834934e+04 6.218046142981019659e-20 1.956005016536268945e-21
4.075610138026496134e+04 6.546439367482616276e-20 1.988757302961157409e-21
4.077399416720595764e+04 5.858452745508406968e-20 1.949167481433170165e-21
4.079188684972347255e+04 5.220829299865490881e-20 1.820371850472112754e-21
4.080977942778662691e+04 6.078939839229105335e-20 2.026081600918482304e-21
4.082767190133112308e+04 6.356436198772935664e-20 1.918962293326196486e-21
4.084556427033234650e+04 6.516301446984154108e-20 1.953285649538129152e-21
4.086345653471877449e+04 6.342926463772243631e-20 2.036839969033444092e-21
4.088134869443243224e+04 6.461067155882987127e-20 2.007311908082259072e-21
4.089924074943541200e+04 6.363609973269327000e-20 1.916099577683833335e-21
4.091713269966287771e+04 5.927923789583740240e-20 1.917034343904756772e-21
4.093502454506985669e+04 5.736408291402284285e-20 1.992553875855793148e-21
4.095291628559850506e+04 5.852644871208398332e-20 1.961807229086639397e-21
4.097080792121755076e+04 6.343750679004869288e-20 2.004181080069403337e-21
4.098869945186199766e+04 6.055495255190329072e-20 2.034858416180083786e-21
4.100659087747317244e+04 6.136975276891107228e-20 1.987667517335653704e-21
4.102448219799304206e+04 6.494642173464076845e-20 2.073035094387559788e-21
4.104237341339691920e+04 6.149354596907891011e-20 2.018631638118763054e-21
4.106026452361309930e+04 6.217204165336104410e-20 2.013072205053078703e-21
4.107815552859629679e+04 6.173077565532016826e-20 2.031842769110167108e-21
4.109604642829506338e+04 6.392857962379649333e-20 2.056506208394276735e-21
4.111393722267114208e+04 6.247826213199896105e-20 2.114812798999545496e-21
4.113182791165264643e+04 5.893275154361545920e-20 2.055458203438001793e-21
4.114971849520073010e+04 5.725491560611974918e-20 1.993208371586382072e-21
4.116760897324360121e+04 6.294992378339258016e-20 2.122513354284454096e-21
4.118549934574963117e+04 6.640048738325849922e-20 2.160699636318239791e-21
4.120338961266030674e+04 6.301662282381045134e-20 2.105910359232401310e-21
4.122127977392984030e+04 6.133852657278141729e-20 2.046543327278462231e-21
4.123916983010164404e+04 6.481935150103890351e-20 2.117685388736104768e-21
4.125705985925767891e+04 6.372257242108412067e-20 2.293282146186117937e-21
4.127495024865815503e+04 6.062166961376453501e-20 2.056509647335028807e-21
4.129284053592696728e+04 6.159942871000590884e-20 2.003561311458862198e-21
4.131073071727812930e+04 6.150795927551119208e-20 2.150508969455470561e-21
4.132862079265300417e+04 6.080338774667812788e-20 2.128173470715263458e-21
4.134651076201937394e+04 5.992163726801383519e-20 2.122412329695985205e-21
4.136440062529796705e+04 6.184867133360948221e-20 2.049222630812395454e-21
4.138229038245006086e+04 6.004506258253518448e-20 2.049818551720075217e-21
4.140018003339522693e+04 5.846541679315654072e-20 2.070250287017589626e-21
4.141806957300705108e+04 6.036792494610997227e-20 2.064333680873610947e-21
4.143566610576977837e+04 6.199068531392700251e-20 2.085928899870342632e-21
4.145355541747321695e+04 5.828080667024874522e-20 2.100085101431411599e-21
4.147144462279361323e+04 6.009067558879555717e-20 2.056447175269945673e-21
4.148933372167150810e+04 6.014363389692786233e-20 2.170574895449187264e-21
4.150722271405412175e+04 6.201619580191665730e-20 1.959116456192054469e-21
4.152511159987549036e+04 6.344384650043133484e-20 2.003343872479529063e-21
4.154300037911746767e+04 6.471593871262803826e-20 2.087227975653212624e-21
4.156088905169277859e+04 6.102933082532976107e-20 2.032003535432408021e-21
4.157877761754862877e+04 6.097970308917400067e-20 2.045384649715456544e-21
4.159666607665333140e+04 6.437750732036350818e-20 1.990844439312474456e-21
4.161455442895413580e+04 5.810210607889717722e-20 1.953882453213798848e-21
4.163244267440493422e+04 5.800109352763325530e-20 2.043492001448309244e-21
4.165033081292536372e+04 6.279790923236930190e-20 2.070619136400734754e-21
4.166821884447658522e+04 5.902226826858570097e-20 2.118039480414539187e-21
4.168610676901262195e+04 6.572247796168588508e-20 2.046401091529966085e-21
4.170399458645960112e+04 6.158735626612083392e-20 2.084278048595034350e-21
4.172188229677845084e+04 6.003047452240446056e-20 2.046048111633720038e-21
4.173976989991639130e+04 5.798991501507687945e-20 2.102499243176271631e-21
4.175765739582732931e+04 6.405466717508902527e-20 2.041022878635987309e-21
4.177554478446475696e+04 5.950086149927456302e-20 2.049540815603018037e-21
4.179343206574815849e+04 5.980116378376930387e-20 2.097071038196954433e-21
4.181131923963149166e+04 5.842856111556429787e-20 1.966555963202657351e-21
4.182920630606845953e+04 6.023427350641090480e-20 1.978862357302648840e-21
4.184709326500546740e+04 6.009290748900133048e-20 1.965823016792705536e-21
4.186498011639657489e+04 5.929123051790888894e-20 1.976969521645250364e-21
4.188286686018164619e+04 6.316072311976216080e-20 2.086566120159253516e-21
4.190075349631422432e+04 5.773420941472270347e-20 1.972327140800697341e-21
4.191864002472679567e+04 6.248901227340983770e-20 2.009981112077692075e-21
4.193652644536641310e+04 5.955413090925325670e-20 2.043347074188138392e-21
4.195441275819347356e+04 5.636015326892613415e-20 1.962537592693942315e-21
4.197229896312670462e+04 6.230398918067732236e-20 2.040293542568150405e-21
4.199018506016091123e+04 5.681604696410945430e-20 1.979788172435836215e-21
4.200807104920136044e+04 5.903749785878905058e-20 2.037252272390527220e-21
4.202595693022216437e+04 6.117455997813782793e-20 2.056880482111890715e-21
4.204384270314874448e+04 6.672557585187086312e-20 2.127758228357996472e-21
4.206172836791363807e+04 5.866826343812524110e-20 1.984357536790839462e-21
4.207961392449804407e+04 6.103785345573933084e-20 1.983134783422306743e-21
4.209749937284821499e+04 5.982155433299326536e-20 1.941828320885798172e-21
4.211538471288236906e+04 6.283342450943282740e-20 1.967936799032780053e-21
4.213326994457471301e+04 5.972581615609807472e-20 1.931897844005206358e-21
4.215115506783688033e+04 6.035609728573553645e-20 1.969841233420444435e-21
4.216904008264269942e+04 5.902719200931524472e-20 1.952703075329782955e-21
4.218692498893099400e+04 6.106231411685714038e-20 1.905624854200120728e-21
4.220480978664824215e+04 6.154231870397857607e-20 1.913113645167360272e-21
4.222269447574050719e+04 5.759693008075059640e-20 1.991538954519991104e-21
4.224057905616742937e+04 6.326400152699846878e-20 1.927601458817420572e-21
4.225846352785414638e+04 5.912909024988711776e-20 1.882202859837672994e-21
4.227634789074681612e+04 5.918639164249995633e-20 1.944918155605447031e-21
4.229423214478440059e+04 5.823340456703345646e-20 1.981077185073087911e-21
4.231211628994712373e+04 6.516214141820968260e-20 2.000435571587971909e-21
4.233000032615323289e+04 5.921758404357038111e-20 1.912354502943133240e-21
4.234788425336257205e+04 5.940534613141992461e-20 1.901923342064997043e-21
4.236576807150693639e+04 6.033543977795938884e-20 1.934748580633721628e-21
4.238365178052467672e+04 6.227825775183429759e-20 1.938417642030922035e-21
4.240153538038967235e+04 5.892876636876164191e-20 1.925983659175302996e-21
4.241941887104061607e+04 5.890979888837146240e-20 1.899944606114410659e-21
4.243730225242296001e+04 6.089482082865526809e-20 1.906369826056732701e-21
4.245518552445431851e+04 5.521369369940910958e-20 1.882591923906799162e-21
4.247306868709443370e+04 6.242401026614009848e-20 1.972291928126505310e-21
4.249095174031655915e+04 6.223290092338797623e-20 1.945242502117317566e-21
4.250883468403801089e+04 6.003237344653134634e-20 1.922535559777029691e-21
4.252671751821133512e+04 5.915761606919198850e-20 2.013513251344161984e-21
4.254460024278207857e+04 6.393850721722381629e-20 1.984540627145325480e-21
4.256248285768157803e+04 5.968812112030795914e-20 1.994543857707522077e-21
4.258036536288952630e+04 6.265112409297276217e-20 1.978971958020624218e-21
4.259824775832380692e+04 5.811453455465569199e-20 1.983362740243025504e-21
4.261613004393660958e+04 6.119310031126286371e-20 1.999474264919656926e-21
4.263401221966584126e+04 6.389286441958934859e-20 2.014185325213773779e-21
4.265189428546368435e+04 5.690028433733915727e-20 1.985665018023103335e-21
4.266977624128242314e+04 6.149617603334232763e-20 2.006217019372612158e-21
4.268765808705320524e+04 6.317940987363795505e-20 2.003176722343117137e-21
4.270553982274144073e+04 5.765577807249296809e-20 2.002421342025012951e-21
4.272342144827171433e+04 5.751347719083688336e-20 1.937976303238162042e-21
4.274130296357507905e+04 6.208264576309099020e-20 1.962387109931502540e-21
4.275918436864499381e+04 5.678693055811667646e-20 2.018799996752110490e-21
4.277706566339136771e+04 6.404661083174275347e-20 2.042281168255948141e-21
4.279494684775941278e+04 6.225519854583841088e-20 2.064775781101475534e-21
4.281282792169387540e+04 6.557828710819250653e-20 2.105515750456899057e-21
4.283070888516696868e+04 5.897819208491904873e-20 2.055846160067992110e-21
4.284858973809587769e+04 6.331422442677248328e-20 2.010103396416535327e-21
4.286647048042542156e+04 6.138360686385681535e-20 1.969518990146454358e-21
4.288435111211395269e+04 6.499338041806709320e-20 2.013915988433443560e-21
4.290223163307804498e+04 6.083247149198824054e-20 1.954545147218776783e-21
4.292011204330442706e+04 6.129736309184948120e-20 1.992993210625075644e-21
4.293799234272373724e+04 6.257422195025672775e-20 2.073248687600664547e-21
4.295587253125208372e+04 5.508027022808372134e-20 1.952248324904542657e-21
4.297375260885517491e+04 5.937351290686317157e-20 1.943149186241325635e-21
4.299163257549847185e+04 5.943853172292955280e-20 2.026551431836440605e-21
4.300951243109129427e+04 5.918171855654566598e-20 2.059674910689049601e-21
4.302739217558478413e+04 6.455626358138786267e-20 2.111123341476064292e-21
4.304527180894446064e+04 5.957651175552840675e-20 2.062043789521140502e-21
4.306315133110069291e+04 5.860189736625790565e-20 2.000970758410552654e-21
4.308103074198327522e+04 5.562645386537131533e-20 1.937098833906674812e-21
4.309891004155069822e+04 5.692109437901261290e-20 2.066921848622650122e-21
4.311678922975415480e+04 5.930243820254362229e-20 1.996053544930665856e-21
4.313466830653758370e+04 6.220425825905592541e-20 1.970711907647241843e-21
4.315254727183089562e+04 6.191147795249595705e-20 1.991074191957264835e-21
4.317042612558547989e+04 5.877557105275373119e-20 2.004648745397602298e-21
4.318830486773827579e+04 6.233333007432247153e-20 2.058506465108168370e-21
4.320618349825376936e+04 5.929867051255759647e-20 1.998443862728035751e-21
4.322406201705528656e+04 5.872661443150629112e-20 1.982706976674542070e-21
4.324194042408672249e+04 6.003023407704204155e-20 2.022736578091793013e-21
4.325981871929868066e+04 5.676073651918353777e-20 2.074685923477882805e-21
4.327769690265590179e+04 5.851127052842905481e-20 2.043452843906417219e-21
4.329557497406742186e+04 5.989500417944024156e-20 2.061588011998524637e-21
4.331345293348388805e+04 6.005940283005947780e-20 2.058650287604646194e-21
4.333133078085554007e+04 5.772410061901706876e-20 2.028067387660138181e-21
4.334920851614044659e+04 6.268263479987255384e-20 2.134573484371346986e-21
4.336708613925419922e+04 5.890404557847060966e-20 2.251768604222341917e-21
4.338496365015407355e+04 6.012906498035498152e-20 2.184962371901458374e-21
4.340284104879065853e+04 5.724967727274039815e-20 2.325317615942749757e-21
4.342071833510061697e+04 5.857863517666187240e-20 2.105385832341658770e-21
4.343859550902024785e+04 6.166246918643248495e-20 2.099313075737374418e-21
4.345647257049968175e+04 5.845993223049211453e-20 2.105416788047119369e-21
4.347434951950368122e+04 5.843723637920871626e-20 2.070814834738196337e-21
4.349222635592648294e+04 6.338107022333227938e-20 2.216980603178340925e-21
4.351010307974592433e+04 5.907758462436872923e-20 2.093439513272361223e-21
4.352797969090566767e+04 6.205532989649893927e-20 2.152950787828516020e-21
4.354585618934191734e+04 6.412362429119514705e-20 2.084696591489851638e-21
4.356373257499054307e+04 6.196940144400319012e-20 2.116834766241325885e-21
4.358160884780166089e+04 6.130187551776907683e-20 2.067066966854337752e-21
4.359948500773264823e+04 5.964310192135767543e-20 1.935119847522609329e-21
4.361736041356626083e+04 6.170020802244794082e-20 2.021381962154938824e-21
4.363523546564232674e+04 6.006810920440242731e-20 2.062166595751698870e-21
4.365311040466988925e+04 6.199645517481596396e-20 2.016799803743716157e-21
4.367098523059891158e+04 5.478571404353087481e-20 2.084841163828283332e-21
4.368885994335773285e+04 5.438174839948272868e-20 2.078876683557480817e-21
4.370673454289660731e+04 6.218625926402854766e-20 2.135209485912757339e-21
4.372460902916538907e+04 5.816350898235895383e-20 2.077580716141634091e-21
4.374248340209258458e+04 5.955518946177501361e-20 2.052306530847596637e-21
4.376035766162084474e+04 5.881096387264840668e-20 1.996909648310160230e-21
4.377823180772117485e+04 6.287661004014900148e-20 2.041315241767846806e-21
4.379581015248414769e+04 5.738597174253319567e-20 1.921215679013034418e-21
4.381368405078722571e+04 5.853702544042882544e-20 2.012965697623435002e-21
4.383155783549176704e+04 5.760622155730886056e-20 2.026418974221658326e-21
4.384943150652200711e+04 6.037342643615223233e-20 2.172179000730052878e-21
4.386730506381354644e+04 6.195092277775193365e-20 2.133236991015039090e-21
4.388517850730910141e+04 6.352490673108482972e-20 2.084830766127963427e-21
4.390305183695087180e+04 6.257793461607544447e-20 2.076685826507841743e-21
4.392092505267423985e+04 6.127763565451032132e-20 2.043099876118825633e-21
4.393879815444217093e+04 6.579384880936022396e-20 2.084111231314253589e-21
4.395667114216968184e+04 5.820568450047163680e-20 2.074296957112634686e-21
4.397454401581230195e+04 5.840458879492735270e-20 2.004209320859548472e-21
4.399241677532620088e+04 5.845122814614053569e-20 2.093573199566289728e-21
4.401028942063987779e+04 5.653755206615042889e-20 2.030993316889555210e-21
4.402816195168138074e+04 5.506208364440992424e-20 2.259876220012468428e-21
4.404603436840649374e+04 6.067351833905531939e-20 2.021396595240302795e-21
4.406390667077113903e+04 5.993176763505940175e-20 2.125274397111041429e-21
4.408177885868310841e+04 5.997905020307009367e-20 2.064492185755077190e-21
4.409965093212495412e+04 5.898597313953787845e-20 2.059681877466938620e-21
4.411752289101159113e+04 6.055435731540095029e-20 2.107229325510737347e-21
4.413539473527789232e+04 5.893741365753439801e-20 2.044379939632291024e-21
4.415326646489284030e+04 5.956217607086991166e-20 2.150062413284100207e-21
4.417113807978477416e+04 6.059855768175829174e-20 2.130078849627724174e-21
4.418900957988860318e+04 6.113819574282610841e-20 2.120380996760543175e-21
4.420688096515931102e+04 5.849064597742672998e-20 2.192414031055670346e-21
4.422475223553193064e+04 5.536151037425272386e-20 2.027821261076580700e-21
4.424262339094134950e+04 5.162340386812989663e-20 2.132680574713780885e-21
4.426049443134232570e+04 5.957612197196156421e-20 2.244043138135845477e-21
4.427836535665614065e+04 5.784037856269650473e-20 2.266103017121656975e-21
4.429623616685169691e+04 6.018804481181802996e-20 2.172941327039983732e-21
4.431410686184980295e+04 5.813688520032593205e-20 2.115669176220096223e-21
4.433197744159854483e+04 5.577402250982257144e-20 2.090265404994490810e-21
4.434984790605310991e+04 5.926782178743015861e-20 2.052916590420329420e-21
4.436771825512064243e+04 5.522635765552552275e-20 2.106263470952059183e-21
4.438558848877610581e+04 5.926916671175303246e-20 2.088124418220864736e-21
4.440345860694076691e+04 5.910122723018493501e-20 2.081793481460560310e-21
4.442132860956237710e+04 5.613008233471330660e-20 2.181586722752160327e-21
4.443919849658188468e+04 6.054667711340340833e-20 2.201821956893507947e-21
4.445706826794068184e+04 6.026382759968124592e-20 2.091661219226145932e-21
4.447493792358654900e+04 5.619985119188526024e-20 2.089916877764660734e-21
4.449280746343974170e+04 5.248858107602738503e-20 2.059037605365060567e-21
4.451067688746191561e+04 6.042933826486068043e-20 2.246598303117807741e-21
4.452854619559420826e+04 6.100779382474093487e-20 2.078952498061498611e-21
4.454641538777007372e+04 5.567318889895322611e-20 2.087288684746003623e-21
4.456428446391015314e+04 5.730355909018977809e-20 2.137650213762095356e-21
4.458215342399624933e+04 5.278550676315327671e-20 2.061439921661515701e-21
4.460002226793485897e+04 5.034404083200225048e-20 2.172409654053407279e-21
4.461789099568704842e+04 5.799920869596113831e-20 2.179471290306285183e-21
4.463575960714121902e+04 5.376296924820990101e-20 2.119010905233078322e-21
4.465333141937106848e+04 5.965297810015588080e-20 2.144649726906014636e-21
4.467119977739974274e+04 5.883640432843507508e-20 2.132048357013251066e-21
4.468906801898848062e+04 5.921833076973573688e-20 2.013963558395322193e-21
4.470693614409141446e+04 6.094891455541108847e-20 2.163640309609499970e-21
4.472480415264907788e+04 6.154390957541680763e-20 2.109364842921733343e-21
4.474267204458112246e+04 5.761482100482861142e-20 2.132087715230732490e-21
4.476053981984849815e+04 5.944831027529186943e-20 2.143314875147772624e-21
4.477840747837763774e+04 5.835512448378896543e-20 2.170899693266488021e-21
4.479627502012302284e+04 6.207677953296236317e-20 2.130211014755231334e-21
4.481414244501754729e+04 6.671641621350556789e-20 2.152916601047835730e-21
4.483200975300137361e+04 5.386022256873777052e-20 2.074157772715780141e-21
4.484987694400094915e+04 5.257631250781088896e-20 2.088790053459391315e-21
4.486774401798406325e+04 5.383554100807267254e-20 2.048355017877023146e-21
4.488561097487665393e+04 5.719211343641170479e-20 2.030590532627788026e-21
4.490347781461910927e+04 5.522735298145787099e-20 2.009575792448398638e-21
4.492134453715111886e+04 5.770184450416661767e-20 2.033056047579859344e-21
4.493921114239843882e+04 5.476730869560320845e-20 2.250392309106096849e-21
4.495707763032225193e+04 5.632766332792346807e-20 2.091779255554192010e-21
4.497494400086222595e+04 6.181822330577952603e-20 2.150689652888167281e-21
4.499281025394391327e+04 5.983350350413114597e-20 2.187723142517388734e-21
4.501067638951444678e+04 5.413526562501144638e-20 2.228161320233606961e-21
4.502854240752029000e+04 6.047213866747014043e-20 2.141429930647898487e-21
4.504640830788690801e+04 5.576611228130361887e-20 2.068021932286257829e-21
4.506427409056821489e+04 5.621692686819977018e-20 2.155588582465062215e-21
4.508213975548972667e+04 5.641735550063059435e-20 2.072828997394347776e-21
4.510000530259756488e+04 5.913574950478178242e-20 2.118943809475986751e-21
4.511787073183164466e+04 5.710008981613368530e-20 2.036585449454870798e-21
4.513573604313127726e+04 5.354526476657495298e-20 2.022457879759569545e-21
4.515360123644245323e+04 5.309914440675716788e-20 2.045413706193401618e-21
4.517146631168403837e+04 5.591393411489681542e-20 2.107122709802488729e-21
4.518933126883010118e+04 5.901932827667984861e-20 2.109482783799520021e-21
4.520719610777761409e+04 5.831351517728286511e-20 2.055810059688209134e-21
4.522506082849417726e+04 6.073285028935860608e-20 2.103966282758911851e-21
4.524292543091883999e+04 5.449952265211209579e-20 2.050941187687229840e-21
4.526078991496939125e+04 6.054293483498380386e-20 2.112544234488538588e-21
4.527865428060627892e+04 5.627431268878259123e-20 2.021467169561293984e-21
4.529651852776146552e+04 5.557173303317540243e-20 2.116436490196158865e-21
4.531438265637352015e+04 5.713817253099816441e-20 2.254563167363407873e-21
4.533224666637487826e+04 5.653797704855398896e-20 2.119510346217581873e-21
4.535011055772525287e+04 5.702815434610564642e-20 2.156994974281703950e-21
4.536797433034213464e+04 5.381058884227655067e-20 2.040222045492517882e-21
4.538583798416484206e+04 5.178654547652317724e-20 2.026505702367044645e-21
4.540370151914594317e+04 5.789561137368933586e-20 2.079759022457428480e-21
4.542156493520981894e+04 5.157995216171251706e-20 2.030191072792129466e-21
4.543942823230953945e+04 5.684692167931467983e-20 2.110048169119254594e-21
4.545729141037657973e+04 5.185699147573296203e-20 2.045756683772220812e-21
4.547515446934922511e+04 5.390092562734623710e-20 2.000645219674465110e-21
4.549301740915943810e+04 5.354768371852474345e-20 2.029934964641791813e-21
4.551088022975951026e+04 4.927657916546466270e-20 2.048728400056986130e-21
4.552874293107366248e+04 5.009373853721492037e-20 2.057693293845276613e-21
4.554660551306157868e+04 5.523927170012687164e-20 1.995683454561287192e-21
4.556446797563349537e+04 5.587826308306658284e-20 2.066949169539927414e-21
4.558233031874150765e+04 5.529856922396739866e-20 2.018622054322801491e-21
4.560019254232426465e+04 5.434810263719733918e-20 2.028420637902135024e-21
4.561805464632660005e+04 5.403268904115773210e-20 2.101573319990965314e-21
4.563591663067964691e+04 5.143256212936304099e-20 2.099582768963416361e-21
4.565377849532188702e+04 5.776852795432950045e-20 2.072872498583073383e-21
4.567164024018406781e+04 5.314808911994721962e-20 2.173241624858491378e-21
4.568950186521119758e+04 5.165991131249682386e-20 2.145869696096440035e-21
4.570736337034153257e+04 5.507050792199732763e-20 2.114997793541733719e-21
4.572522475551962998e+04 5.463424663630647097e-20 2.172685818265534585e-21
4.574308602066253661e+04 5.605109352145481935e-20 2.213175933413340110e-21
4.576094716573623009e+04 5.811742211487207873e-20 2.127558373236311625e-21
4.577880819065019750e+04 4.905883490100423726e-20 2.052303649234036626e-21
4.579666909537028550e+04 5.535269104811488881e-20 2.098547438655670809e-21
4.581452987981346087e+04 5.590305990400043669e-20 2.154275842751867182e-21
4.583239054393082915e+04 5.942616924708882955e-20 2.092640040341898694e-21
4.585025108763945900e+04 5.796930015688286204e-20 2.059474164246691207e-21
4.586811151090487692e+04 4.898374485773388872e-20 2.044506036897847806e-21
4.588597181364314019e+04 5.988027014301106522e-20 2.108244159281986606e-21
4.590383199579919892e+04 5.815586814477969221e-20 2.159931120440808786e-21
4.592169205731742841e+04 5.370999403772609013e-20 2.171344459160471013e-21
4.593955199814138177e+04 5.556785564431875517e-20 2.168283623643017891e-21
4.595741201036362327e+04 5.755290290266690101e-20 2.200497388600000613e-21
4.597527272759623884e+04 5.261080610726384167e-20 2.133424485859806359e-21
4.599313332389821153e+04 5.499383119361556103e-20 2.097217334731106325e-21
4.601099379923503147e+04 5.379710707001686700e-20 2.167211941008583292e-21
4.602885415351579286e+04 5.677465140367946203e-20 2.252187170556826138e-21
4.604671438670517091e+04 5.199962431177858957e-20 2.278835401220498611e-21
4.606457449871278368e+04 5.507055473803014468e-20 2.210791377729649198e-21
4.608243448948925652e+04 5.243718786419991020e-20 2.191433701481596769e-21
4.610029435897841904e+04 5.039259043751772313e-20 2.163166300180362162e-21
4.611815410711054574e+04 5.425787726505856123e-20 2.101527527644509689e-21
4.613601373382210295e+04 4.962163385280562944e-20 2.168795324197088269e-21
4.615387323905001540e+04 5.259901515508470923e-20 2.174217275963138550e-21
4.617173262272429565e+04 5.371004617693067789e-20 2.211197735841217969e-21
4.618959188479510340e+04 6.022782977356234543e-20 2.317430408946686071e-21
4.620745102519245120e+04 5.943114261777183290e-20 2.305479280569773298e-21
4.622531004384611879e+04 5.863391394945205488e-20 2.267148824343609616e-21
4.624316894069908449e+04 5.932420741613959158e-20 2.105420016909119424e-21
4.626102771570229379e+04 5.354985667698455260e-20 2.020750606844198518e-21
4.627888636875733937e+04 5.284715101047775354e-20 2.138620738399723996e-21
4.629674489983501553e+04 5.457614023636451717e-20 2.186954850175380503e-21
4.631460330885134317e+04 5.510771102231901676e-20 2.160689555721902676e-21
4.633246159574943158e+04 5.667017148859648783e-20 2.297556970517845259e-21
4.635031976047921489e+04 5.505087083780107239e-20 2.283818172933848617e-21
4.636817780294251861e+04 5.679838561775304587e-20 2.253358330920456410e-21
4.638603572311004973e+04 5.722494203842214042e-20 2.200548773019144725e-21
4.640389352089703607e+04 6.096760611513225181e-20 2.266370686621873078e-21
4.642175119625384104e+04 4.928850689933783149e-20 2.164988056713237904e-21
4.643960874910204438e+04 5.682885158407719840e-20 2.308799530539690522e-21
4.645746617938492273e+04 5.154400295565538245e-20 2.365130821458268923e-21
4.647532348704559990e+04 5.880531611439216940e-20 2.326762904779606574e-21
4.649318067199836514e+04 5.405617682024501808e-20 2.250263074872615284e-21
4.651103773420759535e+04 5.299752286076300032e-20 2.344577352279753949e-21
4.652889467358106049e+04 5.571521285670252308e-20 2.256751739168820875e-21
4.654675149008201697e+04 6.037260545039629841e-20 2.272652102030263282e-21
4.656430916794850054e+04 6.061087766021034492e-20 2.384137002576521888e-21
4.658216571277711046e+04 5.713191409228559152e-20 2.343852818596828995e-21
4.660002213911649596e+04 5.742785999556571267e-20 2.375942647340235941e-21
4.661787844233584474e+04 5.727671596391542784e-20 2.315251457507194905e-21
4.663573462236461637e+04 5.278406427299818502e-20 2.310129523470660629e-21
4.665359067911137390e+04 6.065962018733660907e-20 2.349173195376511515e-21
4.667144661251137586e+04 5.464979192712843132e-20 2.351329176014433030e-21
4.668930242251338495e+04 5.448409763993776774e-20 2.370496129852714215e-21
4.670715810904644604e+04 5.730457844822792405e-20 2.420211824449339350e-21
4.672501367205212591e+04 5.295380550061406548e-20 2.235724008869829166e-21
4.674286911143843463e+04 5.824930507202451440e-20 2.248689966919551338e-21
4.676072442718178354e+04 5.599381816551866660e-20 2.276855119754485216e-21
4.677857961918959336e+04 5.391049985367472564e-20 2.306617384765031903e-21
4.679643468739710806e+04 6.038784195236978613e-20 2.265456802570944570e-21
4.681428963175314129e+04 5.390185996803089490e-20 2.254150967051648371e-21
4.683214445218548644e+04 5.395218517383980427e-20 2.357338649726656544e-21
4.684999914862259902e+04 5.738508017466812058e-20 2.268651602498872548e-21
4.686785372101290704e+04 5.396777336688743910e-20 2.365120166755716832e-21
4.688570816928408749e+04 5.633189885503992145e-20 2.432481168494063669e-21
4.690356249335780012e+04 5.442764533062294799e-20 2.473537956600903365e-21
4.692141669320246729e+04 5.556379124321882364e-20 2.352736978087372739e-21
4.693927076871881582e+04 5.364030826936726879e-20 2.402973511738168326e-21
4.695712471985521552e+04 5.225509502310352595e-20 2.380963245278316724e-21
4.697497854655278206e+04 5.827428347200706521e-20 2.533534086790119012e-21
4.699283224873273139e+04 5.433038106049062375e-20 2.632580927274852079e-21
4.701068582634302584e+04 5.098878977089114465e-20 2.370960281245774651e-21
4.702853927929742349e+04 5.323171130035640339e-20 2.450313107247114780e-21
4.704639260755803116e+04 6.275959798538500339e-20 2.479742162277463932e-21
4.706424581103849778e+04 5.852169120275555712e-20 2.372493039559847334e-21
4.708209888968656742e+04 5.841574395250189366e-20 2.472106666695767823e-21
4.709995184341642744e+04 5.456993931798501163e-20 2.370531092937662675e-21
4.711780467218910053e+04 5.870610411948306809e-20 2.529780141736935741e-21
4.713565737591854850e+04 5.513499204588456293e-20 2.528465137737187501e-21
4.715350995454574877e+04 5.363275723796680760e-20 2.486631553765607700e-21
4.717136240801114036e+04 5.068619764517828029e-20 2.310023774357243862e-21
4.718921473622869962e+04 4.660790995192433912e-20 2.371621205283266977e-21
4.720706693915937649e+04 6.046135731922279965e-20 2.471191365952092494e-21
4.722491901670978405e+04 6.157524968617244414e-20 2.457336141957908701e-21
4.724277096884131606e+04 5.436504548607946891e-20 2.395962530564361518e-21
4.726062279546008358e+04 5.784234747162234372e-20 2.191204543547070548e-21
4.727847449648835754e+04 5.846026475199351655e-20 2.224524981083338929e-21
4.729632606733680586e+04 5.249304127662907573e-20 2.340983484230179718e-21
4.731387761417355068e+04 5.624323313666676240e-20 2.428232228938975198e-21
4.733172891695125145e+04 6.004011902434912949e-20 2.368978282970858091e-21
4.734958009389520157e+04 5.128783090780010199e-20 2.342924801795449797e-21
4.736743114495330519e+04 6.130439967095035763e-20 2.361894144880066866e-21
4.738528207003082935e+04 5.187846072433781137e-20 2.414493849061877043e-21
4.740313286908897135e+04 5.610282567158933304e-20 2.375561502481829364e-21
4.742098354203334020e+04 5.331577050728818983e-20 2.425478670052841305e-21
4.743883408881809009e+04 5.839936075279837811e-20 2.381787617930315704e-21
4.745668450936936279e+04 5.064015857263860270e-20 2.423786015160360344e-21
4.747453480361368565e+04 4.980924684913065161e-20 2.396432648306461884e-21
4.749238497149059549e+04 5.211456502582405113e-20 2.412404162178804909e-21
4.751023501294076414e+04 5.579515101531029396e-20 2.408935387617117090e-21
4.752808492788302829e+04 5.653902663150043914e-20 2.534949038967386300e-21
4.754593471626417158e+04 5.250417104174006714e-20 2.482016915287652008e-21
4.756378437801053224e+04 5.561446927248149653e-20 2.406853471541053427e-21
4.758163391304752440e+04 5.386107593122894058e-20 2.491535346375527066e-21
4.759948332132224459e+04 5.379456149078163435e-20 2.373601305945285300e-21
4.761733260276073270e+04 5.139175651356548097e-20 2.471465233559951624e-21
4.763518175729500945e+04 5.194137864002211859e-20 2.501040601140215252e-21
4.765303078484425350e+04 5.185061947821909495e-20 2.459138297705272764e-21
4.767087968536204426e+04 6.089356955548533019e-20 2.541418009717488432e-21
4.768872845877379586e+04 5.149019511089631584e-20 2.460965903211919863e-21
4.770657710501948895e+04 5.170914355929063053e-20 2.456968037934801988e-21
4.772442562402394833e+04 5.083645263450189477e-20 2.362474746984319324e-21
4.774227401571300288e+04 4.908833070921716635e-20 2.403621772033144035e-21
4.776012228002600750e+04 5.011053073955507311e-20 2.471585421956631579e-21
4.777797041688788886e+04 5.669662317102388784e-20 2.512885833546070870e-21
4.779581842624558340e+04 5.406426262409276304e-20 2.387373287278704819e-21
4.781366630803085718e+04 4.987610818454049413e-20 2.447611648647453642e-21
4.783151406216192117e+04 4.395433963512471849e-20 2.355497457906761253e-21
4.784936168857818120e+04 4.853542842822690010e-20 2.342028032688145815e-21
4.786720918721111229e+04 5.242295536839767976e-20 2.267765792064938892e-21
4.788505655799339729e+04 5.029445305065961200e-20 2.354923374634534585e-21
4.790290380086365622e+04 4.826947794740500676e-20 2.281456518865287715e-21
4.792075091573263489e+04 5.145788611429091095e-20 2.373342802755605190e-21
4.793859790256083943e+04 4.519367078297473448e-20 2.383129007687787763e-21
4.795644476125107030e+04 4.933504402632101113e-20 2.332952964878582539e-21
4.797429149176410283e+04 4.869043220940836933e-20 2.321533535169200208e-21
4.799213809399586171e+04 4.974763543795493060e-20 2.446851695853069409e-21
4.800998456791340868e+04 5.108907881191201296e-20 2.349530383533228104e-21
4.802783091343454726e+04 4.723778832957179038e-20 2.395429148710075986e-21
4.804567713048312726e+04 5.006827383998767580e-20 2.493730080245811538e-21
4.806352321901243704e+04 5.123303433164854020e-20 2.437796946858437541e-21
4.808136917892540077e+04 4.646738011524445494e-20 2.385147257681517653e-21
4.809921501016741240e+04 4.454574861787233336e-20 2.372226762465562998e-21
4.811706071268444794e+04 4.828855391286805057e-20 2.393098155277854551e-21
4.813490628637883492e+04 5.889531737026516851e-20 2.482839135106952553e-21
4.815275173120357067e+04 5.320379345179683943e-20 2.408505891284747953e-21
4.817059704707552009e+04 5.493438821578115101e-20 2.415406124779403922e-21
4.818844223393266293e+04 5.294952276205376725e-20 2.450061880325388077e-21
4.820628729171368468e+04 5.610064807273911715e-20 2.528135496681883246e-21
4.822413222033484635e+04 5.185891082257056265e-20 2.402537553606068641e-21
4.824197701974175288e+04 4.723005736114554998e-20 2.438046265017186376e-21
4.825982168985108001e+04 5.505840393446182934e-20 2.388972206058461623e-21
4.827766623060756683e+04 5.508486317784672940e-20 2.376984760996208879e-21
4.829551064180494723e+04 4.981449056677295730e-20 2.429096188090460241e-21
4.831335432107280940e+04 5.306559960006050322e-20 2.482157946759688001e-21
4.833119734214038181e+04 5.030515665932289370e-20 2.435125783016164673e-21
4.834904023359602434e+04 5.669569697360897934e-20 2.521642147052065401e-21
4.836688299536996055e+04 5.512285521018558143e-20 2.456164574313693219e-21
4.838472562740043213e+04 5.143708400973156475e-20 2.470426151729029602e-21
4.840256812960324169e+04 5.927874448473964057e-20 2.461031052813069637e-21
4.842041050191629620e+04 4.769279333323183694e-20 2.375983057985350876e-21
4.843825274426291435e+04 5.043183797266942898e-20 2.337137081216375155e-21
4.845609485659438360e+04 5.038548162468415338e-20 2.316945521527664397e-21
4.847393683882035111e+04 4.828523854686778684e-20 2.410096360115148727e-21
4.849177869087750878e+04 6.023174087797236811e-20 2.522310289640799446e-21
4.850962041268942994e+04 5.555807554247031386e-20 2.455978590996029557e-21
4.852746200421459798e+04 5.265297426060987284e-20 2.451930590454505331e-21
4.854530346534732962e+04 4.889636114423367829e-20 2.425893688816154927e-21
4.856314479602524079e+04 5.184888609768634485e-20 2.452734118761834803e-21
4.858098599618489970e+04 5.532494069348479520e-20 2.446766272387796283e-21
4.859882706576377677e+04 5.374890513986816777e-20 2.660268243051623909e-21
4.861666800468454312e+04 5.154204274692555849e-20 2.574919941663005650e-21
4.863450881287683296e+04 5.545748027453660082e-20 2.605934137921423654e-21
4.865234949027086986e+04 4.444900517441994916e-20 2.539040419354286826e-21
4.867019003679579328e+04 5.079745212136967784e-20 2.481987799424264593e-21
4.868803045238181949e+04 4.444773680369860241e-20 2.374550803580454520e-21
4.870587073695832078e+04 4.910811554364418319e-20 2.503010285432935827e-21
4.872371089044769906e+04 4.964412346731992768e-20 2.421395289438996056e-21
4.874155091278696636e+04 4.564648558629776747e-20 2.500793536071180143e-21
4.875939080391198513e+04 4.902893411616348885e-20 2.542623989923300232e-21
4.877723056374576845e+04 5.323034303047731615e-20 2.489458525218935062e-21
4.879507019221726659e+04 4.985338081553531686e-20 2.426613467917997071e-21
4.881290968924170011e+04 4.890722071393617478e-20 2.535765157719480756e-21
4.883074905477690481e+04 5.041856391635026683e-20 2.500801140422498392e-21
4.884858828873735911e+04 5.199028589132931057e-20 2.632963575165657414e-21
4.886642739105282817e+04 5.707019214297731693e-20 2.669708968074042900e-21
4.888426636164482625e+04 5.113287313770205408e-20 2.576240172544779420e-21
4.890210520044975419e+04 5.261984281651226142e-20 2.546356193864451452e-21
4.891994390740372910e+04 5.369479283978579221e-20 2.462469772111751520e-21
4.893778248242082191e+04 5.807629346420513467e-20 2.495315443162420982e-21
4.895531899256160978e+04 5.955437704869867126e-20 2.555756766046287602e-21
4.897315728201103775e+04 5.687716293646892383e-20 2.559473079645490354e-21
4.899099543935715337e+04 5.686854446368124889e-20 2.603663087146948794e-21
4.900883346447893564e+04 5.712595138790435572e-20 2.513229182845587015e-21
4.902667135730532755e+04 5.695170559812827768e-20 2.656838397235667136e-21
4.904450911777891451e+04 5.870643189583903231e-20 2.595282425767727777e-21
4.906234674582789012e+04 5.177437692485169013e-20 2.537883720866208347e-21
4.908018424136739486e+04 5.674582140346872852e-20 2.685419020244763567e-21
4.909802160433219251e+04 5.005085798077854591e-20 2.617601620912202078e-21
4.911585883465114603e+04 5.374592655098308635e-20 2.452492145186123986e-21
4.913369593225236895e+04 5.060797924444709412e-20 2.486926597540979295e-21
4.915153289706396754e+04 5.218489082722911720e-20 2.563804290338758113e-21
4.916936972900088585e+04 5.233223707309156730e-20 2.617141817274890713e-21
4.918720642803206283e+04 5.749378819626780209e-20 2.591678620213286520e-21
4.920504299403800542e+04 5.772018755616488848e-20 2.688490039051253201e-21
4.922287942697362450e+04 5.851267123214362001e-20 2.735155106337977287e-21
4.924071572675367497e+04 5.356971319383422541e-20 2.737064175306100805e-21
4.925855189332666487e+04 5.844133462333623271e-20 2.684774959322641651e-21
4.927638792659268074e+04 5.449868840351794909e-20 2.805250198330251908e-21
4.929422382650060899e+04 4.933530261530936375e-20 2.760615231188751623e-21
4.931205959297097434e+04 5.570213639797572048e-20 2.698488543225801913e-21
4.932989522593180300e+04 5.708840807465640712e-20 2.755668005136016521e-21
4.934773072530369245e+04 5.775215019864033831e-20 2.825264579001284867e-21
4.936556609102797665e+04 5.324419920744299318e-20 2.783199897348417059e-21
4.938340132301881386e+04 5.548706703190552073e-20 2.694328572960078783e-21
4.940123642121704324e+04 5.546772271104548322e-20 2.629137815283065112e-21
4.941907138554370613e+04 5.509809917680924211e-20 2.761229631932773153e-21
4.943690621592559910e+04 5.563986086467258767e-20 2.633459104617301675e-21
4.945474091227683675e+04 6.011239088168319103e-20 2.729616685953119003e-21
4.947257547455882013e+04 6.003994572065493519e-20 2.615811727015499591e-21
4.949040990265757137e+04 5.466957140127254214e-20 2.680172155577611298e-21
4.950824419653478981e+04 5.868355812712452520e-20 2.761593730757271815e-21
4.952607835609675385e+04 5.756171070205720396e-20 2.810257309772574742e-21
4.954391238128456462e+04 5.411283462804437336e-20 2.756928704122495855e-21
4.956174627201106341e+04 5.749152516742704726e-20 2.685374601719615716e-21
4.957958002816523367e+04 6.223996113838542091e-20 2.826993029107126049e-21
4.959741364542166411e+04 6.168145033469134734e-20 2.755476977673604356e-21
4.961494440771496738e+04 6.132723770875593519e-20 2.728358709457416252e-21
4.963277773831773811e+04 6.315121128552707308e-20 2.810783140641054733e-21
4.965061093411128240e+04 5.824549020941558954e-20 2.829019035737467713e-21
4.966844399498753774e+04 6.461755791848270027e-20 2.931284357056069512e-21
4.968627692089362972e+04 6.458518337632620235e-20 2.876072685160840972e-21
4.970410971177079773e+04 6.110384141614954248e-20 2.857577990117229420e-21
4.972194236752405413e+04 5.676569535710330919e-20 2.756391781641957397e-21
4.973977488809407077e+04 5.579788653112469030e-20 2.825534462082747250e-21
4.975760727338625293e+04 5.995981643328827147e-20 2.727232304797317013e-21
4.977543952334069763e+04 5.795529381803582158e-20 2.890469386129153636e-21
4.979327163790530903e+04 5.557522194598549826e-20 2.667090077464192036e-21
4.981110361696334439e+04 5.060191391607692597e-20 2.641972718169612940e-21
4.982893546046286792e+04 5.337841952765807588e-20 2.847458540781469618e-21
4.984676716834353283e+04 4.759632770832187513e-20 2.647157293474548151e-21
4.986459874051058432e+04 4.840405194684083622e-20 2.575069505748196020e-21
4.988243017689701810e+04 5.236592351463421851e-20 2.668012842618622677e-21
4.990026147742155445e+04 5.277915589378791167e-20 2.606905502698658549e-21
4.991809264201757469e+04 4.727909048751668176e-20 2.554847067934581068e-21
4.993592367061024561e+04 5.162096185874282588e-20 2.555806648693823811e-21
4.995375456314006442e+04 5.965192659589594031e-20 2.515140790634738754e-21
4.997158531951115583e+04 5.105387846629874239e-20 2.949627819639190495e-21
4.998941593964956701e+04 5.562065009079036504e-20 2.731189489589649004e-21
5.000724642348777707e+04 5.632570190908621551e-20 2.796554739399092550e-21
5.002507677096535190e+04 5.560087203340363065e-20 2.941922651715496117e-21
5.004290698197289748e+04 5.546212561727714835e-20 2.850773534412152599e-21
5.006073705647048337e+04 5.993248243107817123e-20 2.772906358705606622e-21
5.007856699436312192e+04 5.621738545416493867e-20 2.715560798276616741e-21
5.009639679558244097e+04 5.582684806282997133e-20 2.662679813154665653e-21
5.011422646005429851e+04 5.959526903449370654e-20 2.770030825950122527e-21
5.013205598771058430e+04 5.454457802722049269e-20 2.663119344662255518e-21
5.014988537846256804e+04 4.838119499336582668e-20 2.638496847524885258e-21
5.016771463224945182e+04 5.815143824558169728e-20 2.792845779670603098e-21
5.018554374898196693e+04 5.819456935096240341e-20 2.659367584238046138e-21
5.020337272859959194e+04 5.099200215872097406e-20 2.746519414373761227e-21
5.022120157100556389e+04 5.574118032037434390e-20 2.822091841379688455e-21
5.023903027615354949e+04 5.810014432320187366e-20 2.732693530810730459e-21
5.025685884394672030e+04 5.377852310881129734e-20 2.681201375919897761e-21
5.027468727432427113e+04 5.708191125902118379e-20 2.817184608936512117e-21
5.029251556718966458e+04 5.085297892894099154e-20 2.637885327177027622e-21
5.031034372249559965e+04 5.471591883908142245e-20 2.764770163670928413e-21
5.032817174013184558e+04 5.522704404154146371e-20 2.762776152108567458e-21
5.034599962005756970e+04 5.714328331443766342e-20 2.645231256676110331e-21
5.036382736219075014e+04 5.615268860655964698e-20 2.702412002171873023e-21
5.038165496643413644e+04 5.590467995258502612e-20 2.796129430084452989e-21
5.039948243273380649e+04 5.429435140957100123e-20 2.767275893903157092e-21
5.041730976100646512e+04 5.193447229517527604e-20 2.789611755567571727e-21
5.043513695117681345e+04 5.350114499178984722e-20 2.969990772985462964e-21
5.045296400316178915e+04 5.453920613992281693e-20 2.887124940433313178e-21
5.047079091689958295e+04 5.139372746960013849e-20 2.725640067507762539e-21
5.048861769230736536e+04 4.971950699047376727e-20 2.671390639462713907e-21
5.050644432930886978e+04 6.287944027215832544e-20 2.853740175828110315e-21
5.052427082782857906e+04 5.432764179829755964e-20 2.804937865975251482e-21
5.054209718778260140e+04 5.087569016293698452e-20 2.810871719876180211e-21
5.055992340910265921e+04 5.015067342010778248e-20 2.734296408848044423e-21
5.057774949172578636e+04 4.930220212816643166e-20 2.761084984662882133e-21
5.059557543554830045e+04 4.957724555476627095e-20 2.748170287583153498e-21
5.061340124050752638e+04 5.262869432699811175e-20 2.715937585528567640e-21
5.063122690653413156e+04 5.403169260288187869e-20 2.862593185513982250e-21
5.064905243354483537e+04 5.111351312767002039e-20 2.683127007228558275e-21
5.066687811566168239e+04 5.304879241621744567e-20 2.699154014952074998e-21
5.068470375662950391e+04 5.195402936231150450e-20 2.804289211641930086e-21
5.070252925835604401e+04 5.030831628119908505e-20 2.710689012670063549e-21
5.072035462073739473e+04 5.121501866930734250e-20 2.821832421264704060e-21
5.073817984371004422e+04 5.047745661687586942e-20 2.851280167163086976e-21
5.075600492719787144e+04 4.761432173962689605e-20 2.738600709307786460e-21
5.077382987112348928e+04 5.342043569750058724e-20 2.859491223215634990e-21
5.079165467541032558e+04 5.147757115818428523e-20 2.749672197104199680e-21
5.080947933998126973e+04 5.725222123862793214e-20 2.852312782717354236e-21
5.082730386475924752e+04 6.015042347202009528e-20 2.948136022305548673e-21
5.084512824966735934e+04 5.663031032527476262e-20 2.969890937419419129e-21
5.086295249462809443e+04 5.599639960690971839e-20 2.846043440246854964e-21
5.088077659956476418e+04 5.707571457536169457e-20 2.889638694494912983e-21
5.089860056439941400e+04 5.315278851406597753e-20 2.865340847597314551e-21
5.091642438905551535e+04 5.241144811665954000e-20 2.953278030934996743e-21
5.093424807345490990e+04 5.737850122476237466e-20 2.945374096885128514e-21
5.095207161752078537e+04 6.158248621074166970e-20 2.952374229630004222e-21
5.096989502117522352e+04 6.084376601436837048e-20 3.089343053640394551e-21
5.098771828434090276e+04 5.387592474890875850e-20 2.906635108809844519e-21
5.100554140694010130e+04 6.064386192632042344e-20 2.933451432576153279e-21
5.102336438889513374e+04 5.438806458274744418e-20 2.913496421034248465e-21
5.104118723011419934e+04 5.761131989774377311e-20 3.055534168040204594e-21
5.105870535572572408e+04 5.596841487263785080e-20 3.001544949380061940e-21
5.107652788924916968e+04 5.702774424947510855e-20 3.124610643094055892e-21
5.109435028595604672e+04 5.379203115226774088e-20 2.933221738952843976e-21
5.111217254166179919e+04 5.798471464372898728e-20 3.194493131048096557e-21
5.112999465625250741e+04 6.125660346120179904e-20 2.982861923805733063e-21
5.114781662965039141e+04 5.658437394795146090e-20 2.924698246311741969e-21
5.116563846176338848e+04 6.095832530044762628e-20 3.008348362957377089e-21
5.118346015254084341e+04 6.427639606673048778e-20 2.978330167584759511e-21
5.120128170188386139e+04 6.038474749752026191e-20 3.034737360488895267e-21
5.121910310972790467e+04 5.565919679882527072e-20 2.826779963732576620e-21
5.123692437598075048e+04 6.340682108610216239e-20 2.943540909275364395e-21
5.125474550057779561e+04 6.054290283303817610e-20 2.971533094747565114e-21
5.127256648343353299e+04 5.440318371465194244e-20 2.841600012145150498e-21
5.129038732446265203e+04 5.332581600602876302e-20 2.892123014393188235e-21
5.130820802359338268e+04 5.138461954282371889e-20 3.049325317713576411e-21
5.132602858075360564e+04 5.985809439943048415e-20 3.096651199389191935e-21
5.134384899584464438e+04 5.876804903433967887e-20 2.895397959446485464e-21
5.136166926881429390e+04 5.183274249082572601e-20 3.187778120661001316e-21
5.137948939956395043e+04 5.379692127386716872e-20 3.048726386786081621e-21
5.139730938802078163e+04 5.798325595510452519e-20 2.905789241668155207e-21
5.141512923409970972e+04 5.709032784263863739e-20 3.045372231616605018e-21
5.143294893774155935e+04 5.498848397125087190e-20 2.877710354948636155e-21
5.145076849885404226e+04 5.334744504131382789e-20 2.950176255943352915e-21
5.146858791734394617e+04 5.556259740133425896e-20 2.890857592445944527e-21
5.148640719315282331e+04 4.744248534141485051e-20 2.854028789497984506e-21
5.150422632619437354e+04 5.421796663996765234e-20 2.980952261720982828e-21
5.152204531639620836e+04 5.781298920220566308e-20 3.115925893493645766e-21
5.153986416365839978e+04 5.890685127317596513e-20 2.865880588446259993e-21
5.155768286792187428e+04 5.055894300668860884e-20 2.832483783558864195e-21
5.157550142910057912e+04 4.567968656011511776e-20 3.055774521657541206e-21
5.159331984712119447e+04 4.925244527589777548e-20 2.939857721631383117e-21
5.161113812187068106e+04 4.962513649980183171e-20 3.051666867145584936e-21
5.162895625332310738e+04 5.576248969722033030e-20 3.309417638026146196e-21
5.164677424131755106e+04 5.783637085067172279e-20 3.265558137206204857e-21
5.166428676191476552e+04 5.135814563475108293e-20 2.991798092426254300e-21
5.168210444093865226e+04 4.847403473869271969e-20 3.097027135702837979e-21
5.169992197631557065e+04 5.481077275145495146e-20 2.847598954240957648e-21
5.171773936796591443e+04 4.677532318754652950e-20 3.018237971539024882e-21
5.173555661578824220e+04 5.305656664900597634e-20 3.069345868772129426e-21
5.175337371974474809e+04 5.272851510058985144e-20 2.980904935246285120e-21
5.177119067974068457e+04 5.085818219060966853e-20 2.928598305203689834e-21
5.178900749567565799e+04 4.989124533680904427e-20 2.692134931324151099e-21
5.180682416748243122e+04 4.996386093124691109e-20 2.830304931924181851e-21
5.182464069508849207e+04 4.420143855569968587e-20 2.831533690299416814e-21
5.184245707839867100e+04 4.406479972924141073e-20 2.858884162980013404e-21
5.186027331734708423e+04 4.338637346001276388e-20 2.816090193424941451e-21
5.187808941183173010e+04 4.635837070155811983e-20 2.630005991008440619e-21
5.189590536180726485e+04 4.943318500457295322e-20 2.675990314422749745e-21
5.191372116715088487e+04 4.715460736901334988e-20 3.002552781968980169e-21
5.193153682781695534e+04 4.925015620844604514e-20 3.053684752582776341e-21
5.194935234370355465e+04 4.411799754340516387e-20 2.804729717548974828e-21
5.196716771473005065e+04 4.829402233204092523e-20 2.908376288475029663e-21
5.198498294082925713e+04 4.913154139922120531e-20 3.022010754962769040e-21
5.200279802192025818e+04 4.959778837584549417e-20 3.190133758231697021e-21
