1.699479680361035571e+04 4.180400365701977408e-20 9.095776422998974461e-21
1.700549676809115772e+04 5.409928945892200908e-20 8.187147366739068777e-21
1.701619672243919558e+04 5.653286889771123566e-20 8.451209669607102569e-21
1.702689666661501542e+04 5.912326707503170907e-20 8.058086004807882781e-21
1.703759660057036672e+04 6.498066295405967448e-20 9.204403337891653207e-21
1.704829652426491521e+04 5.645714163652685136e-20 8.415487782810683325e-21
1.705899643765525616e+04 4.619306427024430721e-20 8.328403384167825917e-21
1.706969634069532913e+04 6.536479239790957376e-20 8.475215780622521878e-21
1.708039623334381395e+04 4.240001972253440502e-20 7.863193944340215511e-21
1.709109611555652373e+04 7.128854771359718115e-20 8.334515442137467573e-21
1.710179598729010468e+04 5.614091676251076198e-20 8.697262000215139168e-21
1.711249584849856183e+04 7.023769353826921127e-20 8.203454902624236435e-21
1.712319569914136810e+04 4.715821896231240706e-20 7.648693520970472073e-21
1.713389553917459489e+04 7.469704930615826545e-20 8.185224300774596252e-21
1.714459536855506667e+04 5.243965805947717195e-20 8.411094033135720095e-21
1.715529518724012814e+04 6.817913336035704245e-20 8.020523492316459827e-21
1.716599499518252560e+04 4.797366940781285110e-20 8.637224187976386727e-21
1.717669479234408573e+04 6.347662784229753696e-20 7.760230857706122585e-21
1.718739457868161116e+04 7.411724992446683015e-20 8.411779428870661731e-21
1.719809435414542895e+04 5.992360882782851731e-20 8.263986786587555732e-21
1.720879411869974138e+04 7.403234343504498830e-20 8.734207211122048421e-21
1.721949387229603963e+04 5.348764843785714560e-20 7.525772532321618522e-21
1.723019361489438961e+04 4.097862918312928212e-20 7.703018263445606031e-21
1.724089334645168492e+04 7.816985889438660293e-20 7.957685268894971266e-21
1.725159306692320388e+04 6.900910804690496134e-20 8.005743640667651408e-21
1.726229277626857220e+04 6.690768563271504038e-20 8.191837303728500596e-21
1.727299247444206776e+04 4.924632545576611142e-20 7.894702088743444663e-21
1.728369216139988202e+04 6.981708319648310687e-20 8.360082797141948785e-21
1.729439183710389625e+04 6.205953143959030799e-20 8.322217952075042650e-21
1.730509150150745336e+04 4.813831686522137611e-20 8.613394295946142857e-21
1.731579115456822183e+04 6.990538610620849649e-20 8.111992386552794816e-21
1.732649079624345541e+04 5.914002541477879672e-20 7.949673782409670708e-21
1.733719042649161929e+04 6.389818203405473015e-20 7.928418267975176564e-21
1.734789004526841381e+04 6.391104340440407861e-20 8.082256528997112013e-21
1.735858965253082715e+04 6.101522673528509008e-20 7.363857752433878858e-21
1.736928924823961279e+04 5.472296297632759213e-20 6.653343983434229957e-21
1.737998883234784444e+04 7.325282146441746113e-20 7.986538997161750849e-21
1.739068840481560255e+04 6.165352050105110609e-20 7.911217247534824910e-21
1.740138796560018454e+04 8.941674182509190685e-20 8.320188561110257035e-21
1.741208751465509704e+04 5.125163082820724781e-20 8.267564535602009620e-21
1.742278705194344366e+04 5.680972352554243207e-20 7.900726642191071405e-21
1.743348657741921124e+04 5.803808714683505004e-20 7.991998840620088846e-21
1.744418609104111965e+04 9.312623863261704559e-20 8.613866446853851810e-21
1.745488559276744127e+04 5.979778855233765566e-20 8.429909288112046115e-21
1.746558508255240304e+04 3.708672524928192283e-19 1.168250004189932389e-20
1.747628456036021817e+04 1.208932615645161449e-18 1.778274232108218221e-20
1.748698402614198858e+04 8.349023366384977527e-19 1.529661819330502859e-20
1.749768347985800938e+04 2.540293327028542162e-19 9.563545770179966097e-21
1.750838292146683307e+04 7.259238613306506825e-20 8.075926434158420771e-21
1.751908235092420728e+04 8.368350361873527777e-20 8.062754805772478313e-21
1.752978176818930660e+04 9.274712972448647360e-20 8.523619499695688970e-21
1.754048117322025064e+04 9.206014896616869991e-20 8.526740517733242613e-21
1.755118056597424584e+04 6.194297806077371798e-20 8.486393752324258593e-21
1.756208692849555155e+04 7.727794398700482015e-20 8.144052072814709457e-21
1.757278631303525617e+04 7.518249380694318829e-20 7.525447671594786620e-21
1.758348568507544405e+04 6.021292679700092384e-20 7.380692524534582410e-21
1.759418504467129969e+04 4.882169435152453373e-20 7.560945031757595679e-21
1.760488439177344480e+04 6.076285180964764824e-20 7.907905598717390371e-21
1.761558372634194166e+04 6.569949216546595060e-20 8.106442046336453337e-21
1.762628304833648508e+04 5.794809002348465309e-20 7.227017814969547796e-21
1.763698235771604595e+04 6.590927064680705532e-20 7.291510367795742802e-21
1.764768165443560429e+04 7.598029513412339192e-20 7.598210218559447504e-21
1.765838093845488038e+04 4.180090003588095815e-20 7.357764594248218328e-21
1.766908020973124439e+04 6.939207535764146662e-20 7.815745921686201747e-21
1.767977946822523154e+04 6.540280657334495802e-20 7.875445713900792206e-21
1.769047871389061766e+04 5.993631061377509314e-20 7.606987915178924922e-21
1.770117794669251452e+04 5.424394697967912796e-20 7.099066870690337612e-21
1.771187716658542922e+04 5.878248468982848854e-20 7.299703681254998480e-21
1.772257637352612437e+04 6.239430522944257990e-20 7.157630647364332778e-21
1.773327556747369817e+04 6.896634388026885786e-20 6.854398365266370969e-21
1.774397474838829294e+04 5.784034371166238048e-20 7.074598565380751924e-21
1.775467391437667538e+04 6.862344565704458568e-20 6.772605256563663206e-21
1.776537288096735938e+04 3.766617053874320250e-20 6.725579627449906963e-21
1.777607179947709665e+04 6.876371096436852264e-20 7.244061307970877709e-21
1.778677070446244397e+04 7.122776683248553099e-20 7.835714432555996059e-21
1.779746959620570851e+04 6.849729914896583460e-20 7.015302493430246870e-21
1.780816847466939362e+04 5.607474416122987783e-20 6.619799622005382306e-21
1.781886733980737336e+04 4.920669557429569755e-20 6.630941451408820052e-21
1.782956619158403555e+04 5.817446082315124750e-20 6.661143951755049652e-21
1.784026502995309420e+04 4.852372741369649241e-20 6.288338940438979358e-21
1.785096385487485168e+04 3.057319138932344319e-20 6.864739748598492923e-21
1.786166266630736573e+04 4.360419107112816587e-20 6.909258283416397278e-21
1.787236146421016747e+04 7.804572761298266637e-20 7.264846229591073938e-21
1.788306024854545831e+04 1.501884941015451988e-19 7.838583079520343476e-21
1.789375901926616643e+04 1.679109908154616606e-19 7.572568165971642094e-21
1.790445777633280886e+04 9.665036588258249082e-20 6.455123535633956517e-21
1.791515651970610634e+04 9.002744556257699717e-20 7.156835244269969214e-21
1.792585524934318528e+04 1.456339249822616658e-19 7.934518517036582932e-21
1.793655396520467184e+04 1.117901781917324264e-19 7.016879451667350672e-21
1.794725266724716494e+04 5.494191154902643285e-20 6.058455804748855650e-21
1.795795135543460128e+04 6.147504933593460916e-20 6.899215694734225102e-21
1.796865002972116417e+04 6.009031420759248647e-20 6.777227291007110278e-21
1.797934869006653753e+04 5.482249982972913062e-20 6.651936360820439660e-21
1.799004733643160216e+04 4.793686634601294920e-20 6.520697334041393824e-21
1.800074596877395743e+04 7.904623168845529322e-20 7.376627405434513182e-21
1.801144458705430225e+04 6.370356535590024824e-20 6.144541523491099679e-21
1.802214319123104724e+04 5.498145614261717559e-20 6.180980798524986724e-21
1.803284178126346524e+04 6.308677033085462257e-20 7.001070502853861903e-21
1.804354035711160759e+04 6.209568090840646071e-20 6.650710044761482111e-21
1.805423891873315370e+04 5.219755477667371784e-20 6.695985689820444646e-21
1.806493746608637593e+04 6.120831618257295361e-20 6.809054498132696223e-21
1.807563599922684080e+04 4.365098402955396810e-20 6.534821091862025670e-21
1.808633452727404801e+04 4.208115921882999325e-20 6.654011984265579943e-21
1.809724081436455162e+04 7.086142883945201570e-20 6.584999521986586170e-21
1.810793932044267058e+04 4.991871657928744045e-20 6.891410341715805223e-21
1.811863781204953193e+04 5.467433330219563420e-20 6.737601018225439960e-21
1.812933628914199653e+04 4.182758955330000331e-20 6.800081634003994919e-21
1.814003475167809665e+04 4.687770157558011705e-20 6.257507917078759473e-21
1.815073319962227470e+04 4.615756820906990908e-20 6.545822503330791657e-21
1.816143163293091857e+04 5.404905246384115827e-20 6.559710489928729732e-21
1.817213005156556756e+04 5.238857327294193294e-20 6.584676086621853929e-21
1.818282845548526893e+04 4.798731302753780198e-20 6.141562598200355412e-21
1.819352684464853883e+04 6.043600012505070976e-20 6.507835339717550670e-21
1.820422521901480650e+04 5.655407220427157724e-20 6.464641175326592884e-21
1.821492357854361762e+04 7.222786192740224126e-20 5.973809458858382030e-21
1.822562192319890164e+04 5.486970788768679773e-20 5.652070172357824443e-21
1.823632025293632250e+04 5.813038739278497985e-20 6.405843668572949086e-21
1.824701856771771418e+04 6.470499643331077243e-20 6.834018667898814659e-21
1.825771686749950095e+04 5.694642729446131272e-20 6.990614623028188344e-21
1.826841515224463365e+04 5.563329105562133364e-20 6.723581488071092851e-21
1.827911342191361837e+04 6.036609242222013829e-20 6.423186989422325233e-21
1.828981167646259564e+04 4.629243722880169645e-20 6.273176601264586751e-21
1.830050991585763404e+04 4.508697591234191012e-20 6.442911657637134984e-21
1.831120814005273860e+04 5.154804106641800028e-20 7.343664115729008153e-21
1.832190634901336671e+04 3.361478901249045882e-20 6.408040685603478545e-21
1.833260454269559705e+04 5.488878625409457196e-20 6.305641839748377878e-21
1.834330272106091070e+04 7.652815654821644589e-20 6.611966728588504761e-21
1.835400088406806390e+04 3.808317787841968314e-20 6.274096348054143404e-21
1.836469903167828306e+04 3.840393430723356258e-20 6.341692773031838440e-21
1.837539716385011343e+04 5.282225890494522916e-20 6.595191950505458737e-21
1.838609528054800467e+04 6.583555006527714288e-20 6.471104352019385868e-21
1.839679338172877397e+04 6.987033674148477413e-20 6.367255060453781999e-21
1.840749146735669274e+04 4.653014175887890863e-20 6.393566710663836872e-21
1.841818953738554410e+04 4.799983661869450044e-20 6.203161224295807352e-21
1.842888759178023247e+04 6.720701229675328744e-20 5.704061954677919819e-21
1.843958563049706208e+04 6.717876916805571023e-20 6.039278878892144569e-21
1.845028365350087188e+04 6.757095220314337050e-20 5.864556350191761221e-21
1.846098166074971959e+04 5.636821512320249712e-20 5.726904259004119112e-21
1.847167965220568658e+04 5.801012149788491240e-20 6.335500947267334483e-21
1.848237762782915524e+04 4.318483668454704207e-20 5.275185250965241192e-21
1.849307558757904917e+04 5.180522862545341874e-20 5.835065074004472652e-21
1.850377353141942149e+04 5.344656430076631912e-20 6.165552317719759672e-21
1.851447145930503029e+04 5.253632145947680810e-20 6.173938206431351834e-21
1.852516937119771319e+04 4.856583613459579020e-20 6.060524184148957358e-21
1.853586726706051923e+04 5.178159131467298885e-20 5.759781836407913461e-21
1.854656514685448929e+04 5.229009171546808794e-20 6.158486270510550279e-21
1.855726301054146097e+04 4.707395245769276437e-20 5.967748679260985123e-21
1.856796085807643249e+04 3.817676658197137199e-20 5.963312675819274500e-21
1.857865868942781526e+04 3.903912925073530052e-20 5.634597940875008157e-21
1.858935650454926508e+04 7.798723111125675051e-20 6.308811860688576177e-21
1.860005430340404200e+04 4.924462236474010032e-20 5.914987142398604616e-21
1.861075208595151707e+04 4.509197359180413153e-20 5.503071736526666852e-21
1.862144985215544511e+04 5.760740367450125699e-20 6.254633726635648919e-21
1.863214760197632131e+04 4.388983773325110694e-20 5.680312669542164151e-21
1.864284533537454990e+04 5.682418211773041501e-20 5.697922927474607433e-21
1.865354305231181934e+04 6.023624534610915331e-20 5.661662780656508830e-21
1.866424075274687493e+04 4.119331956599649981e-20 5.766484363171751354e-21
1.867493843664523229e+04 3.963888035479244750e-20 5.377459137064455949e-21
1.868563610395929936e+04 4.083427563298246731e-20 5.566150746765630623e-21
1.869633375465631980e+04 5.712145612052523646e-20 5.896382443458536116e-21
1.870703138869770555e+04 4.770299099778415755e-20 5.501220123985077522e-21
1.871772900604097595e+04 4.709388917885348244e-20 5.337479516873723838e-21
1.872842660665162111e+04 5.252748070922144747e-20 5.751795381636575829e-21
1.873912419048894662e+04 5.602811420522811651e-20 5.324377967718696912e-21
1.874982175751468458e+04 5.177297237059554121e-20 5.428389098675266941e-21
1.876051930768931925e+04 5.626134916524904970e-20 5.392073391078053549e-21
1.877121684097110483e+04 5.832323064680013041e-20 5.464860809210182191e-21
1.878191435732597529e+04 4.833016458431562802e-20 5.620791577130355634e-21
1.879261185671465864e+04 4.279525264554402265e-20 5.211038954517687397e-21
1.880330933909645682e+04 6.286736740420919997e-20 5.795209191661999504e-21
1.881400680443101010e+04 4.850394578993709130e-20 5.911064117500435994e-21
1.882470425268453619e+04 6.397520798466951622e-20 5.791705542222708294e-21
1.883540168381421245e+04 5.539149700964140676e-20 5.725169200670537201e-21
1.884609909778828296e+04 3.556712802448704721e-20 5.332504121432263299e-21
1.885679649456138941e+04 3.588711834371390228e-20 5.295214192816839770e-21
1.886749387409389965e+04 4.660703411898198483e-20 4.965659945526171896e-21
1.887819123634994685e+04 4.537839712215931761e-20 5.179583847035940154e-21
1.888888858129385335e+04 4.954985555580539806e-20 5.640028922516112652e-21
1.889958590888604886e+04 4.513572812173613795e-20 5.613913151511535429e-21
1.891028321908327780e+04 5.323882980202597782e-20 5.807002434561932782e-21
1.892098051185317672e+04 6.240136489718087994e-20 5.897744652391276643e-21
1.893167778715292661e+04 4.415837469475596380e-20 5.694111120881883622e-21
1.894237504494813402e+04 4.811954881261633550e-20 5.469576217829075146e-21
1.895307228519997807e+04 3.846279606629909781e-20 5.298276672063021469e-21
1.896376950786893212e+04 4.962335500343095391e-20 5.712435261199193213e-21
1.897446671291531311e+04 4.553494312213876324e-20 5.340906098940205534e-21
1.898516390030031107e+04 5.069087489330179484e-20 5.337261217655120145e-21
1.899586106998996183e+04 7.144145006463204972e-20 5.776683547820049028e-21
1.900655822194248321e+04 9.324896795025083784e-20 6.156653848002161338e-21
1.901725535612025124e+04 6.799362308526433194e-20 6.124315715492255626e-21
1.902795247248829037e+04 5.402789064548675794e-20 5.524591190008473816e-21
1.903864957100378160e+04 3.829174792318177684e-20 5.196973894554705567e-21
1.904934665163361933e+04 4.899412647341338944e-20 5.549799435737372001e-21
1.906004371433625784e+04 4.428477399211789093e-20 5.377938916409390987e-21
1.907074075907563747e+04 4.792510673380101283e-20 5.658006027239283551e-21
1.908143778581480728e+04 4.670677279040522816e-20 5.904354316333757760e-21
1.909234403480226320e+04 5.625844141569619616e-20 5.595535399412276483e-21
1.910304104138587354e+04 5.069776634386367891e-20 5.429545065459467618e-21
1.911373802975826766e+04 5.492120760846804192e-20 5.377833405073367567e-21
1.912443499997372783e+04 3.530487973752049625e-20 5.663298148538264416e-21
1.913513195199661641e+04 4.872495866186457692e-20 5.475077052680288392e-21
1.914582888578478742e+04 4.522493439356395074e-20 5.688387788378509989e-21
1.915652580130261413e+04 5.148405319821188196e-20 5.630991805369070753e-21
1.916722269851455349e+04 3.794239263665739884e-20 6.147048721986954455e-21
1.917791957737858684e+04 3.519263301307993272e-20 5.846538433048715004e-21
1.918861643786353670e+04 4.857029779849897482e-20 5.442283994977061033e-21
1.919931327992509978e+04 4.908925037206237008e-20 5.192007707670087657e-21
1.921001010352570665e+04 4.746673524170721824e-20 5.558991216141168887e-21
1.922070690863436539e+04 5.267024702173553536e-20 5.837391316338071032e-21
1.923140369520674722e+04 4.972256220314091992e-20 5.804048556687168751e-21
1.924210046320539914e+04 5.956123332849114312e-20 5.620186557316180632e-21
1.925279721259492362e+04 4.410950231451466796e-20 5.505455190448184048e-21
1.926349394334006138e+04 4.940690127620839565e-20 5.208122491088523146e-21
1.927419065539898656e+04 5.375736907140454541e-20 5.425762841795604540e-21
1.928488734873635622e+04 5.114581746331883722e-20 5.538577966833765971e-21
1.929558402331467369e+04 4.173237420251228840e-20 5.654902569789548567e-21
1.930628067909682431e+04 4.232062765116533045e-20 5.336706082390267207e-21
1.931697731604748697e+04 5.749039929757084077e-20 5.605120720834332696e-21
1.932767393412476667e+04 5.127202949854287579e-20 5.801356321219814016e-21
1.933837053329607807e+04 3.380828720638061098e-20 5.289336442184726082e-21
1.934906711351935883e+04 5.991972674578248510e-20 5.500732188994512557e-21
1.935976367475966254e+04 4.704347793441915542e-20 5.371153103322883049e-21
1.937046021698223922e+04 5.096402253058237294e-20 5.462511307905547963e-21
1.938115674014506294e+04 6.142584070761865245e-20 5.309380326824402390e-21
1.939185324421790574e+04 6.261002330279647692e-20 5.666843598973142685e-21
1.940254972915456892e+04 7.187907174773052508e-20 5.732789093961104727e-21
1.941324619492685088e+04 3.984432192373780337e-20 5.586319961345455105e-21
1.942394264148854563e+04 5.016207978091144203e-20 5.455308055070447200e-21
1.943463906880722789e+04 4.980756501574114050e-20 5.134791383750442857e-21
1.944533547684808946e+04 4.760090147476930989e-20 5.156681001338883350e-21
1.945603186556947549e+04 5.780110064899934539e-20 5.205943786770791785e-21
1.946672823493674150e+04 4.036967508312764451e-20 4.938210550333998311e-21
1.947742458491290017e+04 5.298489324152534740e-20 5.176739706142528870e-21
1.948812091546333249e+04 5.129739590200298461e-20 5.225898902759939239e-21
1.949881722654644909e+04 5.834286359539040576e-20 5.400198660031830247e-21
1.950951351813004658e+04 6.307326891797434199e-20 5.273380050345084174e-21
1.952020979017251375e+04 4.762378484372986092e-20 5.353364392437709164e-21
1.953090604263930436e+04 4.776028653248389717e-20 5.247681375150309404e-21
1.954160227549375850e+04 5.883776667797776785e-20 5.664009276114751266e-21
1.955229848869899070e+04 4.926501909559751074e-20 5.192729069965561874e-21
1.956299468222050928e+04 4.481156933855783254e-20 4.970543977306379358e-21
1.957369085601707411e+04 5.667934203109612717e-20 5.057210480303095950e-21
1.958438701005408075e+04 5.663558559389005789e-20 5.181163043753507378e-21
1.959508314429490565e+04 5.005041837139045223e-20 4.892831388095436539e-21
1.960577925870309627e+04 5.380848871902337500e-20 5.379455584653722196e-21
1.961647535324410637e+04 4.236757782304818194e-20 4.744327302849158841e-21
1.962717142787668126e+04 4.714169089714264898e-20 4.937948993361672657e-21
1.963786748256666397e+04 3.468987391600394884e-20 4.974656186083697701e-21
1.964856351727742367e+04 5.144459480388013417e-20 5.191765049247181410e-21
1.965925953197483614e+04 4.569063825904469969e-20 4.871313587027770690e-21
1.966995552661759575e+04 4.767281901830448857e-20 4.716483363018082044e-21
1.968065150117167286e+04 4.487245732711548555e-20 4.682198773842281935e-21
1.969134745560539523e+04 4.656060403570034262e-20 4.814424583307476702e-21
1.970204338996274964e+04 4.168934403931673748e-20 4.689230124887112269e-21
1.971273931304940925e+04 5.288086259224644421e-20 5.097043317038830344e-21
1.972364536928139205e+04 5.792243888026323906e-20 4.526115272348620133e-21
1.973434125853222577e+04 4.009486304726678403e-20 4.300102786951201752e-21
1.974503712747300597e+04 3.625861797609028180e-20 4.110128151667297809e-21
1.975573297607192944e+04 5.104315802935104979e-20 4.609445281647514679e-21
1.976642880427815180e+04 4.172559292656366887e-20 4.195266062825643449e-21
1.977712461207566230e+04 5.379626705062954989e-20 4.307462793731748090e-21
1.978782039941251060e+04 3.993848120260345567e-20 4.406561600599787890e-21
1.979851616625797396e+04 4.004796880978278945e-20 4.471361970300937738e-21
1.980921191257595274e+04 5.178147745021886665e-20 4.673547303105797542e-21
1.981990763833000165e+04 4.843708950323423756e-20 4.510831285846328360e-21
1.983060334348402466e+04 4.532410897808506917e-20 4.604685975056105321e-21
1.984129902800219861e+04 5.357132582813849630e-20 4.641241326686754752e-21
1.985199469184830377e+04 3.376570647681823540e-20 4.654123970141755269e-21
1.986269033498597855e+04 4.364547765966521327e-20 4.911488255733922387e-21
1.987338595737965079e+04 3.579845355288680448e-20 4.718519376290985539e-21
1.988408155899331541e+04 4.560210670869201984e-20 4.870655450519504914e-21
1.989477713979043256e+04 5.175242218622492251e-20 4.805292423633059807e-21
1.990547269973558650e+04 4.498680746311332749e-20 4.954213583270924956e-21
1.991616823879288495e+04 3.422233315432296436e-20 4.841904000006323742e-21
1.992686375692603542e+04 4.325101461462335219e-20 4.563437667685497656e-21
1.993755925409933843e+04 4.756230725002109972e-20 4.693093972452308340e-21
1.994825473027713815e+04 4.116017702904416162e-20 4.225281509730168958e-21
1.995895018542345497e+04 5.885194431142476709e-20 4.498784477269485778e-21
1.996964561950222924e+04 4.056401685744241890e-20 4.812561331809090600e-21
1.998034103247810708e+04 4.056489277506740127e-20 4.538883918997971425e-21
1.999103642431534536e+04 3.931612937973765892e-20 4.638950103881733570e-21
2.000173179497762612e+04 5.098238921330479612e-20 4.878136076181205891e-21
2.001242714442980287e+04 4.107642527737092823e-20 4.312445895994965683e-21
2.002312247263621975e+04 4.692465302086530837e-20 4.645492551823092741e-21
2.003381777956087899e+04 4.682496760575860402e-20 4.898024722725185042e-21
2.004451306516824843e+04 5.569616992180738427e-20 4.749350536032074301e-21
2.005520832942297420e+04 3.832221953765052443e-20 4.382173982369165407e-21
2.006590357228934590e+04 4.200583583796470424e-20 4.441435348084508931e-21
2.007659879372881551e+04 3.737675702655986728e-20 4.602334361405431208e-21
2.008729399371161344e+04 3.951880978399842604e-20 4.430488484958137120e-21
2.009798917220224757e+04 5.020356023143320924e-20 4.714277359157366281e-21
2.010868436032218597e+04 4.226989327001180548e-20 4.703776198500815806e-21
2.011937963274959475e+04 3.708015359564541738e-20 4.803200633095536468e-21
2.013007488357499460e+04 4.495084879281631236e-20 4.610179422295785302e-21
2.014077011276271514e+04 4.819837707416169849e-20 4.704279467012361093e-21
2.015146532027456487e+04 3.224250090651513645e-20 4.541257747144483450e-21
2.016216050608093792e+04 4.767127948701784606e-20 4.513727062563056372e-21
2.017285567014378466e+04 4.761861692039657631e-20 4.719658330539095561e-21
2.018355081242722008e+04 3.883928781493585869e-20 4.681684956662829815e-21
2.019424593289382028e+04 3.299005595514702760e-20 4.546700830276591751e-21
2.020494103151373565e+04 5.087794948293903325e-20 4.879224867347129530e-21
2.021563610824869829e+04 4.030047246055367009e-20 4.689050233234300067e-21
2.022633116306356533e+04 5.583951732592150567e-20 4.861410689032859698e-21
2.023702619592065821e+04 4.223024194390583294e-20 4.620138133993255419e-21
2.024772120679021464e+04 5.284036826859413551e-20 4.604041310421961054e-21
2.025841619563390486e+04 3.997970201963737101e-20 4.424050687758606373e-21
2.026911116241437776e+04 4.791923835449333671e-20 4.620766810845507196e-21
2.027980610710202018e+04 5.223822454854543474e-20 4.644187290099571428e-21
2.029050102965865881e+04 5.429894940452665739e-20 4.916833058764279703e-21
2.030119593004939452e+04 4.384012324636735280e-20 4.582502322906081427e-21
2.031189080823943004e+04 4.178929055665325686e-20 4.255325717701132453e-21
2.032258566419088675e+04 5.244247385341358979e-20 4.351727823204700678e-21
2.033328049787392956e+04 4.369650108405678193e-20 4.526601597647917095e-21
2.034397530924855528e+04 4.249001112478353108e-20 4.754186147692529475e-21
2.035467009828538721e+04 4.457532666944590387e-20 4.349854507494916365e-21
2.036536486494635756e+04 4.177431890242134873e-20 4.297404054460891298e-21
2.037605960919677818e+04 5.478450677739034758e-20 4.595677858033518548e-21
2.038675433099358997e+04 4.380685919658513728e-20 4.433077325801924779e-21
2.039744903031864669e+04 5.493740332887007553e-20 4.469756472021037442e-21
2.040814370712833988e+04 4.606730506787402490e-20 4.559070983096974887e-21
2.041883836138839251e+04 4.960844662483558873e-20 4.429621889089961928e-21
2.042953299306122062e+04 5.235397928819242078e-20 4.877952857403527207e-21
2.044022760211736386e+04 5.550910615009456936e-20 4.851445853812811957e-21
2.045092218851939106e+04 4.672916286772346104e-20 4.659004728217530685e-21
2.046161675223286875e+04 3.949914656649486900e-20 4.486358278323282061e-21
2.047231129322026391e+04 3.759957145561401718e-20 4.698215048285669333e-21
2.048300581145206525e+04 4.043297319715945160e-20 4.528563315043800874e-21
2.049370030688852785e+04 3.749720862037163893e-20 4.670363593378559924e-21
2.050439477950071523e+04 3.592952519938304291e-20 4.584780933536196453e-21
2.051508922924813305e+04 5.663955055928842195e-20 4.600787936196809127e-21
2.052578365610184483e+04 4.601039697462918173e-20 4.550191739190024567e-21
2.053647806002481957e+04 3.705750771271660885e-20 4.956584920239835018e-21
2.054717244097681032e+04 3.821528779506996617e-20 4.308583571688092053e-21
2.055786679893425389e+04 3.959251655476173845e-20 4.234362375656823087e-21
2.056856113385457138e+04 4.117839352249401977e-20 4.770442308096002832e-21
2.057925544570910643e+04 4.116605536717996503e-20 4.673042567656499526e-21
2.058994973446045333e+04 5.258988527136604304e-20 4.533994895489769187e-21
2.060064400007105360e+04 3.754072386552142242e-20 4.455237840918637966e-21
2.061133824250983525e+04 5.088861501631436097e-20 5.281130018845752810e-21
2.062203246174533342e+04 5.660544368605125019e-20 4.769410154084872600e-21
2.063272665773424524e+04 5.958148215018487098e-20 4.330458044840739864e-21
2.064342083045393520e+04 4.646697081813512740e-20 4.575193631168039684e-21
2.065411497986167524e+04 5.496182811445069264e-20 4.538399611174688739e-21
2.066480910592611690e+04 5.477439227198825140e-20 4.724471039888358422e-21
2.067550320861538785e+04 3.944967120643693552e-20 4.547652360943854088e-21
2.068619728788999782e+04 5.229609642664078545e-20 4.341820822087625321e-21
2.069689134371867840e+04 4.090640598185392314e-20 4.091338311571935872e-21
2.070758537606711252e+04 4.816361200294830116e-20 3.885174595937117462e-21
2.071827938490386441e+04 4.692611971362319659e-20 4.361782820079000390e-21
2.072897337018935286e+04 3.707252574373141012e-20 4.195863046030462588e-21
2.073966733189535444e+04 2.939611778982138015e-20 4.605185603203796293e-21
2.075036126998452164e+04 5.062720185825648192e-20 4.301293274061133233e-21
2.076105518441998720e+04 4.590384439028950177e-20 4.238571903500461284e-21
2.077174907516796520e+04 3.893010488395606108e-20 4.264538264049321521e-21
2.078244294220029406e+04 4.422301537560933878e-20 4.337687028447109707e-21
2.079313678548254393e+04 3.734708974910826825e-20 4.202657852892530407e-21
2.080383060497528641e+04 4.279583900332898622e-20 4.113950435063421158e-21
2.081452440065055271e+04 4.129402150737336755e-20 3.985948013519031500e-21
2.082521817246841965e+04 3.698362641904992724e-20 4.123976819079494436e-21
2.083591192039758971e+04 4.612277490558913324e-20 4.294503328459600470e-21
2.084660564440170128e+04 4.091743425302454330e-20 4.517567306421105519e-21
2.085729934445282197e+04 2.458731519330421117e-20 4.386308318948648819e-21
2.086799302051694031e+04 4.461874050088613305e-20 4.186751350504240177e-21
2.087868667255418768e+04 3.931028660418346672e-20 4.211010806183621477e-21
2.088938030053711191e+04 4.267166219137503422e-20 3.985851072472734992e-21
2.090007390442593169e+04 4.474457453252567196e-20 4.068477938108506425e-21
2.091076748418657735e+04 3.861075366797475747e-20 3.984661739116138427e-21
2.092146103979449981e+04 3.954160819871197799e-20 4.162065190765065829e-21
2.093215457120722567e+04 3.987799180652239216e-20 4.058729699550696444e-21
2.094305996804889583e+04 3.733976171637766653e-20 3.900607214206490199e-21
2.095375347510350184e+04 3.385950399234350904e-20 4.073376569929137758e-21
2.096444694916203662e+04 2.625945022134130775e-20 3.880814296999861381e-21
2.097514039881071949e+04 3.469545945855891724e-20 3.928931660813167101e-21
2.098583382409335900e+04 4.368817275273747733e-20 4.194948662386937020e-21
2.099652722498199000e+04 3.748640908788165155e-20 4.038859726440622319e-21
2.100722060143743511e+04 5.020752516843760017e-20 4.227496591581751047e-21
2.101791395342307442e+04 2.960494176922129848e-20 3.988034493727708033e-21
2.102860728092030695e+04 3.134767568328266497e-20 4.218609944567226101e-21
2.103930058388675752e+04 3.394206019787178662e-20 4.038921376711980477e-21
2.104999386228613002e+04 4.327708618508219135e-20 4.677657089407575788e-21
2.106068711608768717e+04 3.674883466887547185e-20 4.213251849428103376e-21
2.107138034525527110e+04 3.949696878022753521e-20 3.904571045538111172e-21
2.108207354976139322e+04 3.964919317906557251e-20 4.056905220219461070e-21
2.109276672957282426e+04 3.347198778510096117e-20 4.056561293685066911e-21
2.110345988464411857e+04 4.029871692850966882e-20 4.278822952770167880e-21
2.111415301495990934e+04 3.562579052796291394e-20 4.164131530177636730e-21
2.112484612047209521e+04 4.643571207903065006e-20 4.054253741387804494e-21
2.113553920115934307e+04 4.480432473713854811e-20 3.879020698579682022e-21
2.114623225697631642e+04 3.645995592509095317e-20 4.022164144655188006e-21
2.115692528789880453e+04 3.736001114407284677e-20 3.725257306665231956e-21
2.116761829389067498e+04 4.060837812735245577e-20 3.609920988717337176e-21
2.117831127491582083e+04 3.863761990636128819e-20 4.087268683331897425e-21
2.118900423094996222e+04 4.377637195609704473e-20 3.988202868515875837e-21
2.119969716195393266e+04 3.605936744285579550e-20 4.150608880863689007e-21
2.121039006788561528e+04 4.687433920500965309e-20 4.257437959728641111e-21
2.122108294872705665e+04 4.155684660435689625e-20 4.225430558268552330e-21
2.123177580444210253e+04 3.932984572119924078e-20 4.202084108729280475e-21
2.124246863498856328e+04 4.076977103992589291e-20 4.279843997522295272e-21
2.125316144033956880e+04 3.312380237961287427e-20 4.216037678451814510e-21
2.126385422046821623e+04 3.767516735981290187e-20 3.843809254221031588e-21
2.127454697532923092e+04 4.044906914111567714e-20 3.806806534247135027e-21
2.128523970489575368e+04 3.348752152245507349e-20 3.808440579724540437e-21
2.129593240914101989e+04 4.027794766186943539e-20 3.836769194875527699e-21
2.130662508801993317e+04 5.025357409471783208e-20 4.133340267499328146e-21
2.131731774150860292e+04 3.955019210966222423e-20 3.999495615472479127e-21
2.132801036957112228e+04 5.102236185987638208e-20 4.141892135141675315e-21
2.133870297217166080e+04 3.919760592953904565e-20 4.149236746662032360e-21
2.134939554928349025e+04 3.980111860731460312e-20 4.278843655610819194e-21
2.136008810087067468e+04 4.675155997520099063e-20 3.920427874401039780e-21
2.137078062690034858e+04 4.250329869952211938e-20 4.282414262888288830e-21
2.138147312733371291e+04 3.401891783287799578e-20 3.841594446127645349e-21
2.139216560215341087e+04 4.814245570224113611e-20 4.237253497162446893e-21
2.140285805131118832e+04 3.593661395108083417e-20 4.191889641024125649e-21
2.141355047478054257e+04 4.483821035916640093e-20 4.077503231305578989e-21
2.142424287253498551e+04 4.562720793066966985e-20 3.816756348989618864e-21
2.143493524452645579e+04 4.197560305668344194e-20 3.978951280552892645e-21
2.144562759073758571e+04 4.116399408040122090e-20 3.883046643228520066e-21
2.145631991112973628e+04 3.838894270904381721e-20 3.965334929321436442e-21
2.146701220567018026e+04 3.853305755999046611e-20 4.025258857557354132e-21
2.147770447432340370e+04 5.077556109679889201e-20 4.265192844173272498e-21
2.148839671706587251e+04 4.515991009753870685e-20 3.910971999026668107e-21
2.149908893384961993e+04 3.729188128599843584e-20 4.133910154783279525e-21
2.150978112465448794e+04 4.137409941441664313e-20 4.089013987326269047e-21
2.152047328944514447e+04 4.872577919452356591e-20 4.001298691385367749e-21
2.153116542819199458e+04 3.767287109460610292e-20 3.802406327307698570e-21
2.154185754086264569e+04 3.945150310907421492e-20 3.862142486156761285e-21
2.155254962741200870e+04 3.891940090154220418e-20 4.000730727585975910e-21
2.156324168782351626e+04 4.015794916581944866e-20 3.954910301607832995e-21
2.157393372205836567e+04 4.486955635837628668e-20 3.893916159647670074e-21
2.158462573008105392e+04 3.424638977848784254e-20 3.840696574336065872e-21
2.159531771186224069e+04 2.964884129892158783e-20 3.975754336108211680e-21
2.160600966736984628e+04 3.369908455265386856e-20 3.732366910064755271e-21
2.161670159657451950e+04 4.241602169690230103e-20 4.170962320644386872e-21
2.162739349943456546e+04 4.114326362884912856e-20 4.089094181673420948e-21
2.163808537593022993e+04 3.232871516854690855e-20 3.830435565173591852e-21
2.164877722602315043e+04 4.464411135724869259e-20 3.904967349965866573e-21
2.165946904967776936e+04 4.323317057850200798e-20 3.992253870726380216e-21
2.167016084686817703e+04 3.905641832816372282e-20 3.854427598390649000e-21
2.168085261755581087e+04 4.509242358607938962e-20 3.784800689791947891e-21
2.169154436171173802e+04 3.849806079576522085e-20 3.826378617570673184e-21
2.170223607930702565e+04 3.553183453897772825e-20 3.799937175365305931e-21
2.171292777029981880e+04 4.287147285672571503e-20 3.845111743907041139e-21
2.172361943467086166e+04 3.298478733825643572e-20 4.009484600456027782e-21
2.173431107246755346e+04 3.154017747184462367e-20 3.842643419798625431e-21
2.174500269217443929e+04 3.297460234214592149e-20 3.766346729068869535e-21
2.175590732469415161e+04 4.081615481788810821e-20 3.831488590302357263e-21
2.176659889736950572e+04 4.271282353360179029e-20 3.848681020498545231e-21
2.177729044325061113e+04 4.185024002292193246e-20 3.939357741842509553e-21
2.178798196231547990e+04 3.556997774575898235e-20 3.937597365611682236e-21
2.179867345452519294e+04 3.957360878657783484e-20 3.874745327541019695e-21
2.180936491984118038e+04 5.001339503740749635e-20 3.738543793127037349e-21
2.182005635824507044e+04 4.285577917496566921e-20 3.926308958072421411e-21
2.183074776969155937e+04 3.226974045352726754e-20 3.823999651763301882e-21
2.184143915416206073e+04 4.017533602927716027e-20 4.024792203029203966e-21
2.185213051161435214e+04 3.350887910340600742e-20 3.893476148463540125e-21
2.186282184202030840e+04 3.646860125404319972e-20 3.894817410047321485e-21
2.187351314534806806e+04 3.038206211795041015e-20 3.596514657204361362e-21
2.188420442156584977e+04 3.743959917273903664e-20 3.639484109426232896e-21
2.189489567064481525e+04 3.390310907241454507e-20 4.089987849112789426e-21
2.190558689254674027e+04 2.154122583671565683e-20 4.118276812222064403e-21
2.191627808724332499e+04 3.505116577453333551e-20 3.841510620119283854e-21
2.192696925470282440e+04 3.562230845885899707e-20 3.715097042002959291e-21
2.193766039489331888e+04 3.554476744992513630e-20 3.619272607705698737e-21
2.194835150777963645e+04 4.554682337508936334e-20 3.914790131643041483e-21
2.195904259333716982e+04 3.871586732777332244e-20 3.718917677332642610e-21
2.196973365153423947e+04 4.195333126300651858e-20 3.849735195036967860e-21
2.198042468232899046e+04 3.938710068873145535e-20 3.743662255282823827e-21
2.199111568570297823e+04 3.614269174248905250e-20 3.920344141084748713e-21
2.200180666161140471e+04 3.864517307730605105e-20 3.692746394107775123e-21
2.201249761003291860e+04 3.153079073599383066e-20 3.360818280142900832e-21
2.202318853093253711e+04 3.522595300759715217e-20 3.774122871699379949e-21
2.203387942427505550e+04 4.101085848576057279e-20 3.732014826792303847e-21
2.204457029003923890e+04 5.043818292955755391e-20 3.692034466236470248e-21
2.205526112818008914e+04 3.724560176557123444e-20 3.702183889806616735e-21
2.206595193867983835e+04 3.903747397453998630e-20 3.550337430362723286e-21
2.207664272149325552e+04 4.035850558056724675e-20 3.683457102462483912e-21
2.208733347660222353e+04 3.481544257314127852e-20 3.355867543780370272e-21
2.209802420396198067e+04 3.647892207130012714e-20 3.869127954064388370e-21
2.210871490355487185e+04 4.193410826559695864e-20 3.793602805061082048e-21
2.211940557533227548e+04 4.093605043987642785e-20 3.704920694900416191e-21
2.213009621928676279e+04 4.753078560908267654e-20 3.937069130907992159e-21
2.214078683535931123e+04 4.509747428570309385e-20 4.022909192342211179e-21
2.215147742354303409e+04 3.433711242200411783e-20 3.720260833578638419e-21
2.216216798379275497e+04 3.506850274494894276e-20 3.884389917538715920e-21
2.217285851607715813e+04 3.626129557273101334e-20 3.872870052872758538e-21
2.218354902037151624e+04 3.079855269931928203e-20 3.439279941570161244e-21
2.219423949663797248e+04 2.940029804333496557e-20 3.411375910805667239e-21
2.220492994485577219e+04 2.875869984528943058e-20 3.661358176114291703e-21
2.221562036497973168e+04 3.475364077006289934e-20 3.339018723496488429e-21
2.222631075698900167e+04 3.247133868433603285e-20 3.618551160997655452e-21
2.223700112084871216e+04 4.283942838853877485e-20 3.796955597205435237e-21
2.224769145652446605e+04 3.593164292410463348e-20 3.531242027136982683e-21
2.225838176398866199e+04 4.345979078507987065e-20 3.348086678869924134e-21
2.226907204321364043e+04 4.034446827994833081e-20 3.296132074577631519e-21
2.227976229416805654e+04 3.284243822198571806e-20 3.437253442712492836e-21
2.229045251680683214e+04 3.278505732204716025e-20 3.611450565848100518e-21
2.230114271111664493e+04 2.757637104136859279e-20 3.548780053846985976e-21
2.231183287705939802e+04 3.262908546219260820e-20 3.369272478885568123e-21
2.232252301460406306e+04 3.110794171083390309e-20 3.609623577396697967e-21
2.233321312371565728e+04 4.087969428280495934e-20 3.756663768458349374e-21
2.234390320436709953e+04 3.431253071798891055e-20 3.638132702539913699e-21
2.235459325653096676e+04 4.308709276810512629e-20 3.688084916638001300e-21
2.236528328017275271e+04 4.202272478418543712e-20 3.575210417144022455e-21
2.237597327526143636e+04 2.891563861029685903e-20 3.712506703576185634e-21
2.238666324175870977e+04 3.515562768927168571e-20 3.627514766598364550e-21
2.239735317965176000e+04 2.136007337569846425e-20 3.102034997719814419e-21
2.240804308889193271e+04 3.310755896666294292e-20 3.707745556469994194e-21
2.241873296945545007e+04 3.369754293442367024e-20 3.781480364708700736e-21
2.242942282131843967e+04 2.948923943714665134e-20 3.548532407323800450e-21
2.244011264442854372e+04 3.483013288477656825e-20 3.824209026491183428e-21
2.245080243873292420e+04 2.889566181848308151e-20 3.339041371581265806e-21
2.246149201663143322e+04 3.713942397054888136e-20 3.552341568103377718e-21
2.247218137103501431e+04 3.752858432269523369e-20 3.523209845897515624e-21
2.248287069658354085e+04 4.277277389634332133e-20 3.387377155706313877e-21
2.249355999323909782e+04 4.140242149514352817e-20 3.095257240300703990e-21
2.250424926097474963e+04 3.626145065692604210e-20 3.044762788492374371e-21
2.251493849975979174e+04 3.641151446774284372e-20 3.267970396968775972e-21
2.252562770956712848e+04 3.046451048026298766e-20 3.541976212447784512e-21
2.253631689035857198e+04 2.894320777536444288e-20 3.439379992080503880e-21
2.254700604211087193e+04 3.898897130192230834e-20 3.368599020428905923e-21
2.255769516478627702e+04 3.676623177308235454e-20 3.364239887905882701e-21
2.256838425836140595e+04 3.120978070467900109e-20 3.272607939337512661e-21
2.257907332279478942e+04 3.777576327068399112e-20 3.457530239798394882e-21
2.258976235806999466e+04 3.774693004624562053e-20 3.516350546433881451e-21
2.260045136414583976e+04 3.558443500493094274e-20 3.471398621648687230e-21
2.261114034099908895e+04 3.633040881946457458e-20 3.273063777516035756e-21
2.262182928859197636e+04 3.317159831571643505e-20 3.367882564171769131e-21
2.263251820689760643e+04 3.091619460026460557e-20 3.433222476916929652e-21
2.264320709588514364e+04 2.461210135751828713e-20 3.105552299099704642e-21
2.265389595552801620e+04 3.472007472941576606e-20 3.102342061854797508e-21
2.266458478578853828e+04 3.117047437561012842e-20 3.086401430153227421e-21
2.267527358663990890e+04 3.641027573838031649e-20 3.189613308106790503e-21
2.268596235804805838e+04 2.723064579711292184e-20 2.906862291837547513e-21
2.269665109999321066e+04 3.113155252898791849e-20 2.979423861335007031e-21
2.270733981243424205e+04 3.465647107345952773e-20 3.268403257199930855e-21
2.271802849534818233e+04 3.420530650119299059e-20 3.321439214930377794e-21
2.272871714869734205e+04 2.821685837746704694e-20 3.331968123389747243e-21
2.273940577245505847e+04 2.934427456974570048e-20 3.736213769342929396e-21
2.275009436658701452e+04 3.382908184236775776e-20 3.841572917258544829e-21
2.276078293107412173e+04 3.620661314146336396e-20 3.519557728102375901e-21
2.277147146587518000e+04 3.246746345417722908e-20 3.300297649977059420e-21
2.278215997095989951e+04 2.490296552219080450e-20 3.125119557630736670e-21
2.279284844630539374e+04 2.407824213034161198e-20 3.417300514339499435e-21
2.280353689187750206e+04 3.728129393563303083e-20 3.412633042960855001e-21
2.281422530764979456e+04 2.610563333567418735e-20 3.119787376273575902e-21
2.282491369358481461e+04 3.330330954090821095e-20 3.425393068539206932e-21
2.283560204965607045e+04 3.517908757921923828e-20 3.484404669388511839e-21
2.284629037583339959e+04 3.544294462440764813e-20 4.042278728592169219e-21
2.285697867208275420e+04 3.409447177697882591e-20 3.358958755768255134e-21
2.286766693838508945e+04 3.854464006380916782e-20 3.291712178389940066e-21
2.287835517469565093e+04 3.669458430432330936e-20 3.338133599484429270e-21
2.288904338099548477e+04 3.650154799558744141e-20 3.092541293732534012e-21
2.289973155725078686e+04 3.047124266929577417e-20 2.826486384585517981e-21
2.291041970343141293e+04 3.152894186491373820e-20 3.003589761833256619e-21
2.292110781950707315e+04 2.895555289745667967e-20 3.275859091952772332e-21
2.293179590544804159e+04 3.148020875778914697e-20 3.262856895740761788e-21
2.294248396122431222e+04 3.207114708897500732e-20 3.371466231017601792e-21
2.295317198680210640e+04 3.221677796515347362e-20 3.442293036629312458e-21
2.296385998215896689e+04 3.625804429319489732e-20 3.496039961807125302e-21
2.297454794726452383e+04 3.652705244272223498e-20 3.423238540266718301e-21
2.298523588207795183e+04 3.221826483471482147e-20 3.159849126659250255e-21
2.299592378658056259e+04 3.555121817244425141e-20 3.253416033438109776e-21
2.300661166073493951e+04 3.353454656004020899e-20 3.057041990188874421e-21
2.301729950451869081e+04 3.038302154269488142e-20 3.232201628786179482e-21
2.302798731790170496e+04 3.471255791512996106e-20 3.301354795271956125e-21
2.303867510084291644e+04 3.539461179875257095e-20 3.396981069681300715e-21
2.304936285332009720e+04 3.222389696613958524e-20 3.249762688690556568e-21
2.306005057530723207e+04 3.090644424217758169e-20 3.216063481269634052e-21
2.307073826677071702e+04 2.996984597463902209e-20 3.080109539360430136e-21
2.308142592768065515e+04 3.966142840626082608e-20 3.348689811951021023e-21
2.309211355800328238e+04 3.540034287273872604e-20 3.258414709364263784e-21
2.310280115771665805e+04 4.547660236942205912e-20 3.288301157850989458e-21
2.311348872678725820e+04 2.446872598276026272e-20 3.160439084598484699e-21
2.312417626518153702e+04 3.996214189824911151e-20 3.366507968429354333e-21
2.313486377287737560e+04 4.481714010218333037e-20 3.473285738833817514e-21
2.314555124983719725e+04 3.662640100228839108e-20 3.666585609519496883e-21
2.315623869603526327e+04 3.780036844737412471e-20 3.380553128169442587e-21
2.316692611144962939e+04 3.601099403833308460e-20 2.848677904038182326e-21
2.317761349603539566e+04 4.469346282705926880e-20 3.223667894954405396e-21
2.318830084977435399e+04 3.619811072683028190e-20 3.063746193246186470e-21
2.319898817262915327e+04 3.272214165490894556e-20 3.226832413593111255e-21
2.320967546457380377e+04 2.851862177804400598e-20 3.021222299067190623e-21
2.322036272557899429e+04 3.150186223758309597e-20 3.051416796160735782e-21
2.323104995562280965e+04 3.277749932345746337e-20 3.201923660821070275e-21
2.324173715466035355e+04 3.565640710714333104e-20 3.220744841558818321e-21
2.325242432266590185e+04 3.387254091575997614e-20 3.210096871004579250e-21
2.326311145962889350e+04 3.967381154152515994e-20 3.415644555038961824e-21
2.327379856548919997e+04 3.841111584429132451e-20 3.436968736663932273e-21
2.328448564023661675e+04 3.427670912964363419e-20 3.073018531398775932e-21
2.329517268383785995e+04 3.252142204393331607e-20 3.272537841540550839e-21
2.330585969626728547e+04 3.502312515373701646e-20 3.463280450435833021e-21
2.331654667749546570e+04 4.014642060738596859e-20 3.236566036423655405e-21
2.332723362748103318e+04 3.149826222740065748e-20 3.316070752015103647e-21
2.333792054619875125e+04 4.118261091218352425e-20 3.374091766308981339e-21
2.334860743362693029e+04 4.027349983389455375e-20 3.254051206741149442e-21
2.335929428974008624e+04 3.195162116544742302e-20 3.279117549356313840e-21
2.336998111449334465e+04 3.358298347849983645e-20 3.286340014083631348e-21
2.338066790786113415e+04 4.088752941286091493e-20 3.455701094942740322e-21
2.339135466982167418e+04 4.309773515878136436e-20 3.137922016919542987e-21
2.340204140034978991e+04 2.956157917263503262e-20 3.342753908260053158e-21
2.341272809939673971e+04 3.673412310826768864e-20 3.382723030265306367e-21
2.342341476695266101e+04 3.271087620844594839e-20 3.190542737304389878e-21
2.343410140297272301e+04 2.938246185899124349e-20 3.311962823951455227e-21
2.344478800744307227e+04 3.223959149923744489e-20 3.387806891095542339e-21
2.345547458032660870e+04 3.355381010300544103e-20 3.629792646139600857e-21
2.346616112159040858e+04 2.362001122493015073e-20 3.611860801713502224e-21
2.347684763120912248e+04 3.878410840541357820e-20 3.420248837799770684e-21
2.348753410914965571e+04 3.168971375335719789e-20 3.259775662630088407e-21
2.349822055539459325e+04 3.872831488728558332e-20 3.398721694711843918e-21
2.350912241484865081e+04 3.755260477357277782e-20 3.617567833742275783e-21
2.351980882072449822e+04 3.440867446795974324e-20 3.261057611825081308e-21
2.353049518650768005e+04 4.223495679381469544e-20 3.065450729662926686e-21
2.354118152038216431e+04 3.135910464079486756e-20 3.117155604047241789e-21
2.355186782241665787e+04 3.451705672416217076e-20 3.072211277812587827e-21
2.356255409256313578e+04 3.624201293782916811e-20 3.070083052225039152e-21
2.357324033079988658e+04 3.132231781538601101e-20 3.177217640066841537e-21
2.358392653709420119e+04 3.442130145947099024e-20 2.999401875525871586e-21
2.359461271142849364e+04 3.107060278878264123e-20 2.934910815296212909e-21
2.360529885375849699e+04 3.613039063078024542e-20 3.253375269951122351e-21
2.361598496406647246e+04 3.251300194076532725e-20 3.285504274349166145e-21
2.362667104232355996e+04 3.034932548918288822e-20 3.190750094330120624e-21
2.363735708848922877e+04 2.689816650925710164e-20 3.354468764867637114e-21
2.364804310254976735e+04 2.984196085497511000e-20 3.141027378613727025e-21
2.365872908446483052e+04 3.714923090240033878e-20 3.218643684539718096e-21
2.366941503420537265e+04 3.225431360213891168e-20 3.391385881607463730e-21
2.368010095175014430e+04 3.622584058596602964e-20 3.417853980299495693e-21
2.369078683707027085e+04 3.661286133931169873e-20 3.229940944322311752e-21
2.370147269012524339e+04 4.265324223418208788e-20 3.041826388436210814e-21
2.371215851089766511e+04 3.476710057158092198e-20 3.154681408855723798e-21
2.372284429935495427e+04 3.115216656508756272e-20 3.110821932719676121e-21
2.373353005546438726e+04 3.919427655350995087e-20 2.977639847682816987e-21
2.374421577920857453e+04 3.284007566989029549e-20 3.078155778813624197e-21
2.375490147054325280e+04 3.614957617910691074e-20 3.228571085122618719e-21
2.376558712944739091e+04 3.398336538168688593e-20 3.266653594752570451e-21
2.377627275589985948e+04 3.613976984915658882e-20 3.128632946320455235e-21
2.378695834986029513e+04 3.434182828949187297e-20 3.100732238371345428e-21
2.379764391129600335e+04 4.557160469734462079e-20 3.348512680899280372e-21
2.380832944019379283e+04 4.022046225169078595e-20 3.622603351669624689e-21
2.381901493651714190e+04 3.243851110399290209e-20 3.304791392721616414e-21
2.382970040023731417e+04 3.212546701679329814e-20 3.156179997494562415e-21
2.384038583132161875e+04 3.226884547576443045e-20 3.108886210227324746e-21
2.385107122975313541e+04 3.559574663621022927e-20 2.849773804657497683e-21
2.386175659549143893e+04 4.006665281464974279e-20 2.791876673999730335e-21
2.387244192850392574e+04 3.102300704610617334e-20 2.838605941764974367e-21
2.388312722877749547e+04 4.502848140488777940e-20 3.348989482177719630e-21
2.389381249627586294e+04 3.773779795228299219e-20 2.917520824361936942e-21
2.390449773097018988e+04 4.128073781042249990e-20 2.846492527223893846e-21
2.391518293282406012e+04 3.415333571453286814e-20 2.617332297288248759e-21
2.392586810182463523e+04 3.846933161747447171e-20 2.983427800480917620e-21
2.393655323793557181e+04 3.882094200669545966e-20 2.912588928542405713e-21
2.394723834112808981e+04 3.182539657052702164e-20 3.107195351357254967e-21
2.395792341136976756e+04 2.344265513113123071e-20 3.286136093566813284e-21
2.396860844864384853e+04 2.253941567449514549e-20 2.836978655209959238e-21
2.397929345290589845e+04 3.347011167845821520e-20 3.323940689544949881e-21
2.398997842413149556e+04 3.504604119329375243e-20 3.108297541764186528e-21
2.400066336230787419e+04 3.786742311406931399e-20 3.176240717751516168e-21
2.401134826738298216e+04 4.537831845980342112e-20 3.158484445050049841e-21
2.402203313934780454e+04 3.030710828691649219e-20 3.225262124053146401e-21
2.403271797816225808e+04 3.493434078329156573e-20 2.988806251854136229e-21
2.404340278380566815e+04 3.473572090377899489e-20 3.152296020948105533e-21
2.405408755624161131e+04 2.705014884583460252e-20 3.101730002728326067e-21
2.406477229544181682e+04 3.576613194147576114e-20 3.143524065396490588e-21
2.407545700139375913e+04 3.518083537090511240e-20 2.996553684236282542e-21
2.408614167405314583e+04 3.278070636765348540e-20 3.143178915912327349e-21
2.409682631339134969e+04 3.281496214031499340e-20 2.941282576901493200e-21
2.410751091938416357e+04 2.436120456196038803e-20 2.810909620260157793e-21
2.411819549200714755e+04 3.854916429029896038e-20 3.150356527933557896e-21
2.412888003122392183e+04 3.501033401659393212e-20 3.329854976500266589e-21
2.413956453700632483e+04 4.731302486564284541e-20 3.208716082453675161e-21
2.415024900934193283e+04 8.830023062896733784e-20 3.788480932615245725e-21
2.416093344818245896e+04 7.455702423234252770e-20 3.525873676424793314e-21
2.417161785350348873e+04 4.919226271117010906e-20 3.160364172965003642e-21
2.418230222528889499e+04 3.303930930101549185e-20 3.021517790972520651e-21
2.419298656350230522e+04 3.211053956292863649e-20 2.999875537975879806e-21
2.420367086810748151e+04 2.700425827802123069e-20 2.958424243460432725e-21
2.421435513909225483e+04 2.702601520969953968e-20 2.978722698907115459e-21
2.422503937642033270e+04 2.640693673420293274e-20 2.667816398123524372e-21
2.423572358005146089e+04 3.459689057703077901e-20 2.946953885748299800e-21
2.424640774998146662e+04 3.645903165839713701e-20 2.841158296862692284e-21
2.425709188617029940e+04 3.194051760136737471e-20 2.801430782845883419e-21
2.426777598858546116e+04 2.914298774760592545e-20 2.981146457150667615e-21
2.427846005719498498e+04 2.852089768368175145e-20 2.885317222227193397e-21
2.428914409199888905e+04 2.857928914171296123e-20 2.734615544943481538e-21
2.429982809293680475e+04 3.344890369515187991e-20 2.999853115061722104e-21
2.431051205998454680e+04 3.637364200265842809e-20 2.865323008662363818e-21
2.432119599313815343e+04 3.866326967220411720e-20 3.281552011270925526e-21
2.433187989234142879e+04 4.027725388893795011e-20 3.062866113222017470e-21
2.434256375757827482e+04 2.674444186350237009e-20 2.857195350493127041e-21
2.435324758882875176e+04 2.208215480953968787e-20 2.866836039811100568e-21
2.436393138605272907e+04 2.859832620147545405e-20 2.666610516816018142e-21
2.437461514922211063e+04 3.656830557330978010e-20 3.047706551313846841e-21
2.438529887832104578e+04 4.435585494760317126e-20 3.056453113072293468e-21
2.439598257330922570e+04 3.660597844192638034e-20 2.964355669767215655e-21
2.440666623415867434e+04 2.501120400396859605e-20 2.924389782661949232e-21
2.441734986084963384e+04 2.467864975111756361e-20 3.229608241111321334e-21
2.442803345335393169e+04 2.982461685576564224e-20 2.970366281506874490e-21
2.443871701163149555e+04 2.819145537862756734e-20 3.027807887754224608e-21
2.444940053566256756e+04 3.364725559021852456e-20 2.979668638353074854e-21
2.446008402543132252e+04 3.086569434674809311e-20 2.899364774461884221e-21
2.447076748087725719e+04 3.482307830968539080e-20 2.771431587140709338e-21
2.448145090200912819e+04 2.959390609638329906e-20 2.875373720339579913e-21
2.449213428878685227e+04 3.814168432239797549e-20 3.114486960316501045e-21
2.450281764115783517e+04 3.120299968834050795e-20 3.127751968798258220e-21
2.451350095912700272e+04 3.009288286790547966e-20 2.725407288626558049e-21
2.452418424266249349e+04 3.011694198050404302e-20 2.935007144957626931e-21
2.453486749171176052e+04 2.508349150932621259e-20 2.872106924230045792e-21
2.454555070626748784e+04 2.356194755627466706e-20 2.890439986436836049e-21
2.455623388630989575e+04 2.547871901963363706e-20 2.826544892109504923e-21
2.456691703177853924e+04 3.505092313953218994e-20 2.737380482803109040e-21
2.457760014268246596e+04 4.019554301765093374e-20 3.048118955770150289e-21
2.458828321897735441e+04 3.589573634994031763e-20 3.014872566957078095e-21
2.459896626061904317e+04 3.326566210567487618e-20 3.172960468387074908e-21
2.460964926761268362e+04 3.378817582633720897e-20 3.100855119029736955e-21
2.462033223990998886e+04 2.939302744530819651e-20 2.867232095162389743e-21
2.463101517747898833e+04 2.569797194449476662e-20 2.831503327680886373e-21
2.464169808031252978e+04 1.946854982641284667e-20 2.558790232097147060e-21
2.465238094836640084e+04 3.185756139529077432e-20 2.891820032525894141e-21
2.466306378160467648e+04 3.143366380399135239e-20 2.968343866916844678e-21
2.467374658003258446e+04 3.018953195165844305e-20 2.920323569004539493e-21
2.468442934358949424e+04 2.923070474904953523e-20 2.779478248685732356e-21
2.469511207225595717e+04 2.622811978148485540e-20 2.718975825042593402e-21
2.470579476602500290e+04 3.424021518625985274e-20 3.003522299418181207e-21
2.471647742483582260e+04 2.266300547736886573e-20 2.848286182051160053e-21
2.472716004868137315e+04 3.044868809393283761e-20 2.637034025437011757e-21
2.473784263753836785e+04 3.905876417315818873e-20 2.885828421178086507e-21
2.474852519136244518e+04 3.098637518543182223e-20 2.881141537305386256e-21
2.475920771013012563e+04 3.084020592724680377e-20 2.779956282005283592e-21
2.476989019383454797e+04 2.520538917424018741e-20 2.768248664678393027e-21
2.478057264240255245e+04 2.811287562726468584e-20 2.735775347822186069e-21
2.479125505586068903e+04 2.661293378689664586e-20 2.716225046425291281e-21
2.480193743217260999e+04 3.260533823928848600e-20 2.942958117308503166e-21
2.481261957599285233e+04 3.555042301022991371e-20 3.339898359483561557e-21
2.482330155495759391e+04 2.644914513538436433e-20 2.655144852611065914e-21
2.483398349738960314e+04 3.113797960633791914e-20 2.840122697991605732e-21
2.484466540453534617e+04 3.544519711679988064e-20 2.771801634326442170e-21
2.485534727640090932e+04 3.209483009631342170e-20 2.437804336804482275e-21
2.486602911302188295e+04 4.120471599899075882e-20 2.448386753058395655e-21
2.487671092238709753e+04 3.300836380885310146e-20 2.542284479909299577e-21
2.488761001251971902e+04 3.220920576322863494e-20 2.699850676494767814e-21
2.489829175739292623e+04 3.605752332252010808e-20 2.775637615211957658e-21
2.490897346686473611e+04 2.471461995384683912e-20 2.990484360015800644e-21
2.491965514086442272e+04 3.415752046549956391e-20 2.918161423342453210e-21
2.493033677934714797e+04 2.690166069945323677e-20 2.746026075258317552e-21
2.494101838234197567e+04 2.754970063663063512e-20 3.041450283392802674e-21
2.495169994977806709e+04 3.193367630225271519e-20 2.911815763281899648e-21
2.496238148163233200e+04 2.848976001941407136e-20 2.883864910022454543e-21
2.497306297790351528e+04 2.997559719303333358e-20 2.716706355307943661e-21
2.498374443852938202e+04 2.877966883929056363e-20 2.772337469174388187e-21
2.499442586351727005e+04 1.887616829446265152e-20 2.663476510094042979e-21
2.500510725281822670e+04 3.271767169179575710e-20 2.656009494138401358e-21
2.501578860639183040e+04 2.017189177805877460e-20 2.516497681529261672e-21
2.502646992425436474e+04 3.260540579128130344e-20 2.507395970056958967e-21
2.503715120634800405e+04 3.506893695592002540e-20 2.557281901362226684e-21
2.504783245262354103e+04 2.739068406893641546e-20 2.227388687023177889e-21
2.505851366310179219e+04 2.643393958812050542e-20 2.686285374208357665e-21
2.506919483771606974e+04 2.938373892832366724e-20 2.734060149266010826e-21
2.507987597648284645e+04 2.997939865141227795e-20 2.641598541005920414e-21
2.509055707933973099e+04 3.290832993346025449e-20 2.830676067238239234e-21
2.510123814625083469e+04 2.671457644001202135e-20 2.508327148934663918e-21
2.511191917722841754e+04 2.610685786565803474e-20 2.702295280827464472e-21
2.512260017220569716e+04 1.883162934889695820e-20 2.839615039395683268e-21
2.513328113118623878e+04 2.491606292975181486e-20 2.731405351960280587e-21
2.514396205412965719e+04 2.657778738519337069e-20 2.744140517843744368e-21
2.515464294099111430e+04 2.650467722858998176e-20 2.404788666170090862e-21
2.516532379178746487e+04 2.945260133813768624e-20 2.470657120311529784e-21
2.517600460643420593e+04 3.028494742830636219e-20 2.593115696521345708e-21
2.518668538496133988e+04 2.936846880818984757e-20 2.673647580595336525e-21
2.519736612731104833e+04 2.457539005316831765e-20 2.555880875165951520e-21
2.520804683344290606e+04 1.654547913503466860e-20 2.531386897623055813e-21
2.521872750336951867e+04 2.820264189730734848e-20 2.557297778210404290e-21
2.522940813702840387e+04 2.526863692834297384e-20 2.653826120420376231e-21
2.524008873440573007e+04 2.494948084877442599e-20 2.395697965145188385e-21
2.525076929548323096e+04 3.052055872612797401e-20 2.405563566369537660e-21
2.526144982020722819e+04 2.776108440930313403e-20 2.636562419212815185e-21
2.527213030859495848e+04 2.374800199600228874e-20 2.623312276308256323e-21
2.528281076056596066e+04 2.870158228265646518e-20 2.695679652199657631e-21
2.529349117613322596e+04 2.648314471476434361e-20 2.533710933829643778e-21
2.530417155526531860e+04 2.771590620686259116e-20 2.434941272328259943e-21
2.531485189790408185e+04 2.352732740630077331e-20 2.678384591393713025e-21
2.532553220406692344e+04 2.723027779527394827e-20 2.658678815456680400e-21
2.533621247369570119e+04 3.075926830100216334e-20 2.643581808288839250e-21
2.534689270675892112e+04 2.320956665541939231e-20 2.584221127474440017e-21
2.535757290326522707e+04 2.952913201243323766e-20 2.905999321756490320e-21
2.536825306313411784e+04 6.350908661884575327e-20 3.122953780494890952e-21
2.537893318640994039e+04 1.482312335096363419e-19 4.243838353420904978e-21
2.538961327299418554e+04 1.308828427106695562e-19 3.911357811079722384e-21
2.540029332290470484e+04 6.620354103463243851e-20 3.186753751453592728e-21
2.541097333611006616e+04 2.186601274288294501e-20 2.762180845361256035e-21
2.542165331254309422e+04 3.967758953579374032e-20 2.946329686154920746e-21
2.543233325224839427e+04 3.632416393134251070e-20 2.886719601496214699e-21
2.544301315511852590e+04 3.673100253588968165e-20 2.780764523371874805e-21
2.545369302119817075e+04 2.931052398506022775e-20 2.591182286709096428e-21
2.546437285042909207e+04 3.032036381707953508e-20 2.627979942248870804e-21
2.547505264275299487e+04 2.485073509735167109e-20 2.335528326871353808e-21
2.548573239820128219e+04 1.761110788113827973e-20 2.584383259076236247e-21
2.549641211670652046e+04 2.574247678483362470e-20 2.658031432209592409e-21
2.550709179826894615e+04 2.520068452968786796e-20 2.853446166829234823e-21
2.551777144283473899e+04 2.874186523797305801e-20 2.662742079632903365e-21
2.552845105039953705e+04 2.669781204313151376e-20 2.738764350501478784e-21
2.553913062093201006e+04 1.923833516671951929e-20 2.639739536542593686e-21
2.554981015437828682e+04 3.545960067107430173e-20 2.823122617143984578e-21
2.556048965076560489e+04 3.118088577921688132e-20 2.910127333404300866e-21
2.557116910999956235e+04 3.197026988032467049e-20 2.846729193996399820e-21
2.558184853212096641e+04 2.617015415704922059e-20 2.795794063082800827e-21
2.559252791704438641e+04 3.422686892346360137e-20 2.710285659166035144e-21
2.560320726479260338e+04 2.920992530081917962e-20 2.623749841087906521e-21
2.561388657531623539e+04 2.860748300903770576e-20 2.501789914278280669e-21
2.562456584856600603e+04 2.758851613458409577e-20 2.393485449019085533e-21
2.563524508456943295e+04 2.780587049136850213e-20 2.585531697479380601e-21
2.564592428323191052e+04 3.122566002580592640e-20 2.624828616857099714e-21
2.565660344459455882e+04 2.854798752292476616e-20 2.440027707380331711e-21
2.566728256857177985e+04 2.688127901296168038e-20 2.691593437570798069e-21
2.567796165518672933e+04 2.537766225006753193e-20 2.591607164807388743e-21
2.568864070437637929e+04 2.355326768127789119e-20 2.625329831737636133e-21
2.569931971613220594e+04 1.862130533938430169e-20 2.532155131979462819e-21
2.570999869044111983e+04 2.786166189950915932e-20 2.630518017884122019e-21
2.572067762722185580e+04 2.736805012807419772e-20 2.633032500551509974e-21
2.573135652651585769e+04 2.057684371962850568e-20 2.543184797431028666e-21
2.574203538823287090e+04 1.886182833939648671e-20 2.409541808787589437e-21
2.575271421240999189e+04 3.127218529601415247e-20 2.851312586693622107e-21
2.576339299896132434e+04 2.651073276693410377e-20 2.413038872169472316e-21
2.577407174791039870e+04 2.852759019427521585e-20 2.583223685240019133e-21
2.578475045919861805e+04 2.658393966357695603e-20 2.487729546533730349e-21
2.579542913280394714e+04 2.431524919680552090e-20 2.461496434840090678e-21
2.580610776871801500e+04 2.300443666360782336e-20 2.785935706080743389e-21
2.581678636688225015e+04 2.914624777347128886e-20 2.732419015561493228e-21
2.582746492730659156e+04 2.857170982679229190e-20 2.537897809527728707e-21
2.583814344992329279e+04 3.391807863213216910e-20 2.558437555172529114e-21
2.584882193475143504e+04 2.793033601385375270e-20 2.627873581465747202e-21
2.585950038171409687e+04 3.351109157083364943e-20 2.592653470591901834e-21
2.587017879083976732e+04 3.130792440119559865e-20 2.450272516587404713e-21
2.588085716205603967e+04 2.854993712739319576e-20 2.649651100205969401e-21
2.589153549537308572e+04 2.659580898302187156e-20 2.416092684863808109e-21
2.590221379073221033e+04 2.829926916987906385e-20 2.748118659398268273e-21
2.591289204812525350e+04 2.605785905058500729e-20 2.374022168472468726e-21
2.592357026752569436e+04 3.296725915732277893e-20 2.642711278184194405e-21
2.593424844888862208e+04 2.455030564598450803e-20 2.455261903963403178e-21
2.594492659222433213e+04 2.584930022129093809e-20 2.543199675278804000e-21
2.595560469745107912e+04 2.834955503643834725e-20 2.760093578580958746e-21
2.596628276460224879e+04 3.697011733097322862e-20 3.032635066652881923e-21
2.597696079359599025e+04 3.195427682118599745e-20 2.592784814469108472e-21
2.598763878446111630e+04 3.056300337126003243e-20 2.300075664333908046e-21
2.599831673711590338e+04 2.585853321330152908e-20 2.274248666717346427e-21
2.600899465159391184e+04 2.661499943976314498e-20 2.666489191575579785e-21
2.601967252780862691e+04 2.390676437700806713e-20 2.544853010647762860e-21
2.603035036578446670e+04 3.044474921140760438e-20 2.702138001513097828e-21
2.604102816544870439e+04 2.985602857820827740e-20 2.670792318299853981e-21
2.605170592681659036e+04 2.661358435838224668e-20 2.694550488358666454e-21
2.606238364983393694e+04 2.391299005940896282e-20 2.558409919211655593e-21
2.607306133448820765e+04 2.492459899690299152e-20 2.819840864660918194e-21
2.608373898074837416e+04 3.013707216914247859e-20 2.602343580190408732e-21
2.609441658858339360e+04 2.476283093964810825e-20 2.882662580554862888e-21
2.610509415797614929e+04 2.436057802190264556e-20 2.558186953937136988e-21
2.611577168889095265e+04 2.347717094568533811e-20 2.669065848457676254e-21
2.612644918131065060e+04 2.706638343821114753e-20 2.678821143504937815e-21
2.613712663519501075e+04 3.111596144465934451e-20 2.154520899673209446e-21
2.614780405054097355e+04 2.912626368353010600e-20 2.331978684149634853e-21
2.615848142728957828e+04 2.563646229871273951e-20 2.471062352218479221e-21
2.616915876545175706e+04 2.601393008102429964e-20 2.469167748046743134e-21
2.617983606496853827e+04 1.844527220156762427e-20 2.598117186681947727e-21
2.619051332583690964e+04 2.441739749130729159e-20 2.470609689829244635e-21
2.620119054801190941e+04 2.206018957407428591e-20 2.422015520727014235e-21
2.621186773148586872e+04 2.082220941409451832e-20 2.462300217401487602e-21
2.622254487621381486e+04 2.137317020975017265e-20 2.475649344870715000e-21
2.623322198218814083e+04 2.545547711795657445e-20 2.454353895588203188e-21
2.624389904936386301e+04 2.474934258555414804e-20 2.600511969256518238e-21
2.625457607773806376e+04 2.959279433935246451e-20 2.512373448668109944e-21
2.626525306725168048e+04 2.477994421301073820e-20 2.507669063421493578e-21
2.627593001792054929e+04 3.096824647547662565e-20 2.515428494359055572e-21
2.628660692966693387e+04 2.114320630632284100e-20 2.433237980177398676e-21
2.629728380252554416e+04 3.309803516899849437e-20 2.508826906347452033e-21
2.630796063640446664e+04 2.659442928011577903e-20 2.376660085713974730e-21
2.631863743133376192e+04 3.018933274353024256e-20 2.503774479459273779e-21
2.632931418724495234e+04 2.122763136895994671e-20 2.477710781039801588e-21
2.633999090414938473e+04 2.150919294358533657e-20 2.382202835259576505e-21
2.635066758198325260e+04 2.495629458083407298e-20 2.404510209935311564e-21
2.636134422075796465e+04 2.576436621553332241e-20 2.396904244246973833e-21
2.637202082040964160e+04 1.886203285266454760e-20 2.519593157696740985e-21
2.638269738094980494e+04 2.575761777119046380e-20 2.350430506973178282e-21
2.639337390231451718e+04 2.365098685686350821e-20 2.495571773230730521e-21
2.640405038451063956e+04 2.370814784205302751e-20 2.423420908796914078e-21
2.641472682748840089e+04 2.566779570458073577e-20 2.496154728705156057e-21
2.642540323124048882e+04 2.569738388009157112e-20 2.265323066520734442e-21
2.643607959572174877e+04 3.088988773005699809e-20 2.466430985145035010e-21
2.644675592092031002e+04 2.635679051245143296e-20 2.505927599591029266e-21
2.645743220680531158e+04 2.518948645150956834e-20 2.289509920839788905e-21
2.646810845335060003e+04 2.960387831504297351e-20 2.565892041742814112e-21
2.647878466052530348e+04 2.580341022062617162e-20 2.596011238981581615e-21
2.648946082830802698e+04 2.636601795672102588e-20 2.194211444505267216e-21
2.650013695668213768e+04 2.797914330577054564e-20 2.475601921084579066e-21
2.651081304560255376e+04 2.842334766544767458e-20 2.696953965413633967e-21
2.652148909506213022e+04 2.623208482722525284e-20 2.568637529196121566e-21
2.653216510501579614e+04 2.289514499946436148e-20 2.343556427224309522e-21
2.654284107545643565e+04 2.423952458506912232e-20 2.606583866402226165e-21
2.655351700633419387e+04 2.182249285502865065e-20 2.582597596040369398e-21
2.656419289765154099e+04 2.293654161421697744e-20 2.657489918881975910e-21
2.657486874934908701e+04 2.656805102012926160e-20 2.395013219705368986e-21
2.658554456144833603e+04 2.287071281236336170e-20 2.380536091668797147e-21
2.659622033387087868e+04 2.647822331123998802e-20 2.279154670887106784e-21
2.660689606662395818e+04 2.443505476671519972e-20 2.398484279354474563e-21
2.661757175965762872e+04 2.980192254407497485e-20 2.515485258431538822e-21
2.662824741298409936e+04 3.192500050254541348e-20 2.486344540636388120e-21
2.663892302653437946e+04 2.614868508006208372e-20 2.427435304220015317e-21
2.664959860031585413e+04 1.545614702297431591e-20 2.430238346132020675e-21
2.666027413427861757e+04 2.894587469691109199e-20 2.567584960076871771e-21
2.667094962840621520e+04 1.651963119691251707e-20 2.429982814036868760e-21
2.668162508267740122e+04 2.413939191565953448e-20 2.400705782986147854e-21
2.669230049705182682e+04 2.928421048100166019e-20 2.487990133720669607e-21
2.670297587153219138e+04 3.235833534674628709e-20 2.523106606005022920e-21
2.671365120605420452e+04 2.893998829506124555e-20 2.384676350577428728e-21
2.672432650062542962e+04 2.523376617249181274e-20 2.423429988755470678e-21
2.673500175519109325e+04 1.990418548458706279e-20 2.511725789494575804e-21
2.674567696974919818e+04 2.414125798280948440e-20 2.506860335116377482e-21
2.675635214425459344e+04 4.327497635127395595e-20 2.919912961856317936e-21
2.676702727870531453e+04 4.235897412639529673e-20 2.662641828951695126e-21
2.677770237304658076e+04 3.024392917869286068e-20 2.370744597490239389e-21
2.678837742727645309e+04 2.386906836396646414e-20 2.511901099051245498e-21
2.679905244135458270e+04 2.129096556785358044e-20 2.552788016581017890e-21
2.680972741525980746e+04 1.919252577613973130e-20 2.691315718176452922e-21
2.682040234897094342e+04 2.440061264086583117e-20 2.523571392654759921e-21
2.683107724244769634e+04 2.706212422655197624e-20 2.701172709196868567e-21
2.684175209567858474e+04 2.500478090389948383e-20 2.431625427604771148e-21
2.685242690863769894e+04 2.212930718375532223e-20 2.537350991278304315e-21
2.686310168128947043e+04 3.073602621782166509e-20 2.552721585622489322e-21
2.687377641361282440e+04 2.498330788129554937e-20 2.364038419527203247e-21
2.688445110558185843e+04 3.146219648145914244e-20 2.639532018248609353e-21
2.689512575717067011e+04 2.022693566143396577e-20 2.386585671077128514e-21
2.690580036835821375e+04 2.626913116561974756e-20 2.601761651062134365e-21
2.691647493911375932e+04 2.418028969386915057e-20 2.625318493957288225e-21
2.692714946939689253e+04 2.023768073714718833e-20 2.451488170226925986e-21
2.693782395920595809e+04 2.318868812043027624e-20 2.655371849070837157e-21
2.694849840850539840e+04 2.889908440279447616e-20 3.098179103297341811e-21
2.695917281727421141e+04 3.052523014287973850e-20 2.982519090973050055e-21
2.696984718547196098e+04 2.029702652402870413e-20 2.290940969171487822e-21
2.698052151309222609e+04 3.109471305029222934e-20 2.407538543342023339e-21
2.699119580009458150e+04 3.054066888559872697e-20 2.574224223658951034e-21
2.700187004645804336e+04 2.936873383052012431e-20 2.675640413579589007e-21
2.701254425215190713e+04 2.643056752592079135e-20 2.558228511323523422e-21
2.702321841716493873e+04 2.763400791227308191e-20 2.689703208549977356e-21
2.703389254145184168e+04 2.230657601859195150e-20 2.606035991414729032e-21
2.704456662500138555e+04 2.947689978691599967e-20 2.568097420866999247e-21
2.705524066777795815e+04 2.611845097708736811e-20 2.452517853181322598e-21
2.706591466977042364e+04 2.863271879310284052e-20 2.660055057684816563e-21
2.707658863093347827e+04 3.089192675390364190e-20 2.649709983851506660e-21
2.708726255125596072e+04 2.307433210134157194e-20 2.554697506274757158e-21
2.709793643070230246e+04 2.027203808979227189e-20 2.547553881501363144e-21
2.710861026926137129e+04 2.710526477028038177e-20 2.802081792436980327e-21
2.711928406688294126e+04 2.737296583148848639e-20 2.784782905807770919e-21
2.712995782357055577e+04 1.959957578617640073e-20 2.592056571267547787e-21
2.714063153927888925e+04 2.782245647311203996e-20 2.612800784724131312e-21
2.715130521389072965e+04 2.130891923293983818e-20 2.532097657186828101e-21
2.716197838331405364e+04 1.956693147018238726e-20 2.602892933115725960e-21
2.717265114904903749e+04 2.959480045102510452e-20 2.625030917524217932e-21
2.718332387371119330e+04 1.846599646174766449e-20 2.644011012971300900e-21
2.719399655728460857e+04 2.698662084013215577e-20 2.530853530161670566e-21
2.720466919973370022e+04 2.380193427037736742e-20 2.387026156166410926e-21
2.721534180103765902e+04 2.486201306086341893e-20 2.596323515538502830e-21
2.722601436118057245e+04 3.069663270361102931e-20 2.686236920856228658e-21
2.723668688011706399e+04 2.238144086681019971e-20 2.707679053225783687e-21
2.724735935783613968e+04 2.767157400456009982e-20 2.512529476011244582e-21
2.725803179429733791e+04 2.648283685167162387e-20 2.663878285000408941e-21
2.726870418949953819e+04 1.907565658231706620e-20 2.456788288842307204e-21
2.727937654339243818e+04 2.523398912526451973e-20 2.583805141552900661e-21
2.729004885596509121e+04 2.733043082416135769e-20 2.714777528088824240e-21
2.730072112718194330e+04 3.072384137703063742e-20 2.630523982483499734e-21
2.731139335702222525e+04 2.603009479447698920e-20 2.723322667120306785e-21
2.732206554546517145e+04 1.798828726784297663e-20 2.470699771471634204e-21
2.733273769248016833e+04 2.027893890393443223e-20 2.585142972407239096e-21
2.734340979803167647e+04 2.187668847463593480e-20 2.528462260249818420e-21
2.735408186211371867e+04 2.581142910189406867e-20 2.678344305131886755e-21
2.736475388468578967e+04 1.166907407696444321e-20 2.676416532552639460e-21
2.737542586572720029e+04 1.877668339784041876e-20 2.813782506528407452e-21
2.738609780521228095e+04 3.043047764517608063e-20 2.762978470862691499e-21
2.739676970312030608e+04 2.313139097835461407e-20 2.322925620439450125e-21
2.740744155941575082e+04 2.534579624569075843e-20 2.484770727317208675e-21
2.741811337407788596e+04 2.907995845288438048e-20 2.791050505079995442e-21
2.742878514708106377e+04 3.021665254792305649e-20 2.736920998079849173e-21
2.743945687839470338e+04 2.410749451184748550e-20 2.858429304855431868e-21
2.745012856801291127e+04 2.607102062618274759e-20 2.682172237283111794e-21
2.746080021588537420e+04 2.426592603259125722e-20 2.838689797422731696e-21
2.747147182199629242e+04 2.600745543258679819e-20 2.666777375074292735e-21
2.748214338631511055e+04 1.905402932162590357e-20 2.765842799167946794e-21
2.749281490882611251e+04 2.950653236277201218e-20 2.829539118972108192e-21
2.750348638950861277e+04 3.165951354596258958e-20 2.771786985794684454e-21
2.751415782831223623e+04 2.164054937792436526e-20 2.778476127440723956e-21
2.752482922523116940e+04 2.945007948215475642e-20 2.992432515563251976e-21
2.753550058023484962e+04 3.032552414096024719e-20 3.033957006827309176e-21
2.754617189330263500e+04 2.965384478535985885e-20 3.114467813585583019e-21
2.755684316438906535e+04 2.316040555614423849e-20 2.872180996365802577e-21
2.756751439350330111e+04 2.429602982340387778e-20 2.998368014270852272e-21
2.757818558057999689e+04 2.674721630796121576e-20 2.958817471848120910e-21
2.758885672563330445e+04 2.628772825379348171e-20 2.591353400972289245e-21
2.759952782860286243e+04 2.513800378695830719e-20 2.681333097252918294e-21
2.761019888947796790e+04 1.862835117586332770e-20 3.044530803186155395e-21
2.762086990824302484e+04 2.805581033851926745e-20 3.155001461709889938e-21
2.763154088485251850e+04 2.590366275146657586e-20 2.766726587306800505e-21
2.764221181930079547e+04 2.959581218802438572e-20 3.157836497433758916e-21
2.765288271153737514e+04 2.103934003476345986e-20 3.142386354827976348e-21
2.766355356156658672e+04 2.459379121778511060e-20 2.744862633000667993e-21
2.767422436933795325e+04 1.877511830924900707e-20 2.642526793656741540e-21
2.768489513484083000e+04 2.227659777948216386e-20 2.603367752419944201e-21
2.769556585803973940e+04 2.231233926492431327e-20 2.671825271358755452e-21
2.770623653891904178e+04 2.148426146646735209e-20 2.509609635014569162e-21
2.771690717745323127e+04 2.987865061961205299e-20 2.939390892348074517e-21
2.772757777359677129e+04 3.165002361508234867e-20 3.066694695366636975e-21
2.773824832735905511e+04 2.706653887664095730e-20 2.659220774142347871e-21
2.774891883867960496e+04 3.090328895496605454e-20 2.547167858255412396e-21
2.775958930754784524e+04 2.909321329734018060e-20 2.706389917942320794e-21
2.777025973394323955e+04 2.154278975608932339e-20 2.501352316746953078e-21
2.778093011783526163e+04 2.110332364602188077e-20 3.018882672033356529e-21
2.943669297469746016e+04 2.947013426208503519e-20 3.270139120119436243e-21
2.944735640877987316e+04 2.539797992055184364e-20 3.005551551774500416e-21
2.945801979636185933e+04 1.907443341753289092e-20 3.081951808965768589e-21
2.946868313741798556e+04 1.605500605782541234e-20 2.820961177045651070e-21
2.947934643192801741e+04 2.435385314934913788e-20 2.932201532364107314e-21
2.949000967985609168e+04 2.835582181860282093e-20 3.015999491646004361e-21
2.950067288119763543e+04 1.652132147687528093e-20 3.041232872574513107e-21
2.951133622518053380e+04 2.179651798559869111e-20 2.733221898664817278e-21
2.952199968515821092e+04 2.114244937295457119e-20 3.194319870077697717e-21
2.953266309848180754e+04 2.193475118284407005e-20 3.331221115749732739e-21
2.954332646508632388e+04 2.683557297178005404e-20 2.875243294649751866e-21
2.955398978496724158e+04 2.420379182890162015e-20 3.040402715017689007e-21
2.956465305808862831e+04 1.752236380993294872e-20 3.210237080860437309e-21
2.957531628442501096e+04 1.884687268406015965e-20 2.924885891296354045e-21
2.958597946394564133e+04 2.268074403611212236e-20 3.277307457800295092e-21
2.959664259662511904e+04 2.424508284267899551e-20 3.034540605011429143e-21
2.960730568245368340e+04 1.381182607762699918e-20 3.098646036124627018e-21
2.961796872138493927e+04 1.676474287933469473e-20 3.336757282165347597e-21
2.962863171341433554e+04 1.529971921418563829e-20 3.128956454870122121e-21
2.963929465850071574e+04 1.083565689581592277e-20 3.102766586578310259e-21
2.964995755662905503e+04 2.774444684378863032e-20 3.062532176871519986e-21
2.966062040776340655e+04 2.505227799503741369e-20 3.147759634969947348e-21
2.967128321187828988e+04 1.717001004221893369e-20 2.953019678131921967e-21
2.968194596896394069e+04 1.760799882288012918e-20 3.087902206661309856e-21
2.969260867897915523e+04 1.734918832503465495e-20 2.875346501448251841e-21
2.970327134189843491e+04 2.682901069408426931e-20 2.724639087004462340e-21
2.971393395770678399e+04 2.246197201594965928e-20 2.743974016887689188e-21
2.972459652637872932e+04 7.381660411558265123e-21 2.722203041616022858e-21
2.973525904787299442e+04 1.595974736094669821e-20 2.890332159185941544e-21
2.974592152219037234e+04 1.963753406198319786e-20 2.816074180804662993e-21
2.975658394926854089e+04 1.799801401693467727e-20 2.594359677374322762e-21
2.976724632911358640e+04 1.880113087792160588e-20 2.846881328302388904e-21
2.977790866168935099e+04 2.072855228021949560e-20 2.960663828439397236e-21
2.978857094696515560e+04 1.941812571903431879e-20 2.773679386629329924e-21
2.979923318493656552e+04 1.510526372680772100e-20 2.916527876995880587e-21
2.980989537554648632e+04 2.292930351468888053e-20 3.366028839681489732e-21
2.982055751878517549e+04 2.681884057400871273e-20 3.146784000660177782e-21
2.983121961463766638e+04 1.969834571511066902e-20 2.963667298398682534e-21
2.984188166306262065e+04 1.344301238141402236e-20 2.950033242701688721e-21
2.985254366402925007e+04 2.098186119491450231e-20 2.775573356740539772e-21
2.986320561753309812e+04 1.818872540407459348e-20 3.010613803815483467e-21
2.987386752353283009e+04 1.611374439023856570e-20 2.695405725083362589e-21
2.988452938201875077e+04 1.444368031618372442e-20 2.691897340818877388e-21
2.989519119293889889e+04 2.175906937818715221e-20 2.732867349449391516e-21
2.990585295629945540e+04 1.355631588438271230e-20 2.781450788794370545e-21
2.991651467205372319e+04 1.959394913821304998e-20 3.046446615522469263e-21
2.992717634017616001e+04 1.638615987722354510e-20 2.731864092395353147e-21
2.993783796065709612e+04 1.678399607126366540e-20 2.702150684402425287e-21
2.994849953344973983e+04 2.104952587933003700e-20 2.744170603182827515e-21
2.995916105853911722e+04 1.211211184977715065e-20 2.583297746839284027e-21
2.996982253589972242e+04 1.249146419179522132e-20 2.686407517106945298e-21
2.998048396551131009e+04 2.155412515466622642e-20 2.746522073904312953e-21
2.999114534734301196e+04 1.289013891300442206e-20 2.927532385556246024e-21
3.000180668136396707e+04 2.274790872126652837e-20 2.794243585199057862e-21
3.001246796755388277e+04 1.468515168015434354e-20 2.796021440085576057e-21
3.002312920588721681e+04 2.375525188132056287e-20 2.965603353900468260e-21
3.003379039634897345e+04 1.696086527535985851e-20 2.670279321757796619e-21
3.004445153888705318e+04 1.646073645555459632e-20 2.762715186456965946e-21
3.005511263350240188e+04 2.265246856587848638e-20 2.572637229438069203e-21
3.006577368015883258e+04 1.868354257214041514e-20 2.607028344899108953e-21
3.007643467882542609e+04 1.956382041839637512e-20 2.660611323658266346e-21
3.008709562948190433e+04 2.031830865066596572e-20 2.804805058138312449e-21
3.009775653210264863e+04 1.785055107538162490e-20 2.482020413257287950e-21
3.010841738666201491e+04 2.317744507318383666e-20 2.592328243610336701e-21
3.011907819313438813e+04 1.983579005710421374e-20 2.708473227808128486e-21
3.012973895149954842e+04 1.671868796496636564e-20 2.457203694313456223e-21
3.014039966172121058e+04 1.595467338591997651e-20 2.465947050464003746e-21
3.015106032377380325e+04 1.325016534045573190e-20 2.734185293117834961e-21
3.016172093764765668e+04 1.984115421046267019e-20 3.427097326638390512e-21
3.017238150330649660e+04 1.924567408593257090e-20 3.075477870424176631e-21
3.018304202071936015e+04 1.797300290852297369e-20 2.826886969721468698e-21
3.019370248986061779e+04 1.912398853697165613e-20 2.634946781476154847e-21
3.020436291071532469e+04 1.689507653475784209e-20 2.626684769386588515e-21
3.021502328325778944e+04 1.988913580556061160e-20 2.728602683999144137e-21
3.022568360744640086e+04 2.509034619244340021e-20 2.992411241444415199e-21
3.023634388327684428e+04 2.028511603741413409e-20 2.775721074490318322e-21
3.024700411070746486e+04 1.591490206818923999e-20 2.815662693662124276e-21
3.025766428971251298e+04 2.398537949615310872e-20 2.904459834795536994e-21
3.026832442027702564e+04 1.562968978376226300e-20 2.915619861178479160e-21
3.027898450237006909e+04 1.949587279648894845e-20 2.788312670113686649e-21
3.028964453596597014e+04 2.577198265867957568e-20 2.637220550386982129e-21
3.030030452103906282e+04 1.303293202729557677e-20 2.607587936620092657e-21
3.031096445756366302e+04 1.709319027020067211e-20 2.824347450099829078e-21
3.032162434550875332e+04 1.922561315698285686e-20 2.885160562991109496e-21
3.033228418485933798e+04 2.226900895580878990e-20 2.919209419056784303e-21
3.034294397557902630e+04 2.117178180650081810e-20 2.810718238789146282e-21
3.035360371765284071e+04 2.177238332292141856e-20 2.790583524939673496e-21
3.036426341105507890e+04 2.052345288113290156e-20 2.809077022960335226e-21
3.037492305573862541e+04 1.623965010334556854e-20 2.777882463430028767e-21
3.038558265170989762e+04 2.104636411377625156e-20 2.872951913257523546e-21
3.039624219891092798e+04 1.946001383440976825e-20 3.016049888326704306e-21
3.040690169735360178e+04 2.431388789671668889e-20 2.807971261939865167e-21
3.041756114697470184e+04 1.296083330412433588e-20 2.658359729581647317e-21
3.042822054776995355e+04 1.489004245993343627e-20 3.024912251687873802e-21
3.043887989970290801e+04 9.672836157995945130e-21 2.728549024431042818e-21
3.044953920275320706e+04 1.844063834822614781e-20 2.931519166823037439e-21
3.046019845690044167e+04 2.631335615044122291e-20 2.792644663723594970e-21
3.047085766210816291e+04 1.518175914672441146e-20 2.536380331820710576e-21
3.048151681835599447e+04 2.114477446366627186e-20 2.751941136692591793e-21
3.049217592561819401e+04 1.430540612234958508e-20 2.539153401449886098e-21
3.050283498387974032e+04 2.108226631225201252e-20 2.814078088639826564e-21
3.051349399309337241e+04 2.102081747354427237e-20 2.823639217645037079e-21
3.052415295324398176e+04 2.410531460296228861e-20 2.852390192713783208e-21
3.053481186430580783e+04 2.173594387234315558e-20 2.947880313596288611e-21
3.054547072625856163e+04 1.951213494764446604e-20 2.796274213318810281e-21
3.055612953907106930e+04 2.371513314674854374e-20 2.903183033239383854e-21
3.056678830271214247e+04 2.701249076925142795e-20 2.965157970266093022e-21
3.057744701716138661e+04 1.977473971192913742e-20 2.797018928012713460e-21
3.058810568239839995e+04 1.570492767921282382e-20 2.688065542950585906e-21
3.059876429838660988e+04 1.768623980882685641e-20 2.746421819349798919e-21
3.060942286510559643e+04 2.165464272168357935e-20 2.706009543104425180e-21
3.062008138252954450e+04 1.259422364920683449e-20 2.913394690619150527e-21
3.063073985062724387e+04 2.226907207739434035e-20 3.247754543677890569e-21
3.064139826938909027e+04 9.986520799288648227e-21 3.019136987341291255e-21
3.065205663877824918e+04 1.449393095980501037e-20 2.826458943055719355e-21
3.066271495876370318e+04 2.298117190320728190e-20 3.094903475032173196e-21
3.067337322932498137e+04 2.469129821442638222e-20 3.357628762835506176e-21
3.068403145043627228e+04 2.123764731411640899e-20 2.908754754665156389e-21
3.069468962207172808e+04 2.289354131516964630e-20 2.937836000588672443e-21
3.070534774420546819e+04 1.502356488443526158e-20 3.120880817659491974e-21
3.071600581681167751e+04 1.343638462028631923e-20 2.796364025111470053e-21
3.072666383986446453e+04 2.111763098110924774e-20 2.971469414120740807e-21
3.073732181333798508e+04 2.247735313940810338e-20 3.092387575956324864e-21
3.074797973720093796e+04 2.101155491823910994e-20 2.957397813126798472e-21
3.075863761144369710e+04 2.037804969112472638e-20 2.693777639390320073e-21
3.076929543601852129e+04 2.355003123278529706e-20 2.976761579375078228e-21
3.077995321092140148e+04 1.628226670843845296e-20 3.079578553117156483e-21
3.079061093610474200e+04 1.544428824952790511e-20 3.051661066789461344e-21
3.080126861155890947e+04 2.312752966003990224e-20 2.945189712787376515e-21
3.081192623725258090e+04 2.677323794716696180e-20 2.836275175020976815e-21
3.082258381315983934e+04 2.001605293206458411e-20 3.285567807684644557e-21
3.083324133924937269e+04 2.384126647451456025e-20 2.966721199156720996e-21
3.084389881550606515e+04 2.328255869528736650e-20 3.159734025747780846e-21
3.085455624189860828e+04 1.388035486143907250e-20 3.243820970841655672e-21
3.086521361840104873e+04 1.311616295399270274e-20 2.959211268897113925e-21
3.087587094498733859e+04 1.759388398089064412e-20 2.703123239611455191e-21
3.088652822163154269e+04 1.838945070264415568e-20 2.796253321963055994e-21
3.089718544830238534e+04 1.515658013648755244e-20 2.799452300621341077e-21
3.090784262498476164e+04 1.952285346234433953e-20 2.667036806288188338e-21
3.091849975164184070e+04 1.644340626894428703e-20 2.871719133192371990e-21
3.092915682825853582e+04 2.056070440542725761e-20 2.829927085217185267e-21
3.093981385479253368e+04 1.638409938326283019e-20 2.972866043123285825e-21
3.095047083123966513e+04 1.693305415473536804e-20 2.720361812881216313e-21
3.096112775756303381e+04 1.570242409026440501e-20 2.736507038274201176e-21
3.097178463373118575e+04 1.478057136430966527e-20 2.999520949851275812e-21
3.098244145972895421e+04 1.285682225729605562e-20 2.960649451976549178e-21
3.099309823552485614e+04 1.408997733779451217e-20 2.750588950641869436e-21
3.100375496109298911e+04 1.528168567059466901e-20 2.753690254829835125e-21
3.101441163640189188e+04 1.432827821640312578e-20 2.733672904795286640e-21
3.102506826143096987e+04 1.591722321188348343e-20 2.982640093799879642e-21
3.103572483615967576e+04 1.142640177917725986e-20 2.995486314468914526e-21
3.104638136054559800e+04 1.972273223088797977e-20 3.141972833848794804e-21
3.105703783458452381e+04 1.906782209785535835e-20 2.765237454331551097e-21
3.106769425823404163e+04 9.097301770044012231e-21 2.879295629879868470e-21
3.107835063147354958e+04 1.248111487004700110e-20 2.742600615684637490e-21
3.108900695428229301e+04 1.536184784369663369e-20 2.865163857691036600e-21
3.109966322662886159e+04 2.631666790661966282e-20 2.949963414726751893e-21
3.111031944848173953e+04 2.339433697080232618e-20 2.679297616937432372e-21
3.112097561982032857e+04 1.567310500029572061e-20 2.896557176310865914e-21
3.113163174061305835e+04 6.558566058070288685e-21 2.729578426067902721e-21
3.114228781084479851e+04 1.468176348578606847e-20 3.134785761565557004e-21
3.115294383048945747e+04 1.978972335998985638e-20 2.651216068426171257e-21
3.116359979950998604e+04 2.463762199509582510e-20 2.773626862141784224e-21
3.117425571788023808e+04 2.126207744155463256e-20 2.820598625725756978e-21
3.118491158558499228e+04 1.260139066435369987e-20 2.757558221459635886e-21
3.119556740259259823e+04 2.018259837858193633e-20 2.600588453045243637e-21
3.120622316888251953e+04 1.501539774148295453e-20 2.739784938713615728e-21
3.121687888442314943e+04 2.857321545400143461e-20 2.993457045250522316e-21
3.122753454917737326e+04 2.111641614154947571e-20 3.175237133996121541e-21
3.123819016312999520e+04 2.830726793212586836e-20 2.886626214985625370e-21
3.124884572626585214e+04 2.823270820156457749e-20 3.002838281795705837e-21
3.125950123854230696e+04 1.747271612844215771e-20 2.942894976380697219e-21
3.127015669993317715e+04 2.342661554078865877e-20 2.962838565998924421e-21
3.128081211042872383e+04 2.202735557965307447e-20 2.881358053766697359e-21
3.129146746997926675e+04 1.982276128012329143e-20 2.834443376560416110e-21
3.130189697411879388e+04 2.034386936610506914e-20 2.841792610425946809e-21
3.131255221773425728e+04 2.206401687715181392e-20 3.155604534201630257e-21
3.132320741040943540e+04 2.662409375454327699e-20 3.202914215001112953e-21
3.133386255204751433e+04 1.431191293193048373e-20 3.256440458293346955e-21
3.134451764263289442e+04 1.917894462214778281e-20 3.092666452911389751e-21
3.135517268212336421e+04 2.173693149945528001e-20 3.150120423230686981e-21
3.136582767049251561e+04 1.969913815494021534e-20 2.944771592656685308e-21
3.137648260771429705e+04 2.443992752609003917e-20 2.982166674961175145e-21
3.138713749378373541e+04 1.900737545185497941e-20 3.278562296031605484e-21
3.139779232864805454e+04 1.775836556600936244e-20 2.880033439231935556e-21
3.140844711229679160e+04 1.692260447924530143e-20 3.124523416377512027e-21
3.141910184469313390e+04 2.109549896245782878e-20 2.954447684707886864e-21
3.142975652582149633e+04 2.658682438078305410e-20 3.140794920040617421e-21
3.144041115565545988e+04 1.502764256121818802e-20 3.089958341472401167e-21
3.145106573415270395e+04 1.952044087882807803e-20 2.790067661224290650e-21
3.146172026129762162e+04 1.574567444239542833e-20 2.834116063856189935e-21
3.147237473706922538e+04 1.338152440643936565e-20 3.050092094795330654e-21
3.148302916143050606e+04 1.857056093649250289e-20 3.073109290569586400e-21
3.149368353435527752e+04 1.920363460679448779e-20 2.782079993864244676e-21
3.150433785583857389e+04 2.339028841978148327e-20 3.343385298394089503e-21
