9.796813054300284421e+03 1.907944342263980711e-19 5.286484682942101186e-20
9.803188815858464295e+03 7.598746360272505822e-20 3.894674430066824631e-20
9.809564559730040855e+03 6.623873954659660168e-20 3.464617917499410478e-20
9.815940285890330415e+03 1.852715541967438147e-20 3.465146152998027237e-20
9.822315994326294458e+03 6.838462230416272303e-20 3.271660115781964436e-20
9.828691685018253338e+03 -6.697961871080195998e-21 3.050821581558320486e-20
9.835067357946543780e+03 1.971716847646787389e-19 3.984702984049834565e-20
9.841443013094703929e+03 1.363975323515265354e-19 4.165091792484366792e-20
9.847818650446259198e+03 6.181643719189813877e-20 3.391211328680618406e-20
9.854194269981720936e+03 3.515936541194363275e-20 3.230846634850080774e-20
9.860569871681445875e+03 1.687101548452062519e-19 3.197705534703556833e-20
9.866945455530709296e+03 1.059764437440686668e-19 3.369864258688718976e-20
9.873321021508181730e+03 1.189567172019766018e-19 3.038526359766373435e-20
9.879696569597526832e+03 1.510879629111999403e-19 3.050853756392696846e-20
9.886072099782521036e+03 5.275160588757343710e-20 2.895877180723410234e-20
9.892447612043577465e+03 1.394314767584588080e-19 2.928401254720061304e-20
9.898823106362769977e+03 6.334518709166022732e-20 3.055438593869995154e-20
9.905198582718760008e+03 6.311115852995878703e-20 2.855802020465117622e-20
9.911574041100268005e+03 9.753719781505741853e-20 2.937059981977902143e-20
9.917949481486164586e+03 8.128414014992191026e-20 3.020258530273446384e-20
9.924324903858565449e+03 8.830689423835752799e-20 2.890613033250032285e-20
9.930700308197931008e+03 2.114098474174680553e-19 2.787779868697498002e-20
9.937075694486249631e+03 1.087648919485884451e-19 3.004132646735971131e-20
9.943451062710710175e+03 1.051785653455855980e-19 3.002776905818182940e-20
9.949826412848558903e+03 5.896262722287460849e-20 2.717811156273859011e-20
9.956201744886913730e+03 1.155747879057971680e-19 3.002757082543508951e-20
9.962577058799650331e+03 6.033728827629011282e-20 3.023593843194300463e-20
9.968952354575452773e+03 7.464652766388974194e-20 2.977656233770084535e-20
9.975327632194954276e+03 1.039698020359272527e-19 2.998746118145438979e-20
9.981702891640394228e+03 1.309932051529988744e-19 3.099859133084896668e-20
9.988078132895650924e+03 8.979148302633766882e-20 3.051888378468517261e-20
9.994453355939614994e+03 1.475429493647665502e-19 2.966283068365950069e-20
1.000082856075771815e+04 9.421867489360977125e-20 3.045281228821883206e-20
1.000720374732895834e+04 1.814026186492733545e-19 3.055985898424944444e-20
1.001357891563898556e+04 7.334962170627383277e-20 2.754516782966693426e-20
1.001995406566501697e+04 1.532170022687895668e-19 2.741685350693121122e-20
1.002632919739436875e+04 1.330568656557128397e-19 2.841555730628157439e-20
1.003270431080920207e+04 1.501495405127741643e-19 3.006975842679898516e-20
1.003907940588852216e+04 7.210467911689497395e-20 2.765718107335762483e-20
1.004545448261468664e+04 1.020488421639419865e-19 2.677743737178169225e-20
1.005182954097506081e+04 1.350794578581537304e-19 2.749685755689079062e-20
1.005820458094860805e+04 1.440605452413068319e-19 2.999022158388463903e-20
1.006457960251246732e+04 1.674812692904583230e-19 2.893614196529905832e-20
1.007095460565918620e+04 -5.828189405607321433e-21 2.745770400584873951e-20
1.007732959036610555e+04 3.483603293375027420e-20 2.811920281371450304e-20
1.008370455661051164e+04 1.260775578097950094e-19 3.114255351800103143e-20
1.009007950438494481e+04 1.788668058150147259e-19 2.970598064076014610e-20
1.009645443366492691e+04 7.215070778292900777e-20 3.037311304413765184e-20
1.010282934443453814e+04 9.085517618224628656e-20 2.800145683900993378e-20
1.010920423667629439e+04 9.348334974380329609e-20 3.020887771702563064e-20
1.011557911037259146e+04 1.061997904143923502e-19 2.958961414188414395e-20
1.012195396550586520e+04 8.933760241858970614e-20 2.838950335935216606e-20
1.012832880205849688e+04 1.139874127701876926e-19 2.784729518103517222e-20
1.013470362001285503e+04 8.057517524582802515e-20 2.829032337243034077e-20
1.014107841935153192e+04 1.830143386954606930e-19 2.937557063919947934e-20
1.014745320005527174e+04 6.191538354538648178e-20 2.611981012073645533e-20
1.015382796210997185e+04 1.619710671507117772e-19 2.618506962212425508e-20
1.016020270549640554e+04 1.297786875412880904e-19 2.579628430572008152e-20
1.016657743019519148e+04 1.437699376128579280e-19 2.555178123785511253e-20
1.017295213619415154e+04 9.942981697616494634e-20 2.785925677539546792e-20
1.017932682346892761e+04 1.259536922296866699e-19 2.865220654883969720e-20
1.018570149200892956e+04 1.401314092820811712e-19 2.823342397981762141e-20
1.019207614178979202e+04 1.089609788498103594e-19 3.001433779645404914e-20
1.019845077279738689e+04 1.800140854709959302e-19 2.827287687556962278e-20
1.020482538501780618e+04 1.280235031777372942e-19 2.680360453551765087e-20
1.021119997842674093e+04 1.652519883207409240e-19 2.835145639916433136e-20
1.021757455301196387e+04 4.164123814931046439e-20 2.584218393173206651e-20
1.022394910875431560e+04 4.614762804801956511e-20 2.652974238325165285e-20
1.023032364563460033e+04 1.051026378780614527e-19 2.636017661088660939e-20
1.023669816363883729e+04 7.888713651886156850e-20 2.618476319686165182e-20
1.024307266274628273e+04 1.660469546028367464e-19 2.812449476463465972e-20
1.024944714294128789e+04 9.543660864929780464e-20 2.732728971830854686e-20
1.025582160420823311e+04 1.129924119746596327e-19 2.759469641033393130e-20
1.026219604652801536e+04 1.182149721695748365e-19 2.936922323768547359e-20
1.026857046988313959e+04 1.283000431737627341e-19 2.749237729544581603e-20
1.027494487425288753e+04 4.533452349887603813e-20 2.611238565929664009e-20
1.028131925962871901e+04 1.308563070085802154e-19 2.758365998771720080e-20
1.028769362598454245e+04 8.050826536578559543e-20 2.559741298955020297e-20
1.029406797330654626e+04 1.751638664762322320e-19 2.676186203039692502e-20
1.030044230157913080e+04 5.085604988252787379e-20 2.474674072554511794e-20
1.030681661077968784e+04 8.261241391734885107e-20 2.632979159867074019e-20
1.031319090089984820e+04 1.125594818305144379e-19 2.729343769333521111e-20
1.031956517191529019e+04 1.669133707843284762e-19 2.740162680704691310e-20
1.032593942380873159e+04 9.504089859901909312e-20 2.879097030321452898e-20
1.033231365656469279e+04 4.047736830778276764e-20 2.723566700376351663e-20
1.033868787016579336e+04 1.047467079752033828e-19 2.771671369155255226e-20
1.034506206459668829e+04 1.692783343907746424e-19 3.016403819642897577e-20
1.035143623983484576e+04 1.046042110738076521e-19 2.582586031291559452e-20
1.035781039587193663e+04 1.402283817742070752e-19 2.812722802496274257e-20
1.036418453268185112e+04 1.137208351869924101e-20 2.655878501722914742e-20
1.037055865024914237e+04 9.321164084284688238e-20 2.404957702909776682e-20
1.037693274856009521e+04 1.207753365416673347e-19 2.310752262354556767e-20
1.038330682759765659e+04 5.782255094336779294e-20 2.231139024334389500e-20
1.038968088734109551e+04 3.470645190777837252e-20 2.607434585074687662e-20
1.039605492777680593e+04 1.305388327506269097e-19 2.569897882222411935e-20
1.040242894888406954e+04 6.479568576486830745e-20 2.561612626761178310e-20
1.040880295064744678e+04 -1.321534237587584664e-20 2.504823475033683966e-20
1.041517693304801651e+04 8.976061193035854390e-20 2.779311776238227416e-20
1.042155089607412265e+04 6.686372037227066419e-20 2.661982508978024402e-20
1.042792483970506328e+04 6.481071099449727449e-20 2.467142136375831128e-20
1.043429876392010920e+04 4.326145998168018525e-20 2.437890669139514262e-20
1.044067266870939056e+04 6.080031246811527895e-20 2.561271075768073090e-20
1.044704655405027916e+04 9.622232168370777384e-20 2.671221344045561700e-20
1.045342041992758095e+04 8.080968974675584367e-20 2.535664685107625152e-20
1.045979426632247123e+04 2.539287913853856058e-20 2.476448187871568947e-20
1.046616809322148583e+04 6.672505502544961761e-20 2.196903277602520662e-20
1.047254190060758629e+04 -8.650558214625899109e-21 2.312476575474439981e-20
1.047891568846010705e+04 1.164488461381944911e-19 2.523605184041623374e-20
1.048528945676368312e+04 3.235764653503467148e-20 2.521059688372720012e-20
1.049166320549959710e+04 1.079521975602020740e-19 2.624847306888836693e-20
1.049803693465631113e+04 1.046332289286514266e-19 2.484166033762622227e-20
1.050441064420953262e+04 1.196682288691185470e-19 2.312521074754941722e-20
1.051078433414771644e+04 1.062176305393500773e-19 2.391589963268320930e-20
1.051715800445206332e+04 1.290195289277493225e-19 2.625036636535697608e-20
1.052353165510727194e+04 1.342890907996202601e-19 2.619089830815438415e-20
1.052990528608920431e+04 1.929020682166099043e-19 2.452183971435874458e-20
1.053627889739004422e+04 1.231927470510768541e-19 2.570728102999377700e-20
1.054265248899101061e+04 1.638762245875165623e-19 2.480232665117417131e-20
1.054902606087149070e+04 1.351356725617391662e-19 2.674476679147008187e-20
1.055539961301454423e+04 7.517450666865719186e-20 2.512268683257489197e-20
1.056177314540677253e+04 1.277542603347872020e-19 2.328668143283084714e-20
1.056814665802956733e+04 1.253036078290262682e-19 2.506775897699455095e-20
1.057452015086418032e+04 1.814857230964774310e-19 2.448211050412523313e-20
1.058089362389553935e+04 1.237480691899838720e-19 2.360091720695852292e-20
1.058726707711045128e+04 4.491338765816019781e-20 2.318272688749226779e-20
1.059364051048649890e+04 1.039334762234244794e-19 2.744098598267412396e-20
1.060001392400481200e+04 4.892583602643923453e-20 2.607953770681548495e-20
1.060638731765790180e+04 5.157521169800016264e-20 2.445633491272004584e-20
1.061276069142152119e+04 5.887355317742988524e-20 2.419055702414977486e-20
1.061913404527696184e+04 9.986977636838813894e-20 2.310432180317523863e-20
1.062550737921664586e+04 1.086395865321439067e-19 2.552532265969549722e-20
1.063188069321633702e+04 1.256820750968169613e-19 2.531136833316602938e-20
1.063825398725537343e+04 6.575573584113074236e-20 2.351305738882277456e-20
1.064462726133189426e+04 8.830097001743331402e-20 2.163629980771222084e-20
1.065100051541610082e+04 1.233557687956076512e-19 2.359461234104347483e-20
1.065748694077018808e+04 5.882153944318701174e-20 2.297827463660218163e-20
1.066386016734306395e+04 1.429047521354093898e-19 2.564601836169390723e-20
1.067023336966997158e+04 8.055992019353290247e-20 2.425972148205644400e-20
1.067660655189816680e+04 1.398775069852962738e-19 2.538926753303437979e-20
1.068297971405629505e+04 1.028702949362217613e-19 2.520903126724273304e-20
1.068935285612398366e+04 9.968386700491669265e-20 2.539923531782106729e-20
1.069572597808083265e+04 1.115646902100143744e-19 2.320932182941717150e-20
1.070209907707796810e+04 1.514889784551260645e-19 2.595698518829684919e-20
1.070847184529444348e+04 1.510377397555778809e-19 2.526910282015428670e-20
1.071484451581189569e+04 1.328587647449891986e-19 2.487735974964985706e-20
1.072121716549040138e+04 3.679653698342811540e-20 2.317216623989518586e-20
1.072758979498185545e+04 1.290489562773322374e-19 2.381167702845091578e-20
1.073396240426770237e+04 1.379125596491146207e-19 2.456275442792366419e-20
1.074033499333311192e+04 7.069426600789356117e-20 2.386311333971236707e-20
1.074670756216321934e+04 1.159932897997053107e-19 2.469620108952599946e-20
1.075308011073584203e+04 1.267614101181449381e-19 2.435544889826859354e-20
1.075945263904163403e+04 1.394501849497979076e-19 2.601074317671034217e-20
1.076582514706030815e+04 8.608447896815127645e-20 2.455311071051782781e-20
1.077219763477155720e+04 4.251840174131905158e-20 2.293476716604897056e-20
1.077857010216607341e+04 1.245491998046527421e-19 2.503099004641913113e-20
1.078494254921809443e+04 5.309524196697419528e-20 2.345754888503869462e-20
1.079131497592390406e+04 1.275242920602566326e-19 2.254406509726226573e-20
1.079768738225756897e+04 2.142498792270699272e-20 2.274113555433198481e-20
1.080405976819878015e+04 1.315364424127336609e-19 2.522784370622907399e-20
1.081043213374395054e+04 8.787636751393779386e-20 2.195682653725572063e-20
1.081680447886358161e+04 1.422967373066564703e-19 2.156899492129323497e-20
1.082317680354846198e+04 3.771179514169547219e-20 2.277543575007214241e-20
1.082954910778204794e+04 1.419944322411557125e-19 2.524679133908203667e-20
1.083592139154216966e+04 3.343324829329745251e-20 2.620560824347530999e-20
1.084229365481781133e+04 1.370104687418825574e-19 2.939171851690107505e-20
1.084866589759245471e+04 9.201011747466247905e-20 2.551861668933333345e-20
1.085503811984403364e+04 8.838703393205037493e-20 2.203185512298203681e-20
1.086141032156340589e+04 9.536344755675449065e-20 2.232791887532984292e-20
1.086778250272478908e+04 9.380551944298510416e-20 2.385204951849562552e-20
1.087415466332284450e+04 6.954062183457233468e-20 2.279967550206609424e-20
1.088052680333357966e+04 5.110530269981979782e-20 2.038246279476807846e-20
1.088689892274043814e+04 6.729807675026802256e-20 2.144419950672214621e-20
1.089327102153260421e+04 1.075666856681131765e-19 2.243955696972575992e-20
1.089964309968798807e+04 1.286876722073124584e-19 2.365077489666654469e-20
1.090601515719007875e+04 1.261354563959103180e-19 2.381111229530740963e-20
1.091238719402432071e+04 7.887048038577656051e-20 2.337889587996575225e-20
1.091875921017616383e+04 5.662975188311284466e-20 2.266826818664395982e-20
1.092513120562909353e+04 1.259211333967936958e-19 2.345145516846439921e-20
1.093150318036098361e+04 7.352061484723553270e-20 2.247343399369024946e-20
1.093787513436106383e+04 1.338940841125215513e-19 2.071151275019153121e-20
1.094424706760920162e+04 5.326689793008332654e-20 2.162421284578136507e-20
1.095061898009277684e+04 1.824435506329817566e-20 2.293100181990390346e-20
1.095699087179720482e+04 1.030071167015811513e-19 2.217109124010592221e-20
1.096336274269474234e+04 1.029455757627463809e-19 2.245253911450110984e-20
1.096973459277837719e+04 1.472514634062518530e-19 2.342172236170078132e-20
1.097610642203178213e+04 1.049692768674623863e-19 2.152368215821135503e-20
1.098247823043667813e+04 1.093719871215847506e-19 2.265696410829571885e-20
1.098885001797480072e+04 7.060437032290932229e-20 2.255690883376538892e-20
1.099522178463167074e+04 1.268537361360168772e-19 2.209785562806931580e-20
1.100159353039096823e+04 9.475215704301768633e-20 2.054080644888715196e-20
1.100796525523827404e+04 8.137657536887893962e-20 2.216024359160335700e-20
1.101433695915906355e+04 1.334842106715524211e-19 2.300116658398671422e-20
1.102070864212551896e+04 6.048532175396205290e-20 2.186426181150374421e-20
1.102708030413084998e+04 4.434962942552598278e-20 2.142952517773361036e-20
1.103345194515882577e+04 3.308247656080111902e-20 2.090920840673525119e-20
1.103982356518929555e+04 6.209297180754302187e-20 2.116020520796814173e-20
1.104619516420783475e+04 1.355800938283714979e-19 2.137620467480277652e-20
1.105256674219816523e+04 9.403672118199167849e-20 2.026325943348776523e-20
1.105893829914401795e+04 7.234601883198068927e-20 2.339259337787733108e-20
1.106530983503283096e+04 3.825202885746084168e-20 2.067398574386829434e-20
1.107168134983686650e+04 3.541604692096893627e-20 2.152570428499389003e-20
1.107805284355519507e+04 5.218028852384096777e-20 2.056326678556934358e-20
1.108442431615824171e+04 7.938104640944173664e-20 2.250232364844706494e-20
1.109079576764303783e+04 1.023888048121802204e-19 2.115705381147686454e-20
1.109716719797422775e+04 1.218946262841543576e-19 2.125113595455091365e-20
1.110353860715855444e+04 1.656178691976264626e-19 2.251055473449300342e-20
1.110990999516060947e+04 6.227481578611241077e-20 2.050306516148578312e-20
1.111628136197557069e+04 1.058622510054996899e-19 2.240622191791678053e-20
1.112265270757963845e+04 1.158236786914856365e-19 2.230578830137832051e-20
1.112902403196430532e+04 2.340886224045852154e-20 1.884681141158205788e-20
1.113539533510758338e+04 1.292942725752278676e-19 1.968126840209322557e-20
1.114176661699518627e+04 1.106494456834305523e-19 2.144998320932934587e-20
1.114813787761092135e+04 8.003424016230465152e-20 2.194370276392311117e-20
1.115450911693859598e+04 9.288495607127518829e-20 2.192201816340525688e-20
1.116088033496006756e+04 1.142565410774823076e-19 2.233668775426378169e-20
1.116725153166495511e+04 1.012100235536822003e-19 2.120271163215988924e-20
1.117362270702943169e+04 7.873934373072341986e-20 2.124470163114018410e-20
1.117999386104506266e+04 7.212587939461495047e-20 2.140505691123479465e-20
1.118636499368989826e+04 6.691770787672436053e-20 2.101489855783800924e-20
1.119273610494968489e+04 6.079554445440292142e-20 2.145604806271193777e-20
1.119910719480639091e+04 1.507644878082450080e-19 2.218078020018869490e-20
1.120547826324970811e+04 7.932562757489900729e-20 1.882936106896562890e-20
1.121184931025763581e+04 1.200687714396674436e-19 2.036252510383283557e-20
1.121822033581596770e+04 1.392438523907035663e-19 1.909650969959448260e-20
1.122459133990672490e+04 9.419075393478519549e-20 2.000949115923268888e-20
1.123096232251965557e+04 1.431450685971918456e-19 2.143939017374282908e-20
1.123733328363088003e+04 8.470015419007182176e-20 2.091514451932655773e-20
1.124370422323205639e+04 1.476655700759628300e-20 2.041320213628234156e-20
1.125007514129740230e+04 2.700355995653156640e-20 1.956789712016961165e-20
1.125644603782447302e+04 2.782371842861935643e-20 1.922584485655803330e-20
1.126281691278154176e+04 2.806857111504533803e-20 2.048798533509540108e-20
1.126918776620577410e+04 -1.349822328993249972e-22 2.160429359685894295e-20
1.127567258360937012e+04 3.442194788747114428e-20 2.071499920064256570e-20
1.128204340195334044e+04 7.046138039202242002e-23 2.074010102295394817e-20
1.128841419866384058e+04 4.410035425268954251e-20 2.132953971748443781e-20
1.129478497373499704e+04 9.092605532585991609e-20 1.973716584091790607e-20
1.130115572714875270e+04 1.096067739301484809e-19 1.972038292428552291e-20
1.130752645888094776e+04 6.047556815555778799e-20 2.095242711214785044e-20
1.131389716892767865e+04 5.989364214886968100e-20 2.009946894003406225e-20
1.132026785726082198e+04 9.441118709352847227e-20 2.034717211280884709e-20
1.132663852387660882e+04 6.475790082421168368e-20 2.033048930271244268e-20
1.133300916874681570e+04 8.712255889316049549e-20 2.032810541577477940e-20
1.133937979186768825e+04 9.070279683049607682e-20 1.976785248071522810e-20
1.134575039321304939e+04 1.173562330434367220e-19 2.062954545904225431e-20
1.135212097277099201e+04 1.298318143893995282e-19 1.966464383505022772e-20
1.135849153052965812e+04 8.515460385951425269e-20 1.890482473004838797e-20
1.136486206646277788e+04 8.547016947211865134e-20 1.892405486490763607e-20
1.137123258056671330e+04 7.277761698387232450e-20 2.042729964164444511e-20
1.137760307281121277e+04 1.242541075469347655e-19 2.140308321502445053e-20
1.138397354319674014e+04 1.141647780105500273e-19 2.058353182872061248e-20
1.139034399169504832e+04 8.685528426469914421e-20 2.108413505531054944e-20
1.139671441829431569e+04 8.068776176925985300e-20 2.086169462169764244e-20
1.140308482298067065e+04 1.435925316632257348e-19 2.060435051131794906e-20
1.140945520573615067e+04 3.809833888059411891e-20 1.993903414853640034e-20
1.141582556654276777e+04 8.472368570037266051e-20 2.045260804258203071e-20
1.142219590538660304e+04 1.352900485419623843e-19 1.969650528718614925e-20
1.142856622224977582e+04 1.257375662609835271e-19 1.996695608183164637e-20
1.143493651712259452e+04 4.945662624012536619e-20 2.021515746844932350e-20
1.144130678998505209e+04 6.506604805015942664e-20 2.109855620021623179e-20
1.144767704081920056e+04 1.005573022603221002e-19 2.081986757105092078e-20
1.145404726960915832e+04 9.629505459598710541e-20 2.010347849949621970e-20
1.146041747634527746e+04 8.945972948174846584e-20 2.001490545483865393e-20
1.146678766100548455e+04 9.622847077980049454e-20 2.044035028168880585e-20
1.147315782357806165e+04 -5.043797846901685222e-21 1.906501188803768578e-20
1.147952796404293258e+04 6.229524096735057747e-20 1.987193717586096213e-20
1.148589808238434307e+04 7.206048966276360276e-20 2.004671567583064835e-20
1.149226817859268340e+04 5.290870748430567299e-20 2.102581485898028515e-20
1.149863825264591105e+04 1.318599587319360133e-19 2.016679261222369634e-20
1.150500830453026902e+04 1.297201601159346356e-19 1.888100270259383853e-20
1.151137833422993208e+04 9.006724610305166865e-20 1.854808338983137873e-20
1.151774834172910596e+04 2.860063875099067611e-20 1.840186848351414186e-20
1.152411832701405910e+04 1.348185675645127098e-19 1.991455420626594183e-20
1.153048829006274900e+04 5.987211526357292707e-20 1.952982024246217151e-20
1.153685823086344863e+04 9.141945389604504346e-20 2.151061197873038118e-20
1.154322814940254648e+04 1.297524334744336643e-19 1.899394535812337506e-20
1.154959804566428647e+04 1.105099268358523402e-19 1.883229859255155840e-20
1.155596791962659518e+04 1.152525342943501701e-19 1.895395469298331481e-20
1.156233777128210022e+04 1.032822892993908300e-19 1.954656304349220121e-20
1.156870760060874272e+04 6.161952492137802199e-20 1.856618406732954449e-20
1.157507740759286025e+04 1.031472734655867881e-19 1.707130753809760961e-20
1.158144719221660489e+04 1.045252691329030105e-19 1.906979683918999748e-20
1.158781695446842605e+04 1.099819671041648444e-19 2.007915125936615822e-20
1.159418669432834940e+04 1.398290147379088046e-19 1.892485288658456112e-20
1.160055641178482620e+04 1.475551908919535783e-19 1.993890336669056256e-20
1.160692610682008490e+04 7.325647155986665228e-20 1.994350780450158377e-20
1.161329577941840398e+04 1.115433599659100335e-19 1.994238569179059227e-20
1.161966542956406374e+04 4.440863279775803941e-20 1.796742776736354605e-20
1.162603505723924172e+04 9.853871120442999809e-20 1.899446465684591242e-20
1.163240466243245828e+04 9.256103642097616617e-20 1.898343735098094041e-20
1.163877424512378639e+04 9.720447546277665051e-20 1.919091241219263685e-20
1.164514380529964183e+04 8.736035906357075748e-20 1.903785776600421905e-20
1.165151334294858316e+04 9.866435100906957411e-20 1.896610571909628083e-20
1.165788285804427505e+04 8.579809586353611571e-20 1.851272994270668548e-20
1.166425235058165345e+04 1.060226444633425701e-19 1.883612433161141406e-20
1.167062182053872857e+04 1.023229951464026944e-19 1.909678321219082038e-20
1.167699126790620357e+04 8.729101800681053998e-20 1.897866861338017618e-20
1.168336069265991136e+04 1.148078804761312722e-19 1.893143171583277310e-20
1.168973009479059510e+04 1.010675861662412846e-19 1.883012792151210576e-20
1.169609947427832958e+04 9.052885595922402462e-20 1.966928523628171239e-20
1.170246883111387251e+04 7.738863219481367168e-20 1.822301787220139914e-20
1.170883816526879309e+04 4.367048905219665642e-20 1.959607198550681447e-20
1.171520747674024642e+04 1.004122432839637962e-19 1.948196168121635976e-20
1.172157676551045734e+04 8.839569019323480294e-20 1.929839029213047167e-20
1.172794603156164158e+04 1.279514417011248416e-20 1.836097799588604130e-20
1.173431527487823951e+04 6.949262048039819319e-20 1.798364394720218664e-20
1.174068449544034956e+04 8.784643068202965299e-20 1.812266072435974533e-20
1.174705369324094318e+04 9.562076482760422143e-20 1.920076873600140497e-20
1.175342286825799238e+04 1.103710902903522637e-19 1.973231837558878535e-20
1.175979202047803665e+04 7.392460435216549336e-20 1.862269211088904982e-20
1.176616114988550180e+04 9.841609986245581073e-20 1.809788857471660457e-20
1.177253025646478636e+04 1.007206220953044199e-19 2.005856313647042877e-20
1.177889934020246619e+04 1.341834609204548206e-19 1.999971153961470166e-20
1.178526840107653697e+04 9.641235120813612355e-20 2.025156212716892668e-20
1.179163743907995195e+04 8.387306112528150824e-20 1.886049578039775298e-20
1.179800645419289685e+04 1.993732595576658795e-20 1.823839485580051929e-20
1.180437544639552107e+04 1.036438643533630946e-19 1.908943034232064539e-20
1.181074441567873328e+04 7.874059098892783423e-20 1.766339169113161470e-20
1.181711336202484745e+04 8.551845930078046834e-20 1.800701573995652079e-20
1.182348228541830031e+04 8.243856218132074476e-20 1.822939206863646053e-20
1.182985118584573866e+04 5.297058982992050453e-20 1.782197094851726480e-20
1.183622006328728821e+04 1.017083124177440780e-19 1.820889754603639031e-20
1.184258891772742936e+04 9.592794348302741736e-20 1.848862508370078431e-20
1.184895774915497168e+04 8.112732866135614606e-20 1.826311330228128733e-20
1.185532655755222731e+04 7.766178649462806647e-20 1.752375047230143095e-20
1.186169534290365300e+04 8.029790115381619451e-20 1.855314040799398421e-20
1.186806410519374367e+04 7.149058643724709089e-20 1.659682367399910928e-20
1.187443284440703246e+04 9.173331448194937046e-20 1.674122164889066559e-20
1.188080156053020255e+04 1.042496339578131918e-19 1.828677050028375574e-20
1.188717025353905592e+04 8.245468044323803497e-20 1.813015942911605175e-20
1.189353892343116968e+04 1.134471973692984446e-19 1.692373831536830758e-20
1.189990757018235490e+04 9.036636692372094392e-20 1.748052416210994647e-20
1.190627619377713017e+04 1.141476898956515540e-19 1.808567430095820632e-20
1.191264479420438511e+04 9.989520672701659328e-20 1.850243901091780265e-20
1.191901337144646823e+04 9.204486892042291162e-20 1.851216839156513340e-20
1.192538192548574079e+04 7.010952557539577289e-20 1.752614130090974912e-20
1.193175045631111425e+04 9.021581625827052027e-20 1.791124242592091774e-20
1.193811896390488982e+04 8.805120553864735233e-20 1.785890567482316490e-20
1.194448744825386348e+04 7.460271277103882136e-20 1.849938631962335554e-20
1.195085590933383537e+04 1.114719322671233199e-19 1.951362079219266617e-20
1.195722434714032715e+04 1.208046252718004936e-19 1.828086318887757725e-20
1.196359276165133451e+04 1.114398849678576333e-19 1.845248567753991000e-20
1.196996115285581618e+04 7.229885494597432787e-20 1.865903733348126288e-20
1.197632952073615525e+04 9.269331428227055533e-20 1.787398280053541845e-20
1.198269786527472206e+04 5.706064117790312791e-20 1.801517157704223486e-20
1.198906618645831622e+04 1.308431663493954277e-19 1.837259210420808270e-20
1.199543448427373005e+04 1.031643833171570946e-19 1.844697296692222173e-20
1.200180275870335208e+04 6.507102116496206553e-20 1.625631439274542875e-20
1.200817100972957996e+04 8.210087424223843301e-20 1.715331588990108058e-20
1.201453923733918782e+04 9.795287043286408454e-20 1.548331941026227395e-20
1.202090744151900071e+04 9.732043666911541725e-20 1.686996275633235851e-20
1.202727562225144356e+04 5.899010016431868939e-20 1.678222873884038703e-20
1.203364377951672577e+04 1.017805821431902700e-19 1.716643144530248287e-20
1.204001191330610527e+04 7.733854587756250481e-20 1.542809820834021543e-20
1.204638002360420614e+04 7.618420392125646216e-20 1.747771162933603631e-20
1.205274811039345877e+04 9.489523091276083077e-20 1.734192405727054262e-20
1.205911617365626444e+04 6.417933856337367499e-20 1.701166116100823556e-20
1.206548421337949549e+04 8.946780086122148743e-20 1.760425531558105995e-20
1.207185222954557503e+04 7.900124527450394889e-20 1.624789593233610204e-20
1.207822022215025754e+04 7.982584395933333319e-20 1.821073728059452980e-20
1.208458819116042287e+04 1.245097597371037564e-19 1.805149792932253187e-20
1.209095613656960995e+04 6.678403388754349531e-20 1.628640505313419175e-20
1.209732405836471298e+04 8.684194387383179047e-20 1.617050885797262713e-20
1.210369195653258794e+04 5.283665503102812907e-20 1.618392285042764095e-20
1.211005983104903680e+04 6.329698917957211132e-20 1.783887539219494061e-20
1.211642768190320203e+04 1.064474187273934833e-19 1.756566033562750413e-20
1.212279550907751764e+04 1.124893776772719671e-19 1.724437936667088096e-20
1.212916331256116609e+04 1.158690532483978604e-19 1.766065755397241205e-20
1.213553109233657051e+04 7.362885775204391542e-20 1.761163416601896411e-20
1.214189884839068145e+04 7.656264271761676706e-20 1.751901381559070156e-20
1.214826658070147823e+04 9.852586816543644808e-20 1.752419674289316169e-20
1.215463428926261622e+04 9.101623417773713764e-20 1.615358335446566036e-20
1.216100197405208746e+04 1.126748312400736944e-19 1.797210103683859941e-20
1.216736963505459062e+04 4.049648803918143158e-20 1.759640787372436596e-20
1.217373727226383380e+04 1.234341118304020180e-19 1.822479304803281596e-20
1.218010488565104788e+04 7.792646177092342931e-20 1.673252942889707951e-20
1.218647247520993915e+04 9.274498577435033072e-20 1.703473966527296504e-20
1.219284004092069881e+04 8.132986495752343378e-20 1.700769639765869747e-20
1.219920758277260393e+04 9.916506546413655250e-20 1.717851799461108442e-20
1.220557510074588936e+04 4.863488126584461661e-20 1.720532360210063166e-20
1.221194259483206224e+04 1.184540437089905174e-19 1.775798427967125705e-20
1.221831006500683361e+04 1.075829273195300861e-19 1.730731242305844135e-20
1.222467751126173425e+04 7.562090005153604911e-20 1.797310242771219592e-20
1.223104493357925094e+04 7.409928897620378806e-20 1.752028865005271525e-20
1.223741233194187953e+04 1.018911241360137795e-19 1.720241498747847199e-20
1.224377970634116537e+04 1.189181150882908179e-19 1.779318364447783371e-20
1.225014705675281584e+04 6.958366778789638918e-20 1.800849207677037883e-20
1.225651438316613348e+04 1.359883126887585052e-19 1.780920670736417267e-20
1.226288168556815071e+04 1.353237044674126747e-19 1.808575749053463614e-20
1.226924896393910967e+04 7.874804007991399352e-20 1.770545569400182456e-20
1.227561621826833107e+04 3.946630027659224742e-20 1.583542473275885208e-20
1.228198344853604431e+04 7.385513525188901250e-20 1.671046906122270438e-20
1.228835065473155737e+04 5.612192702971630736e-20 1.819119221798860509e-20
1.229471783683968169e+04 1.035164394846518347e-19 1.696348944584563905e-20
1.230108499483840205e+04 8.674690553229677421e-20 1.738478121761536122e-20
1.230745212871707190e+04 9.293382195397180754e-20 1.789600118716009785e-20
1.231381923846276368e+04 8.311344654848838671e-20 1.772078041265615548e-20
1.232018632405573044e+04 7.371961544301664192e-20 1.659725839585904030e-20
1.232655338548533655e+04 6.833888698564340640e-20 1.891515547548834933e-20
1.233292042273184416e+04 8.649290081256109962e-20 1.657377195246466602e-20
1.233928743578234025e+04 7.821814592920926836e-20 1.690842820881182112e-20
1.234565442462393730e+04 1.073681346776125753e-19 1.812008095707389374e-20
1.235202138923688472e+04 9.491787610915631702e-20 1.667213073794497079e-20
1.235838832960829495e+04 9.567675963144370029e-20 1.707689827850124950e-20
1.236475524572530594e+04 7.857276057780787941e-20 1.620738952911218117e-20
1.237112213756815436e+04 6.890912689110017467e-20 1.668826970705036363e-20
1.237748900512397086e+04 6.217812403328166399e-20 1.703681082852228730e-20
1.238385584837760507e+04 6.276242742518887626e-20 1.759215137421709294e-20
1.239022266731390300e+04 9.013817251439354288e-20 1.649404544491461295e-20
1.239658946191765972e+04 9.664623876332557165e-20 1.713680038618262277e-20
1.240295623217378306e+04 7.537083341990061268e-20 1.740721797881003725e-20
1.240932297806712995e+04 7.414358920733414132e-20 1.656367335411268243e-20
1.241568969958485832e+04 5.089766304369104142e-20 1.682099317364864517e-20
1.242205639670723212e+04 7.739971122869892467e-20 1.761506797448554606e-20
1.242842306941911011e+04 6.691787258655841628e-20 1.639930087662116117e-20
1.243478971771228862e+04 8.877802517691719762e-20 1.684786074155279485e-20
1.244115634156240230e+04 1.079698005346488281e-19 1.647757024569609186e-20
1.244752294096358310e+04 1.054806721313517221e-19 1.724523682618689045e-20
1.245388951589376120e+04 4.279559188067570954e-20 1.664267745280608411e-20
1.246025606634013820e+04 6.349522339458460721e-20 1.729196792519093152e-20
1.246662259228528637e+04 9.118613741449094394e-20 1.741242511429644629e-20
1.247298909371872651e+04 8.354118500283668029e-20 1.714582007049357825e-20
1.247935557062304360e+04 1.082146953314476167e-19 1.731670867091681476e-20
1.248572202298312732e+04 1.233302410933584770e-19 1.676083451621288712e-20
1.249208845078388549e+04 1.004658178356021887e-19 1.633780928388656918e-20
1.249845485401021324e+04 7.639271461046986580e-20 1.719852421648567321e-20
1.250482123264702750e+04 5.930687164136081190e-20 1.759108201450976249e-20
1.251118758667923248e+04 4.065827318185659791e-20 1.631935461207976103e-20
1.251755391609169965e+04 7.578508496787064726e-20 1.728351022192138715e-20
1.252392022086705038e+04 1.213282031109528291e-19 1.815064484097295796e-20
1.253028650099487641e+04 7.168205005328649666e-20 1.610209500946458628e-20
1.253665275645777547e+04 7.726481995886439060e-20 1.690172666839036177e-20
1.254301898724065904e+04 9.826326983103357809e-20 1.612665679283572951e-20
1.254938519332612304e+04 1.010824191036833924e-19 1.788672707661942074e-20
1.255575137470378104e+04 8.608947638325455784e-20 1.682255086202384175e-20
1.256211753135388972e+04 1.017713305715742853e-19 1.783677622373683698e-20
1.256848366326606265e+04 8.006732294504017523e-20 1.775322418995140449e-20
1.257484977042289756e+04 5.519940801015055696e-20 1.723537013566918774e-20
1.258121585280700856e+04 1.183376090453897642e-19 1.834956841433404545e-20
1.258758191040802194e+04 1.292847424641184822e-19 1.800099164334473104e-20
1.259394794320384244e+04 1.383868761861690825e-19 1.861383314489634933e-20
1.260031395118882756e+04 1.106651597391188617e-19 1.751677759453271463e-20
1.260667993434087839e+04 8.105926400026423837e-20 1.709194585260306709e-20
1.261304589264966307e+04 4.060260097137472493e-20 1.670918231013867383e-20
1.261941182609779025e+04 1.023040196142700584e-19 1.744438008864830836e-20
1.262577773467022234e+04 5.566124719576385056e-20 1.823222955001471033e-20
1.263214361834721058e+04 7.165507485312111439e-20 1.762095867657245200e-20
1.263850947712315610e+04 7.522315628943604262e-20 1.707306173527540160e-20
1.264487531097832652e+04 1.104655037903543287e-19 2.077937392608968906e-20
1.265124111989532867e+04 4.693646911677424035e-20 1.996850866929860335e-20
1.265760690385912130e+04 1.134886681273679787e-19 1.692304483803256753e-20
1.266397266286178274e+04 7.720268643497318606e-20 1.568239526596939529e-20
1.267033839688357511e+04 4.362393947328334254e-20 1.790924061893552939e-20
1.267670410590239408e+04 6.737893091608795948e-20 1.883215550757019846e-20
1.268306978991743745e+04 1.341184248159476114e-19 1.548649332936783473e-20
1.268943544890658995e+04 1.024988548253391593e-19 1.525099450865098905e-20
1.269580108285248025e+04 9.720975999147095031e-20 1.643783442478176127e-20
1.270216669174247363e+04 8.321375954178641211e-20 1.702706240545774877e-20
1.270853227555919148e+04 8.648254493376161382e-20 1.698675801552617465e-20
1.271489783429240015e+04 1.004498737845162189e-19 1.607544371427393618e-20
1.272126336792946677e+04 9.597459595049139801e-20 1.663618188449708417e-20
1.272762887644353032e+04 8.348115587305826166e-20 1.705654552602143072e-20
1.273399435982910836e+04 1.090494073126581699e-19 1.722237736833032217e-20
1.274035981806883319e+04 9.784616655259256014e-20 1.645130884943917131e-20
1.274672525115010103e+04 1.061087849217549789e-19 1.644369462009649224e-20
1.275309065905078933e+04 1.024256951363459164e-19 1.694116334106475390e-20
1.275945604176544657e+04 8.202725722786938428e-20 1.736355109349729964e-20
1.276582139926955824e+04 7.521717302008323033e-20 1.730641591896397235e-20
1.277218673155771103e+04 9.672578905095986099e-20 1.697002017072071508e-20
1.277855203860535767e+04 1.006450300537644201e-19 1.717195005638367693e-20
1.278491732040231545e+04 1.018264137353800945e-19 1.644549969626951338e-20
1.279128257693841806e+04 6.082693437519213678e-20 1.662381737791228349e-20
1.279764780818909821e+04 8.254404384333884705e-20 1.697025297892265282e-20
1.280401301414660156e+04 9.010154189122036780e-20 1.645559541384422464e-20
1.281037819479598329e+04 8.150678107289549961e-20 1.611656925830387207e-20
1.281674335011746189e+04 7.216580816689868745e-20 1.608670503925675886e-20
1.282310848009367692e+04 3.857996748159098707e-20 1.603269232384191044e-20
1.282947358471930238e+04 6.255799615588018355e-20 1.670816136089546244e-20
1.283583866397458587e+04 8.485234570744003552e-20 1.569284138422252212e-20
1.284220371784212512e+04 5.503908682300637456e-20 1.649076488030053632e-20
1.284856874631424580e+04 5.782611899491646302e-20 1.749844864784699175e-20
1.285493374936394321e+04 9.235742981963164217e-20 1.786995332183364825e-20
1.286129872698833242e+04 7.665045114337103036e-20 1.780383276952217145e-20
1.286766367916524177e+04 7.426659958439634215e-20 1.723144056794482183e-20
1.287402860588456133e+04 6.248884017336741502e-20 1.732011400771168651e-20
1.288039350712894156e+04 5.092875644988275971e-20 1.636729285544829353e-20
1.288675838288103478e+04 3.628438704952202625e-20 1.560698352412121361e-20
1.289312323312832268e+04 4.440906258553602452e-20 1.646336225041890248e-20
1.289948805786072808e+04 5.926142553829739829e-20 1.616823165683338947e-20
1.290585285705120259e+04 6.651368445647595114e-20 1.576592883609720258e-20
1.291221763069694680e+04 3.700024521928325488e-20 1.659556911629383970e-20
1.291858237877576721e+04 9.099466664741730917e-20 1.700081418192143861e-20
1.292494710127759026e+04 6.390271172185396776e-20 1.686805528953852319e-20
1.293131179818264172e+04 7.168415460851393911e-20 1.672036756844815181e-20
1.293767646947843423e+04 8.351350198604169384e-20 1.772316172159824624e-20
1.294404111515492696e+04 9.334373632213870106e-20 1.826223350183561478e-20
1.295040573518503152e+04 1.027025163173320592e-19 1.707190609514955779e-20
1.295677032956114090e+04 9.044979794065947723e-20 1.819864769167826665e-20
1.296313489827566991e+04 5.169794991527069855e-20 1.824007837175935567e-20
1.296949944129906180e+04 1.226486753142302423e-19 1.893310512990231240e-20
1.297586395862618883e+04 1.198488867236692005e-19 1.794332376742889196e-20
1.298222845023969603e+04 1.100495557574892913e-19 1.733534258042435109e-20
1.298859291612468587e+04 1.081973278503929493e-19 1.706819673266305339e-20
1.299495735626871465e+04 8.249244980071677678e-20 1.682607111806895227e-20
1.300132177065442556e+04 5.296362018133907707e-20 1.674113403607821709e-20
1.300768615926449093e+04 7.215883108019211717e-20 1.704579257932727398e-20
1.301405052208400411e+04 9.240238320280466763e-20 1.552288839137949883e-20
1.302041485910542178e+04 5.421079740267677753e-20 1.652723517179653350e-20
1.302677917030651042e+04 6.935588315596573215e-20 2.271467214582274675e-20
1.401434156508707383e+04 1.401192389926279827e-19 2.405997216090331136e-20
1.402070164029009175e+04 9.016976813534948588e-20 1.809694155653110761e-20
1.402706168734405401e+04 7.689815650619875514e-20 1.763576352412353253e-20
1.403342170624485698e+04 6.364710583608911153e-20 1.842204994927540672e-20
1.403978169695353063e+04 6.819071163327491914e-20 1.833408373246058714e-20
1.404614165947400761e+04 6.392571187988380433e-20 1.809468418803445316e-20
1.405250159379144134e+04 8.031429368941536629e-20 1.785625441506415043e-20
1.405886149987755925e+04 1.416418753273550816e-20 1.811058343814822798e-20
1.406522137773094801e+04 1.056609188079428343e-19 1.849591587935047820e-20
1.407158122732868469e+04 6.895686680171658339e-20 1.773076792879146878e-20
1.407794104865321970e+04 5.909165147588988058e-20 1.834856153430120527e-20
1.408430084170855480e+04 4.367357780301835093e-20 1.863013010221061374e-20
1.409066060645289326e+04 5.473370003648576636e-20 1.775834375035447708e-20
1.409702034289024778e+04 1.078729924440671384e-19 1.846621627489419957e-20
1.410338005100575538e+04 1.066214163064293074e-19 1.868834619490597204e-20
1.410973973076567745e+04 5.193398413186872995e-20 1.837436111758527649e-20
1.411609938218214847e+04 1.024789188646521562e-19 1.933584134576672621e-20
1.412245900521869044e+04 7.573703473141964880e-20 1.916618140055695712e-20
1.412881859986855125e+04 5.047744634719962179e-20 1.843257484481917448e-20
1.413517816612498609e+04 8.259103575492795807e-20 1.900966561738555899e-20
1.414153770395147876e+04 4.424340367403258775e-20 1.758882930456056840e-20
1.414789721336021830e+04 8.828364315546541522e-20 1.936866546466433025e-20
1.415425669431740789e+04 1.101363015240890264e-19 1.664964905220049791e-20
1.416061614680814455e+04 6.725867488799189675e-20 1.787133894405888314e-20
1.416697557083382344e+04 4.551767471587325891e-20 1.631935294134669865e-20
1.417333496635514894e+04 7.264392683849019653e-20 1.712605260592674282e-20
1.417969433338440285e+04 1.016403291438731730e-19 1.981399296608170099e-20
1.418605367188499986e+04 1.036754765954292685e-19 1.808824717702163328e-20
1.419241298185019150e+04 8.419195543615366437e-20 1.874085040545354527e-20
1.419877226327326571e+04 1.291837522460702179e-19 1.930188855516258766e-20
1.420513151611214562e+04 1.063388835585028273e-19 1.830927555876488367e-20
1.421149074039003608e+04 7.620205638635165549e-20 1.907029761866964643e-20
1.421784993606755415e+04 2.731606012890760913e-20 1.838112706155213772e-20
1.422420910313254171e+04 7.559120724625525328e-20 1.862819580370828816e-20
1.423056824158100608e+04 6.980632972210688338e-20 1.773154188215175180e-20
1.423692735137078125e+04 7.344296742367129058e-20 1.748320476727270183e-20
1.424328643252792244e+04 5.474317006834623046e-20 1.722494832377974153e-20
1.424964548499928787e+04 6.951987116648517897e-20 1.739537111249935200e-20
1.425600450879458549e+04 5.566073047834726739e-20 1.796077425253263884e-20
1.426236350389618565e+04 9.324297680089280054e-20 1.720147230162642140e-20
1.426872247026731020e+04 8.969163231366382268e-20 1.760482276510195166e-20
1.427508140792588711e+04 8.850244285453414620e-20 1.782630276230631150e-20
1.428144031682141940e+04 3.914899346659464663e-20 1.730453584433318164e-20
1.428779919697733931e+04 8.238179797004835964e-20 1.607298518501927790e-20
1.429415804834857772e+04 5.795443680861208061e-20 1.789424133421574975e-20
1.430051687093672444e+04 9.742909162574056643e-20 1.813926331902493244e-20
1.430687566472137041e+04 6.334131022584320472e-20 1.664386661059335943e-20
1.431323442967935989e+04 9.801235135774009159e-20 1.823746313223085984e-20
1.431959316581776511e+04 6.692678998099281848e-20 1.716615161922346295e-20
1.432595187308869208e+04 1.255320440909461902e-19 1.867942742080129370e-20
1.433231055151570763e+04 7.903266915869813553e-20 1.707212481953314431e-20
1.433866920104813289e+04 1.121286855143599883e-19 1.915095397269541577e-20
1.434502782170407772e+04 8.360429606503614226e-20 1.640731137294122734e-20
1.435138641344108328e+04 8.904503695088795741e-20 1.760233033409314820e-20
1.435774497625799086e+04 8.560525962741252746e-20 1.678349128670999988e-20
1.436410351014539992e+04 6.813366782282078151e-20 1.719954377860426953e-20
1.437046201506078251e+04 8.518828442018863993e-20 1.723395813412100210e-20
1.437682049102784185e+04 7.657402651167922109e-20 1.835732224493195570e-20
1.438317893799299236e+04 5.743187668689107347e-20 1.747832442672040903e-20
1.438953735597998275e+04 5.880988457027759494e-20 1.727720512395775975e-20
1.439589574493511645e+04 4.945745257951381955e-20 1.772328761073710175e-20
1.440225410488221496e+04 9.701766013869543472e-20 1.850669216164111227e-20
1.440861243577312234e+04 4.878624746812098551e-20 1.753840893292714952e-20
1.441497073761506908e+04 9.137470857804565338e-20 1.727781684721810219e-20
1.442132901038756427e+04 7.238080222983534095e-20 1.878083007922769213e-20
1.442768725405900477e+04 5.445890849416616621e-20 1.810506614456977804e-20
1.443404546864219083e+04 8.721358374141254961e-20 2.022039410529316433e-20
1.444040365409441074e+04 7.000902050194500196e-20 1.895540302588879441e-20
1.444676181042847202e+04 9.684864425889966744e-20 1.865657694023692950e-20
1.445311993759885809e+04 7.757756733207751016e-20 1.756755627396882973e-20
1.445947803562674744e+04 9.527724966353077631e-20 1.827344813779288218e-20
1.446583610445821978e+04 7.399555901483512707e-20 1.837982929674417536e-20
1.447219414411451544e+04 8.222916635458457833e-20 1.801417957650084891e-20
1.447855215454722202e+04 6.875051145590831789e-20 1.687323909137061683e-20
1.448491013578039929e+04 8.890672505263795042e-20 1.892106915430974540e-20
1.449126808774886376e+04 5.241033921067023333e-20 1.816161326688849152e-20
1.449762601049339901e+04 5.873289961073381007e-20 1.877607091545199656e-20
1.450398390394883427e+04 4.981179478799634792e-20 1.973183070133505944e-20
1.451034176813929298e+04 8.256973177932689787e-20 1.929634917125337647e-20
1.451669960302183790e+04 5.768001639768465423e-20 1.843083791144225696e-20
1.452305740860106562e+04 3.837884501519212388e-20 1.876386068870339426e-20
1.452941518485080451e+04 9.073709169014305064e-20 1.957518943551559723e-20
1.453577293175323939e+04 1.430053611622490618e-19 1.980706681806240385e-20
1.454213064930179280e+04 1.070365355425748856e-19 1.870407361801151331e-20
1.454848833747866956e+04 3.304984884403047578e-20 1.956649185885459023e-20
1.455484599627165699e+04 4.305123767832074301e-20 1.921831449786716228e-20
1.456120362565734467e+04 5.797437708302126394e-20 1.946697205039198760e-20
1.456756122562916244e+04 9.344188484438366752e-20 2.026901714636315850e-20
1.457391879617208724e+04 8.091101103703659442e-20 1.910797052974367624e-20
1.458027633726267595e+04 1.340851254197012129e-20 1.754675788121855440e-20
1.458663384889711961e+04 7.114999736905470585e-20 1.755551695911761479e-20
1.459299133104919383e+04 7.500321352673694416e-20 1.951922420616603331e-20
1.459934878371516243e+04 7.359926155577620028e-20 1.905345997433741443e-20
1.460570620686871553e+04 8.743045924750843422e-20 1.896063098755767612e-20
1.461206360050612057e+04 8.500113870064052106e-20 2.076162365484829564e-20
1.461842096459823370e+04 8.209558927828002966e-20 1.956140608218046286e-20
1.462477829914979520e+04 8.391811198356348632e-20 2.065578459278423097e-20
1.463113560412035258e+04 7.301608982711686577e-20 1.970997545555701858e-20
1.463749287952594022e+04 8.224285693811030226e-20 1.920282400219935680e-20
1.464385012531478969e+04 8.720142380191448971e-20 1.975283653179904706e-20
1.465020734151426950e+04 9.951283253331249782e-20 2.033093967165576192e-20
1.465656452806407469e+04 1.650373370206697870e-20 2.022207022320530956e-20
1.466292168499160289e+04 -3.093437519335453200e-20 1.864943586610107905e-20
1.466927881224494558e+04 4.263086284918051780e-20 1.904265737367895864e-20
1.467563590984310576e+04 9.277857897745855157e-20 1.916508390405547954e-20
1.468199297773701255e+04 9.845035984764282809e-20 2.046903171522651545e-20
1.468835001594563619e+04 5.700476621069335074e-20 2.033161813542682285e-20
1.469470702441419962e+04 1.119548486199421148e-19 2.031178910462862643e-20
1.470106400317589396e+04 1.156025814580095982e-19 2.090053358468757456e-20
1.470742095216736743e+04 7.266761996653650049e-20 2.088749158116700688e-20
1.471377787141332919e+04 7.163770528379191113e-20 2.024494664874371686e-20
1.472013476087027448e+04 6.472197866184017259e-20 1.952422702835303758e-20
1.472649162054020780e+04 5.353309385025372183e-21 1.944848327380763657e-20
1.473284845039948959e+04 3.400546985071016575e-20 2.163504333716226243e-20
1.473920525043305679e+04 3.664496843449007152e-20 2.131504606529578096e-20
1.474556202064000536e+04 9.076446021468717448e-20 2.023453741101861341e-20
1.475191876097676322e+04 6.655235864571749508e-20 2.138896066776043283e-20
1.475827547146536017e+04 4.212629851947135948e-20 2.347366109501755326e-20
1.476463215205358756e+04 4.981257023448218524e-20 2.148860904030258682e-20
1.477098880276062300e+04 1.117758485055564620e-19 2.148512956639123807e-20
1.477734542353420693e+04 6.171953995556201284e-21 2.004644670175047117e-20
1.478370201439640005e+04 7.985725908518729458e-20 2.081123927577194607e-20
1.479005857529777131e+04 3.586504936748779916e-20 1.880519766366721599e-20
1.479641510625183037e+04 7.790766886258192756e-20 1.967449018364021769e-20
1.480277160723200177e+04 3.593147957132926571e-20 2.154954459827160681e-20
1.480912807821170463e+04 3.050095489457186490e-20 2.147541713140140433e-20
1.481548451920736261e+04 4.552217838646311058e-20 2.068661707311064112e-20
1.482184093016360748e+04 5.903111615036326100e-20 2.112876448965525841e-20
1.482819731110270368e+04 4.631042085251486115e-20 2.085144173692981873e-20
1.483455366197792682e+04 7.697403179933786802e-20 2.044836160545885313e-20
1.484090998279712767e+04 5.639682357897507718e-20 1.956170516588362037e-20
1.484726627353078948e+04 6.199551956400729030e-20 2.067680622386001928e-20
1.485362253417240754e+04 9.635716974986103268e-20 1.845097833414176793e-20
1.485997876470970914e+04 1.404690109784093342e-19 2.028353608632478627e-20
1.486633496510450823e+04 1.052949024066464984e-19 1.976849975558987137e-20
1.487269113538485908e+04 6.589457050674711502e-20 1.967310778955307921e-20
1.487904727548373376e+04 7.345982649909001364e-20 2.208731334050128035e-20
1.488540338543211510e+04 1.146212886475857373e-19 2.001504848523220183e-20
1.489175946518013006e+04 1.542951166037563224e-19 2.036716773653755822e-20
1.489811551472710380e+04 8.084935146462716859e-20 1.977203236528849812e-20
1.490447153407234327e+04 4.279914558314293650e-20 2.077855779428186672e-20
1.491082752316596088e+04 6.487313849821930350e-20 2.053819725825485866e-20
1.491718348203329515e+04 8.713742781557282036e-20 2.169020730162433872e-20
1.492353941062442209e+04 8.312045776119552864e-20 1.869618313342024150e-20
1.492989530893863048e+04 6.542588976503108079e-20 1.983557396090127273e-20
1.493625117697522001e+04 4.937388880080557359e-20 1.976564961486988534e-20
1.494260701468421939e+04 6.626025790669976961e-20 2.005329645751014543e-20
1.494896282208812954e+04 8.592165353048299763e-20 2.093437878569481814e-20
1.495531859914562665e+04 7.541351941165790116e-20 1.968858648897243242e-20
1.496167434584723742e+04 4.885213763336183553e-20 2.069908390803964107e-20
1.496803006218946211e+04 3.158903344668487985e-20 2.113574914673507084e-20
1.497438574813673586e+04 1.022208493992352191e-19 2.038012455122540866e-20
1.498074140370002351e+04 8.063540192895170637e-20 1.991656044610643005e-20
1.498709702884081889e+04 1.997911782806383136e-19 2.115058073002884465e-20
1.499345262354973420e+04 4.892141875905593178e-19 2.506862064972546545e-20
1.499980818782608912e+04 6.887755404921973957e-19 2.669931170163460968e-20
1.500616372162552034e+04 8.571843465821700576e-19 2.768902370554044627e-20
1.501251922496777479e+04 6.109979854931972952e-19 2.411435269104644896e-20
1.501887469781136679e+04 2.837090118102546443e-19 2.019976190431194330e-20
1.502523014014387445e+04 1.083221755906091137e-19 1.923385929599868121e-20
1.503158555197058558e+04 8.358392311848155141e-20 2.020573330837689978e-20
1.503794093324702771e+04 2.787119639469287551e-20 1.917695866375669642e-20
1.504429628398427303e+04 7.514915063781310055e-20 1.886310315222919671e-20
1.505065160414949059e+04 8.843139954639784037e-20 2.080285960244992380e-20
1.505700689372448505e+04 1.134675217619998239e-19 2.010494547696833693e-20
1.506336215272037043e+04 1.281474276948124207e-19 2.109041973336880163e-20
1.506971738109255784e+04 5.222093354905375760e-20 2.077660755230554029e-20
1.507607257884043065e+04 9.577838683646084349e-20 2.064509047458825511e-20
1.508242774594871480e+04 5.540431569396933231e-20 1.890741877898007624e-20
1.508878288239322501e+04 2.914167500272986406e-20 1.959033738987730335e-20
1.509513798816758390e+04 9.848863553936931539e-20 2.008726496150821356e-20
1.510149306325649741e+04 5.973204060026373821e-20 2.002379298573592791e-20
1.510784810762996131e+04 1.115902806581744387e-19 2.146655452912874635e-20
1.511420312129612648e+04 8.655891527063851635e-20 1.984092451015283606e-20
1.512043932608547584e+04 7.410928725271715640e-20 2.068422020912169491e-20
1.512679426629549744e+04 6.199715421242934143e-20 2.044115239102183898e-20
1.513314917983531632e+04 7.329771058723414226e-20 2.103892610394861639e-20
1.513950406263649347e+04 8.897472219758249093e-20 1.897742968046581822e-20
1.514585891463638836e+04 8.653291698941388902e-20 2.056278651932434395e-20
1.515221373582545857e+04 4.876484825091516717e-20 2.077671282707236415e-20
1.515856852619409256e+04 1.427146441180342809e-20 1.957780457398484030e-20
1.516492328571267899e+04 8.391064268577493860e-20 2.055711191368739759e-20
1.517127801438302231e+04 6.234989733069976751e-20 1.886137452505577702e-20
1.517763271217550027e+04 1.055120601852198976e-19 1.972073539562909203e-20
1.518398737908328076e+04 4.982936630684747160e-20 1.996090239124110749e-20
1.519034201508531623e+04 5.062629281002190989e-20 2.009636655232361616e-20
1.519669662016909206e+04 6.453372432506653566e-20 1.940218996220936283e-20
1.520305119432212086e+04 7.971003099030279109e-20 2.066907965775386434e-20
1.520940573752328237e+04 2.273792828223308912e-20 1.971258888022691103e-20
1.521576024976011286e+04 4.240940690623795608e-20 1.908389968194511599e-20
1.522211473102015589e+04 1.077258677093507172e-20 2.155117658856089878e-20
1.522846918128508514e+04 1.072268027114777436e-19 2.152412726754472761e-20
1.523482360053376397e+04 7.478085288741917716e-20 1.948005855583729324e-20
1.524117798876236702e+04 8.797233084411969005e-20 2.177857428503610726e-20
1.524753234594971400e+04 3.952176082863214644e-20 1.949416517123901557e-20
1.525388667207458639e+04 8.878266830541011770e-20 1.947880507855970090e-20
1.526024096713315703e+04 1.219211559332794744e-19 2.062693256020372429e-20
1.526659523110423470e+04 1.477185642904013214e-19 2.136206089338579370e-20
1.527294946396660453e+04 1.055728894907034660e-19 2.065073805226375774e-20
1.527930366571361265e+04 1.015266077454260494e-19 2.025422948888361758e-20
1.528565783633268438e+04 1.254434091830181330e-19 2.166549059873457189e-20
1.529201197579098880e+04 6.427559473793957932e-20 2.039057865887921444e-20
1.529836608409044857e+04 9.172944357188424679e-20 2.175464199815810544e-20
1.530472016120709304e+04 7.322730794542066176e-20 2.082212227223157583e-20
1.531107420713696774e+04 8.002894699833755548e-20 2.031865727928105169e-20
1.531742822185007753e+04 4.960054162519094068e-20 2.023658655815407649e-20
1.532378220533386047e+04 3.000139776267364177e-20 1.952604425483716503e-20
1.533013615757869593e+04 7.782227190878817408e-20 2.042510522489992449e-20
1.533649007856052049e+04 1.029165828438121427e-19 2.108512414448814206e-20
1.534284396828127865e+04 7.708797459678511295e-20 2.102727845536319101e-20
1.534919782670803215e+04 9.714343391631368761e-20 2.043411235614856040e-20
1.535555165382810628e+04 1.243073308861724861e-19 1.987930884343293337e-20
1.536190544962902823e+04 9.988332727456429398e-20 2.071314347374449401e-20
1.536825921410113006e+04 1.269388187124632884e-19 2.015704879772820948e-20
1.537461294722017556e+04 1.376405612835498869e-19 2.215460345729771068e-20
1.538096664897351729e+04 1.079827580719858035e-19 2.132568931576706068e-20
1.538732031933990947e+04 9.687600645441366350e-20 2.057506053807368419e-20
1.539367395831840622e+04 8.173735981481706370e-20 1.919020572610390659e-20
1.540002756423617757e+04 1.234964728985378872e-19 2.188999654840997105e-20
1.540638096857499295e+04 1.300165775349224153e-19 2.109019548690639998e-20
1.541273414805177708e+04 5.482061935199716111e-20 2.106151892864401452e-20
1.541908729427128674e+04 9.035087666976214323e-20 2.185920576909325057e-20
1.542544040902195411e+04 1.021884258790343236e-19 2.187865401874063989e-20
1.543179349228537467e+04 1.004508062139730842e-19 2.181115254821717787e-20
1.543814654405184956e+04 1.387682703379890505e-19 2.168580214043837505e-20
1.544449956429708436e+04 8.995851013238768981e-20 2.048934953012399075e-20
1.545085255301721736e+04 6.819890514126808835e-20 1.954670700902586046e-20
1.545720551018509650e+04 6.630643310353046558e-20 2.131724396239147585e-20
1.546355843580270266e+04 8.208458770573159361e-20 2.203120756270074457e-20
1.546991132983677380e+04 6.616846829591901196e-20 2.126274486417765679e-20
1.547626419227162478e+04 8.527346888509187977e-20 2.170313524928947396e-20
1.548261702309773318e+04 1.077910617808828053e-19 2.047744700438552440e-20
1.548896982230542017e+04 6.332442151155874836e-20 1.969544382841917915e-20
1.549532258986736633e+04 7.185059774956995346e-20 2.025977877059092339e-20
1.550167532577972452e+04 1.266188158000154561e-19 2.039802886665307359e-20
1.550802803002099972e+04 1.232100422045237365e-19 2.138832679406320419e-20
1.551438070256966057e+04 1.221368834705163530e-19 2.069916483788693975e-20
1.552073334342183261e+04 8.343266822210872740e-20 1.990713803538752234e-20
1.552708595255022192e+04 5.471041386381165990e-20 2.016710682738328705e-20
1.553343852995094858e+04 5.515938419888699666e-20 2.053276945850071969e-20
1.553979107559671320e+04 7.208126366007892575e-20 1.934274392929317838e-20
1.554614358948651716e+04 6.025219311030491594e-20 2.067274376782379405e-20
1.555249607158413892e+04 1.168981901478239774e-19 2.123684013418376363e-20
1.555884852189453704e+04 5.565955048114952119e-20 1.992867356262354962e-20
1.556520094038737989e+04 1.379237505840232946e-19 1.941726527676624827e-20
1.557155332705871660e+04 1.959132302452638758e-19 2.220119543202662483e-20
1.557790568188113321e+04 1.132727930487403395e-19 2.131766132511559182e-20
1.558425800484485990e+04 1.542168588966101422e-19 2.176061432838402445e-20
1.559061029593434978e+04 9.572484077136177157e-20 2.064641455459061822e-20
1.559696255513981669e+04 1.091692140560617842e-19 2.227877499052852245e-20
1.560331478243375750e+04 1.174940975849326209e-19 2.213361899564959067e-20
1.560966697781224502e+04 7.103008130592878894e-20 2.174315419284745139e-20
1.561601914124771974e+04 3.897226628876539843e-20 1.981106950485562794e-20
1.562237127273041006e+04 1.409436834033975892e-19 2.194465293672666410e-20
1.562872337224771218e+04 6.012440637692658217e-20 2.072982605776695403e-20
1.563507543978087961e+04 6.475776317806743439e-20 2.103871264499300626e-20
1.564142747530825181e+04 1.025008936528145735e-19 2.140880155837132804e-20
1.564777947882309309e+04 1.383983536468761956e-19 2.170252739516958922e-20
1.565413145031273780e+04 1.377555794683310286e-19 2.044629432788681451e-20
1.566048338975529441e+04 1.418309045939752659e-19 2.310351327643744496e-20
1.566683529712311974e+04 5.457692398581195551e-20 2.114786597348031052e-20
1.567318717242138700e+04 2.239814548699109823e-20 1.942042591826303165e-20
1.567953901562258761e+04 3.418307841262895397e-20 2.029602355639598830e-20
1.568589082671983124e+04 4.196978342691422084e-20 2.131202268288090871e-20
1.569224260568835780e+04 3.274217227830952301e-20 2.123308227778305609e-20
1.569859435250938441e+04 8.705780277217619446e-20 2.079718829472747961e-20
1.570494606717608076e+04 8.041540790564446539e-20 2.175924394271865155e-20
1.571129774966679724e+04 1.276440380178022781e-19 2.198675395939607774e-20
1.571764939997770853e+04 9.359180416244974688e-20 2.251613657917145734e-20
1.572400101807809369e+04 7.546661273273424383e-20 2.135751791837032832e-20
1.573035260395806836e+04 6.021454564422093995e-20 2.148750873444049403e-20
1.573670415760186188e+04 1.063190333112841241e-19 2.292596730062034870e-20
1.574305567899075686e+04 6.842339468936217178e-20 2.337536586981394136e-20
1.574940716812084611e+04 6.769772026752877470e-20 2.161261681766289161e-20
1.575575862496132868e+04 1.661303822283369303e-19 2.179000433810070012e-20
1.576211004950229835e+04 1.508598929357932064e-19 2.255250004163297264e-20
1.576846144172503773e+04 1.240674777601003953e-19 2.204715785938961348e-20
1.577481280161972063e+04 1.473948834367515653e-19 2.198408307577720272e-20
1.578116412916753688e+04 1.592122704324306574e-19 2.112172993581590562e-20
1.578751542435260671e+04 1.168775795987548612e-19 2.181459122574796590e-20
1.579386668715907581e+04 1.072222755081231629e-19 2.111019478151786070e-20
1.580021791753479920e+04 1.354182531930984794e-19 2.153068442260555011e-20
1.580656911142495119e+04 1.072460268276079900e-19 1.978177017334399325e-20
1.581280065172813192e+04 1.355818020430281138e-19 2.155239773405635270e-20
1.581915177702468281e+04 -6.727324146147001287e-21 2.220886434926522433e-20
1.582550286986009451e+04 8.990485961969357456e-20 2.112239249747323209e-20
1.583185393022467360e+04 9.818497061003862628e-20 2.002894884488635536e-20
1.583820495809932072e+04 7.825564274531300694e-20 2.292943245645715467e-20
1.584455595346821792e+04 7.885790695642563647e-20 2.075239698672168442e-20
1.585090691631237496e+04 4.894629220963399159e-20 2.089146411939700247e-20
1.585725784662209117e+04 6.914292659833478410e-20 2.150027071019523648e-20
1.586360874437210623e+04 8.109992828195125322e-20 2.103910793392681609e-20
1.586995960955894589e+04 1.149799557063329829e-19 2.061507887256190190e-20
1.587631044216043119e+04 8.180953482995626913e-20 2.217775003808932866e-20
1.588266124216364733e+04 1.398545230419303507e-19 2.081372255314570530e-20
1.588901200954029264e+04 8.455394123181740346e-20 2.060395599850464171e-20
1.589536274428999786e+04 5.995797852760279168e-20 2.232559096617227752e-20
1.590171344638746450e+04 9.133467598392555001e-20 2.161283932791614079e-20
1.590806411581980865e+04 6.606634847433403509e-20 1.991677281025496373e-20
1.591441475257109596e+04 1.368122070756042714e-19 2.101448683244985652e-20
1.592076535662524657e+04 8.253806554422557000e-20 2.072572699654103501e-20
1.592711592796943296e+04 8.282670140097188020e-20 2.109708845649183938e-20
1.593346646658146892e+04 6.349930054497519298e-20 2.163832711431597676e-20
1.593981697245160831e+04 9.179400528808247694e-20 2.148642800911199106e-20
1.594616744555446166e+04 1.178173974824756882e-19 2.153310267963005843e-20
1.595251788588652562e+04 8.011969104929339888e-20 2.112990031713412555e-20
1.595886829341926023e+04 7.331377786123427836e-20 2.199817920991885216e-20
1.596521866814591158e+04 3.709100717922627241e-20 2.103877921644560025e-20
1.597156901005371401e+04 6.457426008739764338e-20 2.067315494416379678e-20
1.597791931911097345e+04 1.883354052238448491e-19 2.256695201651251496e-20
1.598426959531417742e+04 1.295550247032976496e-19 2.216744697713430494e-20
1.599061983864725153e+04 6.544396834276529247e-20 2.149414313418508002e-20
1.599697004908161216e+04 3.902073707504192920e-20 2.134660286873392896e-20
1.600332022661991869e+04 1.018289005155930918e-19 2.077644040292710367e-20
1.600967037123360569e+04 4.810956942734588984e-20 2.180837082087404545e-20
1.601602048290662970e+04 9.844309309686667986e-20 2.143342366562922229e-20
1.602237056162920271e+04 9.781661942735918286e-20 2.190465971386701113e-20
1.602872060738521577e+04 7.415616385137902390e-20 2.273899270512940686e-20
1.603507062014915573e+04 9.123711511956125190e-20 2.300973933706207742e-20
1.604142059991427050e+04 1.005879412066098234e-19 2.171702404303380559e-20
1.604777054666129879e+04 1.081572131486311937e-19 2.057372730633907155e-20
1.605412046036789616e+04 1.362273223776270198e-19 2.145858309643008498e-20
1.606047034103054830e+04 1.170949306336374192e-19 2.144690201140775867e-20
1.606682018862681070e+04 1.066361231162653254e-19 2.304863783962647756e-20
1.607317000314055076e+04 1.042633580761286594e-19 2.070085177609310949e-20
1.607951978455242897e+04 9.165441889922146560e-20 2.160020641766336190e-20
1.608586953285568416e+04 1.391011184801795964e-19 2.195972122442747246e-20
1.609221924802164722e+04 1.278535042461371897e-19 2.198528217675176714e-20
1.609856893004361154e+04 1.029073850301013620e-19 2.151146700043178078e-20
1.610491857889909807e+04 1.281602915433654622e-19 2.037621229612153296e-20
1.611126819456874728e+04 9.349056459528595159e-20 2.153279064037991679e-20
1.611761777705533314e+04 9.648380088600416605e-20 2.127630806213103275e-20
1.612396732632041130e+04 8.580380770195447876e-20 2.097360783573657302e-20
1.613031684236689398e+04 1.224673647547631838e-19 2.105933508381305919e-20
1.613666632516274876e+04 1.175384509457215368e-19 2.197712063855835144e-20
1.614301577469809126e+04 9.520756302316170264e-20 2.264793036245987579e-20
1.614936519095985750e+04 9.141862021635225785e-20 2.122869306262038955e-20
1.615571457392547200e+04 1.071363036508269318e-19 2.252916314887638989e-20
1.616206392358808989e+04 1.115261695531812413e-19 2.221918742168950415e-20
1.616841323991255740e+04 1.051880212628063378e-19 2.007412248162341678e-20
1.617476252290167758e+04 9.015895460873205386e-20 2.088537249977819164e-20
1.618111177252966445e+04 1.070534323725754254e-19 2.267742160959322243e-20
1.618746098878658086e+04 8.879394511727708162e-20 2.102233834370947096e-20
1.619381017165934463e+04 1.040445239155276576e-19 2.189638183022087068e-20
1.620015932111246912e+04 1.108141022884841875e-19 2.185283374823781373e-20
1.620650843715206975e+04 7.105682283596560263e-20 2.452504317277796149e-20
1.621285751974912637e+04 8.350863922653595898e-20 2.132784836522318753e-20
1.621920656889051679e+04 7.684637977322756638e-20 2.056933639325893777e-20
1.622555558455992832e+04 8.739854088270953847e-20 2.078729984631112919e-20
1.623190456674099369e+04 9.493827485598120969e-20 2.139367085298767588e-20
1.623825351541732925e+04 8.091090305034833991e-20 1.948726534497585278e-20
1.624460243056953004e+04 9.725185114853791081e-20 2.184269072144364018e-20
1.625095131218763891e+04 1.089885196539534130e-19 2.109944550536138107e-20
1.625730016024571341e+04 1.049498779815311661e-19 2.131638472331234889e-20
1.626364897474657118e+04 1.269800153008540107e-19 2.123270192069482199e-20
1.626999775564821539e+04 1.039577257908624614e-19 1.948804343412749246e-20
1.627634650295345818e+04 1.498850080761066592e-19 2.289796172913769122e-20
1.628269521664600325e+04 7.460694244855340008e-20 2.011436599028691602e-20
1.628904389669347620e+04 1.064408857087392741e-19 2.074754366445097002e-20
1.629539254309226999e+04 1.363999423429871654e-19 2.099879028847460303e-20
1.630174115581638580e+04 1.281617831502176676e-19 2.056872236656079707e-20
1.630808973486209652e+04 9.200845352659086629e-20 2.070501289998154359e-20
1.631443828020669207e+04 9.410260400006264722e-20 2.077103726759486671e-20
1.632078679182736232e+04 1.423964479462794942e-19 1.948447430897744434e-20
1.632713526972049840e+04 1.211875203891549031e-19 1.979624080721215352e-20
1.633348371386326471e+04 1.132807514993285799e-19 2.093553025624064891e-20
1.633983212423916848e+04 1.237599111006056966e-19 2.050605149730042113e-20
1.634618050082524496e+04 5.053967023081159423e-20 2.028621128680293162e-20
1.635252884361800898e+04 1.177963548554337838e-19 2.036626875934455502e-20
1.635887715258814933e+04 1.065311162326684550e-19 2.170591400906691824e-20
1.636522542773524583e+04 1.030321175234364031e-19 2.166512129633940369e-20
1.637157366902675312e+04 1.698371286844996655e-19 2.167230827931026026e-20
1.637792187645251397e+04 1.264542434770657333e-19 2.167691973849361307e-20
1.638427004999605197e+04 2.484648720669244241e-20 2.079470770121839922e-20
1.639061818964094346e+04 1.027670590820840906e-19 2.114861467278131819e-20
1.639696629537066110e+04 8.347772549592497578e-20 2.220762880503476881e-20
1.640331436716868120e+04 9.022584764731255305e-20 2.192451112275984468e-20
1.640966240501846914e+04 7.952060977442731874e-20 2.066278565995573360e-20
1.641601040890334843e+04 9.526171670742490981e-20 2.192284091533412685e-20
1.642235837880692634e+04 1.187522926675504939e-19 2.194827777486833957e-20
1.642870631471265006e+04 7.390833592845170101e-20 2.051900708975889846e-20
1.643505421660395587e+04 1.100111757212011247e-19 2.074845378748524574e-20
1.644140208446426550e+04 1.047084771030227349e-19 1.989818007618160842e-20
1.644774991827690974e+04 1.145900486321563909e-19 2.174998645621614251e-20
1.645409771802211253e+04 6.573017184883053023e-20 2.151344368902544260e-20
1.646044548369305267e+04 8.812895812193485882e-20 2.251912442086166700e-20
1.646679321526017520e+04 8.295802547820248175e-20 2.171583117746548470e-20
1.647314091271333382e+04 1.102150198732045103e-19 2.156558932914029292e-20
1.647948857603589568e+04 3.032307651275395229e-20 1.927239352947985151e-20
1.648583620521113335e+04 1.210453959032577338e-19 2.084383778886105154e-20
1.649218380022903511e+04 1.123086891416944068e-19 2.079578870039237728e-20
1.649853136106648162e+04 1.189985908067008995e-19 2.129728738055768460e-20
1.650487888769382334e+04 1.764661952103795244e-19 2.195835317270721796e-20
1.651122638012037714e+04 1.724376779285787112e-19 2.365650069591969217e-20
1.651757383830984327e+04 1.009391576199202794e-19 2.102460550346555515e-20
1.652392126225544416e+04 9.282297646485813324e-20 2.203399102096249388e-20
1.653026865193400590e+04 1.366403329800453215e-19 2.146674031011575767e-20
1.653661600733859450e+04 6.539763951239296814e-20 2.059991979792120461e-20
1.654296332843949131e+04 8.876181123534810103e-20 2.288821214737493020e-20
1.654931061522639357e+04 7.973324429329246482e-20 2.244592523862367268e-20
1.655565786768263933e+04 4.653882465718691233e-20 2.092970992918846135e-20
1.656200508579156667e+04 9.286820753475209030e-20 2.093021138410340572e-20
1.656835226953644087e+04 9.326599718325071118e-20 2.321181013364100399e-20
1.657469941890052360e+04 1.387574333304631792e-19 2.141213101228930594e-20
1.658104653387352300e+04 1.017603677712264615e-19 2.058157017139802482e-20
1.658739361442234076e+04 8.026315158727199867e-20 2.068612275794449085e-20
1.659374066054336072e+04 8.233609116073109424e-20 2.177175002909399288e-20
1.660008767221655580e+04 3.610644708214773687e-20 2.198658095630105023e-20
1.660643464942514402e+04 1.064639494436536030e-19 2.245638044496813245e-20
1.661278159215228516e+04 1.270823417428330862e-19 2.215972263917861131e-20
1.661912850038437318e+04 1.219647942716754540e-19 2.393064000301594973e-20
1.662547537409164215e+04 1.176077734438198436e-19 2.250991344247710916e-20
1.663182221327364823e+04 9.987799336195957388e-20 2.210860480214086159e-20
1.663816901791355849e+04 1.302294399556910788e-19 2.156285403927476084e-20
1.664451578798143237e+04 8.756605709643465330e-20 1.980410645545056738e-20
1.665086252346355832e+04 6.732408321090506257e-20 2.080449550622837826e-20
1.665720922434980821e+04 6.591628907788830194e-20 2.228030580337719890e-20
1.666355589062005311e+04 1.038187085740308078e-19 2.216994843128218013e-20
1.666990252225741642e+04 1.083910461064325352e-19 2.197780440150531773e-20
1.667624911924500702e+04 1.398727761987969669e-19 2.146832775027785116e-20
1.668259568156251407e+04 1.476096321467498499e-19 2.335946596239071265e-20
1.668894220919978761e+04 9.987601880492387878e-20 2.267244961117154505e-20
1.669528870213006303e+04 1.424464134738870987e-19 2.358931201129896950e-20
1.670163516035286375e+04 1.649171269891004495e-19 2.183760520173056470e-20
1.670798158383153714e+04 1.326786101243300318e-19 2.248101162606342273e-20
1.671432797257203129e+04 1.265538549250292359e-19 2.186568550855727378e-20
1.672067432653124342e+04 1.180453496509542378e-19 2.262089404346773272e-20
1.672702064571529627e+04 1.209252928209069402e-19 2.297180762448700275e-20
1.673336693008744624e+04 1.160649446683524226e-19 2.161424170539457725e-20
1.673971317964721675e+04 8.498119520983855819e-20 2.083082183087884882e-20
1.674605939436758126e+04 7.192872354999507452e-20 2.184367635987769856e-20
1.675240557423834616e+04 9.929565004636756854e-20 2.210708608221115688e-20
1.675875171923921880e+04 8.202395708562125350e-20 2.125442979748183282e-20
1.676509782934327814e+04 8.200495895398393115e-20 2.177596526783564110e-20
1.677144390455332905e+04 1.454448898950435462e-19 2.322566161868413969e-20
1.677778994484230861e+04 9.927772190134588630e-20 2.317841603268882803e-20
1.678413595019006243e+04 1.346904556996948378e-19 2.179923584199456901e-20
1.679048192058947461e+04 1.322137212200017858e-19 2.076690051811827372e-20
1.679682785601025898e+04 6.331338633593327990e-20 2.233332325087544676e-20
1.680317375643532432e+04 1.496018877603760848e-19 2.154404546385492035e-20
1.680951962186407764e+04 8.704904159622289743e-20 2.212886624383701581e-20
1.681586545226303861e+04 7.575541455244861335e-20 2.244589956212991523e-20
1.682221124762837644e+04 8.695095556808735947e-20 2.252268303318751016e-20
1.682855700793306823e+04 1.296077453521460052e-20 2.138771582571623942e-20
1.683490273315992818e+04 6.438854420287994734e-20 2.259491423036577045e-20
1.684124842330511819e+04 8.580045955613626795e-20 2.165591706725011231e-20
1.684759407833171281e+04 1.007788126985789449e-19 2.141183956292175689e-20
1.685393969823254520e+04 4.414988244919259956e-20 2.056224284416861474e-20
1.686028528300045218e+04 8.525023863794646495e-20 2.360048301787893526e-20
1.686663083259158884e+04 1.199937279996536533e-19 2.307262953701933945e-20
1.687297634702211144e+04 8.498756178140416743e-20 2.324210718673876647e-20
1.687932182624833149e+04 9.588385014364683168e-20 2.177662365905617150e-20
1.688566727026638182e+04 6.825292877167509313e-20 2.353221911895946766e-20
1.689201267905908389e+04 9.474927546852251012e-20 2.286634691486977699e-20
1.689835805259910194e+04 1.052117210818566804e-19 2.354951086937238868e-20
1.690470339087270622e+04 8.192925007083498807e-20 2.149955694073409618e-20
1.691104869386940845e+04 9.468761439726783101e-20 2.227308862134369597e-20
1.691739396157864030e+04 9.300439291347235863e-20 2.279033210239933788e-20
1.692373919396315250e+04 1.621389959793041287e-19 2.232285668540468820e-20
1.693008439101893237e+04 1.056173048985811685e-19 2.251664126203455929e-20
1.693642955272220934e+04 1.203573896551496618e-19 2.368711652394243040e-20
1.694277467905910089e+04 6.133588985472736938e-20 2.272219857781650594e-20
1.694911977000897241e+04 1.155019455843240749e-19 2.145096346162784985e-20
1.695546482556785122e+04 8.480176326699011930e-20 2.188001827655095269e-20
1.696180984569840439e+04 9.480064043027530771e-20 2.276198289189800756e-20
1.696815483040350955e+04 8.902583081508585011e-20 2.240721764515415221e-20
1.697449977965247308e+04 8.063486544952931284e-20 2.250614938096528588e-20
1.698084469342800003e+04 4.792601039654719709e-20 2.327267104387716653e-20
1.698718957171259535e+04 1.493011594292294198e-19 2.521471064376785217e-20
1.699353441449913953e+04 1.046313323368791480e-19 2.327986961185569133e-20
1.699987922175358472e+04 6.673844541230314282e-20 2.298278966083222735e-20
1.700622399348874023e+04 1.057047162732440903e-19 2.311494838607591778e-20
1.701256872965030925e+04 4.501796337233783132e-20 2.108704361010472154e-20
1.701891343023761510e+04 9.110744010336391698e-20 2.119018988149557263e-20
1.702525809523679709e+04 1.140231171884865316e-19 2.197145513416432981e-20
1.703160272462374633e+04 9.015754534246867378e-20 2.295678324325326931e-20
1.703794731839453016e+04 1.380922859866758229e-19 2.267045739136830183e-20
1.704429187651141183e+04 3.750968197615589283e-20 2.242979484250821395e-20
1.705063639897054236e+04 1.021279764193021847e-19 2.379069902204149312e-20
1.705698088574782741e+04 1.449033772260984130e-19 2.119827346975511652e-20
1.706332533683592919e+04 1.538962213572829942e-20 2.129658156115917427e-20
1.706966975220726454e+04 5.804713773854256524e-20 2.226814308371520044e-20
1.707601413184428020e+04 6.902727883330801589e-20 2.378079392773897256e-20
1.708235847573641513e+04 8.540553118696722825e-20 2.165095548172810894e-20
1.708870278386619611e+04 6.728480045355642101e-20 2.276201869225600099e-20
1.709504705620602181e+04 1.470039136242545891e-19 2.334804090678748614e-20
1.710139129274839797e+04 1.151390923505643160e-19 2.323558676543211620e-20
1.710773549346908112e+04 5.974375708887177384e-20 2.157835022962919344e-20
1.711395839244620583e+04 1.134001959846274244e-19 2.127259376936027253e-20
1.712030250950910340e+04 1.106729202734709693e-19 2.212616297047680483e-20
1.712664659473253414e+04 1.047492689302347323e-19 2.172293232308407529e-20
1.713299064412674852e+04 1.067524926226571703e-19 2.031629025468367547e-20
1.713933465759834507e+04 7.920685253569290662e-20 2.421406275040409888e-20
1.714567863514609053e+04 9.142389590606752526e-20 2.345029820134053430e-20
1.715202257675911460e+04 1.516744160283046276e-19 2.202660471591038100e-20
1.715836648241309740e+04 4.809490682307056302e-20 2.344816631013797605e-20
1.716471035208402827e+04 7.021781172701180509e-20 2.270138942549634392e-20
1.717105418577077580e+04 2.911959814209303138e-20 2.235778702660695171e-20
1.717739798344252995e+04 1.273651813892734448e-19 2.201242610632896981e-20
1.718374174507814678e+04 5.136140967328163916e-20 2.147442292297246161e-20
1.719008547066678148e+04 8.692555935818247696e-20 2.295951214208298591e-20
1.719642916019753102e+04 1.275849710546499309e-19 2.241121755160509060e-20
1.720277281364603914e+04 1.289953693598814093e-19 2.235509645163312555e-20
1.720911643098464629e+04 6.067455795982264455e-20 2.441434459140705158e-20
1.721546001221229017e+04 1.145256669758282018e-19 2.467251558888847123e-20
1.722180355731468444e+04 9.699206495941249617e-20 2.186686168486510787e-20
1.722814706625092731e+04 9.352382952578913575e-20 2.212194505792824066e-20
1.723449053901640582e+04 1.009181541238365710e-19 2.135628824781939562e-20
1.724083397559352306e+04 6.652676989144753180e-20 2.280222612995976719e-20
1.724717737597129963e+04 1.126437067978418123e-19 2.372054102968608845e-20
1.725352074012531375e+04 1.025058924647353082e-19 2.466632915453037138e-20
1.725986406802793863e+04 8.037847495473021178e-20 2.217733363440394799e-20
1.726620735968440204e+04 1.439062819591085088e-19 2.371000901815689006e-20
1.727255061505389313e+04 5.515651385706518525e-20 2.341782925339593537e-20
1.727889383412532698e+04 1.584128636303762447e-19 2.335858576810359103e-20
1.728523701689752488e+04 1.113741340329654811e-19 2.169384053098282227e-20
1.729158016332944317e+04 8.431759647336139363e-20 2.411267214526718488e-20
1.729792327341971395e+04 1.106067317618347427e-19 2.397194822348279035e-20
1.730426634713746535e+04 7.529006103098192122e-20 2.233694099976540778e-20
1.731060938447475201e+04 6.690895285027966393e-20 2.445686398313771240e-20
1.731695238540716309e+04 1.249434576213555906e-19 2.395447532342586577e-20
1.732329534992659319e+04 9.737784230507856096e-20 2.272496784540043037e-20
1.732963827799552382e+04 1.093997781487924512e-19 2.312152459096359940e-20
1.733598116962262429e+04 1.373110976001574959e-19 2.267162168075310532e-20
1.734232402477007417e+04 1.005126697272478151e-19 2.141285124016444536e-20
1.734866684342319058e+04 8.841844688913646118e-20 2.122985134519646097e-20
1.735500962557755702e+04 1.292916677333366739e-19 2.214221438094363674e-20
1.736135237119857629e+04 3.551982993375298696e-20 2.160811734164216555e-20
1.736769508026840413e+04 9.050732884322357729e-20 2.171023979589863828e-20
1.737403775279565525e+04 1.015632436471035038e-19 2.239407782560605553e-20
1.738038038872916513e+04 1.324750807213366029e-19 2.265122816168758128e-20
1.738672298806418621e+04 1.397163453058715144e-19 2.486586546200010744e-20
1.739306555078287784e+04 1.356015281367007803e-19 2.378329434291274520e-20
1.739940807686387052e+04 1.809150591369549258e-19 2.344521439017793413e-20
1.740575056630260588e+04 8.288489236135325028e-20 2.132969355627588100e-20
1.741209301906442488e+04 8.746906161103899497e-20 2.082784823342982580e-20
1.741843543513460827e+04 9.400525039900328824e-20 2.183101262683777862e-20
1.742477781450184193e+04 1.325857264620443559e-19 2.285230285052179386e-20
1.743112015715139933e+04 8.694420600571730860e-20 2.180158648656462634e-20
1.743746246304194574e+04 3.430265209165346829e-20 2.200169184114441018e-20
1.744380473218558109e+04 1.990338402711533468e-20 2.228284735611841776e-20
1.745014696455077501e+04 8.842512382882369006e-20 2.366479985277512829e-20
1.745648916010934772e+04 1.036727855410213152e-19 2.291585819872812652e-20
1.746283131886015326e+04 2.014413042473276910e-19 2.290074784314273453e-20
1.746917344078182578e+04 2.826681065799034938e-19 2.545395054466881747e-20
1.747551552580954740e+04 1.989514039860090165e-19 2.246745764467854732e-20
1.748185756994141775e+04 1.704945005479200070e-19 2.275745021491240869e-20
1.748807784906659799e+04 7.199813566386661041e-20 2.264166756803958507e-20
1.749441981555391612e+04 1.110248692751661778e-19 2.291244490640188052e-20
1.750076174512441867e+04 9.097813581271486922e-20 2.198053458750423738e-20
1.750710363774618236e+04 5.172756209714440708e-20 2.219136666549508541e-20
1.751344549340805315e+04 1.409981445874058154e-19 2.290317416700268268e-20
1.751978731209880061e+04 9.904586063397191980e-20 2.358626904661071861e-20
1.752612909378619952e+04 5.848501189246951561e-20 2.316983676619352525e-20
1.753247083845909583e+04 6.718625460460285470e-20 2.368660981403174252e-20
1.753881254610631368e+04 5.897533102899328461e-20 2.224606266828791272e-20
1.754515421669573334e+04 1.466549193885458980e-19 2.456743867885481860e-20
1.755149585020894665e+04 1.098786731806937645e-19 2.283183780620967744e-20
1.755783744664872575e+04 9.965870424945395554e-20 2.313134961246028566e-20
1.756417900597599873e+04 1.139197484700950232e-19 2.182610986488544422e-20
1.757052052817248841e+04 1.376957946848828813e-19 2.307347460209655270e-20
1.757686201324068315e+04 1.077739768933083048e-19 2.313924468731673347e-20
1.758320346114150379e+04 7.727985039528621331e-20 2.403203908479667483e-20
1.758954487186020924e+04 1.092096853918626898e-19 2.374024058592847823e-20
1.759588624539243756e+04 8.327196706020798432e-20 2.234942668319892273e-20
1.760222758170225279e+04 9.302260171025562201e-20 2.107129126688731907e-20
1.760856888077846452e+04 1.385224959696282820e-19 2.223897543730099303e-20
1.761491014260277370e+04 1.410521747464692339e-19 2.251202940504027136e-20
1.762125136715683766e+04 9.136815079673745824e-20 2.141020628456215538e-20
1.762759255442210269e+04 1.004570250921800353e-19 2.309141952731914459e-20
1.763393370438037164e+04 1.298009007359196559e-19 2.379840473182270463e-20
1.764027481701330544e+04 1.104513016698447824e-19 2.254074406396622439e-20
1.764661589230249956e+04 7.496779896700839545e-20 2.266699094935663540e-20
1.765295693022583873e+04 7.465727048780254690e-20 2.204378663885940648e-20
1.765929793077212526e+04 4.726122008612506704e-20 2.087399418758855032e-20
1.766563889391945486e+04 8.091065915716181959e-20 2.044539510682956452e-20
1.767197981964937208e+04 1.173995322929478172e-19 2.180996751870938613e-20
1.767832070794322135e+04 8.660144625114274261e-20 2.230147072002979116e-20
1.768466155878278005e+04 1.606350678040925203e-19 2.324269080916425256e-20
1.769100237214605295e+04 8.318638234559598189e-20 2.390855609376850871e-20
1.769734314801451910e+04 9.143055276834196068e-20 2.233933164261572448e-20
1.770368388638713441e+04 8.932891894340859230e-20 2.264734957746379682e-20
1.771002458722447773e+04 -1.721138211810736425e-20 2.255019455855858524e-20
1.771636525051155331e+04 4.397052059261696820e-20 2.185409750242025860e-20
1.772270587623678512e+04 9.991123775072720132e-20 2.228437823298415093e-20
1.772904646437101837e+04 1.134538587983910235e-19 2.254486242758716170e-20
1.773538701490994208e+04 1.129331227715092770e-19 2.151726363701757743e-20
1.774172752782795578e+04 1.226862012066347950e-19 2.286200221674573712e-20
1.774806800310477774e+04 3.394429942990591060e-20 2.152418384257801796e-20
1.775440845496523616e+04 8.559411268649700560e-20 2.120334632581990489e-20
1.776074893738338869e+04 5.102851453569094365e-20 2.182585185711645385e-20
1.776708938211893474e+04 1.076810224474428710e-19 2.244049821666362418e-20
1.777342978913187471e+04 1.318646318564802341e-19 2.467587266463468659e-20
1.777977015841432149e+04 5.559003940676610839e-20 2.339533691653043216e-20
1.778611048994415250e+04 9.252361506736657763e-20 2.209783119307465800e-20
1.779245078369563635e+04 9.384679850077775576e-20 2.410531009923191956e-20
1.779879103966048206e+04 7.715445150182927824e-20 2.483101357264682295e-20
1.780513125781318377e+04 5.826123923358714135e-20 2.268272764544673845e-20
1.781147143814567244e+04 8.762457273836222657e-20 2.329916351541993270e-20
1.781781158062856048e+04 1.047645954254295209e-19 2.344572614465178594e-20
1.782415168525012632e+04 8.607005481490286532e-20 2.282227684263585545e-20
1.783049175198117155e+04 4.988795210690446715e-20 2.340564403691611873e-20
1.783683178081360529e+04 1.004204707693059824e-19 2.257798811135248378e-20
1.784317177172856100e+04 1.358427206044563246e-19 2.294010602146225987e-20
1.784951172469308585e+04 1.432617274547108859e-19 2.195329910159120526e-20
1.785585163970274152e+04 9.708458915791208637e-20 2.257629286751885584e-20
1.786219151674230670e+04 7.745780690385931413e-20 2.265719382949261231e-20
1.786853135577855937e+04 4.451781323965512008e-20 2.329637047437445901e-20
1.787487115680351781e+04 9.658623441294384979e-20 2.270561276515674960e-20
1.788121091979130870e+04 9.261363115280743907e-20 2.175215342623591787e-20
1.788755064473374296e+04 8.060182810157734734e-20 2.187446525414619861e-20
1.789389033160112376e+04 9.730946666520452801e-20 2.248335044673437634e-20
1.790022998037124853e+04 6.069314645446713900e-20 2.181591971225331162e-20
1.790656959104306588e+04 8.083541966775550195e-20 2.468921139540929853e-20
1.791290916357977039e+04 9.320331704970290596e-20 2.221787825139094719e-20
1.791924869796601342e+04 6.248697667726888054e-20 2.295040433182065756e-20
1.792558819419016800e+04 6.781235920806971785e-20 2.383073061116406691e-20
1.793192765223690367e+04 1.659457875167532183e-19 2.501113731761115468e-20
1.793826707207638174e+04 7.686882544439314700e-20 2.217286816151641151e-20
1.794460645368623955e+04 9.868347367697729472e-20 2.385581742277056860e-20
1.795094579706546210e+04 6.322127449650731299e-20 2.483818577433106330e-20
1.795728510217715302e+04 5.103717483709117288e-20 2.337976180888350749e-20
1.796362436900934699e+04 1.375107426586168247e-19 2.310943165077967552e-20
1.796996359753967408e+04 1.212047827301131813e-19 2.204781186132781871e-20
1.797630278775989063e+04 8.154096283743942963e-20 2.250895142850802412e-20
1.798264193964011065e+04 4.663191804354850301e-20 2.266020392093170311e-20
1.798898105317209047e+04 9.811368827366148328e-20 2.291200353700984213e-20
1.799532012831897737e+04 1.321410155364096401e-19 2.358338324367935100e-20
1.800165916507249131e+04 4.308181111258209591e-20 2.361849272967370369e-20
1.800799816341692349e+04 8.929181710092919570e-20 2.270254811516833094e-20
1.801433712333703807e+04 -4.208196940565463959e-20 2.341948499444485631e-20
1.802067604478858993e+04 -9.956782445208836740e-20 2.161061275724872092e-20
1.802701492777758540e+04 -1.126808120109131121e-19 2.074005481017140161e-20
1.803335377228124707e+04 7.655989411562712677e-21 2.307387393764926693e-20
1.803969257828421905e+04 8.768907062022365590e-20 2.258388242489482041e-20
1.804603134574577780e+04 -1.973483354719873162e-20 2.288394192641744560e-20
1.805237007466817522e+04 6.779465847920634598e-20 2.233168471382338152e-20
1.805870876502161263e+04 7.729634380829925330e-20 2.255284577436418601e-20
1.806504741679417930e+04 9.650725900027547386e-20 2.293242480556115263e-20
1.807138602996664486e+04 5.687909083239869829e-20 2.294436711625556612e-20
1.807772460451247025e+04 5.023287553094218622e-20 2.228143216364516775e-20
1.808406314041264341e+04 9.906219361716433893e-20 2.171594180511246649e-20
1.809040163765516627e+04 8.382938819994229702e-20 2.167679940575745403e-20
1.809674009622063750e+04 1.155398436000280108e-19 2.228499039158687996e-20
1.810307851607546763e+04 8.131500506254653914e-20 2.244494630561207927e-20
1.810941689721494186e+04 6.287689267562045960e-20 2.283825167715560019e-20
1.811575523962697844e+04 8.947972043794661361e-20 2.371533862402735077e-20
1.812209354327043911e+04 7.701710263592835453e-20 2.362250375508215342e-20
1.812843180814071457e+04 1.180620458421316549e-19 2.411600735720551164e-20
1.813477003420037727e+04 1.403639535963014809e-19 2.356410502679583116e-20
1.814110822144805934e+04 1.032490496305114896e-19 2.336656429946161101e-20
1.814744636988268394e+04 1.061834042464284034e-19 2.285333444670608148e-20
1.815378447944507570e+04 1.040183252100474136e-19 2.331111298444959204e-20
1.816012255014124094e+04 1.132296577936725899e-19 2.190378279155278340e-20
1.816646058194076613e+04 1.199272937403220638e-19 2.291377317664663821e-20
1.817279857483175147e+04 1.022231899536162896e-19 2.387289465118179523e-20
1.817913652879479923e+04 1.148606335385017839e-19 2.405835735807103990e-20
1.818547444379577428e+04 6.713538390300131735e-20 2.427279067770450721e-20
1.819181231982264580e+04 8.147773551918050906e-20 2.440139102907629993e-20
1.819815015685970866e+04 1.261987331462100083e-19 2.374833586091837182e-20
1.820448795490200428e+04 6.897020968371444785e-20 2.283389342396225608e-20
1.821082571390813246e+04 7.504167526262794214e-20 2.312123900921306168e-20
1.821716343386973676e+04 9.383582504577607506e-20 2.136277447787429968e-20
1.822350111476004895e+04 7.788845934104766425e-20 2.204909454632234984e-20
1.822983875655933298e+04 8.764393917198636264e-20 2.223157284543389834e-20
1.823617635924828937e+04 1.218544307962054765e-19 2.365652234963156649e-20
1.824251392281838707e+04 6.850545366253173899e-20 2.245203912266892191e-20
1.824885144724998827e+04 8.521402711351631255e-20 2.274495965123649697e-20
1.825518893250159454e+04 9.822915546468058303e-20 2.279309485600573591e-20
1.826152637857938680e+04 6.561849411344643431e-20 2.244709813050459592e-20
1.826786378544915351e+04 5.877445752802963751e-20 2.391557338552747141e-20
1.827420115308741151e+04 9.394174253510796630e-20 2.382754031783826927e-20
1.828053848148947509e+04 6.880257749922667618e-20 2.306903178537820578e-20
1.828687577062473792e+04 6.908623519243524012e-20 2.398490195939366876e-20
1.829321302048805592e+04 1.232608177589991878e-19 2.355156205942871758e-20
1.829955023103425265e+04 3.609063863371264978e-21 2.158029968929235517e-20
1.830588740225840593e+04 6.695588912731393672e-20 2.270109558058879263e-20
1.831222453414813572e+04 7.032551359434918019e-20 2.120450755883095393e-20
1.831856162667265016e+04 3.502967850605834503e-20 2.312893304390243551e-20
1.832489867982714350e+04 6.981821351812582611e-20 2.208308605951613533e-20
1.833123569356620646e+04 8.443370047763086444e-20 2.467105313718646047e-20
1.833757266788455308e+04 9.445827160970876429e-20 2.272868969192635661e-20
1.834390960277008344e+04 7.811588806522354318e-20 2.200002725870737127e-20
1.835024649819201659e+04 8.228894800368704132e-20 2.223006323863082534e-20
1.835658335413032182e+04 6.202676565680505329e-20 2.282013127184233337e-20
1.836279730852329158e+04 6.079357266405950459e-20 2.282053793808330191e-20
1.836913407336717137e+04 1.181411214485575189e-19 2.513169638146281789e-20
1.837547080271303639e+04 1.093608622975633637e-19 2.248346913201406671e-20
1.838180749253613249e+04 5.605448534751238120e-20 2.156564816447520009e-20
1.838814414278005279e+04 1.002762220567937178e-19 2.369467304699277194e-20
1.839448075343563323e+04 7.000757260799538986e-20 2.351597286141870013e-20
1.840081732446492242e+04 6.198749651181791583e-20 2.228956352418156811e-20
1.840715385585173499e+04 5.791608878554993014e-20 2.241947691100947713e-20
1.841349034757980917e+04 8.247423041716193424e-20 2.324869693530281143e-20
1.841982679962563998e+04 9.156158382134292884e-20 2.392057468813615623e-20
1.842616321198382138e+04 7.757551401711658631e-20 2.427282956581531131e-20
1.843249958462019640e+04 3.706904302092071401e-20 2.477799035984340224e-20
1.843883591752163920e+04 6.698428759674467843e-20 2.455522307401772985e-20
1.844517221065396370e+04 1.026136401145796791e-19 2.411282340119826484e-20
1.845150846401168747e+04 9.905290309058720969e-20 2.351471614302457875e-20
1.845784467757136736e+04 1.031894096486174251e-19 2.367324674055336976e-20
1.846418085132361011e+04 1.837942960967848677e-19 2.434140841195066627e-20
1.847051698522699371e+04 1.461816004555187099e-19 2.490472659092225995e-20
1.847685307927226677e+04 1.210380459981006076e-19 2.243118641110747125e-20
1.848318913344995235e+04 8.816796804694228728e-20 2.415556079468049190e-20
1.848952514770429480e+04 9.287911237193139499e-20 2.465898898140435580e-20
1.849586112206209873e+04 7.889093565739568130e-20 2.363708978017239025e-20
1.850219705647802766e+04 7.375235952891091670e-20 2.469468315677640480e-20
1.850853295093198176e+04 4.868805271670503946e-20 2.456825339223899203e-20
1.851486880541124265e+04 3.530855249496747824e-20 2.331223729919402646e-20
1.852120461989536852e+04 9.148391637611975959e-20 2.345835522564302946e-20
1.852754039433905928e+04 1.120846325742747367e-19 2.581121290063955153e-20
1.853387612875853301e+04 8.937767449664395957e-20 2.481675532764734678e-20
1.854021182312285237e+04 6.577384663990074912e-20 2.393355487438627177e-20
1.854654747740441599e+04 1.137836537272511930e-19 2.445819187519364951e-20
1.855288309158681295e+04 3.171412669250088625e-20 2.295847929813389552e-20
1.855921866564984521e+04 8.636868362060210845e-20 2.507761972045286800e-20
1.856555419957322010e+04 8.484596590494491249e-20 2.366687347290795764e-20
1.857188969334051217e+04 6.320246201734848682e-20 2.250016310115199224e-20
1.857822514692422556e+04 3.949403305882653078e-20 2.434229762086955159e-20
1.858456056030750551e+04 4.505523822232111532e-20 2.340378873796580754e-20
1.859089593346671609e+04 5.101729813646082356e-20 2.429299999954038487e-20
1.859723126638890972e+04 3.887543163791345866e-20 2.269308555704185943e-20
1.860356655905000298e+04 8.183805364367614954e-20 2.501992172874837044e-20
1.860990181142975416e+04 9.309194980460079383e-20 2.550677407151783631e-20
1.861623702350074018e+04 9.399545457770327785e-20 2.224839287481855909e-20
1.862257219526061090e+04 1.201564642615375340e-19 2.503643676349289001e-20
1.862890732667104385e+04 9.737988703291398626e-20 2.302470050750149834e-20
1.863524241772618188e+04 1.344171637377994485e-19 2.358927324119506902e-20
1.864157746834648060e+04 1.032192747242078488e-19 2.479414461569058236e-20
1.864791247452879179e+04 1.107837913654870169e-19 2.248000514695813876e-20
1.865412421376097336e+04 1.540516587169448713e-19 2.382274871826318584e-20
1.866045913512637708e+04 6.720955568562855083e-20 2.421751223865999771e-20
1.866679401603032966e+04 1.112872929175668448e-19 2.643476190860222424e-20
1.867312885644121343e+04 1.234771852059587817e-19 2.396733965552779881e-20
1.867946365635351322e+04 1.285391515999982258e-19 2.444410248190259036e-20
1.868579841573546946e+04 7.722580308407419102e-20 2.437431730991217910e-20
1.869213313457807453e+04 4.994941930503671941e-20 2.439260193113120790e-20
1.869846781284564349e+04 7.489051438743867152e-20 2.492166959320896485e-20
1.870480245052137252e+04 1.217740034334909504e-19 2.471665519251722728e-20
1.871113704758871972e+04 1.260440267222953476e-19 2.419664033697208802e-20
1.871747160403843009e+04 7.627937792435535447e-20 2.299239414651511675e-20
1.872380611982713162e+04 1.139115408033548312e-19 2.495006411400276192e-20
1.873014059495340189e+04 5.411593182818454417e-20 2.353640197296668319e-20
1.873647502938148682e+04 8.255577831489569493e-20 2.612485632294202590e-20
1.874280942310577666e+04 1.317971535858140049e-19 2.455037147450423036e-20
1.874914377609451913e+04 7.734936659326069521e-20 2.489872502328314227e-20
1.875547808832710507e+04 9.011478665731661299e-20 2.414730452020087750e-20
1.876181235978267796e+04 1.318354837826426460e-19 2.392573006455685633e-20
1.876814659045601729e+04 1.077942988404249249e-19 2.465800400023580098e-20
1.877448078031510886e+04 5.197338080999215521e-20 2.256990128110176180e-20
1.878081492933900154e+04 1.226181031273856676e-19 2.468341054296544459e-20
1.878714903749969017e+04 1.421969326146921262e-19 2.525453474772202252e-20
1.879348310478789426e+04 1.466097280463856987e-19 2.736556420813068286e-20
1.879981713117502659e+04 1.881460953061230999e-19 2.546861714717675514e-20
1.880615111664441065e+04 6.497639700185847698e-20 8.866245866649986473e-20
