2.930633946032590393e+04 1.089062243500733009e-19 3.858505957145518462e-21
2.932420318155800487e+04 9.045525581882637517e-20 2.957634165341608681e-21
2.934206682621904110e+04 9.223298335945561796e-20 2.866236893833908581e-21
2.935993039425986353e+04 8.774009612453988517e-20 2.846045968526291717e-21
2.937779388562015083e+04 9.528006976191771290e-20 2.873814102535165681e-21
2.939565730025392986e+04 9.423536664065560922e-20 2.745583436230676499e-21
2.941352063810885738e+04 9.921376823759069451e-20 2.887911904720955795e-21
2.943138389912778803e+04 9.536449431832873088e-20 2.938537778920567389e-21
2.944924708326158361e+04 9.249215881229686291e-20 2.974354134063524767e-21
2.946711019045947251e+04 8.429814969840424723e-20 2.835200126972476921e-21
2.948497322066752531e+04 9.641088076226890585e-20 2.888634743315024552e-21
2.950283617381706426e+04 9.611246342546916481e-20 2.901195568786568513e-21
2.952069891435762474e+04 8.962258696024334706e-20 2.821244978680084552e-21
2.953856157710822299e+04 9.052204695952849270e-20 2.887991860887889551e-21
2.955642416266291912e+04 9.123794729070009917e-20 2.917587442235958028e-21
2.957428667096934805e+04 8.424481795829318293e-20 2.721469858680271860e-21
2.959214910197033896e+04 9.898204011221967198e-20 2.887525205221091987e-21
2.961001145561835438e+04 9.217089119117678264e-20 2.877489933810346040e-21
2.962787373185780598e+04 9.039185738185720077e-20 2.846769246453882527e-21
2.964573593063954831e+04 9.423624726570873172e-20 2.798319184222311579e-21
2.966359805190788757e+04 8.878867410016109416e-20 2.657183573379751858e-21
2.968146009561209576e+04 9.017391941279406121e-20 2.856945772069858050e-21
2.969932206170147765e+04 8.880777382051298182e-20 2.793776244419149237e-21
2.971718395011881876e+04 8.747702678208053628e-20 2.770702472930829786e-21
2.973504576081817868e+04 9.144629413980548026e-20 2.805145653915780378e-21
2.975290749374398365e+04 8.999402309116323931e-20 2.765565839336190384e-21
2.977076914884221696e+04 9.456498339358821849e-20 2.881892662736895039e-21
2.978863072606212518e+04 8.747677181528095433e-20 2.713663615401410015e-21
2.980649222535292211e+04 9.082842703898707302e-20 2.731551793740277144e-21
2.982435364665897578e+04 8.970870145164631166e-20 2.636240710391094209e-21
2.984221498992953275e+04 8.637622565923556360e-20 2.780455986789502174e-21
2.986007625511060178e+04 9.811535498551037100e-20 2.913059715490340459e-21
2.987793744215458355e+04 8.878939662341122543e-20 2.810718709073693013e-21
2.989579855100265559e+04 8.801280463128269927e-20 2.644107661101789334e-21
2.991365958160885202e+04 9.836593971021157478e-20 2.684406695626344806e-21
2.993152053391431036e+04 9.132696105754313325e-20 2.756076913204351360e-21
2.994938140787310840e+04 8.593121668951063587e-20 2.739703329602760036e-21
2.996724220342635817e+04 9.212109198263204250e-20 2.703222444261433717e-21
2.998510292052810109e+04 8.499426112832195002e-20 2.699536666664747624e-21
3.000296355911947103e+04 9.276713883592313014e-20 2.663234144244537407e-21
3.002082411915271223e+04 9.179857493804863282e-20 2.720110424475157215e-21
3.003868460057393168e+04 8.772747160862774564e-20 2.756394857148847083e-21
3.005654500332913449e+04 8.957587127593050491e-20 2.690129105236664809e-21
3.007440532736909154e+04 9.451435830960049856e-20 2.708833611718411785e-21
3.009226557263977884e+04 9.711896371165278672e-20 2.816523160318832109e-21
3.011012573908875493e+04 8.862303998180797961e-20 2.650121377468476103e-21
3.012798582666197035e+04 8.030504500239880029e-20 2.675401829835967032e-21
3.014584583531022872e+04 9.288033334738736380e-20 2.712269289661398369e-21
3.016370576497942966e+04 9.410758802458109558e-20 2.687445969410156759e-21
3.018156561561554554e+04 9.206044977627439430e-20 2.605021585751829360e-21
3.019942538716774652e+04 9.687189710526048191e-20 2.694037595959759055e-21
3.021728507958354385e+04 9.209207733608478712e-20 2.710829391108839445e-21
3.023514469281050333e+04 1.010082342593049898e-19 2.744745575571747291e-21
3.025300422679616895e+04 1.001377479898853832e-19 2.620277383845249731e-21
3.027086368148965994e+04 9.003284311207020610e-20 2.593453271226179570e-21
3.028872305683691957e+04 9.212689120817343361e-20 2.756069955200354808e-21
3.030658235278544453e+04 8.725334013407004444e-20 2.517282084933773784e-21
3.032444156928094890e+04 9.145702287197869848e-20 2.579490908894522374e-21
3.034230070627441091e+04 9.381022456495149705e-20 2.672331212244366937e-21
3.036015976371010765e+04 9.271094328117604010e-20 2.557945247941075882e-21
3.037801874153553217e+04 8.730145244163579345e-20 2.784160842523293351e-21
3.039587763970144442e+04 9.240096085357726396e-20 2.755319086387478481e-21
3.041373645815534110e+04 8.939808583357017802e-20 2.578323487021498497e-21
3.043159519683987673e+04 8.925743997883907537e-20 2.638348395744839068e-21
3.044945385570739745e+04 8.792281064230378201e-20 2.576362076729851760e-21
3.046731243470215850e+04 8.682648459746431541e-20 2.624601613763995795e-21
3.048517093377487618e+04 8.684816663775437221e-20 2.532175366762551794e-21
3.050302935286982392e+04 8.830968394190697988e-20 2.560081949179980626e-21
3.052088769193768167e+04 8.743924659810190308e-20 2.535148081329204950e-21
3.053874595092596064e+04 8.964402990115314417e-20 2.477651741497961620e-21
3.055660412977887609e+04 8.999272436228302745e-20 2.433755079600879913e-21
3.057446222844699514e+04 9.056294306908335352e-20 2.514852618838883439e-21
3.059232024687454032e+04 9.098960544598169287e-20 2.573404218006857192e-21
3.061017818500909925e+04 9.169197401172068617e-20 2.538611554765132294e-21
3.062803604279976571e+04 9.693905106573143467e-20 2.533237488093048466e-21
3.064589382019234836e+04 8.746489900368009361e-20 2.454361177720613275e-21
3.066375151713913874e+04 9.157587304666958633e-20 2.495876286345334298e-21
3.068160913358111065e+04 9.001689401348280741e-20 2.506411780126771337e-21
3.069946666947380436e+04 9.173998062406066089e-20 2.427827479210552720e-21
3.071732412475654564e+04 9.710139252891915786e-20 2.388016719353281280e-21
3.073518149938322676e+04 9.389803152459358834e-20 2.418517473999094298e-21
3.075303879329643678e+04 9.565175527186351429e-20 2.454632349242843480e-21
3.077089600644517486e+04 9.567213690054218062e-20 2.456919609437532047e-21
3.078875313877524968e+04 8.926391678587116640e-20 2.447076292581291877e-21
3.080661019023238987e+04 8.949817927885707108e-20 2.391954889992633385e-21
3.082446716076702796e+04 9.795426890950813259e-20 2.471351259460024891e-21
3.084232405033332907e+04 9.578000616773743533e-20 2.452831321805354966e-21
3.086018085886890185e+04 9.201454013481291967e-20 2.429546564970087270e-21
3.087803758632765675e+04 9.713656541628793484e-20 2.472262185603689206e-21
3.089589423265048026e+04 9.588075002108885120e-20 2.528048083495384049e-21
3.091375079779121006e+04 9.180975067726611747e-20 2.503330482103837777e-21
3.093160728169073627e+04 1.006844371499001201e-19 2.535519332879037151e-21
3.094946368428991991e+04 9.530283246806963471e-20 2.498940618044837630e-21
3.096732000555722698e+04 9.660351328244954173e-20 2.457334470312820690e-21
3.098517624542866542e+04 9.908386939314991042e-20 2.418248049338159043e-21
3.100303240385157187e+04 9.453901870375356307e-20 2.486992799931776471e-21
3.102088848077327566e+04 9.956344127902819454e-20 2.627080745118485955e-21
3.103874447614081510e+04 1.012715198251857287e-19 2.482705033752594047e-21
3.105660038989530949e+04 1.017675546749574733e-19 2.469247451353836015e-21
3.107445622199057470e+04 9.571890881564509114e-20 2.421325195542636702e-21
3.109231197237882952e+04 1.060260065721131434e-19 2.556242199592735724e-21
3.111016764100576256e+04 9.223342585189141464e-20 2.231875146135280029e-21
3.112802322781378825e+04 8.894260403212869912e-20 2.260371434376907313e-21
3.114587873275021047e+04 9.563876234166862952e-20 2.390357728052075654e-21
3.116373415576395928e+04 1.016063695850363938e-19 2.456872000372918469e-21
3.118158949679253055e+04 8.526732558268555780e-20 2.637035561379919952e-21
3.119944475580441213e+04 8.752523477049634510e-20 2.616507192628512517e-21
3.121729993273382570e+04 1.004519394585594161e-19 2.439375035480713987e-21
3.123515502753110559e+04 9.059829452341074457e-20 2.402715424923539189e-21
3.125301004014194041e+04 9.714789164197627498e-20 2.440847649419767477e-21
3.127086497051047991e+04 9.873462154943972899e-20 2.559459893200666304e-21
3.128871981858070285e+04 9.742879670685414280e-20 2.479418910442819286e-21
3.130657458431615669e+04 1.007173885530819106e-19 2.453171763462245274e-21
3.132442926765266020e+04 9.004633062215060991e-20 2.225350283076501665e-21
3.134228386854072960e+04 9.968656300699592953e-20 2.521167112526773419e-21
3.136013838692431091e+04 1.023635456623067318e-19 2.367783075353356127e-21
3.137799282274411598e+04 1.129489227265644565e-19 2.244838474995084007e-21
3.139584717596201881e+04 1.300588809852438414e-19 2.610995779618033074e-21
3.141370144652034287e+04 1.356372905072598036e-19 2.635485042492063190e-21
3.143155563436596640e+04 1.277044994695311690e-19 2.606246602098775518e-21
3.144940973943983408e+04 1.279781690741452912e-19 2.594257352768894418e-21
3.146726376169078139e+04 1.510649713870049646e-19 2.704635349839588116e-21
3.148511770107417397e+04 1.521361204958876601e-19 2.843167534832843460e-21
3.150297155753554762e+04 1.519551006230264760e-19 2.820734897016741215e-21
3.152082533101717127e+04 1.283261835306865243e-19 2.688129896891697030e-21
3.153867902146618871e+04 1.341227039984045722e-19 2.646834570081691691e-21
3.155653262882486524e+04 1.464878267468293486e-19 2.853059071567423727e-21
3.157438615305339408e+04 1.867990120725651271e-19 3.036259354420801105e-21
3.159223959409568488e+04 1.934383223034755346e-19 3.101759750152174261e-21
3.161009295189202749e+04 1.673900196798511549e-19 2.964002823188559640e-21
3.162794622639134468e+04 1.346700064070071819e-19 2.665326775182901717e-21
3.164579941753923413e+04 1.128298257745864695e-19 2.484048945054611985e-21
3.166365252529260761e+04 1.049323724757032816e-19 2.476766928684337049e-21
3.168150554959365763e+04 1.044125049819782945e-19 2.432137706593090908e-21
3.169935849037968364e+04 8.156231283884313768e-20 2.248198354994454451e-21
3.171721134761246503e+04 1.007393798810670021e-19 2.473586138181365174e-21
3.173506412122601250e+04 9.746655297290360447e-20 2.321156991420853301e-21
3.175291681118049746e+04 9.609189073545009538e-20 2.287584563821014442e-21
3.177076941741308110e+04 1.045440930930612742e-19 2.304482929308428965e-21
3.178862193987544742e+04 9.777274256358582820e-20 2.264143138260680488e-21
3.180647437851009818e+04 9.622687963440243581e-20 2.355314431914562796e-21
3.182432673327059456e+04 9.571449103151327528e-20 2.360067693775506817e-21
3.184217900413564348e+04 9.420542382477716889e-20 2.607058550286180485e-21
3.186003137563517521e+04 8.791596942115100135e-20 2.646857193573783612e-21
3.187788393013580207e+04 9.619643819361697445e-20 2.597509541091977250e-21
3.189573640053908457e+04 9.531564282919974388e-20 2.446640857373589439e-21
3.191358878679691770e+04 1.005663943144873900e-19 2.361736840863401140e-21
3.193144108885138121e+04 9.880993114162788954e-20 2.404558958408411347e-21
3.194929330665072848e+04 9.357048598231612201e-20 2.390576514491811503e-21
3.196714544014060084e+04 1.000823098124396383e-19 2.463919366530642533e-21
3.198499748927295877e+04 9.752459994336611117e-20 2.323998370316693330e-21
3.200284945398816490e+04 9.700206491863565328e-20 2.369703063933346477e-21
3.202070133423808511e+04 9.651752027882986193e-20 2.424890803022120534e-21
3.203855312996804059e+04 9.905519521608981835e-20 2.403291285715659730e-21
3.205640484112333070e+04 9.116955796958513413e-20 2.377588066795013889e-21
3.207425646765413694e+04 9.798849965873521288e-20 2.455557708815292652e-21
3.209210800950405610e+04 8.983527342709716247e-20 2.297621627585409691e-21
3.210995946662457936e+04 9.838466040728969630e-20 2.400676492465859791e-21
3.212781083895639313e+04 8.879852949813789673e-20 2.330394396409554591e-21
3.214566212645299674e+04 9.611106104996284751e-20 2.388067749256685057e-21
3.216351332905304298e+04 9.365940182725258420e-20 2.300745967089758346e-21
3.218136444671159916e+04 9.392473708571610922e-20 2.360148176686658810e-21
3.219921547936898423e+04 9.770150795127294592e-20 2.398179559856998270e-21
3.221706642697859934e+04 9.987915469302612311e-20 2.403437563712505699e-21
3.223491728948403397e+04 1.004373755374774556e-19 2.391448358890668883e-21
3.225276806683019458e+04 1.014309723421885196e-19 2.379900527026294161e-21
3.227061875896564015e+04 1.041924922711484202e-19 2.347869944742333773e-21
3.228846936583736169e+04 1.082570239334618886e-19 2.383568068241149698e-21
3.230631988739383814e+04 9.515002012979238742e-20 2.331485847263515354e-21
3.232417032357690550e+04 9.183494442285183321e-20 2.334310420796331632e-21
3.234202067433666525e+04 8.409898102299225115e-20 2.178281862403295599e-21
3.235987093962319341e+04 8.998797175246611670e-20 2.291269444559076747e-21
3.237772111937997033e+04 8.691228174547362773e-20 2.218763450606007850e-21
3.239557121355026175e+04 8.886896682476674540e-20 2.258918330398932161e-21
3.241342122208735236e+04 8.970752341952845264e-20 2.325136860536883420e-21
3.243127114493165209e+04 8.777106531133225016e-20 2.239180807734874664e-21
3.244912098203318965e+04 8.725640512315764656e-20 2.244309720445988408e-21
3.246697073334199013e+04 9.172004542857528402e-20 2.308004676834227370e-21
3.248482039880150478e+04 9.149366716275772718e-20 2.183075020137272436e-21
3.250266997835180882e+04 8.756895366857835272e-20 2.190482141839462084e-21
3.252051947195611865e+04 8.540433339374198111e-20 2.199608906375573707e-21
3.253836887954438134e+04 8.388577475376504080e-20 2.194403680498593636e-21
3.255621820106986706e+04 7.986978302398780545e-20 2.197050831924861715e-21
3.257406743648280462e+04 9.042084440184769656e-20 2.225818937754550065e-21
3.259191658572321467e+04 8.854636723589751875e-20 2.262570055263948793e-21
3.260976564874107862e+04 8.563635150415385316e-20 2.249575374703469574e-21
3.262761462548303462e+04 8.504544779035370686e-20 2.133754643616423465e-21
3.264546351589570986e+04 8.688900835451685334e-20 2.118603733513306572e-21
3.266331231992572066e+04 8.406146118452788742e-20 2.194818949418204413e-21
3.268116103752259733e+04 8.568781392549395616e-20 2.235089476802049518e-21
3.269900966862331188e+04 8.907792334365193387e-20 2.211035485894578342e-21
3.271685821318780654e+04 8.266504640282788879e-20 2.191363139401586850e-21
3.273470667115269680e+04 8.342997908392453707e-20 2.174956285389391598e-21
3.275255504246788041e+04 7.845004136085847433e-20 2.150006937372848462e-21
3.277040332708323695e+04 8.456359865487441012e-20 2.138958594822796707e-21
3.278825152493370842e+04 7.557198332648702207e-20 2.264098409468994234e-21
3.280609963598226022e+04 8.464374842692342356e-20 2.244336316775437987e-21
3.282394766016363428e+04 8.553391807706291202e-20 2.287134003629315464e-21
3.284179559742467973e+04 9.051259900282709314e-20 2.252108825216564172e-21
3.285964344772187178e+04 8.219549624103487703e-20 2.255151284408043528e-21
3.287749121099173499e+04 8.441094126835871851e-20 2.213795351633538149e-21
3.289533888718409435e+04 7.621074357459638795e-20 2.141913270537084028e-21
3.291318647624544974e+04 8.513763582449300901e-20 2.193290398833055011e-21
3.293103397812050389e+04 7.487225264425403895e-20 2.186402562051329971e-21
3.294888139275864523e+04 7.828346966371451880e-20 2.193609533014729771e-21
3.296672872010514402e+04 8.200242352945077429e-20 2.212937575610328739e-21
3.298457596010639827e+04 7.986811604738770791e-20 2.217873300700018015e-21
3.300242311270551727e+04 8.614197644931875465e-20 2.288282464672551733e-21
3.302027017785391217e+04 8.186963949212031789e-20 2.181496174854398493e-21
3.303811715550132794e+04 8.382563138051290544e-20 2.271947156124794915e-21
3.305596404558247013e+04 7.971387982859345543e-20 2.190438641078656293e-21
3.307381084805654973e+04 8.573939290725151299e-20 2.201529040484966171e-21
3.309165756285711541e+04 8.421471666038766823e-20 2.109301129486095094e-21
3.310950418994051870e+04 8.463562166173843573e-20 2.210619602385575008e-21
3.312735072924978158e+04 8.487319545045378743e-20 2.184581371113967101e-21
3.314519718072957039e+04 8.685654494689994188e-20 2.262194771306749311e-21
3.316304354432623222e+04 8.296932221941201443e-20 2.285170469533114540e-21
3.318088981998931558e+04 7.968039175361387100e-20 2.259094344309520046e-21
3.319873600766641175e+04 7.874743262969410615e-20 2.246014687481393229e-21
3.321658210729760322e+04 7.675071537511852754e-20 2.189854183822101333e-21
3.323442811883081595e+04 8.022324599533429240e-20 2.284626134419461413e-21
3.325227404221734469e+04 8.312116715514046371e-20 2.224419253736576260e-21
3.327011987739846518e+04 7.774116386262293137e-20 2.113574037849585909e-21
3.328796562432038627e+04 7.732695666539488759e-20 2.207672954718923487e-21
3.330581128293414076e+04 7.900123376073462073e-20 2.162906635090014976e-21
3.332365685318249598e+04 8.138079638911374656e-20 2.251618654645908039e-21
3.334150233500697504e+04 8.022248720016572961e-20 2.174497595870042461e-21
3.335934772836382763e+04 8.459844850111066683e-20 2.210866003785496694e-21
3.337719303319252504e+04 7.934082441453788938e-20 2.242111916296785690e-21
3.339503824943927611e+04 7.726638219521258140e-20 2.140232057504632519e-21
3.341288337705525191e+04 8.253914094954437830e-20 2.155679056905351509e-21
3.343072841598109517e+04 8.081489156182144723e-20 2.171637673801711963e-21
3.344857336616334214e+04 7.686337175074496341e-20 2.187309892480163079e-21
3.346641822755153407e+04 8.428620761018148868e-20 2.120721552514568046e-21
3.348426300008846010e+04 7.591918569255232854e-20 2.206180891090660561e-21
3.350210768372191524e+04 7.641675653830856522e-20 2.183317384032070081e-21
3.351995227839963627e+04 8.263228463576846662e-20 2.335657026095314240e-21
3.353779678406413586e+04 8.113487575388718786e-20 2.241087181930107557e-21
3.355564120066471514e+04 8.083505451368920546e-20 2.244673640811759332e-21
3.357348552814440336e+04 8.584528519414596368e-20 2.268676153507767926e-21
3.359132976645431336e+04 8.206750662480543934e-20 2.166165095513623405e-21
3.360917391553203925e+04 8.058909804182872161e-20 2.117473382852257811e-21
3.362701797533036006e+04 7.671416135218484401e-20 2.158437850612774575e-21
3.364486194579520088e+04 8.163410226907984537e-20 2.137866322434759425e-21
3.366270582687209389e+04 7.870873367994092059e-20 2.199312815501070952e-21
3.368054961850079417e+04 8.144041361974053116e-20 2.195712498351760871e-21
3.369839332063064649e+04 8.089251806339249014e-20 2.151074182448437095e-21
3.371623693321601604e+04 7.399947307170204988e-20 2.174265232604122746e-21
3.373408045619446057e+04 7.856932084929669943e-20 2.179612612954944169e-21
3.375192388951021712e+04 7.675914571937481962e-20 2.175964896115761250e-21
3.376976723311367095e+04 7.643501203913337215e-20 2.134064127655766980e-21
3.378761048694955389e+04 7.891147027932095759e-20 2.136495817309738515e-21
3.380545365096213936e+04 7.799010639501107977e-20 2.181862410613175177e-21
3.382329672510403179e+04 8.173403191774541958e-20 2.252061186891589225e-21
3.384113970931098447e+04 8.019880370295967321e-20 2.185570773644942159e-21
3.385898260353561636e+04 7.861122850331206796e-20 2.091172113219087231e-21
3.387682540771985805e+04 8.520911161984754299e-20 2.144166458308014505e-21
3.389466812181164278e+04 8.064720120910543692e-20 2.147879834127000933e-21
3.391251074576193059e+04 7.632897982965274830e-20 2.184119444360934845e-21
3.393035327950302599e+04 7.278235542662786451e-20 2.084242044671582347e-21
3.394819572299422725e+04 7.738073085141632463e-20 2.239011124303281115e-21
3.396603807617794519e+04 7.812923707257172061e-20 2.211257831077627604e-21
3.398388033899598668e+04 8.082848949487613794e-20 2.136671247554540350e-21
3.400172251139459695e+04 7.853255359363909285e-20 2.224125132911610006e-21
3.401956459331786027e+04 8.030162912321439685e-20 2.168299721834570322e-21
3.403740658472333598e+04 7.604260367284711105e-20 2.185286035060281968e-21
3.405524848554325581e+04 7.286359417706873709e-20 2.197253957091691777e-21
3.407309029572830332e+04 7.677627783934817357e-20 2.135701621666814501e-21
3.409093201522190066e+04 7.096178122640919818e-20 2.065153696127442068e-21
3.410877364397709607e+04 6.833020502497192852e-20 2.040314231249877094e-21
3.412661518193274242e+04 7.202514772301572410e-20 2.053618790263200494e-21
3.414445662903112679e+04 7.851990039733656064e-20 2.225880885429383213e-21
3.416229798522635247e+04 7.323167811593801216e-20 2.047179044414013544e-21
3.418013925046207441e+04 7.672052673980538665e-20 2.115029466183984336e-21
3.419798042457597330e+04 7.549728056745808918e-20 2.143908444605707941e-21
3.421582088870665029e+04 7.710998070267434609e-20 2.062393056618052160e-21
3.423366104502524831e+04 7.937912369126067484e-20 2.132645496850889902e-21
3.425150111017633026e+04 7.697996544584127814e-20 2.066441244037427881e-21
3.426934108410371846e+04 6.755001656520701235e-20 2.109501297948830025e-21
3.428718096675933339e+04 6.937048575368374529e-20 2.133592682261480084e-21
3.430502075808547670e+04 7.684438006673185238e-20 2.092568162419023934e-21
3.432286045802958688e+04 7.708406617315183834e-20 2.105880970066885403e-21
3.434070006653375458e+04 7.681019882394131470e-20 2.070417412974123005e-21
3.435853958354181668e+04 7.171275633167735025e-20 2.082364755408188909e-21
3.437637900900590466e+04 7.488124861741400156e-20 2.026746017833999863e-21
3.439421834286586090e+04 7.587380010560694966e-20 2.078744572877099530e-21
3.441205758507450810e+04 7.981364033220677904e-20 2.149792587380184672e-21
3.442989673556538037e+04 7.875768258557848146e-20 2.173350064270107806e-21
3.444773579429409438e+04 7.533981707708391570e-20 2.023525054795638024e-21
3.446557476120093634e+04 7.211667848459415750e-20 2.049466677342310319e-21
3.448341363623425423e+04 7.722419774241063394e-20 2.014791669300911044e-21
3.450125241933789221e+04 7.557214675164335105e-20 2.097486181286142565e-21
3.451909111045402824e+04 7.690136428545192845e-20 2.109950149111511255e-21
3.453692970953480108e+04 7.589614106198638871e-20 2.041744951515826658e-21
3.455476821652048238e+04 7.037895024236515936e-20 2.063834668998928893e-21
3.457260663135955110e+04 7.220169914304406167e-20 2.037950624789269283e-21
3.459044495399525476e+04 7.182365996093756756e-20 2.097632342692942665e-21
3.460828318437001144e+04 7.530827233868409586e-20 1.976726532899333397e-21
3.462612132243582892e+04 7.634476458537800693e-20 2.029175593684626968e-21
3.464395936813121807e+04 7.601790449741131440e-20 2.038125953603360263e-21
3.466179732140647684e+04 7.495421735025636822e-20 2.012130981493063915e-21
3.467963518220278638e+04 8.138891547594678847e-20 2.058941913747550743e-21
3.469747295047099033e+04 7.722058506650384012e-20 2.151559542545758874e-21
3.471531062614957773e+04 7.960207591227135650e-20 2.132905492164012182e-21
3.473314820918711484e+04 7.489319133301134043e-20 2.062801033629921574e-21
3.475098569953213155e+04 7.186534106463632305e-20 2.037716065843584881e-21
3.476882309712588176e+04 7.147666718610834358e-20 2.046380741794415618e-21
3.478666040191037609e+04 7.507538299583498331e-20 2.084984021668292840e-21
3.480449761383599252e+04 7.770140758892028289e-20 2.097716368327265125e-21
3.482194475657977455e+04 7.959563171806454562e-20 2.044390856938095233e-21
3.483978173766862892e+04 7.534268707823001351e-20 2.050613326850071007e-21
3.485761863117892790e+04 7.791821965589907742e-20 2.095800024064542287e-21
3.487545543166363495e+04 7.583842601674613063e-20 2.030988659168219869e-21
3.489329213901715411e+04 7.967049750216305511e-20 2.139702254063963825e-21
3.491112875317799626e+04 7.611442045354673652e-20 2.135496370223974633e-21
3.492896527408790280e+04 7.629192389071572779e-20 2.021800911272271521e-21
3.494680170170307247e+04 7.801918378552232663e-20 2.047725376674544346e-21
3.496463803595834906e+04 7.428293627298504816e-20 2.001637182390125408e-21
3.498247427680085821e+04 7.379648146983493703e-20 1.939017768151592140e-21
3.500031042418364814e+04 7.720082336781567434e-20 2.030299315120884767e-21
3.501814647803861590e+04 7.683200294457763158e-20 2.007090508097128440e-21
3.503598243831697619e+04 7.738705365155634811e-20 2.068452462876065388e-21
3.505381830496808834e+04 7.763505334537845506e-20 2.127185424209386589e-21
3.507165407792281621e+04 7.484981821926934483e-20 2.090957061795500412e-21
3.508948975714710105e+04 7.878880046661402727e-20 2.162285654239204591e-21
3.510732534256955842e+04 7.329153615644991431e-20 2.117033020862212339e-21
3.512516083413638989e+04 7.210492122094865661e-20 2.025804319167391622e-21
3.514299623180343769e+04 7.791528164441826001e-20 2.034121358316018885e-21
3.516083153549814597e+04 7.564322370696746651e-20 2.065143707920530160e-21
3.517866674517987849e+04 7.791668566053257452e-20 2.061916795925125530e-21
3.519650186078860861e+04 7.793766109227453392e-20 2.049612520732631424e-21
3.521433688226715458e+04 7.682633038319879339e-20 2.060522706525872953e-21
3.523217180956813536e+04 7.952667233898257805e-20 2.091390896972254627e-21
3.525000664262368809e+04 8.030792506145615064e-20 2.093549922210591446e-21
3.526784138138494745e+04 7.796217462756598325e-20 2.057723145867093659e-21
3.528567602579668892e+04 7.765880325143769234e-20 2.111639106915842114e-21
3.530351057580311317e+04 7.995124704866433778e-20 2.098341050789740403e-21
3.532134503134898114e+04 8.021776639128523461e-20 2.099812902469701989e-21
3.533917939238243707e+04 7.543362157345946139e-20 2.090742116699400637e-21
3.535701365884002735e+04 7.558581636742618031e-20 2.113700064898753707e-21
3.537484783067763783e+04 7.995126426198872197e-20 2.068777853448855044e-21
3.539268190782631427e+04 7.782032361792513162e-20 2.014086984552565534e-21
3.541051589024062559e+04 8.120048814067224033e-20 2.066222126683514107e-21
3.542834977785889350e+04 7.984969954048853702e-20 2.053783571320848667e-21
3.544618357062888390e+04 8.099511808375093258e-20 1.978749145294496967e-21
3.546401726849832630e+04 7.806271933232639786e-20 1.989108360586541269e-21
3.548185087140781980e+04 7.518565253341530165e-20 2.016036931842643452e-21
3.549968437930077926e+04 7.855385655226471446e-20 2.040012886756023751e-21
3.551751779212333349e+04 7.852412182628620184e-20 2.037302192259633135e-21
3.553535110981993785e+04 7.903982812180228894e-20 2.024392181865018532e-21
3.555318433233469841e+04 7.743939379803631552e-20 2.121834011285206798e-21
3.557101745961017878e+04 7.992929979242992989e-20 2.089973335868771147e-21
3.558885049159284972e+04 7.958356534166866109e-20 2.238191181424904623e-21
3.560668342822715931e+04 8.123470810458214294e-20 2.123734897070896607e-21
3.562451626946069882e+04 7.936847267542031116e-20 2.326828190416863075e-21
3.564234901517404069e+04 8.317858748369942840e-20 2.325447263566546784e-21
3.566018166010875575e+04 8.203875998818685360e-20 2.159803337896852735e-21
3.567762234408159566e+04 7.729227575055875791e-20 1.993667845558395317e-21
3.569545476365150535e+04 7.760938112705910386e-20 2.002260603602056523e-21
3.571328708753779210e+04 7.863286033518758969e-20 2.141069384522989342e-21
3.573111931568729779e+04 7.501120076205916343e-20 2.018847029154922307e-21
3.574895144803664152e+04 7.598108069296537779e-20 2.126616250956344513e-21
3.576678348453672515e+04 7.674457731831248943e-20 2.142728367595192722e-21
3.578461542513172753e+04 7.481030125563043915e-20 2.049041173424208583e-21
3.580244726975869708e+04 7.987910431001478201e-20 2.009962074033535807e-21
3.582027901837685931e+04 8.041860670084457492e-20 2.113354525392269885e-21
3.583811067091230507e+04 7.735539308274112908e-20 2.010336952669265453e-21
3.585594222732257913e+04 7.520616906192586484e-20 2.042480481428305044e-21
3.587377368754165218e+04 7.955554042683525751e-20 2.078755154318067973e-21
3.589160505151955294e+04 6.896501113968993414e-20 1.951299933916030868e-21
3.590943631919944892e+04 7.530572512041938225e-20 2.013107466662400528e-21
3.592726749052367813e+04 8.239234865457026861e-20 2.039703455399530900e-21
3.594509856543964270e+04 7.779228029746305517e-20 2.014127775551444535e-21
3.596292954389080842e+04 7.327213024950866606e-20 2.001253584129038974e-21
3.598076042581463844e+04 7.297016865103740188e-20 1.979509801202895848e-21
3.599859121116545430e+04 7.396157582670208593e-20 2.050257303197590643e-21
3.601642189987887832e+04 8.066058174715493941e-20 2.075215006611863679e-21
3.603425249190360773e+04 7.991334791926789110e-20 2.141709046372513825e-21
3.605208298718143487e+04 7.938960504764079608e-20 2.023288931389908322e-21
3.606991338565522892e+04 7.742334874892075730e-20 2.046314835149804007e-21
3.608774368727553519e+04 7.906066705600929471e-20 2.049669388090145486e-21
3.610557389197618613e+04 8.266275505162921239e-20 2.097938756297336011e-21
3.612340399970691215e+04 7.515212461134242701e-20 2.049301735928314946e-21
3.614123401040887984e+04 7.865553994018672335e-20 2.086619719123221266e-21
3.615906392402927304e+04 7.723398915518231166e-20 2.098904242805643545e-21
3.617689374050857441e+04 7.794355983537053829e-20 2.104798066171841414e-21
3.619472345979001693e+04 7.996194954795537283e-20 2.033702848679908260e-21
3.621255308182079170e+04 8.059507224021489897e-20 2.068422154135326212e-21
3.623038260654333135e+04 8.057461174340192578e-20 2.066927629812279642e-21
3.624821203390300798e+04 7.826121339348001573e-20 2.044950512473853956e-21
3.626604136384317826e+04 6.792481093094335689e-20 2.075105193692346959e-21
3.628387059629889700e+04 7.562203943660127088e-20 2.050518128540607718e-21
3.630169973122269585e+04 7.871586895354963466e-20 2.030500322072369960e-21
3.631952876856325020e+04 7.986604985758786231e-20 2.004998017305889823e-21
3.633735770824897190e+04 8.094698945850800796e-20 2.035462041593820054e-21
3.635518655023782776e+04 7.593730986678304510e-20 2.058212438390739647e-21
3.637301529446247150e+04 7.427512912300549628e-20 2.026145856037922190e-21
3.639084394087311375e+04 7.775449872318075257e-20 2.041756796250838956e-21
3.640867248941329308e+04 7.926289623884605486e-20 2.002424487976808851e-21
3.642650094002229162e+04 7.867687262638302908e-20 2.117543014682038333e-21
3.644432929264608538e+04 7.852220372267122761e-20 2.098522503085259559e-21
3.646215754722651036e+04 7.769977002590243007e-20 2.035545633218483276e-21
3.647998570371035748e+04 7.323131227712234619e-20 1.983395948311534424e-21
3.649781376203533000e+04 7.002205674930922005e-20 1.961275589616994682e-21
3.651564172215200961e+04 6.730565792827522923e-20 1.916133998099013864e-21
3.653346958400063886e+04 7.464060433162728031e-20 1.910529649109384318e-21
3.655129734761601867e+04 7.756591556563937226e-20 2.058779811750890822e-21
3.656912549926349311e+04 7.429556147965787804e-20 1.993639334634166610e-21
3.658695358362434490e+04 7.882693168037693196e-20 2.066064034459946839e-21
3.660478156947688694e+04 8.028701636725677183e-20 2.034040887240404925e-21
3.662260945676775737e+04 7.453758572203073848e-20 2.034421299120750485e-21
3.664043724544464203e+04 7.396034699655311253e-20 1.999073046587356772e-21
3.665826493544765253e+04 6.944820642322807566e-20 2.040251721459189203e-21
3.667609252671867580e+04 7.844355924843453302e-20 2.042434494430522618e-21
3.669392001920093026e+04 7.905995764547086020e-20 1.973392002877876713e-21
3.671174741283870389e+04 7.504390538593425238e-20 2.112102069024568325e-21
3.672957470757865667e+04 7.302681583067322405e-20 2.007035853375519074e-21
3.674740190336095111e+04 7.495188812170862630e-20 1.967278568845745176e-21
3.676522900012539321e+04 7.218508676957305553e-20 1.987827989355403065e-21
3.678305599782284116e+04 6.851777826235136153e-20 1.912658542398801908e-21
3.680088289638655260e+04 7.024773032196034168e-20 2.073149060097165194e-21
3.681870969576827338e+04 7.467411286200163390e-20 1.944552799686720894e-21
3.683653639590439707e+04 7.525298139951328095e-20 1.988695566666175492e-21
3.685436299674231850e+04 7.094062076941081332e-20 1.983697257494124652e-21
3.687218949822196737e+04 7.232519807718031399e-20 1.969283699092074092e-21
3.689001590028827923e+04 7.049102506164030312e-20 1.922960116528772840e-21
3.690784220288758661e+04 7.130321363715174523e-20 1.974313270271840141e-21
3.692566840595882968e+04 7.268707570568953035e-20 1.965599670504692176e-21
3.694349450944189448e+04 7.789713143611071860e-20 2.007444232567551105e-21
3.696132051328332454e+04 7.103427748973222918e-20 1.939200207794425798e-21
3.697914641742766980e+04 7.405455819525066940e-20 1.979342735748085090e-21
3.699697222181366669e+04 7.350575521019428272e-20 2.051738412524672227e-21
3.701479792638467188e+04 6.965708809268312010e-20 1.987065661121603613e-21
3.703262353109206015e+04 7.453029291494680420e-20 1.985325643689614278e-21
3.705044903586691362e+04 7.701640737669681067e-20 1.984949986701239503e-21
3.706827444065614691e+04 6.910833248087143161e-20 1.954830626958659498e-21
3.708609974539991526e+04 7.161972021324835909e-20 1.863730059379312646e-21
3.710392495005104865e+04 7.150558715418494450e-20 1.873183825525912342e-21
3.712175005454552593e+04 7.126281666047914681e-20 1.959666381086320900e-21
3.713957505882181431e+04 7.509957474800362426e-20 1.949357111286076368e-21
3.715739996282348147e+04 7.895382682922129104e-20 2.059804272752854886e-21
3.717522476649981400e+04 7.279395786436256861e-20 1.966653434934839378e-21
3.719304946978655789e+04 7.584050785013979906e-20 2.017215365855528148e-21
3.721087407263243222e+04 7.350814868611636133e-20 2.018561004371198131e-21
3.722869857497740304e+04 6.788622135960242043e-20 1.919819241965344255e-21
3.724652297676402668e+04 7.351180941296384143e-20 1.986156176413032883e-21
3.726434727793440834e+04 7.460395057942843809e-20 2.030448557145570951e-21
3.728217147843092243e+04 6.730335587954483886e-20 1.929798065929426476e-21
3.729999557819488109e+04 6.646836127488289335e-20 1.879279975871453729e-21
3.731781957717218756e+04 7.088300274634599614e-20 1.917635540115670620e-21
3.733564347530279338e+04 7.083188896712519664e-20 1.954041077575343380e-21
3.735346727252624987e+04 7.226309384800201911e-20 1.989297506531716037e-21
3.737129096879190911e+04 6.868324007282925956e-20 1.936689953311187833e-21
3.738911456403879129e+04 7.326133698609981332e-20 1.948052672821754357e-21
3.740693805820492707e+04 6.677897605342384752e-20 1.873903931516756130e-21
3.742476145124025788e+04 6.925354252930719174e-20 1.969204725894651319e-21
3.744258474308379664e+04 6.880175302316268472e-20 1.976383373216516418e-21
3.746040793367754668e+04 7.482343566840659091e-20 2.010121332579597347e-21
3.747823102296328580e+04 7.488313476560916919e-20 1.972608991208886171e-21
3.749605401088234794e+04 6.561960064251525930e-20 1.966778619060085507e-21
3.751387689737691107e+04 7.186673034880665947e-20 1.949677947711434058e-21
3.753169968239360605e+04 6.774905523174976101e-20 1.873565385601267215e-21
3.754952236586808431e+04 6.499816351057380623e-20 1.885486565179065211e-21
3.756734494774958148e+04 6.837394691909007211e-20 1.901988052527663915e-21
3.758516742797522602e+04 6.995262084242685661e-20 1.975045548550617834e-21
3.760298980648951692e+04 6.965147381972874911e-20 1.947773163912629922e-21
3.762081208323039027e+04 7.086642200953826022e-20 2.003670974268349538e-21
3.763863425814665970e+04 7.291016334449937574e-20 1.990740109023405717e-21
3.765645633117335819e+04 7.170783790481656521e-20 1.948444374089666674e-21
3.767427830225876824e+04 7.204806736373261557e-20 1.974632760464110902e-21
3.769210017134059308e+04 6.955893289042906855e-20 1.959747449367593345e-21
3.770992193836079969e+04 6.990847008278136978e-20 1.992004457596663530e-21
3.772774360326225724e+04 7.039386926333801047e-20 1.901609171663493122e-21
3.774556516599066526e+04 7.012203481322834901e-20 1.899851839747064336e-21
3.776338662647650926e+04 6.945519838633693562e-20 1.882542645427176995e-21
3.778120798467324494e+04 6.258034203674540590e-20 2.062269312508461411e-21
3.779902924052359594e+04 6.492373903549737884e-20 1.986509436538530932e-21
3.781685039396196225e+04 6.618485811039901723e-20 1.891966511527444887e-21
3.783467144493680826e+04 6.995010830253278384e-20 1.892626467356061023e-21
3.785249239338265761e+04 7.634461308559054640e-20 1.935912166975454284e-21
3.787031323924641765e+04 7.283279240004236683e-20 1.953297874104601968e-21
3.788813398246358702e+04 7.254762940957694630e-20 1.874564424733928831e-21
3.790595462298752682e+04 6.728385967266335716e-20 1.891646398655522761e-21
3.792377516074726009e+04 6.636534580058656278e-20 1.887191960943058963e-21
3.794159559569213161e+04 6.699993236451371731e-20 1.915799087202803675e-21
3.795941592776547623e+04 6.767767834585064094e-20 1.883958696109832095e-21
3.797723615690332372e+04 6.934448883893065615e-20 1.865923171535748677e-21
3.799505628304732818e+04 7.058139021645011508e-20 1.925055853945840649e-21
3.801287630613955116e+04 6.720286447479112939e-20 1.873655222876081748e-21
3.803069622612485546e+04 7.169481221005670129e-20 1.939371078219463289e-21
3.804851604293708078e+04 6.714751581841664192e-20 1.939448886298296241e-21
3.806633575652877335e+04 6.792416376903483868e-20 1.863126755308993275e-21
3.808415536683806567e+04 7.206798539453872271e-20 1.969979510962705320e-21
3.810197487380245730e+04 6.327092651988754230e-20 1.918060107723940674e-21
3.811979427736187790e+04 6.373165355500298917e-20 1.904432600823071081e-21
3.813761357746649446e+04 6.718173950939144514e-20 1.874411266381041986e-21
3.815543277405090339e+04 6.947393729589002514e-20 1.939789972936618417e-21
3.817325186705732631e+04 6.909209379937899283e-20 1.903290183015817632e-21
3.819107085642801394e+04 7.276809031942525922e-20 1.936715926807161421e-21
3.820888974210760352e+04 6.952929022482105974e-20 1.888077424862603093e-21
3.822670852402327728e+04 6.789119256019510884e-20 1.897866822888768759e-21
3.824452720212676650e+04 7.044034355426454906e-20 1.910196845649218497e-21
3.826234577636625909e+04 6.785653671318505089e-20 1.882255394247471341e-21
3.828016424667599495e+04 7.225142051944117322e-20 1.902284633951467518e-21
3.829798261299337173e+04 7.027928444583477953e-20 1.867514022587570916e-21
3.831580087526699936e+04 7.125480703690279028e-20 1.911383018187633890e-21
3.833361903343800077e+04 6.417057286587322800e-20 1.917944461800640490e-21
3.835143708743645402e+04 7.026409049239955564e-20 1.820410538254714815e-21
3.836925503721438872e+04 7.116772064512732628e-20 1.882184553118499034e-21
3.838707288270963909e+04 6.907293945234700044e-20 1.875679161822864823e-21
3.840489062385255238e+04 6.691965548278505841e-20 1.843451677937743492e-21
3.842270826059771935e+04 6.972410460987855704e-20 1.887187626144271041e-21
3.844052579289320420e+04 6.886616086598763610e-20 1.882987434837834027e-21
3.845834322066642198e+04 7.061150954970670878e-20 1.867915920628000424e-21
3.847616054385765892e+04 6.848875353430713309e-20 1.949079638026609915e-21
3.849397776241540123e+04 7.025168749888562450e-20 1.963285702391584364e-21
3.851179487627717754e+04 6.977576689067527879e-20 1.996313813306012337e-21
3.852961188538284478e+04 7.045939656912401791e-20 2.004105517701484513e-21
3.854703046084128437e+04 7.168247499742470558e-20 1.950048638445470651e-21
3.856484721569158864e+04 7.497125850473281763e-20 1.998334892529797887e-21
3.858266387040646805e+04 6.958237385027020763e-20 1.986063863021589422e-21
3.860048042019534478e+04 6.876757315202216178e-20 1.926581506715748636e-21
3.861829686493156623e+04 6.685720620429704810e-20 1.959149209268405221e-21
3.863611320454581437e+04 6.875625376186974234e-20 1.908227915241732191e-21
3.865392943899430975e+04 6.538074572741470954e-20 1.888775606433354984e-21
3.867174556820899306e+04 7.157477343258653850e-20 2.011200155213041217e-21
3.868956159213677893e+04 7.275380312429726182e-20 1.934152751566075995e-21
3.870737751070434024e+04 7.037806844787572276e-20 1.937258911262026746e-21
3.872519332386304450e+04 6.755346114150228688e-20 1.938669843163946278e-21
3.874300903156332788e+04 7.249286949574580699e-20 1.910332585447466919e-21
3.876082463373838254e+04 6.909169107700258674e-20 1.937209125774080848e-21
3.877864013031939976e+04 6.572989032862949727e-20 1.900300930814598993e-21
3.879645552125358518e+04 6.451064428097806000e-20 1.863432703974603388e-21
3.881427080648102128e+04 6.832080013222610432e-20 2.026246904468673670e-21
3.883208598594509385e+04 6.717325036928461137e-20 1.922830236898463778e-21
3.884990105957075866e+04 6.611547718715356165e-20 1.935864831946858722e-21
3.886771602731753956e+04 7.053098559449657534e-20 1.922430504151007429e-21
3.888553088917223067e+04 6.815330959762330427e-20 1.916187922230985802e-21
3.890334564973685337e+04 7.278591059001348783e-20 1.931832667489661828e-21
3.892116036297399114e+04 6.995253590952717800e-20 1.967427263396539517e-21
3.893897497076537547e+04 7.239609452355253191e-20 1.885329638748231330e-21
3.895678947236548265e+04 6.361175027374610742e-20 1.843238324184520716e-21
3.897460386771467893e+04 6.899266500969375846e-20 1.903188610464039354e-21
3.899241815677149862e+04 6.800554601038533159e-20 1.955038068395018710e-21
3.901023233946421533e+04 6.957930046446143849e-20 1.902628015157005154e-21
3.902804641573286790e+04 6.979180642672794695e-20 1.926365733459994167e-21
3.904586038550708327e+04 6.453371498212007397e-20 1.865945611423372987e-21
3.906367424874675635e+04 6.587480020623744965e-20 1.892524584704291391e-21
3.908148800536979252e+04 6.606659203080117136e-20 1.850031217514334425e-21
3.909930165527530335e+04 6.924215530858412685e-20 1.817860517481310966e-21
3.911711519376158685e+04 6.618896312888200359e-20 1.907296733781750526e-21
3.913452898883122543e+04 6.909633893944210738e-20 1.943841722149923029e-21
3.915234227869180177e+04 6.796398913486592505e-20 1.887990669488582473e-21
3.917015546164288389e+04 6.815807235614263386e-20 1.994575551874012772e-21
3.918796853762510727e+04 6.655492306172686686e-20 1.929351350539145469e-21
3.920578150658469531e+04 6.869973388652032446e-20 1.922821962451098557e-21
3.922359436846097378e+04 7.141793724613317631e-20 1.929004988844384342e-21
3.924140712319460727e+04 6.896584699002380251e-20 1.868432851440778899e-21
3.925921977071849687e+04 7.143841987328910140e-20 1.814577956945213871e-21
3.927703231096833770e+04 7.215700327927460991e-20 1.959869146891249155e-21
3.929484474389483512e+04 6.462591481139093949e-20 1.894488726129280574e-21
3.931265706943093392e+04 6.788294888049247558e-20 1.850246157374227905e-21
3.933046928752533859e+04 6.779872642126859168e-20 1.868405907457468985e-21
3.934828139811551227e+04 6.717543041417195129e-20 1.816212588007409828e-21
3.936609340112764767e+04 6.702451993682729984e-20 1.824974238390247907e-21
3.938390529651023826e+04 6.422896334739273315e-20 1.870804257806875744e-21
3.940171708421072981e+04 6.303649742408338955e-20 1.843065380523580327e-21
3.941952876415530773e+04 7.103202626738532625e-20 1.868757395602873725e-21
3.943734033629569603e+04 6.822789952399594374e-20 1.897372563490249585e-21
3.945515180056916142e+04 6.558635894622200898e-20 1.844905963751128733e-21
3.947296315689520270e+04 6.353141358533558199e-20 1.863581807454955129e-21
3.949077440524214762e+04 6.440228134192424011e-20 1.823668836277092843e-21
3.950858554553049908e+04 7.092865622770667863e-20 1.861569226510005731e-21
3.952639657771300699e+04 6.976321833785228288e-20 1.899395398878967263e-21
3.954420750172461703e+04 7.175580288512860229e-20 1.939042130038602259e-21
3.956201831748564291e+04 6.541835676544598009e-20 1.903517002521779411e-21
3.957982902496554016e+04 6.513211660387202712e-20 1.940284489395000221e-21
3.959763962408241059e+04 6.878952370393343315e-20 1.942380998419673536e-21
3.961545011478658125e+04 6.970309692801536040e-20 1.843702372388780634e-21
3.963326049702068121e+04 6.974272834358891870e-20 1.896221425045627485e-21
3.965107077069940715e+04 7.351814359913014783e-20 1.987930042785816180e-21
3.966888093579305132e+04 7.104682019061905111e-20 1.918951014342515702e-21
3.968669099222074874e+04 6.917163985519823025e-20 1.875545359890462341e-21
3.970450093993051269e+04 7.107129996664568936e-20 1.853138285332180613e-21
3.972231077886253479e+04 6.986504657076354759e-20 1.869642294583727968e-21
3.974012050893920241e+04 6.762623577354099747e-20 1.885844869113688001e-21
3.975793013012503798e+04 6.599313875751111448e-20 1.822579658812222651e-21
3.977573964234025334e+04 6.465725207776671341e-20 2.007743309316393767e-21
3.979354904553712549e+04 6.273585137581182110e-20 1.927197435390194774e-21
3.981135833964339690e+04 7.167363018531685228e-20 1.995060175648725410e-21
3.982916752459589770e+04 6.985813963453821882e-20 1.946887957795212355e-21
3.984697660034671571e+04 6.601803361289755376e-20 1.876523439312943049e-21
3.986478556682702038e+04 6.689908091506042762e-20 1.920242856567376090e-21
3.988259442397682142e+04 6.414345144528385803e-20 1.945916445509915923e-21
3.990040317172459618e+04 7.017301883832792708e-20 1.919869230137276914e-21
3.991821181003175298e+04 7.366659145915031609e-20 1.991114234596894216e-21
3.993602033881801617e+04 6.741847076347016312e-20 1.915595850210763061e-21
3.995382875803513161e+04 6.843947429994355655e-20 1.888365819338180727e-21
3.997163706760780769e+04 7.008349871558741992e-20 1.940242385492102470e-21
3.998944526747900818e+04 6.996191274121720269e-20 1.973219927884025161e-21
4.000725335759690643e+04 6.902269264113735203e-20 2.007136439730914070e-21
4.002506133789307205e+04 6.922129291987711743e-20 2.062418770040074856e-21
4.004286920830356394e+04 7.292184240398533016e-20 1.962943773591892544e-21
4.006067696876297123e+04 7.302901847852735017e-20 1.975829106631275000e-21
4.007848461922979914e+04 6.907528094422087428e-20 2.016558297766952977e-21
4.009629215962649323e+04 6.597559548615898951e-20 1.974903370228791711e-21
4.011409958988738799e+04 7.497401237572128898e-20 2.031673599689408169e-21
4.013190690995786281e+04 6.645963940026990338e-20 2.065253065374672678e-21
4.014971411978356628e+04 6.763735071890122343e-20 2.076799819056435354e-21
4.016752121929513669e+04 6.182309094227558953e-20 2.030534120523115779e-21
4.018532820842161163e+04 6.616498293655882764e-20 2.027169313304378327e-21
4.020313508711828035e+04 6.844054172638063077e-20 2.108061471539126431e-21
4.022094185532226402e+04 6.948394513637363209e-20 2.048464979967775071e-21
4.023874851295952976e+04 6.924779490877019229e-20 2.057522231498808932e-21
4.025655505997166620e+04 7.054864347708895939e-20 2.077317308039145062e-21
4.027436149629905412e+04 6.765848997425119780e-20 2.030258881913751807e-21
4.029216782189118385e+04 7.023889260200036210e-20 1.993201589015155323e-21
4.030997403666906030e+04 6.925300849753193950e-20 1.935669854814978905e-21
4.032778014057019755e+04 6.855783375729406607e-20 1.973588162211440878e-21
4.034558613355036505e+04 6.586293848619731948e-20 1.899971958504761895e-21
4.036339201553363819e+04 6.269174644330575743e-20 1.819275306196893961e-21
4.038119778646124178e+04 6.542155071226068363e-20 1.895458860423542504e-21
4.039900344626857259e+04 7.176405239691895608e-20 1.933517148072324267e-21
4.041680899489938747e+04 7.191860589823969866e-20 1.998249683362446489e-21
4.043461443229205179e+04 7.023491964613261756e-20 2.008067902745016764e-21
4.045241975837483915e+04 6.448337267088417082e-20 1.984461444888408488e-21
4.047022497309123719e+04 6.791209679719381269e-20 1.964657409033574947e-21
4.048803007638337294e+04 6.355854166263845789e-20 1.905893936112619338e-21
4.050583506818908063e+04 6.737773716190758428e-20 1.898133877854295486e-21
4.052363994842836837e+04 6.984625834429593033e-20 1.960745905544647302e-21
4.054144471706694458e+04 6.593085361821864614e-20 1.858532759685943220e-21
4.055924937402538490e+04 6.755118016884606350e-20 1.908415112014665841e-21
4.057705391924422293e+04 6.737797574074026432e-20 2.054607236108414695e-21
4.059485835265539936e+04 6.761950944979611095e-20 1.967620257761938070e-21
4.061266267420911754e+04 6.670760279122896424e-20 1.930371623387807275e-21
4.063046688383645960e+04 6.536366893966991023e-20 2.055449969660890036e-21
4.064827098146890785e+04 6.690921895331312519e-20 2.053782806321259639e-21
4.066607496705630911e+04 6.939899124848961536e-20 2.065182663998636176e-21
4.068387884053030575e+04 6.882729191137373095e-20 2.012723917931667207e-21
4.070168260182519589e+04 6.675767071757994731e-20 1.956759447373791168e-21
4.071948625088059634e+04 6.720037358291462716e-20 1.944254976076064670e-21
4.073728978763856867e+04 6.411684935601274273e-20 1.873830524819536454e-21
4.075509321202597494e+04 6.648763106315998034e-20 1.937636716380764073e-21
4.077289652398978069e+04 6.289672433378486188e-20 1.894896313300426919e-21
4.079069972347155999e+04 6.106397648529918872e-20 1.911321639011182432e-21
4.080850281039437687e+04 6.305839392914696601e-20 1.957580172380684963e-21
4.082630578469586908e+04 6.409459757191438704e-20 1.918634754852568860e-21
4.084410864633379242e+04 6.850274677421178052e-20 1.938269825216903627e-21
4.086191139522740559e+04 6.486780074722357736e-20 1.920144359194633284e-21
4.087971403131508850e+04 6.677834471434289741e-20 1.888196053600248200e-21
4.089751655453367857e+04 6.498464708060568873e-20 1.854353729312667932e-21
4.091531896482632146e+04 6.393352486355902361e-20 1.882397467029826850e-21
4.093312126213110605e+04 6.509712319808391240e-20 1.892051118121270494e-21
4.095092344637094357e+04 6.555925074116849569e-20 1.913520615315771916e-21
4.096872551750645653e+04 6.181896741780811442e-20 1.908006178006242387e-21
4.098652747545181774e+04 6.465118656244093434e-20 1.919518505928836126e-21
4.100432932015277765e+04 6.281703617634310750e-20 1.852168042319425724e-21
4.102213105155406083e+04 6.011703521182753966e-20 1.927522949473210306e-21
4.103993266957899323e+04 6.796108127306112340e-20 1.951692068769087215e-21
4.105773417417370365e+04 7.093084671407222697e-20 2.086497417814273508e-21
4.107553556527613546e+04 6.744897627261702377e-20 2.012453229158572993e-21
4.109333684281557362e+04 7.049623465769888065e-20 1.944574770662112331e-21
4.111113800672903744e+04 6.647005323883872619e-20 1.963604131321718024e-21
4.112893905696386355e+04 6.896711731977167612e-20 2.061314754770875729e-21
4.114673999344206095e+04 7.450610164917243275e-20 2.133947593268057194e-21
4.116454081610828143e+04 7.023136988398755099e-20 2.088564684861318639e-21
4.118234152490542328e+04 6.864843816196963504e-20 2.054223483844793971e-21
4.120014211975626677e+04 7.078388638123392220e-20 1.975217516066491226e-21
4.121794260060167289e+04 7.432318632625808286e-20 2.081193483424668016e-21
4.123574296739391866e+04 6.871284136077954944e-20 2.061074397850377045e-21
4.125313877710692032e+04 6.810031900904541712e-20 2.045004427049579305e-21
4.127093918065593607e+04 6.467825501213838865e-20 1.935266447101421940e-21
4.128873947324548499e+04 6.422935261013906770e-20 1.916199614106250830e-21
4.130653965150414297e+04 7.531178396226376300e-20 2.025172674127769422e-21
4.132433971536453464e+04 7.246712613216020810e-20 2.111977461629941722e-21
4.134213966477887152e+04 7.171495274524931388e-20 2.053536860191679023e-21
4.135993949966823129e+04 7.451452486757434466e-20 2.065019774501305700e-21
4.137773921997410798e+04 7.122340367469599971e-20 2.041140421783050833e-21
4.139553882563697698e+04 7.414935412032333173e-20 1.978670030372398217e-21
4.141333831658324925e+04 7.499350530835845006e-20 2.179282818304039951e-21
4.143113769276128733e+04 7.711198906424190968e-20 2.041436925463013404e-21
4.144893695409871725e+04 7.282866420763857705e-20 2.046756605588749846e-21
4.146673610053390439e+04 7.152953402269399943e-20 2.025592615470922807e-21
4.148453513200988527e+04 6.882522202381422367e-20 2.032775633970109950e-21
4.150233404844689358e+04 6.338366211261862983e-20 1.994716302859385317e-21
4.152013284979590389e+04 6.422960844532787080e-20 2.067119808273492503e-21
4.153793153598463687e+04 6.331946028883325660e-20 2.117615558889732784e-21
4.155573010695139237e+04 6.237308364324985241e-20 2.013316206849264525e-21
4.157352856263231661e+04 5.983148236058703217e-20 2.234021813432562273e-21
4.159132690296383953e+04 6.084425985297352894e-20 2.094291562767378225e-21
4.160912512787740707e+04 6.559626844233795700e-20 2.041160596639456235e-21
4.162692323732301156e+04 6.722933388227179244e-20 2.125373925920539139e-21
4.164472123121325421e+04 6.314380227625374631e-20 2.075898694973370737e-21
4.166251910950634920e+04 6.645782341005403180e-20 2.161391730474320790e-21
4.168031687212600809e+04 6.917127838773976292e-20 2.144890970999258507e-21
4.169811451895329083e+04 7.209802933946397387e-20 2.207300021222751690e-21
4.171550653743511793e+04 7.031229428440302159e-20 2.157914715409535884e-21
4.173330391261126351e+04 7.209327088847441808e-20 2.146665165561692776e-21
4.175110117186015123e+04 6.787704172198605593e-20 2.109540817906618366e-21
4.176889831511484954e+04 7.079018266645592127e-20 2.197398567241447533e-21
4.178669534230964200e+04 6.875574108222146455e-20 2.113320718835053593e-21
4.180449225338116230e+04 7.221683718655385241e-20 2.062028916881366746e-21
4.182228904826110374e+04 7.221264923205980581e-20 2.130580475159889005e-21
4.184008572689461289e+04 6.925130487547286994e-20 2.078594164810033923e-21
4.185788228920463007e+04 7.276871107586974620e-20 2.167979760238316583e-21
4.187567873513192899e+04 6.886620345165142554e-20 2.252080446327450627e-21
4.189347506461966259e+04 6.009725054843273755e-20 2.079438228805208792e-21
4.191127127758599090e+04 6.908920489059223767e-20 2.070581977361042445e-21
4.192906737398593395e+04 6.882072879267126599e-20 2.097818110303025003e-21
4.194686335373891779e+04 7.002088919391586892e-20 2.104631271082648999e-21
4.196465921678550512e+04 6.916479430363669936e-20 2.082639819955517073e-21
4.198245496306879068e+04 6.876988040168190205e-20 2.064101121406178153e-21
4.200025059250657068e+04 6.666376129800402798e-20 2.081769250960628670e-21
4.201804610505398159e+04 6.487188736884621656e-20 1.984857037981023869e-21
4.203584150062670960e+04 6.402087914479800868e-20 1.981137246369049675e-21
4.205363677917186578e+04 6.614380374001776764e-20 2.036571565781548749e-21
4.207143194062916155e+04 6.884578444262197698e-20 2.014875173845405652e-21
4.208922698491938354e+04 6.990830101128618562e-20 2.017121649907106944e-21
4.210702191199103981e+04 7.333474139247250916e-20 2.063003043692424764e-21
4.212481672175943822e+04 7.304260785641324511e-20 2.007484194911903199e-21
4.214261141418162151e+04 6.706446652536753089e-20 2.042322170510353200e-21
4.216040598918050819e+04 6.680424172850844169e-20 2.094440173244755625e-21
4.217820044669322670e+04 7.024302257042031125e-20 2.055496566347313215e-21
4.219599478665496281e+04 7.048190002974176444e-20 2.064123054006919672e-21
4.221378900900071312e+04 6.538936059622955274e-20 1.937171464264201996e-21
4.223158311367098213e+04 6.786928343910622658e-20 2.023990409154890919e-21
4.224937710058483935e+04 6.837680926940304253e-20 2.001344889654959930e-21
4.226717096969254635e+04 6.663115954238452316e-20 1.908085361595303681e-21
4.228496472091611940e+04 6.914283197131889905e-20 2.048469734851696070e-21
4.230275835420330259e+04 7.113654753369474941e-20 2.066293703976905236e-21
4.232055186947146285e+04 7.009671760480380622e-20 2.100382366980063899e-21
4.233834526667616592e+04 6.995696330671413303e-20 2.113085851186075399e-21
4.235613854574039578e+04 6.959158554302027011e-20 2.076613921773875422e-21
4.237393170659660245e+04 6.484048176914080466e-20 2.060861336687459494e-21
4.239172474917834916e+04 7.127568008866628433e-20 2.005094907914918073e-21
4.240951767342693347e+04 6.642694249849997663e-20 1.952715775625093491e-21
4.242731047927708278e+04 6.275517946744125828e-20 1.955315953301099765e-21
4.244510316664857237e+04 6.625662832555287608e-20 2.004766255236021150e-21
4.246289573549382476e+04 6.584555258481941062e-20 1.988535651458815990e-21
4.248068818573907629e+04 6.490667242817342750e-20 2.076133662904000704e-21
4.249848051731943269e+04 6.300624750344129507e-20 1.979064911918341020e-21
4.251627273016870458e+04 6.335499356085463422e-20 2.042296011070967508e-21
4.253406482421737019e+04 6.188305345735183758e-20 2.072426990163859481e-21
4.255185679941050330e+04 6.153865934967410424e-20 2.042298492748556274e-21
4.256964865566376102e+04 5.620699865624714185e-20 2.028538677274332680e-21
4.258744039292960224e+04 5.984733680681301885e-20 2.067680552849645793e-21
4.260523201113755931e+04 6.516309545243400328e-20 2.041161921455712049e-21
4.262302351020865899e+04 6.580695487147141268e-20 2.114127008490632304e-21
4.264081489009362122e+04 6.857640638623291870e-20 2.075000643402026045e-21
4.265860615071900247e+04 6.663390194461493620e-20 2.011213380311787440e-21
4.267639729201633600e+04 6.646271249252975447e-20 2.127193559884903350e-21
4.269418831392810534e+04 6.842926995327199969e-20 2.064228769798932104e-21
4.271197921637257969e+04 6.285478049539508615e-20 2.102876965702771699e-21
4.272976999929946760e+04 6.457023843303597810e-20 2.113801169877016027e-21
4.274756066263274261e+04 7.019068126674743120e-20 2.096113740172573670e-21
4.276535120631292375e+04 6.761973603862896362e-20 2.050631688160285955e-21
4.278314163026619644e+04 7.041265811253712798e-20 2.102267319955243654e-21
4.280093193443068594e+04 6.600092599573017687e-20 1.999403025304206619e-21
4.281872211873507331e+04 6.736990698129911314e-20 2.075512760398630929e-21
4.283651218312442506e+04 6.535341828475611713e-20 2.016271815286992769e-21
4.285430212752788793e+04 6.965471964538935920e-20 2.065671197420639556e-21
4.287209195186926081e+04 6.887193169407853136e-20 2.060924898236525506e-21
4.288988165608874260e+04 6.465295488895214058e-20 1.979883175350099566e-21
4.290767124011908891e+04 6.562399511115984026e-20 2.056665092453541744e-21
4.292546070389477245e+04 6.800425737450079733e-20 2.119707488014409031e-21
4.294325004734753020e+04 6.749902604667952923e-20 1.923005379222690878e-21
4.296103927041219140e+04 6.941551702371716815e-20 1.897072321524508535e-21
4.297882837302425469e+04 6.939079358243972035e-20 1.977473268445380842e-21
4.299661735510742437e+04 6.461890204218949067e-20 2.021397001019171966e-21
4.301440621660819306e+04 6.657943420369121046e-20 2.046571527668774402e-21
4.303219495744587039e+04 6.952892306860206075e-20 2.095371828377311518e-21
4.304998357756787300e+04 6.392783347891825043e-20 2.095961853642434210e-21
4.306777207689237548e+04 6.189108239854181151e-20 2.002409880515099444e-21
4.308556045536744205e+04 6.609539210993409570e-20 2.022095229090197095e-21
4.310334871291119634e+04 6.783951454460271748e-20 2.081869173080262909e-21
4.312113684946775902e+04 6.786642269098638988e-20 2.073717499817574726e-21
4.313892486496265337e+04 6.586579421797783956e-20 2.088923886491398328e-21
4.315671275933233846e+04 6.474773230889766595e-20 2.064291765574978074e-21
4.317450053251663485e+04 6.417093813341519645e-20 2.088739784818605922e-21
4.319228818443408090e+04 6.488154904886442020e-20 2.128192302072578287e-21
4.321007571502876817e+04 6.313701047086987836e-20 2.090916505960943100e-21
4.322786312422849733e+04 6.401722149290202597e-20 2.098634935226064155e-21
4.324565041196751554e+04 6.253352688396176772e-20 2.175566689575558987e-21
4.326343757817725418e+04 6.142515774921461136e-20 2.274081612488603391e-21
4.328122462279117462e+04 6.403491462902836852e-20 2.206374920626591079e-21
4.329901154573803069e+04 6.223368691773850227e-20 2.156214745885689325e-21
4.331679834695376485e+04 6.684544559429738818e-20 2.243923853181032386e-21
4.333458502637467609e+04 6.664395407600569428e-20 2.226825349966034184e-21
4.335237158392560377e+04 6.614878705578812239e-20 2.213827782520203341e-21
4.337015801954701601e+04 6.789730480445773619e-20 2.255313338680965911e-21
4.338794433316292998e+04 6.995904867416770307e-20 2.338014121277741826e-21
4.340573052471409756e+04 7.091104148712214113e-20 2.319695233043643044e-21
4.342351659412475419e+04 6.921456304687286610e-20 2.251662922244322752e-21
4.344130254133156268e+04 7.150642339480910591e-20 2.278035542419973440e-21
4.345908836626467382e+04 6.617226998848566302e-20 2.261103524708767101e-21
4.347646450413085404e+04 7.092391439156047404e-20 2.243656753812613765e-21
4.349425004398739839e+04 7.801547292522247620e-20 2.319169095896158405e-21
4.351203546142037521e+04 7.742118608840420197e-20 2.357830160805428779e-21
4.352982075631149200e+04 7.588586777369843302e-20 2.181741668370965459e-21
4.354760592858477321e+04 7.643260375369578046e-20 2.215719680314565563e-21
4.356539097818033042e+04 7.455127941951013561e-20 2.221531619704933366e-21
4.358317590501898667e+04 7.329200325422955848e-20 2.174375831545997416e-21
4.360096070426898223e+04 6.890709809098190484e-20 2.121182486453179311e-21
4.361874497450951458e+04 6.886040659978025654e-20 2.122619450160192271e-21
4.363652909393326263e+04 6.647817906471154488e-20 2.047970351326809487e-21
4.365431309007453820e+04 7.343621552519309134e-20 2.385648437761431720e-21
4.367209696313773748e+04 7.205906403473959398e-20 2.249151199280851757e-21
4.368988071304850018e+04 7.334612065724453966e-20 2.188776348359104641e-21
4.370766433974100801e+04 6.722575250487510218e-20 2.217237764660923640e-21
4.372544784314807475e+04 7.022931785666554342e-20 2.332807376461161173e-21
4.374323122319662070e+04 6.461969102410713733e-20 2.152866499786953338e-21
4.376101447982646641e+04 6.598605237497726649e-20 2.251490010540326645e-21
4.377879761296440120e+04 6.682299171191585167e-20 2.130985702964656561e-21
4.379658062254328979e+04 6.922056245160893847e-20 2.204651867474413789e-21
4.381436350849353039e+04 6.827760950775472987e-20 2.215002193799170337e-21
4.383214627074737655e+04 7.285239460370668998e-20 2.177017517497572262e-21
4.384992890918252670e+04 6.858266582384849710e-20 2.316214592825637411e-21
4.386771141963242553e+04 6.321990491488722305e-20 2.146895413554151192e-21
4.388508333304312691e+04 6.186846733041972228e-20 2.136627097153823470e-21
4.390286555950088223e+04 6.412242523681688981e-20 2.169223916553802883e-21
4.392064766190322553e+04 6.498687944444782386e-20 2.172607719727205802e-21
4.393842964020392537e+04 6.759010239790525009e-20 2.208861488446759321e-21
4.395621149431531376e+04 7.247999706265517515e-20 2.182884923605397338e-21
4.397399322418373049e+04 6.443542593703398746e-20 2.102282096878776927e-21
4.399177482973528822e+04 6.435549246546122018e-20 2.189545256899817757e-21
4.400955631089612871e+04 6.411293989340354197e-20 2.129989005699215145e-21
4.402733766760543222e+04 6.269922012976565010e-20 2.145629867182107506e-21
4.404511889978291583e+04 6.339244194899560635e-20 2.144015785454713116e-21
4.406290000737397349e+04 6.373588482160549465e-20 2.124182857015894522e-21
4.408068099030543817e+04 6.506275180484398794e-20 2.120281599927838803e-21
4.409846184849519341e+04 6.481371917421372324e-20 2.158529113591075274e-21
4.411624258189070679e+04 6.470410539987098649e-20 2.077305344048971119e-21
4.413402319040933799e+04 6.449438501208955164e-20 2.106536744566245291e-21
4.415180367399216630e+04 6.382772610140364419e-20 2.127354299749038044e-21
4.416958403257621103e+04 6.345883617437073330e-20 2.084638189157414561e-21
4.418736426606929308e+04 6.785524807998247037e-20 2.076693610853932716e-21
4.420514437441794871e+04 6.223995473393451633e-20 2.131128033367944360e-21
4.422292435755064798e+04 5.554191555586665843e-20 2.075704251232877687e-21
4.424070421539650852e+04 6.004231096190635759e-20 2.097494314789521807e-21
4.425848394788771111e+04 6.018992281602070696e-20 2.037830702192979569e-21
4.427626355495300959e+04 6.137587625355466014e-20 2.003751780633206512e-21
4.429404303652454109e+04 6.014558732188981156e-20 2.151290816622069181e-21
4.431182239253464650e+04 6.151826612046796114e-20 2.053601733599273090e-21
4.432960162290492008e+04 5.823977321436448197e-20 1.975646565805324203e-21
4.434738072757797636e+04 5.814997125000865826e-20 2.041991119137801682e-21
4.436515970647171343e+04 6.209492265558594527e-20 2.130601368012330847e-21
4.438293855952555896e+04 5.787265876024076331e-20 2.169575160431465348e-21
4.440071728666718263e+04 6.171674011896966634e-20 2.131590314677266805e-21
4.441849588782615319e+04 6.211066871568282178e-20 2.145137734656602942e-21
4.443627436292967468e+04 5.759196975202194774e-20 2.097712440916806156e-21
4.445405271191770589e+04 6.597300044128995400e-20 2.183311992293557406e-21
4.447183093470699532e+04 6.121031194259825273e-20 2.090891059960347825e-21
4.448960903123424214e+04 6.127607197474134938e-20 2.089164864657227097e-21
4.450738700143274036e+04 6.456857999395769322e-20 2.108853082297783491e-21
4.452516484523269901e+04 6.364997448676382769e-20 2.215395777799211707e-21
4.454294256255350774e+04 6.871872157548277387e-20 2.172456003504883524e-21
4.456072015333568561e+04 6.179895204065988816e-20 2.224672936747009981e-21
4.457849761750164907e+04 6.038516426124846256e-20 2.108419794168615021e-21
4.459627495498877397e+04 6.180147290503544574e-20 2.089250083110724693e-21
4.461405216572244535e+04 6.214223189851513156e-20 2.125812973169321983e-21
4.463182924962681136e+04 6.658390823814330027e-20 2.256395091809095683e-21
4.464960620664034650e+04 6.521014964808247397e-20 2.095859089410285429e-21
4.466738303670079040e+04 6.325642014337042289e-20 2.178969358511142300e-21
4.468515973971607309e+04 6.134207038785847064e-20 2.147444923426935041e-21
4.470293631562413793e+04 7.168065735399948920e-20 2.287317152830694000e-21
4.472071276436273911e+04 6.896597441028066821e-20 2.307114659255508370e-21
4.473848908585650497e+04 6.109692019537863672e-20 2.125290078450243280e-21
4.475626528003310523e+04 6.188503380514320771e-20 2.115099607394323083e-21
4.477404134681690630e+04 5.890549695249972556e-20 2.137257900951756474e-21
4.479181728614572785e+04 6.101175882804105857e-20 2.157487611588327425e-21
4.480959309794706496e+04 6.411347894365602547e-20 2.220471585222217734e-21
4.482736878215203615e+04 6.180418192454512410e-20 2.225081827395700807e-21
4.484514433868468041e+04 5.923112928069000116e-20 2.175195158602399729e-21
4.486291976747606532e+04 6.251974894448858541e-20 2.215236828852151471e-21
4.488069506845674914e+04 6.062391923388504582e-20 2.200654892703649793e-21
4.489847024155451072e+04 6.139267630024524265e-20 2.140360378866282202e-21
4.491624528669972642e+04 6.299184075236570106e-20 2.125709440563133730e-21
4.493402020382350020e+04 6.559054869117446268e-20 2.137638722146318049e-21
4.495179499284938356e+04 5.263904059149710393e-20 2.135150917472692225e-21
4.496956965370508260e+04 6.201765260528132653e-20 2.186437372692207405e-21
4.498734418632743473e+04 6.127063535472797334e-20 2.168755286262503109e-21
4.500511859064415330e+04 6.087651327772366579e-20 2.149024213098392337e-21
4.502289286657511548e+04 6.333774381309404752e-20 2.222384160907227128e-21
4.504066701405475033e+04 5.791100392962910309e-20 2.184810086627856408e-21
4.505844103301614814e+04 6.252982038668920410e-20 2.260236021254120419e-21
4.507621492338369717e+04 6.177204677405798091e-20 2.218305598952342803e-21
4.509398868508710439e+04 6.219868616656838916e-20 2.305117686665911320e-21
4.511176231805726275e+04 6.291136216191376954e-20 2.211055546476138885e-21
4.512953582221045508e+04 6.283989695762124497e-20 2.274761086158040868e-21
4.514730919749421446e+04 6.761303330096005159e-20 2.368897079957722438e-21
4.516508244382139674e+04 6.839481310332933333e-20 2.299347888409630844e-21
4.518285556112609629e+04 6.481950559303858567e-20 2.336420957534830287e-21
4.520062854934450297e+04 6.267708451149404621e-20 2.427130006833541474e-21
4.521840140838715888e+04 6.056643327044232255e-20 2.340536509320529878e-21
4.523617413820357615e+04 6.311687610773670028e-20 2.320920661189402675e-21
4.525394673870424594e+04 6.554292910092028162e-20 2.442439668241881511e-21
4.527171920982524171e+04 6.636343422763873333e-20 2.369549124089659111e-21
4.528949155149691796e+04 6.419466264861563522e-20 2.307639069275690711e-21
4.530726376364202588e+04 6.112843032896059697e-20 2.306268614871942384e-21
4.532503584619410685e+04 6.244082555545878110e-20 2.226131638801022575e-21
4.534280779907582473e+04 6.352934145585542193e-20 2.258717190830714128e-21
4.536057962222067727e+04 6.063546528359022474e-20 2.231314710365223437e-21
4.537835131555460976e+04 5.991817608492452532e-20 2.271816433362728507e-21
4.539570888161482435e+04 6.275350513497401455e-20 2.288632551402866356e-21
4.541348027449050278e+04 6.560840888931007992e-20 2.335535943501368827e-21
4.543125153739364032e+04 5.993363847768163793e-20 2.434350824462840100e-21
4.544902267019177089e+04 6.205975297326773713e-20 2.225781469525524697e-21
4.546679367281422310e+04 6.311224399972793374e-20 2.267812310180705772e-21
4.548456454519047838e+04 6.407659455189378242e-20 2.283150030677029414e-21
4.550233528724968346e+04 6.743107143924892862e-20 2.324674371623554081e-21
4.552010589891166455e+04 6.334086110833563110e-20 2.372823856773611581e-21
4.553787638011184026e+04 6.576030796888646817e-20 2.467235439590413713e-21
4.555564673077651241e+04 6.133279907979760573e-20 2.341385271388363691e-21
4.557341695083467494e+04 6.562548378870493177e-20 2.383448925195337243e-21
4.559118704020889709e+04 6.072583450996685982e-20 2.379501060392363575e-21
4.560895699882527697e+04 6.597899449238461152e-20 2.328286075755366785e-21
4.562672682661897852e+04 6.487807098376105168e-20 2.290557529039766077e-21
4.564449652351621626e+04 6.523976378282370577e-20 2.349606405769928610e-21
4.566226608943568863e+04 6.837805727891211431e-20 2.472673300723284479e-21
4.568003552431343269e+04 7.079137897296336358e-20 2.385623763324996433e-21
4.569780482807426597e+04 6.611323260398165953e-20 2.386381238180338646e-21
4.571557400064484682e+04 7.315207308319985895e-20 2.502233262856596241e-21
4.573334304190580588e+04 7.799000699376360455e-20 2.545556915319928596e-21
4.575111194795457413e+04 7.506133295408003525e-20 2.375583204760100644e-21
4.576846588072333543e+04 7.019432632639401420e-20 2.342689705642604725e-21
4.578623448718841246e+04 6.162737475658361179e-20 2.282389934614081320e-21
4.580400296209599037e+04 5.512121327611015653e-20 2.321193688496126453e-21
4.582177130537341873e+04 6.356509186057362750e-20 2.372110150353546451e-21
4.583953951694371790e+04 6.229561822585036696e-20 2.357466831700624364e-21
4.585730759674114233e+04 5.806620036501268968e-20 2.271572361521673561e-21
4.587507554468497256e+04 5.560322173277920819e-20 2.292310533428538026e-21
4.589284336070637073e+04 6.291481840839832176e-20 2.427224885525602521e-21
4.591061104473421437e+04 6.599753713659675181e-20 2.389354790619114217e-21
4.592837859668988676e+04 6.302611910658399179e-20 2.326639875230572789e-21
4.594614601656236482e+04 5.681327279045704450e-20 2.272214033787037895e-21
4.596391377671921509e+04 5.915120516962446925e-20 2.283914243454290893e-21
4.598168162186373229e+04 6.688737526581138058e-20 2.380934244259775329e-21
4.599944933462714835e+04 6.420177130009185116e-20 2.435962931348057057e-21
4.601721691492775426e+04 6.040443728476683970e-20 2.310818822146907256e-21
4.603498436271651735e+04 6.500732749651216065e-20 2.380473805650023813e-21
4.605275167789885745e+04 6.356720793453822607e-20 2.382847159983255876e-21
4.607051886040854151e+04 6.887896083504007327e-20 2.328025016887692552e-21
4.608828591017467988e+04 6.083661795879403586e-20 2.410580148994983647e-21
4.610605282711383916e+04 6.435557984260559594e-20 2.366924617369514022e-21
4.612381961116548337e+04 6.447135217932052983e-20 2.432752228810036581e-21
4.614158626224228647e+04 5.909922801441413657e-20 2.319293134883701050e-21
4.615935278028411267e+04 6.154010001799119095e-20 2.308382595254205702e-21
4.617711916520641535e+04 6.362195818832753004e-20 2.360854620344092087e-21
4.619488541693612206e+04 6.004794906510616160e-20 2.344080196507594430e-21
4.621265153540477331e+04 5.483955072644703227e-20 2.272053791383135077e-21
4.623041752053629898e+04 5.738985625892204511e-20 2.389206180395247879e-21
4.624818337225511641e+04 6.112644250323773615e-20 2.317373519429562752e-21
4.626594909048872796e+04 6.663548930382125058e-20 2.540389429718256884e-21
4.628371467516462144e+04 6.327375707002729486e-20 2.410730119109403172e-21
4.630148012620006193e+04 6.057957376288708919e-20 2.398225657272449799e-21
4.631924544352632802e+04 6.413908723982251393e-20 2.442803658827371172e-21
4.633701062707325036e+04 6.135425306583103743e-20 2.366189709358642148e-21
4.635477567676265608e+04 6.341692097455933895e-20 2.396488205340454305e-21
4.637254059252028674e+04 5.809140185980268991e-20 2.294140451573637858e-21
4.639030537427192758e+04 6.141385033822720688e-20 2.340185173270332011e-21
4.640807002193924563e+04 6.083990897447709995e-20 2.407621734162378204e-21
4.642583453545183147e+04 5.946143225808231190e-20 2.294273301131312668e-21
4.644359891473741300e+04 6.100227058615704639e-20 2.342168120464219207e-21
4.646136315971932345e+04 6.009829795935556413e-20 2.367214160837528125e-21
4.647912727031470422e+04 6.425522658338868701e-20 2.363101236039718175e-21
4.649689124647049175e+04 6.437862879923719360e-20 2.424018074606533349e-21
4.651465508808702725e+04 6.374315179995963624e-20 2.385048863648859419e-21
4.653241879509753198e+04 6.230888218214985259e-20 2.443762301296056949e-21
4.655018236743626039e+04 5.923254226529133957e-20 2.504047696835616764e-21
4.656794580502218741e+04 6.420816451238894085e-20 2.412615494946629004e-21
4.658570910777686368e+04 5.748870274725784774e-20 2.379703228834086257e-21
4.660347227562183252e+04 6.053595878474712765e-20 2.402622170512002511e-21
4.662123530850261886e+04 6.446953528755966235e-20 2.498099910396817386e-21
4.663899820632665069e+04 5.383932445790641330e-20 2.349990942424130413e-21
4.665676096901662095e+04 5.771950739122301022e-20 2.431796472240704161e-21
4.667452359650930885e+04 6.172351707210701631e-20 2.446681269932661579e-21
4.669228608872440236e+04 6.043468024180299348e-20 2.425363245213929527e-21
4.671004844558183686e+04 5.824706945311047458e-20 2.294043570347491281e-21
4.672781066700422525e+04 6.403675539105296548e-20 2.509377448179111899e-21
4.674557275292882696e+04 5.882229034093907617e-20 2.501292254769069174e-21
4.676333470327729447e+04 6.314033907547578671e-20 2.402121907500131222e-21
4.678109651797093102e+04 6.116015383583234302e-20 2.432434610854124363e-21
4.679885819692712539e+04 6.080440864171069653e-20 2.340021847208335549e-21
4.681661974007789104e+04 6.710214384848953335e-20 2.427873068067944876e-21
4.683438114734989358e+04 6.850990987660706039e-20 2.519317619305286759e-21
4.685214241867227975e+04 6.162450848451921232e-20 2.473753072765197025e-21
4.686990355394771905e+04 6.285667695973152938e-20 2.543249164338551914e-21
4.688766455312212202e+04 5.864871595375025480e-20 2.514592192937771502e-21
4.690542541611540946e+04 6.300979590875824357e-20 2.537730696661872063e-21
4.692318614284225623e+04 6.319236104907051462e-20 2.377976218292927784e-21
4.694094673324020550e+04 6.555560141190060317e-20 2.542017462856830776e-21
4.695870718721964658e+04 5.520927468475595864e-20 2.455897904433399518e-21
4.697646750471209089e+04 6.290207052095089105e-20 2.515643050052476016e-21
4.699422768564052967e+04 6.550850869246035983e-20 2.560074249185030207e-21
4.701198772994034516e+04 6.599439880194789071e-20 2.587258827874961721e-21
4.702974763751386490e+04 6.383062927810808702e-20 2.491128576741324680e-21
4.704750740829308052e+04 6.337909315876250693e-20 2.551946843258835303e-21
4.706526704221106775e+04 6.099929721088624784e-20 2.466951994636334921e-21
4.708302653918525175e+04 6.609878319081521293e-20 2.533987656710559174e-21
4.710078589913090400e+04 6.905905860481062222e-20 2.708315016483943415e-21
4.711812708104778721e+04 6.548222673243780488e-20 2.603436542102295877e-21
4.713588612583217764e+04 6.658383264531894310e-20 2.739022323682938909e-21
4.715364503341173986e+04 6.519376289446689594e-20 2.536134779536234907e-21
4.717140380367016769e+04 6.811345119815586716e-20 2.706206794027059919e-21
4.718916243652012781e+04 6.569314530199527998e-20 2.529934565253314351e-21
4.720692093188907165e+04 6.693855139750433897e-20 2.618048733729954275e-21
4.722467928970024514e+04 6.999560831133181182e-20 2.716103428756402175e-21
4.724243750988007378e+04 6.221638122219001175e-20 2.634093173231251391e-21
4.726019559234615008e+04 7.017092191194115316e-20 2.708327983847018191e-21
4.727795353702714056e+04 7.106312967470584573e-20 2.670296798243102875e-21
4.729571134384438483e+04 6.322458131724719698e-20 2.664270479421951470e-21
4.731346901271313982e+04 6.125467301139564313e-20 2.646606551733985642e-21
4.733122654356424755e+04 6.415669966896195267e-20 2.687616691191159045e-21
4.734898393632043008e+04 6.956396304936227379e-20 2.677661215120748875e-21
4.736674119091127795e+04 6.860749064111126820e-20 2.775246938672916776e-21
4.738449830725379434e+04 6.102286646834782584e-20 2.627809838285554877e-21
4.740225528526348353e+04 6.622966867264719158e-20 2.845501310447201990e-21
4.742001212487759040e+04 6.574790540009747044e-20 2.802062207390266706e-21
4.743776882596108771e+04 6.490498769829446823e-20 2.665623578956486123e-21
4.745510657100092067e+04 7.069401419548170902e-20 2.635696328366567479e-21
4.747286295403407712e+04 6.703714893460103338e-20 2.675586354960331166e-21
4.749061919835307344e+04 6.067750972436642631e-20 2.734889374939632097e-21
4.750837530388088635e+04 6.371434630343606497e-20 2.557368663332051807e-21
4.752613127054242068e+04 7.144972604164110756e-20 2.671676287662804510e-21
4.754388709826163540e+04 6.421484887053241596e-20 2.710048692557609551e-21
4.756164278694964014e+04 6.190055369703579623e-20 2.593954087958991763e-21
4.757939833653676760e+04 5.930252023302082091e-20 2.602832835913576807e-21
4.759715374695187347e+04 6.345418271310473625e-20 2.670506801685766348e-21
4.761490901810364448e+04 6.185716248959494064e-20 2.614519554303452736e-21
4.763266414992541104e+04 6.535797726724361250e-20 2.726801087771050928e-21
4.765041914233819989e+04 6.726889883101280722e-20 2.597950369132187152e-21
4.766817399525557994e+04 6.428625663724387083e-20 2.623788794219636510e-21
4.768592870860546827e+04 5.810091983145873616e-20 2.592907965798326705e-21
4.770368328231070336e+04 6.678476681381608161e-20 2.754525607775906893e-21
4.772143771629685216e+04 6.562232111563099492e-20 2.691766000282661546e-21
4.773919201047859679e+04 6.342135954282101636e-20 2.711636511568394225e-21
4.775694616478257376e+04 6.011047718408670164e-20 2.630858319564414565e-21
4.777470017912923504e+04 6.500905522186941351e-20 2.599525383038075620e-21
4.779245405344533356e+04 6.495434971462775120e-20 2.623811876796465914e-21
4.781020778764531133e+04 5.824580549185669441e-20 2.779644187628811682e-21
4.782796138165446609e+04 6.163193156412309134e-20 2.722600043696589470e-21
4.784571483539523615e+04 6.827270872833496351e-20 2.783070036807196611e-21
4.786346814878824080e+04 6.983038885684287395e-20 2.743235771778965353e-21
4.788122132175653678e+04 6.593183369146223346e-20 2.743724521611970768e-21
4.789897435422072158e+04 6.442909170369360393e-20 2.739491630652809517e-21
4.791672724610305158e+04 6.519101514753417561e-20 2.690972158712624947e-21
4.793447999732522294e+04 5.788918367103328189e-20 2.642621729530736191e-21
4.795223260780805140e+04 6.509734679825821996e-20 2.709463746606433683e-21
4.796998507747415715e+04 6.343588665197384265e-20 2.737623096962151837e-21
4.798773740624367929e+04 6.434567514095460067e-20 2.825374212316973458e-21
4.800548959403908520e+04 6.313970852313785685e-20 2.741896134186790282e-21
4.802324164078137255e+04 6.279137194179076817e-20 2.655365216939784806e-21
4.804099354639155354e+04 6.351785425347368190e-20 2.672479998787332589e-21
4.805874531079182634e+04 6.095392121019515221e-20 2.761397642675596566e-21
4.807649693390187895e+04 6.392216414653486344e-20 2.593027119456291135e-21
4.809424841563751397e+04 6.200062481970097045e-20 2.565011559147660905e-21
4.811199975593276758e+04 6.209117238440546479e-20 2.698656849985216346e-21
4.812975095470186352e+04 6.191116210392746818e-20 2.686320467147293212e-21
4.814750201186658524e+04 6.170102050192828931e-20 2.630426922555170948e-21
4.816525292734655523e+04 6.283807163455116979e-20 2.709708305240212339e-21
4.818300370106061018e+04 5.481911645091899028e-20 2.642097795821272935e-21
4.820075433293230890e+04 6.051782615033364962e-20 2.761171111294229450e-21
4.821850482288598869e+04 5.438055015388560712e-20 2.686533868632275852e-21
4.823625517083622981e+04 6.100928853593629062e-20 2.684028704268969874e-21
4.825400537670933409e+04 5.477753280487010283e-20 2.711308152116314474e-21
4.827175544042390538e+04 5.379834123557034174e-20 2.632020397184557050e-21
4.828950536189973354e+04 6.014508500559516436e-20 2.793788140492329793e-21
4.830725487129529211e+04 5.531884640971949991e-20 2.592577073724959128e-21
4.832500365315439558e+04 6.264736514095164593e-20 2.832854123794052225e-21
4.834275229255161685e+04 5.823036425311310029e-20 2.672106605882441643e-21
4.836050078941365791e+04 6.372740935130314409e-20 2.712884576099933356e-21
4.837824914365328004e+04 6.051230455193009357e-20 2.737109681997271405e-21
4.839599735520465765e+04 6.373563674322033448e-20 2.808432844679825963e-21
4.841374542397849291e+04 5.579916675388364832e-20 2.758012653636768379e-21
4.843149334990057105e+04 6.156160289781879348e-20 2.777215901002970267e-21
4.844924113287888031e+04 5.801017857880827588e-20 2.693749830976911151e-21
4.846698877285317576e+04 6.108227378425140207e-20 2.772432434655402571e-21
4.848473626972670172e+04 6.909126504477303714e-20 2.868910903968149793e-21
4.850248362343382178e+04 6.603185532681212348e-20 2.838211230652660121e-21
4.852023083388634404e+04 6.432810014061301284e-20 2.935936790458678694e-21
4.853797790100226121e+04 6.541290356522662141e-20 2.735357624314717268e-21
4.855572482470427349e+04 6.350463676288626663e-20 2.795817832677896771e-21
4.857347160490869283e+04 6.418656858677979882e-20 2.766311655033728110e-21
4.859121824154302158e+04 6.053633561428681563e-20 2.784180462731330423e-21
4.860896473452221107e+04 6.287941424628503531e-20 2.718922092720322139e-21
4.862671108376390475e+04 6.336860006095673900e-20 2.765012026466014336e-21
4.864445728919415706e+04 6.205410267157970129e-20 2.764688700175042925e-21
4.866220335072871239e+04 6.360162990634002645e-20 2.830840325394506151e-21
4.867952756421326922e+04 6.156023522158463284e-20 2.803749749147034643e-21
4.869727329291416390e+04 6.594741364900393348e-20 2.844826798129524642e-21
4.871501888111617154e+04 6.203590060644212427e-20 2.703571415117402326e-21
4.873276432513593318e+04 6.190514832900438458e-20 2.814610964750255789e-21
4.875050962485412310e+04 6.622463389652145995e-20 2.848912642588089823e-21
4.876825478019130242e+04 6.657141111819134891e-20 3.022103745600723148e-21
4.878599979106606770e+04 6.706876529975993888e-20 2.921018013077126845e-21
4.880374465740424057e+04 6.174846295796736609e-20 2.806808855525399672e-21
4.882148937911271059e+04 6.550591517992408173e-20 2.869535430325767095e-21
4.883923395611566229e+04 7.026511102380914799e-20 2.719514618605932844e-21
4.885697838833676360e+04 6.536340793793888730e-20 3.065981508130673586e-21
4.887472267568825919e+04 6.351103150883116276e-20 2.921192275820635507e-21
4.889246681809503207e+04 6.346480297056145946e-20 2.859884694871067704e-21
4.891021081546737696e+04 6.401984122642097260e-20 2.920603861517572590e-21
4.892795466773602675e+04 6.040584276729212222e-20 2.915738946478382153e-21
4.894569837481408467e+04 6.508877461701807421e-20 2.933912116451545478e-21
4.896344193661729514e+04 6.497683519793005464e-20 2.920344545363644867e-21
4.898118535302230885e+04 6.235741143265655488e-20 2.896263493205500695e-21
4.899892862042232446e+04 6.501118289075799568e-20 2.939106030781208475e-21
4.901624925997195533e+04 6.604211244408350402e-20 2.822784406538041063e-21
4.903399219869745866e+04 6.095960373279926250e-20 2.830091295115873572e-21
4.905173499173163145e+04 6.207860429653090335e-20 2.855289792235804679e-21
4.906947763901190046e+04 6.034187181288348581e-20 2.732465411572985661e-21
4.908722014044416574e+04 5.681701060849434978e-20 2.834286315884393995e-21
4.910496249595363770e+04 6.662214481631347604e-20 3.074006787353509869e-21
4.912270470544759883e+04 6.424136409478464349e-20 3.004060410876784385e-21
4.914044676885892841e+04 5.439602395148462802e-20 2.811309040311262336e-21
4.915818868609524361e+04 5.738069322549691792e-20 2.764278416348364672e-21
4.917593045707457350e+04 6.547178312470957415e-20 3.251907877998700207e-21
4.919367208171925449e+04 6.536175565147453617e-20 2.886958681795092501e-21
4.921141355994960759e+04 6.651638020094472459e-20 3.083609418728919053e-21
4.922915489167771739e+04 6.641454282302994916e-20 3.032355166786677403e-21
4.924689607682857604e+04 6.594939229748970430e-20 3.034191714046228211e-21
4.926463711531555600e+04 6.261031455089473217e-20 2.829078247214160636e-21
4.928237800705449627e+04 6.427815697282276869e-20 2.895834159399752413e-21
4.930011875197281915e+04 6.195526661901699702e-20 2.999486810071928399e-21
4.931785934996787546e+04 6.918501505070741421e-20 3.053175467842376516e-21
4.933559980098829692e+04 5.707955630035463272e-20 2.859876619700504387e-21
4.935334010492431844e+04 5.943455820783759513e-20 2.868218643125257951e-21
4.937108026170718949e+04 5.836791671300274691e-20 2.949242637301395868e-21
4.938882027124184970e+04 6.151095509965909421e-20 2.918489306198075838e-21
4.940656013347105909e+04 6.225142581072702413e-20 3.078474075520249883e-21
4.942429984828355373e+04 6.825030025874365970e-20 2.998448363804025422e-21
4.944203941561339161e+04 6.228419802624790816e-20 2.926337427359550386e-21
4.945977883537366142e+04 6.786552538205168324e-20 3.083947761458189083e-21
4.947751810748945718e+04 7.000616904452826147e-20 3.007846695887510920e-21
4.949525723185771494e+04 7.325336925576977464e-20 3.119670673628275840e-21
4.951299620842516015e+04 6.382150496379165391e-20 3.058709035056675306e-21
4.953073503707340569e+04 6.258606119992077893e-20 2.941586837033062037e-21
4.954847371774856583e+04 6.620296312631181636e-20 3.038170379946334823e-21
4.956621225036473334e+04 6.450377820979974818e-20 2.977657352086000100e-21
4.958395063482295518e+04 5.620246328448600759e-20 3.040410580948326683e-21
4.960168887105557224e+04 6.166782043812913592e-20 3.110003304589551277e-21
4.961942695896725490e+04 5.939673526768753895e-20 3.231941699280164243e-21
4.963716489848824131e+04 7.033494490310723355e-20 3.232852987971905358e-21
4.965490268952436600e+04 6.828826255411751450e-20 3.255071468540177516e-21
4.967264033199022379e+04 6.227643438850173641e-20 3.022401413005639907e-21
4.969037782581879583e+04 6.460486125626672716e-20 3.067552551504812996e-21
4.970811517090965935e+04 6.620762650776339619e-20 3.196115645558590269e-21
4.972585236719025852e+04 6.619812470466239403e-20 3.095321169384804661e-21
4.974358941457664332e+04 6.621561455219716848e-20 3.205364281434503414e-21
4.976132631297199987e+04 7.680183517893970665e-20 3.260006878610885603e-21
4.977906306231326744e+04 5.840565501335220548e-20 3.100317419101999613e-21
4.979679966250297730e+04 5.811047495722911390e-20 3.140179390974609553e-21
4.981453611345448007e+04 6.193779028484294696e-20 3.088017127468182643e-21
4.983227241510108433e+04 6.216020053301345639e-20 3.121745205397630553e-21
4.985000856734155968e+04 6.376121895760110226e-20 3.035021262711044644e-21
4.986774457010274637e+04 6.065970013243883155e-20 3.221302947985245891e-21
4.988548042329785676e+04 6.243134636093147683e-20 3.043268218038463725e-21
4.990321612683848070e+04 6.369336361292358419e-20 3.179123496870349549e-21
4.992095168064505560e+04 6.284675871191501164e-20 3.043962056204433059e-21
4.993868708463699295e+04 6.301335839257273452e-20 3.116422226845627960e-21
4.995642233872579527e+04 6.406788613342444930e-20 3.232381170835404886e-21
4.997415744282197556e+04 6.627964327134660442e-20 3.179369437323976887e-21
4.999189239685109351e+04 7.083365764782693264e-20 3.286812419686048111e-21
5.000962720072811499e+04 7.177662085345645988e-20 3.287969506559559065e-21
5.002736185436326923e+04 6.629971190197513690e-20 3.234940968428509126e-21
5.004509635767522559e+04 6.889089188996039875e-20 3.284526641996722619e-21
5.006283071057906636e+04 6.730145849883124750e-20 3.277853153064957100e-21
5.008056491299456684e+04 6.973154198071303626e-20 3.299333131883949341e-21
5.009829896483029734e+04 6.417658119236216564e-20 3.239464883549598347e-21
5.011603286600029242e+04 6.694913626427109991e-20 3.264653227951276983e-21
5.013334144401422964e+04 6.955372585632889304e-20 3.435699448921923261e-21
5.015107500217267079e+04 7.283944728679457105e-20 3.266711250432723159e-21
5.016880840945921227e+04 6.112109105869313372e-20 3.254182316115975760e-21
5.018654166574339615e+04 6.935059972938296524e-20 3.304018985270479542e-21
5.020427477093679045e+04 6.474937034653218499e-20 3.363222292167603225e-21
5.022200772496077843e+04 6.412407610851003994e-20 3.205217860951153549e-21
5.023974052772808500e+04 7.065454602504003185e-20 3.356534908459300071e-21
5.025747317915621534e+04 6.698306583638961081e-20 3.212965742972278198e-21
5.027520567915082211e+04 6.518061089576131588e-20 3.489535185466273936e-21
5.029293802763680287e+04 7.802854208403228731e-20 3.563278032867156482e-21
5.031067022452232050e+04 7.194271889764391698e-20 3.447038676543738930e-21
5.032840226972854725e+04 6.642581471728453301e-20 3.395663722307190532e-21
5.034613416316778603e+04 6.669952124215696726e-20 3.483725866237058354e-21
5.036386590475404228e+04 6.825000077468753212e-20 3.511352766919454986e-21
5.038159749439905863e+04 6.399103895146174814e-20 3.390139660378087786e-21
5.039932893202425475e+04 7.261065998041408121e-20 3.495697394981892198e-21
5.041706021748751664e+04 6.462357644340121883e-20 3.510555915732936349e-21
5.043436547425023309e+04 7.043684456017427971e-20 3.440213632360225541e-21
5.045209641384326096e+04 6.840777247935634515e-20 3.361181052388297871e-21
5.046982720106116903e+04 6.727604258532424779e-20 3.242555570691117714e-21
5.048755783583130687e+04 5.931066031419678705e-20 3.212497560773073526e-21
5.050528831806212111e+04 6.814077477685806962e-20 3.419075992975442849e-21
5.052301864766094513e+04 5.813459910150599439e-20 3.197505601454361559e-21
5.054074882455479383e+04 6.998256001356388662e-20 3.266903352428185357e-21
5.055847884864885418e+04 6.715578859680961472e-20 3.347902921237406948e-21
5.057620871986321436e+04 6.329370747901407865e-20 3.347006364685678380e-21
5.059393843810528779e+04 6.638670715577772631e-20 3.441913740236159615e-21
5.061166800329623948e+04 6.376850615712403449e-20 3.185950575669658028e-21
5.062939741534325003e+04 6.731276250452906257e-20 3.339673926036517103e-21
5.064712667416301701e+04 5.911735673834252666e-20 3.228723553649668756e-21
5.066485591750833555e+04 6.220563012076828666e-20 3.390658676052457190e-21
5.068258505197287013e+04 6.560400190626429409e-20 3.337995882923575912e-21
5.070031403294624761e+04 5.932036295831187450e-20 3.464476467654098294e-21
5.071804286034683901e+04 5.614089594263558048e-20 3.506077828403215252e-21
5.073577153408489539e+04 7.079192635498790358e-20 3.790492155863812920e-21
5.075350005407000572e+04 6.117930612350371354e-20 3.646511731889536423e-21
5.077122842022633267e+04 6.333839458509908432e-20 3.717407714018942009e-21
5.078895663245445030e+04 6.091543803291250557e-20 3.575467457217248001e-21
5.080668469067323167e+04 6.525137700549945343e-20 3.551485097666508276e-21
5.082441259480352164e+04 6.876108970686081378e-20 3.562837175194958596e-21
5.084214034474587970e+04 5.902961278309842395e-20 3.537675261724832642e-21
5.085986794041887333e+04 6.158353761621239388e-20 3.884832347539922545e-21
5.087759538174315094e+04 7.518735518004246930e-20 3.731349572998910163e-21
5.089532266861595417e+04 7.201104489979348338e-20 3.740204843856560402e-21
5.091304980096554937e+04 6.838682261089158105e-20 3.588236475665769614e-21
5.093077677869914623e+04 6.378654585234087225e-20 3.639865520936000733e-21
5.094850360173011723e+04 6.583111328667299868e-20 3.537785264211061242e-21
5.096623026996748376e+04 6.257487027654247914e-20 3.553070146723229256e-21
5.098395678333078831e+04 6.375978423070623735e-20 3.566251710318179407e-21
5.100168314172692044e+04 6.778951426493390266e-20 3.762714634894964395e-21
5.101940934507465863e+04 6.608756212846625118e-20 3.514590334557422754e-21
5.103713539327687613e+04 6.931905884309152729e-20 3.566314203045184415e-21
5.105486128626297432e+04 5.934243943297346017e-20 3.612111662342023741e-21
5.107258702392615669e+04 6.171102128978359943e-20 3.696641185325371256e-21
5.109031260619114619e+04 7.295287962176918100e-20 3.507601321132997990e-21
5.110803803296493425e+04 7.329565293625541388e-20 3.534766142570168294e-21
5.112576330416963174e+04 6.768446386507768817e-20 3.427591453738118916e-21
5.114348841970695503e+04 5.343855218014524601e-20 3.375985408831557874e-21
5.116121337949348526e+04 5.820456512385156089e-20 3.401697172613230956e-21
5.117893818344485044e+04 6.496482355634433565e-20 3.514066653981333958e-21
5.119666283146603382e+04 6.485365440695305943e-20 3.683791469564821799e-21
5.121438732346976030e+04 6.310328120709798393e-20 3.476262559830002932e-21
5.123211165937488113e+04 6.638676262933176657e-20 3.577457316483638285e-21
5.124983583908661240e+04 6.120444953698114075e-20 3.424051595652418946e-21
5.126755986252643197e+04 6.687048249667166005e-20 3.610077311759338183e-21
5.128528372959738772e+04 6.457988555269041167e-20 3.587039537579296718e-21
5.130300744021440187e+04 6.244214338549898095e-20 3.560309938543584629e-21
5.132073099428545538e+04 6.399416933775705553e-20 3.575397009878949424e-21
5.133845439173279010e+04 7.024679110356602040e-20 3.635638847014639773e-21
5.135617763245548122e+04 6.421886401675536957e-20 3.507223858522121575e-21
5.137390071637067740e+04 6.725511975033072710e-20 3.591231127491925631e-21
5.139162364339394844e+04 6.486326596686828355e-20 3.721853965228397666e-21
5.140934641343077965e+04 6.141493300506402008e-20 3.603972899758397329e-21
5.142706902639840700e+04 7.456523807349342584e-20 3.763678879028547475e-21
5.144479148220209754e+04 6.998314222745467291e-20 3.567182653488235262e-21
5.146251378075543471e+04 7.106034792957881765e-20 3.646845617633221747e-21
5.147980750643290230e+04 7.297149635559921700e-20 3.630449823298393071e-21
5.149752944851517532e+04 6.789082148138156885e-20 3.906951968829375569e-21
5.151525123313230870e+04 7.173054041504605555e-20 3.801472728121706250e-21
5.153297286013634584e+04 7.040224458383583227e-20 3.636001738750614804e-21
5.155069432944374421e+04 6.866875193541141648e-20 3.515134399426577090e-21
5.156841564097220544e+04 7.585792903529102952e-20 3.749325700966003010e-21
5.158613679461775610e+04 7.225521426765984373e-20 3.823059187000923917e-21
5.160385779030020785e+04 7.486080988688769383e-20 4.224122904594128627e-21
5.162157862793641834e+04 6.733104118708996423e-20 3.634270834390136461e-21
5.163929930743176374e+04 6.956636599937259605e-20 3.620940068639410251e-21
5.165701982869092899e+04 6.885360653666431343e-20 3.668485879325314845e-21
5.167474019163289631e+04 7.556916051450237355e-20 3.658931697989620232e-21
5.169246039616630878e+04 7.616478081089120500e-20 3.893988663352949837e-21
5.171018044220188312e+04 7.106346041594453323e-20 3.886713489406852200e-21
5.172790032965273713e+04 6.571905860128831529e-20 3.799637800166289741e-21
5.174562005838075856e+04 7.324755690246113868e-20 3.704718338076047497e-21
5.176333962523035007e+04 8.035393353500796387e-20 3.817971742265150214e-21
5.178062991528757266e+04 6.866752130617347446e-20 3.734682829704857493e-21
5.179834912577096839e+04 6.665417355231804698e-20 3.641942844470723966e-21
5.181606817721899279e+04 7.786133853436743446e-20 3.714057701119022969e-21
5.183378706953254732e+04 7.980735712235125067e-20 3.942099850258145710e-21
5.185150580263090524e+04 7.415624788636881512e-20 3.870922660489726114e-21
5.186922437642086879e+04 7.632171805133121956e-20 3.796897084284854541e-21
5.188694279081005516e+04 8.199644360120943879e-20 3.915090374499651898e-21
5.190466104571479082e+04 8.606522080339217809e-20 3.872650580802107684e-21
5.192237914103781804e+04 7.736069947730036414e-20 3.825515002572937499e-21
5.194009707669313502e+04 8.026163274720808034e-20 3.905570722714225972e-21
5.195781485259383044e+04 1.005404239267453838e-19 4.015295806043342164e-21
5.197553246864305402e+04 9.545679952387640984e-20 3.833430319104815194e-21
5.199324992475976615e+04 9.231657287688293731e-20 3.896678720982540712e-21
5.201096722083865461e+04 8.316126457570660737e-20 5.271923335262795675e-21
