1.699027695751521605e+04 5.011321342547401956e-19 8.415417102402185819e-20
1.700096443410573193e+04 3.269727496190377083e-19 4.081816286177903443e-20
1.701165186938644911e+04 3.487349090431684705e-19 3.811315758245607041e-20
1.702233926333369163e+04 2.822205108184798962e-19 3.746071250527530768e-20
1.703302661592514050e+04 2.888002950133822304e-19 3.865805046536494785e-20
1.704371392713441674e+04 2.911752738997914242e-19 3.586535301832039065e-20
1.705440119693787346e+04 3.298753429005817646e-19 3.654098541728571443e-20
1.706508842531451955e+04 3.531225149810938589e-19 3.627989599079783884e-20
1.707577561224208694e+04 2.389454898732544888e-19 3.536133537166072595e-20
1.708646275769287604e+04 2.624636086087594533e-19 3.918968882818486770e-20
1.709714986164049333e+04 2.596731081726000569e-19 3.406432196696512474e-20
1.710783692406944465e+04 3.520924486798488113e-19 3.280937461262409921e-20
1.711852394495339104e+04 3.758324875425187798e-19 3.581280610167479360e-20
1.712921092426603718e+04 3.961682524103442783e-19 3.769377185109250439e-20
1.713989786198374713e+04 3.647541162100458955e-19 3.876249941048772069e-20
1.715058475808561707e+04 3.007217092741578416e-19 3.728468255761311200e-20
1.716127161254398743e+04 3.106127361395065149e-19 3.547200195755184243e-20
1.717195842534338590e+04 3.898302708060266882e-19 3.802034037099844211e-20
1.718264519644936081e+04 3.394259954260522752e-19 3.874127502510557212e-20
1.719333192584784410e+04 3.274442092645889200e-19 3.553301586786181090e-20
1.720401861350844410e+04 2.206433447124711938e-19 3.476841982101777461e-20
1.721470525941440064e+04 3.678932930459498686e-19 3.554058079254192205e-20
1.722539186353258992e+04 4.071536694609322776e-19 3.682297282892075722e-20
1.723607842584899845e+04 3.875394487666194597e-19 3.680733692942292944e-20
1.724676494633324182e+04 2.775950909093476615e-19 3.653846258527876758e-20
1.725745142496859262e+04 3.715621380298785688e-19 3.728662504544776169e-20
1.726813786172193795e+04 3.029912121248348853e-19 3.661767494358914229e-20
1.727882425657930071e+04 4.096031140856278807e-19 3.890247218674862177e-20
1.728951060951439649e+04 3.816981108191485947e-19 3.527906653344299801e-20
1.730019692049824152e+04 3.448403273087671205e-19 3.754171193637763430e-20
1.731088318951276960e+04 3.515667807492895705e-19 3.477782461452627879e-20
1.732156941653308968e+04 3.362374794722551004e-19 3.592417406406335096e-20
1.733225560153704282e+04 3.262759620749505403e-19 3.491498235925127965e-20
1.734294174449835191e+04 3.452028611899013599e-19 3.642768019076355340e-20
1.735362784539626955e+04 3.647882165823974799e-19 3.696443926693048087e-20
1.736431390420183379e+04 3.328938032799982382e-19 3.514701311896159960e-20
1.737499992090250817e+04 2.421712789170043558e-19 3.419262903566011543e-20
1.738568589546381190e+04 2.966065414143999771e-19 3.802380947480723229e-20
1.739637182786639823e+04 4.168211950965641916e-19 3.796565768142629035e-20
1.740705771808813734e+04 3.458129565506981798e-19 3.628276683707636807e-20
1.741774356610557152e+04 3.546489533075470858e-19 3.612354958152971233e-20
1.742842937188970973e+04 2.601456607343350616e-19 3.413553930941961643e-20
1.743911513542258763e+04 2.839680022088597071e-19 3.247382643834285643e-20
1.744980085668214451e+04 3.304797470411781396e-19 3.494160889464790467e-20
1.746048653564077176e+04 4.074474763691108149e-19 3.426732049024733656e-20
1.747117217227500441e+04 3.646803150534587350e-19 3.513380134917510645e-20
1.748185776656279268e+04 2.185016884400997802e-19 3.419446675028561694e-20
1.749254331848481888e+04 3.824623819674861224e-19 3.494865802519305169e-20
1.750322882800937441e+04 3.687504059685442189e-19 3.465700329203715275e-20
1.751391429511715251e+04 4.311527033728200642e-19 3.435552950160442534e-20
1.752459971978889007e+04 2.521900760174326169e-19 3.219188190128158181e-20
1.753528510199284938e+04 3.404871093187804184e-19 3.401864727781746109e-20
1.754597044171252492e+04 3.681906873879673210e-19 3.268810031008955932e-20
1.755665573891759414e+04 4.043453053120491400e-19 3.502726688033072779e-20
1.756734099359293759e+04 3.666884397285657644e-19 3.353803838012118104e-20
1.757802620571101579e+04 3.906100681617186714e-19 3.408629581814307587e-20
1.758871137524562801e+04 3.069180433281053941e-19 3.309309257142517101e-20
1.759939650218033057e+04 4.186488604772542307e-19 3.543360220055015859e-20
1.761008158648338940e+04 4.062634524682079688e-19 3.340886473648284226e-20
1.762076662813837174e+04 4.094517733147435884e-19 3.389669033217121621e-20
1.763145162711631929e+04 4.357516590336260727e-19 3.565729845456401515e-20
1.764213658340081383e+04 4.117968980041873391e-19 3.371783154484641653e-20
1.765282149696009947e+04 4.683296201985846434e-19 3.262538926438979049e-20
1.766350636777500767e+04 5.015648189108628730e-19 3.357624271092449429e-20
1.767419119582774510e+04 3.498727961680477192e-19 3.252795140239487856e-20
1.768487598108519887e+04 4.264142292281510841e-19 3.313486317665983250e-20
1.769556072352957199e+04 4.260204850925863076e-19 3.195399182837573370e-20
1.770624542313612983e+04 3.599825579917663834e-19 3.149437165770375742e-20
1.771693007987871533e+04 3.138694057542906034e-19 2.883131356643343368e-20
1.772761469373957880e+04 4.264512792177438950e-19 3.131391876579798345e-20
1.773829926469691418e+04 3.641762928990720867e-19 3.299717664868258232e-20
1.774898385495208640e+04 3.964502291677774318e-19 3.231586751957337961e-20
1.775966863471527904e+04 4.109844209198999397e-19 3.218604697568713849e-20
1.777035337149984480e+04 3.775541061279145247e-19 3.121053917361840728e-20
1.778103806528245332e+04 2.688201462937109207e-19 3.146119929728383827e-20
1.779172271603138506e+04 2.597620812860804389e-19 2.986561762052502865e-20
1.780240732373029459e+04 3.071355812609355155e-19 3.115874692353192949e-20
1.781309188835869645e+04 2.933417987429089906e-19 3.263883948741656830e-20
1.782377640988626445e+04 3.823182389667139758e-19 3.346828035334160376e-20
1.783446088829247310e+04 3.441725442906084828e-19 3.150319074153739708e-20
1.784514532355684423e+04 3.243451866188961230e-19 3.128604472926355338e-20
1.785582971564761829e+04 2.890371293510304929e-19 3.235248570010933335e-20
1.786651406454995958e+04 3.767386795904759969e-19 3.331971927303310781e-20
1.787719837023773653e+04 3.753730461854397355e-19 2.937056700398439002e-20
1.788788263269047820e+04 2.620759133811265055e-19 2.587833202678512231e-20
1.789856685187927724e+04 2.830347955018990887e-19 2.777602933465575233e-20
1.790925102778364453e+04 3.257687374344898018e-19 3.044641794938318259e-20
1.791993516037890004e+04 3.714656022451075991e-19 2.940525342235720655e-20
1.793061924964457648e+04 3.258272624348588580e-19 2.990150706587964127e-20
1.794130329556023207e+04 3.457375962522815334e-19 2.969062376262665919e-20
1.795198729809413271e+04 3.124287132344621796e-19 3.072003693814402050e-20
1.796267125722580749e+04 3.484343433736027514e-19 3.046469233368431683e-20
1.797335517293907105e+04 4.064887238229432239e-19 2.873589680193415613e-20
1.798403904520077776e+04 3.401241214187658110e-19 3.127570993340534845e-20
1.799472287399049310e+04 2.705563985941427394e-19 3.057844812739385819e-20
1.800540665929201714e+04 3.327700997476508992e-19 3.114138348072432961e-20
1.801609040107221153e+04 2.725221640573532125e-19 3.098572929019830435e-20
1.802677409931206057e+04 3.296326198760913792e-19 3.135270201345892548e-20
1.803745775399116246e+04 3.402403669796937487e-19 3.080011997759067431e-20
1.804814136508059892e+04 3.235368747731827567e-19 2.994928777555599455e-20
1.805882493255997542e+04 3.525139120162498556e-19 3.249971984152503953e-20
1.806950845640887201e+04 3.790525456059134718e-19 3.201141447530668105e-20
1.808019193659841039e+04 3.137963053886591390e-19 3.332214679330314139e-20
1.809087537310817424e+04 3.710520154697779378e-19 3.286897727124111768e-20
1.810155876592062486e+04 4.059596639903292497e-19 3.167504465852749563e-20
1.811224211500117963e+04 4.077588337965642584e-19 3.238320613571425381e-20
1.812292542033229256e+04 3.494813958907995653e-19 3.061593443028117618e-20
1.813360868189643952e+04 3.497174272094592473e-19 2.984147846339702007e-20
1.814429189965900150e+04 3.195239494314066748e-19 2.987071668070540174e-20
1.815497507360390955e+04 3.910588863708211930e-19 2.927529755952985196e-20
1.816565820370652364e+04 3.946644506059973618e-19 2.994060663659430571e-20
1.817634128994220009e+04 3.935734850464548547e-19 3.009667818430540321e-20
1.818702433229060262e+04 3.840862134881866150e-19 2.963903549684842334e-20
1.819770733073136216e+04 2.704179838137230868e-19 3.775413171532720747e-20
1.985542784051942726e+04 4.357713878037075865e-19 3.338792609771614601e-20
1.986610369756968066e+04 4.003820256826984815e-19 2.571503139697460230e-20
1.987677950707005948e+04 3.656957189488590342e-19 2.396403086285671541e-20
1.988745526899740798e+04 2.280176171671529511e-19 2.540727091820130509e-20
1.989813098333465314e+04 3.459960786275401625e-19 2.479420815905858533e-20
1.990880665005862465e+04 2.615549908727893201e-19 2.467233625800401206e-20
1.991948226914005500e+04 3.534030081961027501e-19 2.504486074856791687e-20
1.993015784055573749e+04 3.348312965360975749e-19 2.375017438716370335e-20
1.994083336428558687e+04 3.046733158504629346e-19 2.382460127793811647e-20
1.995150884031250462e+04 2.848410585254931859e-19 2.434448315908157558e-20
1.996218426860414911e+04 3.470683770237379103e-19 2.355136220732719218e-20
1.997285964914040596e+04 2.886275426544677284e-19 2.159173373960196908e-20
1.998353498189500169e+04 3.396575437991542531e-19 2.155505475150124218e-20
1.999421026685700781e+04 3.375436739147198269e-19 2.360037704391524304e-20
2.000488550398791631e+04 3.820159843902122376e-19 2.347328107601122040e-20
2.001556069326758734e+04 3.155645268975252556e-19 2.318665755929648807e-20
2.002623583467895878e+04 3.021758092068545840e-19 2.383860416159804489e-20
2.003691092819879850e+04 3.445117122774941440e-19 2.546627750671710052e-20
2.004758597379778439e+04 3.390369580635276570e-19 2.493334449812072920e-20
2.005826097145271342e+04 3.538146854781528231e-19 2.510019844388561183e-20
2.006893592115267893e+04 3.497695742890400659e-19 2.401439223282595877e-20
2.007961082286216697e+04 2.985019042074929134e-19 2.408864351852787854e-20
2.009028567655182633e+04 3.320484289500607317e-19 2.593740226606220798e-20
2.010096042694830612e+04 3.125619346056773535e-19 2.362061728596651364e-20
2.011163504306083996e+04 2.675570153365076273e-19 2.432697836218554255e-20
2.012230961109192140e+04 2.747135550262715932e-19 2.388180059651247688e-20
2.013298413102142149e+04 2.839675408891090725e-19 2.287346042915744175e-20
2.014365860282920039e+04 3.399064368059490189e-19 2.471299881597780444e-20
2.015433302648891549e+04 2.779181733189066503e-19 2.258037758950405135e-20
2.016500740197119740e+04 3.287522686679846809e-19 2.236173978275466241e-20
2.017568172926202897e+04 3.578771053648896429e-19 2.280952099118660597e-20
2.018635600833821809e+04 2.476697444294272047e-19 2.329058164361358397e-20
2.019703023917338942e+04 3.254586564000147098e-19 2.347476820498286438e-20
2.020770442174432901e+04 3.200137927456725996e-19 2.344258496113876609e-20
2.021837855602158015e+04 3.654871949994241065e-19 2.420532825079852584e-20
2.022905264199118028e+04 3.322310226786190467e-19 2.378905072940141656e-20
2.023972667963293134e+04 3.121008060292352445e-19 2.352513157362249417e-20
2.025040066891739843e+04 2.822244002511572294e-19 2.420294077266363294e-20
2.026107460981203985e+04 3.729990530122699219e-19 2.482090869398800376e-20
2.027174850230599259e+04 3.753444949920802263e-19 2.606603024278318718e-20
2.028242234637598449e+04 3.927313258882064551e-19 2.569057255153119599e-20
2.029309614199563293e+04 3.268474490452999353e-19 2.331639868728403104e-20
2.030376988914479080e+04 3.239755323872366668e-19 2.410256295739413445e-20
2.031444358779394315e+04 3.253992507534443036e-19 2.326565379636761490e-20
2.032511723791671830e+04 3.056200071912444526e-19 2.270423510520671624e-20
2.033579083950225322e+04 3.855059638848810808e-19 2.457504274242827309e-20
2.034646439251792617e+04 3.521071545473965205e-19 2.355211855406623474e-20
2.035713789694978914e+04 3.920490057229425961e-19 2.351241703831011373e-20
2.036781135276518398e+04 3.117648421363067024e-19 2.313268283046397474e-20
2.037848475994394175e+04 2.896544436937051762e-19 2.502439739392956532e-20
2.038915811845653661e+04 3.913586344556732661e-19 2.542014470907064587e-20
2.039983142829521967e+04 3.575551420532803310e-19 2.322845697065655875e-20
2.041050468942733278e+04 3.340999476551608921e-19 2.281220694422279955e-20
2.042117790182331737e+04 3.284029878817183489e-19 2.405062660074475894e-20
2.043185106546916359e+04 3.356397017442038681e-19 2.370263935450183935e-20
2.044252418034161383e+04 2.960392925966791395e-19 2.245157469577927950e-20
2.045319724641109860e+04 3.080977859778131241e-19 2.270531007687289472e-20
2.046387026365426937e+04 3.380194262353172204e-19 2.277630509908693926e-20
2.047454323205405308e+04 3.335760989749872437e-19 2.261751069273387434e-20
2.048521615158397981e+04 2.691953579101261365e-19 2.221605361927538916e-20
2.049588902222384422e+04 3.516536189119722089e-19 2.353681147237933029e-20
2.050656184394089723e+04 2.852860936400702641e-19 2.293902201832351380e-20
2.051723461672117992e+04 3.484399371453474290e-19 2.307746678827780031e-20
2.052790734054133281e+04 3.138840781167706153e-19 2.443858846578675617e-20
2.053858001537177188e+04 3.207524187598024455e-19 2.205999374108655059e-20
2.054925264119222265e+04 3.382228205098820625e-19 2.251643557946699152e-20
2.055992521797932204e+04 3.837294852040813571e-19 2.345841880107936692e-20
2.057059774571286107e+04 3.265174089530758333e-19 2.387750222234906924e-20
2.058127022436315383e+04 3.057343252789263163e-19 2.314844022770867825e-20
2.059194265391307272e+04 3.231812203498466659e-19 2.394678720615990834e-20
2.060261503432983955e+04 2.861519901986380243e-19 2.206322056361128925e-20
2.061328736560579273e+04 2.852528107524071798e-19 2.225016353189925515e-20
2.062395964769868078e+04 3.076621649033911081e-19 2.190987260530634041e-20
2.063463188060081666e+04 2.722968913821502171e-19 2.305714142258728136e-20
2.064530406427623529e+04 2.693148907121204617e-19 2.215960118812718302e-20
2.065597619871724601e+04 3.810991111493680349e-19 2.293829799501561491e-20
2.066664828388156093e+04 3.312136805888587298e-19 2.246493908496098198e-20
2.067732031976151120e+04 3.992751274238749680e-19 2.410776613610912077e-20
2.068799230632422041e+04 3.739514286379752181e-19 2.281232345637592836e-20
2.069866424355257186e+04 2.925648990397339313e-19 2.336680438366461906e-20
2.070933613141998649e+04 3.594928663979766684e-19 2.289029709021809948e-20
2.072000796989985975e+04 3.168878840832461325e-19 2.405631777834078369e-20
2.073067975897192809e+04 3.580852488480742631e-19 2.339890046943903827e-20
2.074135149861903119e+04 3.901600125596447351e-19 2.418128856858947721e-20
2.075202318880505845e+04 3.769350867423847805e-19 2.268741468163496218e-20
2.076269482951609461e+04 3.347444312213345872e-19 2.247144828152608353e-20
2.077336642072551331e+04 2.800137049255861199e-19 2.156236236051492997e-20
2.078403796240670636e+04 3.331203038840784164e-19 2.238875206642394944e-20
2.079470945453934473e+04 3.078786744299392923e-19 2.191103973763766021e-20
2.080538089710313579e+04 3.050041101099326099e-19 2.264279419468298170e-20
2.081605229007143498e+04 3.191749551329745861e-19 2.149670379398989710e-20
2.082672363342076642e+04 3.082834658724612419e-19 2.331244343575171023e-20
2.083739492712763968e+04 3.400453207560500998e-19 2.334890345802833250e-20
2.084806617116539201e+04 3.347630087780621930e-19 2.476573511969693160e-20
2.085873736551686670e+04 3.788423775644669390e-19 2.292161726994996880e-20
2.086940851015539738e+04 3.117612759957375122e-19 2.168849885751719289e-20
2.088007960505746814e+04 2.576752313211918568e-19 2.235323074688464591e-20
2.089075065019632166e+04 3.308344731140358045e-19 2.299388108048175871e-20
2.090142164555804629e+04 2.631807518539799295e-19 2.291659283907279317e-20
2.091209259110639323e+04 2.760539878897764767e-19 2.164704085196804333e-20
2.092276348682739626e+04 2.675037399048681009e-19 2.137513927814159970e-20
2.093343433269433081e+04 3.172379586453469442e-19 2.209360468780408961e-20
2.094410512868365913e+04 3.478214571482053396e-19 2.284940482405285443e-20
2.095477587477184352e+04 3.118743975085351246e-19 2.227882212075089713e-20
2.096544657093851856e+04 3.463448811963201582e-19 2.116060008420855529e-20
2.097611721715375461e+04 2.848918747472333378e-19 2.048583021841283947e-20
2.098678781340037676e+04 3.213913779328754072e-19 2.237888588631883972e-20
2.099745835964523940e+04 4.062629501838901985e-19 2.361837836664960395e-20
2.100812885587754499e+04 3.556591575940833189e-19 2.268272832634939990e-20
2.101879930206091376e+04 3.799755520648598240e-19 2.247274113487150621e-20
2.102946969818132129e+04 3.791102802315164446e-19 2.167695761120310432e-20
2.104014004421202480e+04 3.283770562096986381e-19 2.015015683086447338e-20
2.105081034012946111e+04 3.104982889636812415e-19 2.194141631692149100e-20
2.106148058591001609e+04 4.006344609637348515e-19 2.233429340675783359e-20
2.107215078153328432e+04 3.807125162774843656e-19 2.210099831155158872e-20
2.108282092697568442e+04 3.081532401343774215e-19 2.229029427296807589e-20
2.109349102220394343e+04 3.483837728468362802e-19 2.259548927360781460e-20
2.110416106719769232e+04 3.289806858980321595e-19 2.167254132312355813e-20
2.111483106194289576e+04 3.096587701294082932e-19 2.205590980704233084e-20
2.112550100640308301e+04 2.804371837542060458e-19 2.347277836537007008e-20
2.113617090056426969e+04 3.401699632952315215e-19 2.137772675229052104e-20
2.114684074440277982e+04 2.677298191466957716e-19 2.101063857334123653e-20
2.115751053789490470e+04 3.017414898636489063e-19 2.112605425704296627e-20
2.116818028100743322e+04 2.871535249869146852e-19 2.107962639913642704e-20
2.117884997372313592e+04 3.085034002427257036e-19 2.144453462626606234e-20
2.118951961602154915e+04 3.335538813782019931e-19 2.287880675228792592e-20
2.120018920786934177e+04 3.294323747398191836e-19 2.076010072494664199e-20
2.121085874925894313e+04 3.210730899785792334e-19 2.132873670050647106e-20
2.122152824015055012e+04 3.309763743587926691e-19 2.280629511853522838e-20
2.123219768053015650e+04 3.408395471107548418e-19 2.274291983288548570e-20
2.124286707036760708e+04 3.377766765818238105e-19 2.242552652095785891e-20
2.125353640964563601e+04 3.452301953188735811e-19 2.272621147623632158e-20
2.126420569833733680e+04 3.168498697624025440e-19 2.275273734965480869e-20
2.127487493641888432e+04 3.883071515243184516e-19 2.305238595054310480e-20
2.128554412386340482e+04 4.342524757784843276e-19 2.348724910862637479e-20
2.129621326065040193e+04 3.651198021757260324e-19 2.209826205279950890e-20
2.130688234675937565e+04 3.618557990540345124e-19 2.155910245362308840e-20
2.131738182171411245e+04 3.739309141327646459e-19 2.058210175485271933e-20
2.132805079868130997e+04 3.732720249427719755e-19 2.385828046868956665e-20
2.133871972168635330e+04 2.988730563494527920e-19 2.257233837872189061e-20
2.134938859388994024e+04 3.259482298611455145e-19 2.276301498912187764e-20
2.136005741530003434e+04 3.107774614164481343e-19 2.155121164042833442e-20
2.137072618588332261e+04 2.687001501259301623e-19 2.227013425970809028e-20
2.138139490561290950e+04 2.902505618877487687e-19 2.019625718374990226e-20
2.139206357447763730e+04 3.113593244735420578e-19 2.133347282494813432e-20
2.140273219245063956e+04 3.242978757903240894e-19 2.148646675552078723e-20
2.141340075950487517e+04 3.014710101628263787e-19 2.220604343493442600e-20
2.142406927561014527e+04 2.886946839319746107e-19 2.185132828789486756e-20
2.143473774074900211e+04 3.206398466211230158e-19 2.189209436085056548e-20
2.144540615490090204e+04 3.334993652246062653e-19 2.257052757897040428e-20
2.145607451804509401e+04 2.851059538635358123e-19 2.172224157680434333e-20
2.146674283013870809e+04 3.266596714275151201e-19 2.109110963807161560e-20
2.147741109117690939e+04 3.207312496575280204e-19 2.190037094672525252e-20
2.148807930113597104e+04 3.669842762740816157e-19 2.258799032766822508e-20
2.149874745998240542e+04 4.063177003405600674e-19 2.395451955492013044e-20
2.150941556768908413e+04 4.253331905717584375e-19 2.324226889325308426e-20
2.152008362424178995e+04 3.917561792076186935e-19 2.386608297190075706e-20
2.153075162961667593e+04 3.294836234636817938e-19 2.167032144081689517e-20
2.154141958378348500e+04 3.884485634121798080e-19 2.187731240696416587e-20
2.155208748672460570e+04 3.518386744306448524e-19 2.329859029549724362e-20
2.156275533840664502e+04 3.760264612138257214e-19 2.325350107911012655e-20
2.157342313881522568e+04 3.828795162501339992e-19 2.263338342752967228e-20
2.158409088792331386e+04 3.351368379594202335e-19 2.208659988083149661e-20
2.159475858571329081e+04 3.769185995922222691e-19 2.301240036242211832e-20
2.160542623214530977e+04 3.644013960467767068e-19 2.319040267918343447e-20
2.161609382720815483e+04 3.347571910079625123e-19 2.261500095391377217e-20
2.162676137088116229e+04 2.788776199902191809e-19 2.288804102152165197e-20
2.163742886312757400e+04 3.260384719835752633e-19 2.093968148861955591e-20
2.164809630392980034e+04 3.215637423126778928e-19 2.055981037233913095e-20
2.165876369326713029e+04 3.040020348496602778e-19 2.084342969707738753e-20
2.166943103111235905e+04 3.403253809732632170e-19 2.346312624911680090e-20
2.168009831743831819e+04 3.398796967773973908e-19 2.287390118559710886e-20
2.169076555222736715e+04 3.613394990965958369e-19 2.313533796832309870e-20
2.170143273545232296e+04 3.726802004568340461e-19 2.370002856994806477e-20
2.171209986708280121e+04 3.289718154583486998e-19 2.345619136774044778e-20
2.172276694710759330e+04 3.549287707624468488e-19 2.253241660596612137e-20
2.173343397549635120e+04 2.330259048798622846e-19 2.256154789048601022e-20
2.174410095222496602e+04 3.195645386805647959e-19 2.182404486238153356e-20
2.175476787726303519e+04 3.636667987308375981e-19 2.188217084539683109e-20
2.176543475060258788e+04 3.308768739548881271e-19 2.169053142603453337e-20
2.177610157220675319e+04 2.816841344388814108e-19 2.161221385575084754e-20
2.178676834205456908e+04 2.777971272843185772e-19 2.291162585913584613e-20
2.179743506011880163e+04 3.150828182053396962e-19 2.111479286030061978e-20
2.180810172638183940e+04 3.438147973925345232e-19 2.216732358450574452e-20
2.181876834081640482e+04 3.356626968980877395e-19 2.361081919692839846e-20
2.182943490340159406e+04 4.037003316231610017e-19 2.325396020602891495e-20
2.184010141410363940e+04 3.798478193586907664e-19 2.335631590151454861e-20
2.185076787290493667e+04 3.486126527486439551e-19 2.277249444739900144e-20
2.186143427978784530e+04 2.988481649596269568e-19 2.167705328480893513e-20
2.187210063471854301e+04 3.543290715086594483e-19 2.292615026340687683e-20
2.188276693767612232e+04 4.222645924097982264e-19 2.329354263223467894e-20
2.189343318863636159e+04 3.801252976444847539e-19 2.201179262060846272e-20
2.190409938757201598e+04 4.443969710378368397e-19 2.257439584488371416e-20
2.191476553446856269e+04 3.371917516071900863e-19 2.288860729423773295e-20
2.192543162929218670e+04 2.953416445937162610e-19 2.187548207288417733e-20
2.193609767202193689e+04 2.835430327626497491e-19 2.092524515118898841e-20
2.194676366263367163e+04 2.886255357228711901e-19 2.011113572742932362e-20
2.195742960110642161e+04 3.988665972177315124e-19 1.986796721432071642e-20
2.196809548740630271e+04 3.493747648391391286e-19 2.051123994087691043e-20
2.197876132152205537e+04 3.416150285380836548e-19 2.255447784081110956e-20
2.198942710341971906e+04 3.300051831383247850e-19 2.163695047378093638e-20
2.200009283307833903e+04 3.598224299181777971e-19 2.341371970153867227e-20
2.201075851047367541e+04 3.360421765417863093e-19 2.133566022635524888e-20
2.202142413558154294e+04 2.855798408299325730e-19 2.036599227054074903e-20
2.203208970838094319e+04 3.172351694327782436e-19 2.351883329553648051e-20
2.204275522884116799e+04 3.004645094560434663e-19 2.270262385915518592e-20
2.205342069694440215e+04 3.281637393838241934e-19 2.257318157793811097e-20
2.206408611265992658e+04 3.287968670979283310e-19 2.273311306098714143e-20
2.207475147596988609e+04 3.046575646737606017e-19 2.135799594662550119e-20
2.208541678684026192e+04 3.360072081670644267e-19 2.288307449258385775e-20
2.209608204525980545e+04 3.609586607796721598e-19 2.128047357503654631e-20
2.210674725119447248e+04 3.915999025330190978e-19 2.249752898707461875e-20
2.211741240462967835e+04 3.356142500140410359e-19 2.230106679714382233e-20
2.212807750552491052e+04 3.039958412836931010e-19 2.142517107918985346e-20
2.213874255387529411e+04 2.998763167417353221e-19 2.147575830192586068e-20
2.214940754964023654e+04 2.946085796392513276e-19 2.127328754370420775e-20
2.216007249279866301e+04 3.165519690576746414e-19 2.188046598652129572e-20
2.217073738333925576e+04 3.486836860424382020e-19 2.323809729487291800e-20
2.218140222122459454e+04 3.384203515369200980e-19 2.299090610962676938e-20
2.219206700642703800e+04 2.782620019254794298e-19 2.235348920248577484e-20
2.220273173893854619e+04 3.108799877535877290e-19 2.086679508109354959e-20
2.221339641872168431e+04 2.903827931995829387e-19 2.049290902017737779e-20
2.222406104574875280e+04 3.035873811317489064e-19 2.074149431605498189e-20
2.223472562000849575e+04 3.390353397720908551e-19 2.092230798492542761e-20
2.224539014147322450e+04 2.873690771113943459e-19 1.897303483521583504e-20
2.225605461010862928e+04 2.835197943554568102e-19 1.992203192280053425e-20
2.226671902590008540e+04 3.425823489938213380e-19 2.102857854342723117e-20
2.227738338881994059e+04 2.888687637130233404e-19 2.007874039355691569e-20
2.228804769884368216e+04 3.052138051850487002e-19 2.040438287262480656e-20
2.229871195594689925e+04 2.980964123208585434e-19 1.984912106022529703e-20
2.230937616010510828e+04 3.470298958261673554e-19 1.967402627498874224e-20
2.232004031129058421e+04 3.172594140957827916e-19 2.181520831345134641e-20
2.233070440948869145e+04 2.985083301214645705e-19 2.166899490186013871e-20
2.234136845466503291e+04 3.149540102450893792e-19 2.082337896004824314e-20
2.235203244679508134e+04 2.944275524124099995e-19 2.141778434853315672e-20
2.236269638586421934e+04 3.185855408403418468e-19 2.032471119201698996e-20
2.237336027183804981e+04 2.928846785793250637e-19 2.157489022240151826e-20
2.238402410469531969e+04 2.875580120136185847e-19 1.975395425951666610e-20
2.239468788441150173e+04 3.322595730007891530e-19 2.102036198669194010e-20
2.240535161095876902e+04 2.813094590114438001e-19 1.846345015804835566e-20
2.241601528432244959e+04 2.721612114419406651e-19 1.993877987658753996e-20
2.242667890446810634e+04 3.448062833698014697e-19 2.111059072288678832e-20
2.243734247094451348e+04 3.192845038934650462e-19 1.984108144013260287e-20
2.244800592863094425e+04 3.284936241155324240e-19 2.153702991390040906e-20
2.245866891437432787e+04 3.478089028081826575e-19 2.093551800778637649e-20
2.246933184342634195e+04 3.079075051896376105e-19 2.022754071125226205e-20
2.247999471915099639e+04 2.894119063135348793e-19 2.047179223287732315e-20
2.249065754151054352e+04 3.413368128185889236e-19 2.080399014773850434e-20
2.250132031050014848e+04 3.044686473441171467e-19 2.072888616257582825e-20
2.251198302608198355e+04 3.486954775969994770e-19 2.021823746521726282e-20
2.252264568823795344e+04 3.306940613066486538e-19 2.108347768529726739e-20
2.253330829694009662e+04 3.081345041915920351e-19 2.154875469760091262e-20
2.254397085216371852e+04 3.250821019875671774e-19 2.010534520354595407e-20
2.255463335388084306e+04 2.577262843461684183e-19 1.869475313203161925e-20
2.256529580207337131e+04 3.094294517382605381e-19 1.945858421687941983e-20
2.257595819670673882e+04 3.020332572160695053e-19 2.123921116697265620e-20
2.258662053777278197e+04 3.253416015578156920e-19 1.990717911047685926e-20
2.259728282523014786e+04 3.135517332659036056e-19 2.089753896489110430e-20
2.260794505906403720e+04 3.542223074056271290e-19 2.065323788566029845e-20
2.261860723924305057e+04 2.880404967127788563e-19 1.849352917455599888e-20
2.262926936574581487e+04 2.660956942807971614e-19 1.920670322521092687e-20
2.263993143855096059e+04 2.923674231156926610e-19 1.880315630415569163e-20
2.265059345763031524e+04 2.672938106787892722e-19 1.954422099554350623e-20
2.266125542295577907e+04 2.883391036671083148e-19 1.974563198739793923e-20
2.267191733450915490e+04 3.007736773754152767e-19 2.008295038020777276e-20
2.268257919225905425e+04 3.159268214100073624e-19 1.973779316267619300e-20
2.269324099619059052e+04 3.058353008189846031e-19 1.946492670050348591e-20
2.270390274626564133e+04 2.675403225672634093e-19 2.035852941203200518e-20
2.271456444246939282e+04 2.544967537068044993e-19 1.929974643696687315e-20
2.272522608477702306e+04 2.999234372031102019e-19 2.006589079817707857e-20
2.273588767315357109e+04 3.067106195866926850e-19 2.040341284593399900e-20
2.274654920758086519e+04 3.019818027661153689e-19 2.127076850522643722e-20
2.275721068803741218e+04 3.068122356264407734e-19 2.015166692264042540e-20
2.276787211449497408e+04 2.915100029845641669e-19 1.986158954462980529e-20
2.277853348695499517e+04 3.376112527144274605e-19 2.044364782465810790e-20
2.278919480855625807e+04 3.055146283731540328e-19 1.997283906930594370e-20
2.279968500041664811e+04 3.118326097124082336e-19 1.997761788922679936e-20
2.281034619969624691e+04 2.495269532419156111e-19 1.965587515860260496e-20
2.282100734485212524e+04 2.319757455792951240e-19 1.929170161127595360e-20
2.283166843586264804e+04 2.910146228664914654e-19 2.069551159161288087e-20
2.284232947269611395e+04 3.732522986486243018e-19 2.064667336768031458e-20
2.285299045533096432e+04 3.312300748672258416e-19 2.009312314637648954e-20
2.286365138374223534e+04 3.426678671031019866e-19 2.086594158303225870e-20
2.287431225790839017e+04 3.423801641120272362e-19 2.008612567109540688e-20
2.288497307779401672e+04 3.483592821600253025e-19 2.021321391206990608e-20
2.289563384338449760e+04 3.178903117036806620e-19 2.052443684399477287e-20
2.290629455465118372e+04 3.148246271457777061e-19 2.108447919296175643e-20
2.291695521156920222e+04 2.946396235650468155e-19 1.876177917793961127e-20
2.292761581411694715e+04 3.778597971792622495e-19 1.973571474180382744e-20
2.293827636226590766e+04 2.916628997669171062e-19 1.895340299910601653e-20
2.294893685598752927e+04 3.094104240066916849e-19 1.897729946156999532e-20
2.295959729526018418e+04 2.554277202601029419e-19 1.916987780905573737e-20
2.297025768005878854e+04 3.070621256235470121e-19 1.927133497370670356e-20
2.298091801036156539e+04 2.923407285291628257e-19 1.986399773296964670e-20
2.299157828613658785e+04 4.320961906327272090e-19 2.086216553171432951e-20
2.300223850736219538e+04 5.212270882991588099e-19 2.148827147358004195e-20
2.301289867401676020e+04 3.930264937701018813e-19 2.107664811296455455e-20
2.302355878607163322e+04 3.386236661022271153e-19 1.960052003251944803e-20
2.303421884350163600e+04 3.585412397594079816e-19 2.017133351537239339e-20
2.304487884627458698e+04 3.013792431854521874e-19 1.871967256952120382e-20
2.305553879438268268e+04 2.092285900418717487e-19 1.935784463675637563e-20
2.306619868778337332e+04 2.610285721766144072e-19 2.114869649071577704e-20
2.307685852645494015e+04 3.106007557278787592e-19 1.981816344252210618e-20
2.308751831038265664e+04 2.606583115767998204e-19 1.859111165155721338e-20
2.309817803953431212e+04 3.282448540326081801e-19 2.094177846282909327e-20
2.310883771388464083e+04 2.853148599289430747e-19 2.029950144271176526e-20
2.311949733340481907e+04 3.277317352597989233e-19 2.032992426094726342e-20
2.313015689807658418e+04 3.488745443682625060e-19 2.041532023665322750e-20
2.314081640787124707e+04 3.123540136012311844e-19 1.935959948956158651e-20
2.315147586276349830e+04 3.311362089446930476e-19 2.024035692191186101e-20
2.316213526272806121e+04 3.458297235058939612e-19 2.038139026151466459e-20
2.317279460773960091e+04 3.329168524445051807e-19 2.014407366275534758e-20
2.318345389777280434e+04 3.240763917261125215e-19 1.981692368092867774e-20
2.319411313279866590e+04 3.013894217742097577e-19 2.012262374911337706e-20
2.320477231279901753e+04 3.457245458253245564e-19 2.020957115305944396e-20
2.321543143774499549e+04 3.280025530492214631e-19 2.019014017914357461e-20
2.322609050761474646e+04 2.841776248590848491e-19 1.799445439655256969e-20
2.323674952237584512e+04 3.018330725360309962e-19 1.988218657262322268e-20
2.324740848200288019e+04 2.775342498508880548e-19 1.872625986890766425e-20
2.325806738647744714e+04 2.781711898474626106e-19 1.804840383156023234e-20
2.326872623577056947e+04 3.465050981752444902e-19 1.961695674950069591e-20
2.327938502985691230e+04 2.869207382471367572e-19 1.894996723066222656e-20
2.329004376871458226e+04 3.216231343474898276e-19 1.929321218455298597e-20
2.330070245231103036e+04 2.748578290091712124e-19 2.067829966101169451e-20
2.331136108062079438e+04 2.538155190923174578e-19 1.899200304595920232e-20
2.332201965362546616e+04 3.148099662957145742e-19 2.062599814281609278e-20
2.333267817129941977e+04 2.853994739467018213e-19 1.897592843043918630e-20
2.334333663361022991e+04 3.501901858718625894e-19 2.038532895195169865e-20
2.335399504053589772e+04 3.009339908150946263e-19 1.929987232122028838e-20
2.336465339205090640e+04 3.198643736349059485e-19 2.074214581597949907e-20
2.337531168812973556e+04 2.677605031974317896e-19 1.968359018493401023e-20
2.338596992874681746e+04 3.351071305494095361e-19 1.976737590680397074e-20
2.339662811388359478e+04 2.874607309111014544e-19 2.004446809604565606e-20
2.340728624350388054e+04 3.687363259850331491e-19 2.017429417626239528e-20
2.341794431758213250e+04 3.037837843729099414e-19 1.981290400078440205e-20
2.342860233609631541e+04 3.153163467000698511e-19 1.951508585099983194e-20
2.343926029902081063e+04 2.639716188938528204e-19 1.816772794253212968e-20
2.344991820633715906e+04 3.253785098441182642e-19 1.979307407989604521e-20
2.346057605800531746e+04 3.011234855087891799e-19 1.955597389509575118e-20
2.347123385400678671e+04 3.152758843465155352e-19 1.983871300445005995e-20
2.348189159431600274e+04 2.995969866499642852e-19 1.983709562158383880e-20
2.349254927891086845e+04 3.301722163848769154e-19 1.870688756244016589e-20
2.350320690775494222e+04 3.238049427736600091e-19 1.868934569118804025e-20
2.351386448083685900e+04 3.228788912099255879e-19 1.969904500784605194e-20
2.352452199812369145e+04 3.606417346705856116e-19 1.852507623195315384e-20
2.353517945959323333e+04 3.384582927825446482e-19 1.928725035625382465e-20
2.354583686521269192e+04 2.919314360025016702e-19 1.825429506797067575e-20
2.355649421495990100e+04 3.243540515845225277e-19 1.983895532989063254e-20
2.356715150880908550e+04 3.358381664560837634e-19 1.987930093252524158e-20
2.357780874673090511e+04 2.498299097686499827e-19 1.971171840521487613e-20
2.358846592870669338e+04 2.792168024138068051e-19 1.930748234280382174e-20
2.359912305470695719e+04 3.306579034560497615e-19 1.876550326369833237e-20
2.360978012470242538e+04 3.370523063483587545e-19 2.044968865175830936e-20
2.362043713867086262e+04 3.317346157069954478e-19 1.935174506123529555e-20
2.363109409659003359e+04 3.245728749866976421e-19 1.863357001649651768e-20
2.364175099843049247e+04 3.724086867924224712e-19 1.930431050374452298e-20
2.365240784416271345e+04 3.934578154529385422e-19 1.835982165734296061e-20
2.366306463377517139e+04 3.334860243850493188e-19 1.971316121780514776e-20
2.367372136722765208e+04 3.110024032559306285e-19 1.954870464499250893e-20
2.368437804449062969e+04 3.086004263179508516e-19 1.916115583378618853e-20
2.369503466554543775e+04 3.038753026887487993e-19 2.081979912616181184e-20
2.370569123036610836e+04 3.439685848330208949e-19 2.002788806193417914e-20
2.371634773893390593e+04 3.337247146897009721e-19 1.873092310590432993e-20
2.372700419121193772e+04 3.392985969881119105e-19 2.013349673265665070e-20
2.373766058718160639e+04 2.970321018944936594e-19 1.914188619830566666e-20
2.374831692680965716e+04 3.233085262904187493e-19 1.904360192319905102e-20
2.375897321007372739e+04 3.269109609840593567e-19 2.052381593290044655e-20
2.376962943694782007e+04 3.818688579168645030e-19 2.065951540808293797e-20
2.378028560740580360e+04 3.588363874658264263e-19 1.963458486092860742e-20
2.379094172142527532e+04 3.092241384686625784e-19 2.132273863692646948e-20
2.380159777897664389e+04 3.363936846888378764e-19 1.918131895874624450e-20
2.381225378003385049e+04 3.066975698679407375e-19 1.860929301165041332e-20
2.382290972456351301e+04 3.111928440857166548e-19 2.022193374702940350e-20
2.383356561255047200e+04 3.082960113625414992e-19 1.927057852071128628e-20
2.384422144396120348e+04 3.060092169518505728e-19 1.903135053630990286e-20
2.385487721878061348e+04 3.606086777355005414e-19 2.055047379784584429e-20
2.386553293697532354e+04 2.463670847868507649e-19 1.774952838160804267e-20
2.387618859851916932e+04 2.899684928515054269e-19 1.936524432903717194e-20
2.388684420338238124e+04 3.399404894442035356e-19 1.882972309959694722e-20
2.389749975154238200e+04 3.669834656758143803e-19 1.962542691317252531e-20
2.390815524297283991e+04 3.139053374880852686e-19 1.906674471960863977e-20
2.391881067765137777e+04 3.572625653434341079e-19 1.928897965098396961e-20
2.392946605555179849e+04 3.209573984589666571e-19 1.970167835556479980e-20
2.394012137663686735e+04 3.095415884504124892e-19 1.897127184500159403e-20
2.395077664088766687e+04 3.473383513060181243e-19 2.008037688327618277e-20
2.396143184827422738e+04 2.897165120358584677e-19 1.848405567546130362e-20
2.397208699878856714e+04 2.750075078390812390e-19 1.908487534282929274e-20
2.398274209238247568e+04 3.103872685291399345e-19 1.914225325357502539e-20
2.399339712903334657e+04 2.801717473643429458e-19 1.866368408661912219e-20
2.400405210871851523e+04 2.809461220861307795e-19 1.918785256895776255e-20
2.401470703141905324e+04 3.096406703446717423e-19 1.843695852050855023e-20
2.402536189710109829e+04 3.614854217148047372e-19 1.879498996779964602e-20
2.403601670573101001e+04 3.599207479910033372e-19 1.791751504643467130e-20
2.404667145728985270e+04 3.118352877243264358e-19 1.991531436829386492e-20
2.405732615174753664e+04 3.187986338166445765e-19 1.826082689649534436e-20
2.406798078909613832e+04 3.571926802454146172e-19 1.922747507833241927e-20
2.407863536928703979e+04 3.725964495948136667e-19 1.901755346532656531e-20
2.408928989229740910e+04 2.757558875319553489e-19 1.802422632241013150e-20
2.409994435811574294e+04 3.097274246253317680e-19 1.804847440408602736e-20
2.411059876669338701e+04 3.502182843379796478e-19 1.870965508119715666e-20
2.412125311802238502e+04 3.350980382276161185e-19 1.891064182971244829e-20
2.413190741206143139e+04 3.253955855722255684e-19 1.981646637939998021e-20
2.414256164879500648e+04 3.266360617414991914e-19 1.940465803729882164e-20
2.415321582819669129e+04 2.993392277421656928e-19 1.937429565144871013e-20
2.416386995022888368e+04 3.213585068029809462e-19 1.734523395765489768e-20
2.417452401487246607e+04 2.713332797632325716e-19 1.865610266019896526e-20
2.418517802210831724e+04 3.552314351902072360e-19 1.888332905482519821e-20
2.419583197189862403e+04 2.666592850485024689e-19 1.793656372630092133e-20
2.420648586422421795e+04 2.840943172016327846e-19 1.767394717653281921e-20
2.421713969904745318e+04 3.505946712935530955e-19 1.782583105436661395e-20
2.422779347635658269e+04 3.277491923040586341e-19 1.766484866721375658e-20
2.423844719611757682e+04 2.847036652896273720e-19 1.906758382860508952e-20
2.424910085829630771e+04 3.556185682565090281e-19 1.855424999507397124e-20
2.425975446288455714e+04 3.515262122965275225e-19 1.824275364865936720e-20
2.427040800983721783e+04 3.142409018960494946e-19 1.817289883879648746e-20
2.428106149913505578e+04 3.240954813058633063e-19 1.743968133402410119e-20
2.429171493075512262e+04 2.993858747482114615e-19 1.557817030823217266e-20
2.430236830466321044e+04 2.979803499458668906e-19 1.672564446068866326e-20
2.431302162083617804e+04 3.111437745137285952e-19 1.814189754667764175e-20
2.432367487925112073e+04 3.026784302055806038e-19 1.741256410401605335e-20
2.433432807987384513e+04 3.266057013674647447e-19 1.810248924414242784e-20
2.434498122268882071e+04 3.605025249254549247e-19 1.819233516920498455e-20
2.435563430765050362e+04 2.920913133796976551e-19 1.766837761036372843e-20
2.436628733475073750e+04 2.469398578528164522e-19 1.739233852693720420e-20
2.437694030395520531e+04 2.724010812661768800e-19 1.811387832726325733e-20
2.438759321524093320e+04 3.052425495576622232e-19 1.846231585305199898e-20
2.439824606856601895e+04 3.065085350053948643e-19 1.773909308373270326e-20
2.440889886392617700e+04 3.814380172608880253e-19 1.969328310908035419e-20
2.441955160127940690e+04 3.335465753335593618e-19 1.843652461055329428e-20
2.443020428059496408e+04 3.182445072939658653e-19 1.806496374129108770e-20
2.444085690186113425e+04 2.719980433195467888e-19 1.795269970585088154e-20
2.445150946504724197e+04 3.637183380741242537e-19 1.900039824193248189e-20
2.446216197011126860e+04 3.297038130671248191e-19 1.747071842169754467e-20
2.447281441704884492e+04 3.119111769077355178e-19 1.836503368948468284e-20
2.448346680581774854e+04 3.190221465021557309e-19 1.844263902177137331e-20
2.449411913639117847e+04 3.034222104557600525e-19 1.758100969307776461e-20
2.450477140875724581e+04 2.950344077298059693e-19 1.853157881548231283e-20
2.451542362286247953e+04 3.435676415013001233e-19 1.815287439460918723e-20
2.452607577870251771e+04 3.065566902415768063e-19 1.846621933640075895e-20
2.453672787624632838e+04 3.335652770223537215e-19 1.764331794611544252e-20
2.454737991545190016e+04 3.280228071442416438e-19 1.832760983351909627e-20
2.455803189631869100e+04 3.133287959470641082e-19 1.835646460196988822e-20
2.456868381879684966e+04 3.527242303311818533e-19 1.822226527773500794e-20
2.457933568286305308e+04 3.219855987631258825e-19 1.825544247880053522e-20
2.458998748850135962e+04 3.192701747186677302e-19 1.827629134980392346e-20
2.460063923566962694e+04 3.433105019105201570e-19 1.859498628912847424e-20
2.461129092435973143e+04 3.019215867433505463e-19 1.789937888346805199e-20
2.462194255452544530e+04 3.134261532998141386e-19 1.887161327475087612e-20
2.463259412614341272e+04 3.244543376204321610e-19 1.788834380927908083e-20
2.464324563919763023e+04 3.165089939329705396e-19 1.876767103904231050e-20
2.465389709364582814e+04 3.280875794944044969e-19 1.880743886028507751e-20
2.466454848947985374e+04 3.369576776445496473e-19 1.840339351086811583e-20
2.467519982665337739e+04 3.250871573924879020e-19 1.896408527599828986e-20
2.468585110514675398e+04 3.406052328156077110e-19 1.904072482160851935e-20
2.469650232493631484e+04 3.116186259355715076e-19 1.849969217958487999e-20
2.470715348598350101e+04 2.906332056862318429e-19 1.972646908311200390e-20
2.471780458828392511e+04 2.896615270689434476e-19 1.891684853179239978e-20
2.472845563177585063e+04 3.216143788845469637e-19 1.809074491099545580e-20
2.473910661646634253e+04 3.282331608234114736e-19 1.898034979884366502e-20
2.474975754230488383e+04 3.173654485683955745e-19 1.825075704106500940e-20
2.476040840927194949e+04 3.266836141600218146e-19 1.760911544126566623e-20
2.477105921734780713e+04 3.144030423767161882e-19 1.849229160723355273e-20
2.478170996648969958e+04 3.689405999801194579e-19 1.865039854180438183e-20
2.479236065670569951e+04 3.070970084834319936e-19 1.822656242955298413e-20
2.480301137592332088e+04 3.154345884808604807e-19 1.949369237924086261e-20
2.481366209790708672e+04 3.167974336101875148e-19 1.932275828099855233e-20
2.482431276083689227e+04 3.510448165199771371e-19 1.903557964818281711e-20
2.483496336471983159e+04 3.430811891834509977e-19 1.898738671649670362e-20
2.484561390949754423e+04 2.587703361811853622e-19 1.860957521995664034e-20
2.485626439515782840e+04 3.118806919351440882e-19 1.924750465950537558e-20
2.486691482166558126e+04 3.356323525743979226e-19 1.878212836697172430e-20
2.487756518900479932e+04 2.835840866701853635e-19 1.768835195074877714e-20
2.488821549712862543e+04 3.403764598819166293e-19 1.901459211429607065e-20
2.489886574604021007e+04 3.474083179547720080e-19 1.946943318672679991e-20
2.490951593567336022e+04 2.913664091072435836e-19 1.910929898183652377e-20
2.492016606603144464e+04 3.021348875025904604e-19 1.958596007344137606e-20
2.493081613706363714e+04 3.222031929741335545e-19 1.888716574646472429e-20
2.494146614876933018e+04 3.196317117405789185e-19 1.847036616566584457e-20
2.495211610109365211e+04 2.895748316774493982e-19 1.807655261149831480e-20
2.496259264600198003e+04 3.289106181699851326e-19 1.852645836398143929e-20
2.497324247180415841e+04 3.183052109163354444e-19 1.885294751282196268e-20
2.498389223486796982e+04 2.960062064406811700e-19 1.888353228704006627e-20
2.499454193842329914e+04 3.412863077401489365e-19 1.836100134464823591e-20
2.500519158247338419e+04 3.223385837195700781e-19 1.841999032039535190e-20
2.501584116697928766e+04 3.457261094408246322e-19 1.844218979919841404e-20
2.502649069193196556e+04 3.049876206773453214e-19 1.823357849533413327e-20
2.503714015727723745e+04 3.060951440566690072e-19 1.864120683102749192e-20
2.504778956302112056e+04 3.036692236175040282e-19 1.830765183728530595e-20
2.505843890909430775e+04 3.435977025726031698e-19 1.802354888163141222e-20
2.506908819551053966e+04 3.278459609284034357e-19 1.792843717198845266e-20
2.507973742221558132e+04 3.589237710977183887e-19 1.734856241002756039e-20
2.509038658919266163e+04 3.175132070242825212e-19 1.907013013727609623e-20
2.510103569641012655e+04 3.612158001052884543e-19 1.932773450756053208e-20
2.511168474383628927e+04 3.371114772524147767e-19 1.888610394560287096e-20
2.512233373145076621e+04 3.416952503730572890e-19 1.897250575484851949e-20
2.513298265921425991e+04 2.916768977455122206e-19 1.825249007550320125e-20
2.514363152711768998e+04 3.264605361594705138e-19 1.894943648252784393e-20
2.515428033511027388e+04 2.765589844926993606e-19 1.859027146196258141e-20
2.516492908318688933e+04 2.877005540744110407e-19 1.916311164460791656e-20
2.517557777130426257e+04 3.179954633792260035e-19 1.882859967309711774e-20
2.518622639943043032e+04 3.648616770892262213e-19 1.814483723419038375e-20
2.519687496755635584e+04 3.320055116845267015e-19 1.773999173128610108e-20
2.520752347563123112e+04 3.068089726743672799e-19 1.834819781046629875e-20
2.521817192365358642e+04 2.925157346451226351e-19 1.873020148470219028e-20
2.522882031156480298e+04 3.022280229453927349e-19 1.741143443858489660e-20
2.523946863935951114e+04 3.128931521134271013e-19 1.862688835025827429e-20
2.525011690700196777e+04 2.915796235596960665e-19 1.821248824515017598e-20
2.526076511446027871e+04 3.210586617731489414e-19 1.857528392357367466e-20
2.527141326171770925e+04 2.903431971013300905e-19 1.847407250696813021e-20
2.528206134873066549e+04 3.238260088624683184e-19 1.887749278889070665e-20
2.529270937548237271e+04 3.176856091136161324e-19 1.795093757933293314e-20
2.530335734194082761e+04 3.423759660111099765e-19 1.839923393347579114e-20
2.531400524807783950e+04 3.555311963542692137e-19 1.836708766207940524e-20
2.532465309386885201e+04 2.934907338886299279e-19 1.801209310491402509e-20
2.533530087927019122e+04 3.130183300713465580e-19 1.912725992386663063e-20
2.534594860427657477e+04 3.153429058215853269e-19 1.923229410006504647e-20
2.535659626884445242e+04 2.954968006857676081e-19 1.892174993168097557e-20
2.536724387294924600e+04 2.502747703003218076e-19 1.848376845480622664e-20
2.537789141656252468e+04 3.083423092899842176e-19 1.860072981857474640e-20
2.538853889965586131e+04 2.878487055060354293e-19 1.846664250209719604e-20
2.539918632219711435e+04 3.748333636067633252e-19 1.882773716378373317e-20
2.540983368417332895e+04 3.251575579841142539e-19 1.880961959566123268e-20
2.542048098553668751e+04 3.056854456144790071e-19 1.810724068075655552e-20
2.543112822626255002e+04 3.167361798337098738e-19 1.745290200531329329e-20
2.544177540633782701e+04 3.269658227371735906e-19 1.655518489640330258e-20
2.545242252570716300e+04 2.971646606388921300e-19 1.652661709740914381e-20
2.546306958436906280e+04 3.025651091732424634e-19 1.807827503773292329e-20
2.547371658228339584e+04 3.045711669910289488e-19 1.902319670205575753e-20
2.548436351942146575e+04 3.360024054903569576e-19 1.774125086044884767e-20
2.549501039574710740e+04 3.120048432146054870e-19 1.777458623915346376e-20
2.550565721125110576e+04 2.778479452481295306e-19 1.748737491324945338e-20
2.551630396588541043e+04 3.220350860231031091e-19 1.750490723722267109e-20
2.552695065962525041e+04 2.802056980553037750e-19 1.868630433734980666e-20
2.553759729245753988e+04 2.899251871169151284e-19 1.767490805891940014e-20
2.554824386433431573e+04 3.185045286056066400e-19 1.723943369033990204e-20
2.555889037523461229e+04 3.217650860107446869e-19 1.763350695758864189e-20
2.556953682513740932e+04 3.162909987830666586e-19 1.804614073335773649e-20
2.558018321399453271e+04 2.921079912444939749e-19 1.789049090697290777e-20
2.559082954179296939e+04 3.150662249154396053e-19 1.877976444372987254e-20
2.560147580850788654e+04 3.079876857206857675e-19 1.734034655235208671e-20
2.561212201409481349e+04 2.859886034402788558e-19 1.720968690663117698e-20
2.562276815853660810e+04 3.000638559721524708e-19 1.761411721151413442e-20
2.563341424180071044e+04 3.239837262118437031e-19 1.756173894622362685e-20
2.564406026385826772e+04 3.081498505636965155e-19 1.749354972330284930e-20
2.565470622468039801e+04 2.902399293199371358e-19 1.860842762683624173e-20
2.566535212423815392e+04 3.133750054854438061e-19 1.786172409999156934e-20
2.567599796249884093e+04 2.932873812761470880e-19 1.732854497719769286e-20
2.568664373944533509e+04 3.031571976826609641e-19 1.765941114511013281e-20
2.569728945503302020e+04 2.913257389898540342e-19 1.827501560293619469e-20
2.570793510924073780e+04 2.924556761788130362e-19 1.897576259602752554e-20
2.571858070207849232e+04 2.829452120070668508e-19 1.823704191504251332e-20
2.572905209385921626e+04 2.996998005377044962e-19 1.713478537315963089e-20
2.573969755269110465e+04 3.306641613756526901e-19 1.743560832768376825e-20
2.575034295002617364e+04 3.420865578248848956e-19 1.752523472147435857e-20
2.576098828583161230e+04 3.030049980746193895e-19 1.813956387795825831e-20
2.577163356009046402e+04 2.571446489231570987e-19 1.621953863653412346e-20
2.578227877276558502e+04 3.264230251423080705e-19 1.802378240229106753e-20
2.579292392381555692e+04 3.076795489613593808e-19 1.673549529494388064e-20
2.580356901323568309e+04 2.844094262961051756e-19 1.706834679514020593e-20
2.581421404098881249e+04 2.563871330761893964e-19 1.749997906451994088e-20
2.582485900702962681e+04 3.043906728090941730e-19 1.777480299071604717e-20
2.583550391134898018e+04 3.009872442918618475e-19 1.871672700494678634e-20
2.584614875390163070e+04 3.100716978440034696e-19 1.743224030094159271e-20
2.585679353467463443e+04 2.840357201197953153e-19 1.676901156464687960e-20
2.586743825362661664e+04 2.676756495786771553e-19 1.973707086156344442e-20
2.587808291073629516e+04 2.482505603967980005e-19 1.741501133741590597e-20
2.588872750596229525e+04 2.970425340104483190e-19 1.754381039859037331e-20
2.589937203929165480e+04 2.810910187523005078e-19 1.726283582700629936e-20
2.591001651068696083e+04 3.190550666877225542e-19 1.693549037969718715e-20
2.592066092011474757e+04 2.981992988029439006e-19 1.794761656597406743e-20
2.593130526755374376e+04 3.345499617534787602e-19 1.794856715390203676e-20
2.594194955296661647e+04 3.133018820727427094e-19 1.869939212554918113e-20
2.595259377633619806e+04 3.071037094710868227e-19 1.732389863122104721e-20
2.596323793761264824e+04 3.217348928672165859e-19 1.654323750183076327e-20
2.597388203679089565e+04 2.936885436313485531e-19 1.671705830901533456e-20
2.598452607382132555e+04 3.668989241406770060e-19 1.743727301388540770e-20
2.599517004868670119e+04 3.541448699278203017e-19 1.721316421385353849e-20
2.600581396134932584e+04 3.314310802188715115e-19 1.643594860974742490e-20
2.601645781178773177e+04 3.006916996997242509e-19 1.652829750852852669e-20
2.602710159996445145e+04 2.929127380259192559e-19 1.569301187177472431e-20
2.603774532586220812e+04 2.962234554691666209e-19 1.612657656932691827e-20
2.604838898943911408e+04 3.035338624867163179e-19 1.707749056693193900e-20
2.605903259066136525e+04 3.175277813606601901e-19 1.694181512355532084e-20
2.606967612952005584e+04 3.060209130687882389e-19 1.763292693373916772e-20
2.608031960596918725e+04 3.262453736567891859e-19 2.012772451421366095e-20
2.609096301998315175e+04 3.458182636260463381e-19 1.806851880560093439e-20
2.610160637153216885e+04 3.340592873321031452e-19 1.819399077984438617e-20
2.611224966058677091e+04 3.240250200466851788e-19 1.790688721422425051e-20
2.612289288711727568e+04 3.742699127164949763e-19 1.783708286839584245e-20
2.613353605108978809e+04 4.567991970792626373e-19 1.941685712564465259e-20
2.614417915248264762e+04 3.625610217421570715e-19 1.782035294294070756e-20
2.615482219126222117e+04 2.899778932454395717e-19 1.595594189177259387e-20
2.616546516739873186e+04 3.267661565408305149e-19 1.730466264778236153e-20
2.617610808086232282e+04 2.879763667460940429e-19 1.663711329048262913e-20
2.618675093162716439e+04 3.013471613325173082e-19 1.631475365144323408e-20
2.619739371965127066e+04 3.368168743250131269e-19 1.732457448666642813e-20
2.620803644492128660e+04 3.328208756297991601e-19 1.801528293330173991e-20
2.621867910739489162e+04 3.135664515990921023e-19 1.723641234801630126e-20
2.622932170705031967e+04 3.229333732597822433e-19 1.742614280212554800e-20
2.623996424384960847e+04 2.979724528532677165e-19 1.686642566684880781e-20
2.625060671777109383e+04 2.648499271923376307e-19 1.735539054068757744e-20
2.626124912877232418e+04 3.130077796989594892e-19 1.677578840809103588e-20
2.627189147683978808e+04 2.397019298190490778e-19 1.643764379988627645e-20
2.628253376193539953e+04 2.882718213754941023e-19 1.626221543751318371e-20
2.629317598402500516e+04 3.156763192278567488e-19 1.816389888736969571e-20
2.630381814308260073e+04 2.965320576246273365e-19 1.684909621109312322e-20
2.631446023907808558e+04 2.806336647535324939e-19 1.762128413203845168e-20
2.632510227198985376e+04 2.586238435801165383e-19 1.651054684290083863e-20
2.633574424176704633e+04 3.251049475285403437e-19 1.784143096598840866e-20
2.634638614840019727e+04 3.161858300766662526e-19 1.711761183571694694e-20
2.635702799185083495e+04 3.548116911969160382e-19 1.777381419062678944e-20
2.636766977208897879e+04 2.964055298621234733e-19 1.684251243000899680e-20
2.637831148908027535e+04 3.361328374016517704e-19 1.789088476896016967e-20
2.638895314280266393e+04 3.498615228375037838e-19 1.733450830921981994e-20
2.639959473322185659e+04 3.830298498935323304e-19 1.800498019156992947e-20
2.641023626030772357e+04 3.415709980373744249e-19 1.783368456363944239e-20
2.642087772402583141e+04 3.111047384384644116e-19 1.757187552026237906e-20
2.643151912435401391e+04 3.187745923154394673e-19 1.739666076345863663e-20
2.644216046125381035e+04 2.731385559296561129e-19 1.664910702960689571e-20
2.645280173470746013e+04 2.926025662461808272e-19 1.785332256194623988e-20
2.646344294467211876e+04 2.201880993733916669e-19 1.763078261599993376e-20
2.647408409112131994e+04 2.450386548369704283e-19 1.623283010147374002e-20
2.648472517402075755e+04 2.740711291312900195e-19 1.685380922160766981e-20
2.649536619335259456e+04 2.463173395412438650e-19 1.655112300255276887e-20
2.650600714906544454e+04 2.542464184879996110e-19 1.604287686217008942e-20
2.651664804115796869e+04 2.937069635783175980e-19 1.662737889923075716e-20
2.652728886957062059e+04 2.952193245558583967e-19 1.736463607137464293e-20
2.653792963429386509e+04 2.280284172099241138e-19 1.709385217617455017e-20
2.654857033528453758e+04 2.623418235453528637e-19 1.647930912807426441e-20
2.655921097251619722e+04 3.039865887933318688e-19 1.658287709034044875e-20
2.656985154595427230e+04 3.251952133879156308e-19 1.724021591237920691e-20
2.658049205558082394e+04 2.794368759285973665e-19 1.888417977653732123e-20
2.659113250135668204e+04 2.960247239907908495e-19 1.794621206402055450e-20
2.660177288324285837e+04 2.457011200738910550e-19 1.768770055769241234e-20
2.661241320122568141e+04 2.595957042901240635e-19 1.861573113519029152e-20
2.662305345525763914e+04 2.909688831142518339e-19 1.796182393966951568e-20
2.663369364532468899e+04 2.902189499291156741e-19 1.900491042924740999e-20
2.664433377138787910e+04 2.915203861691543606e-19 1.738476215082599448e-20
2.665497383340811939e+04 3.048539788774224433e-19 1.689663551831093249e-20
2.666561383137150915e+04 2.499060836596583269e-19 1.612402601382421535e-20
2.667625376523438899e+04 3.308746266077862719e-19 1.686217511557940299e-20
2.668689363497891100e+04 3.076439077572389811e-19 1.693269847596472582e-20
2.669753344055737762e+04 2.571509319740316121e-19 1.677809376741053658e-20
2.670817318194730251e+04 2.928165690471077952e-19 1.780156273439557737e-20
2.671881285912199746e+04 2.880815242083458398e-19 1.629108500094120933e-20
2.672945247203807594e+04 2.633996870238998034e-19 1.675197602133325225e-20
2.674009202068581726e+04 2.792276167648902666e-19 1.728980746519033379e-20
2.675073150501718192e+04 2.832160648903313771e-19 1.724729759650841717e-20
2.676137092500132712e+04 2.595048439070024258e-19 1.728702900778204911e-20
2.677201028061587931e+04 2.806073998062640065e-19 1.635704320454208697e-20
2.678264957182137368e+04 3.082688658602740744e-19 1.753019479846752990e-20
2.679328879859502194e+04 2.860602179982319093e-19 1.609587885619671830e-20
2.680392796090609772e+04 3.201140504698785679e-19 1.764928378710920921e-20
2.681456705870653605e+04 2.273763308739928764e-19 1.574679067658131143e-20
2.682520609199071259e+04 3.199000146140546677e-19 1.709575164693765359e-20
2.683584506070616771e+04 2.727584005964810769e-19 1.631989388638154002e-20
2.684648396483475153e+04 2.957397449498514812e-19 1.756769084194037051e-20
2.685712280434108470e+04 2.932252964908020211e-19 1.761824012331960829e-20
2.686776157919811158e+04 1.947237728889164510e-19 1.798192867523874770e-20
2.687840028936617455e+04 2.958559417476935635e-19 1.791276361465934933e-20
2.688903893481421619e+04 2.973179527579050151e-19 1.763678124552467799e-20
2.689967751551953916e+04 2.975221155453812368e-19 1.754207957780775095e-20
2.691031603145489134e+04 3.438605686944506202e-19 1.783959403760019023e-20
2.692095448256369855e+04 3.215308727504882399e-19 1.867641306048480490e-20
2.693159286884455651e+04 3.049256265871723200e-19 1.798119605975396102e-20
2.694223119024895277e+04 2.632055248276137592e-19 1.917804710178830564e-20
2.695286944674978804e+04 2.756961882118315434e-19 1.793531367480527343e-20
2.696350763831589211e+04 2.906655381300526441e-19 1.785645501317078793e-20
2.697414576491588741e+04 2.733832150343081565e-19 1.782895196946035176e-20
2.698478382652672008e+04 2.770268871728077372e-19 1.712952494845628945e-20
2.699542182309573400e+04 3.086451390578131025e-19 1.693988907321641249e-20
2.700605975460867921e+04 2.573099265499867616e-19 1.720776310175577487e-20
2.701669762103403991e+04 2.560131831756009118e-19 1.854476252977266968e-20
2.702733542233158732e+04 2.724268789122869192e-19 1.813920108735577537e-20
2.703797315847435675e+04 2.812732405060527069e-19 1.863762105240321500e-20
2.704861082943079600e+04 3.181014100806926701e-19 1.832689917039302948e-20
2.705924843517779664e+04 2.923667112647219920e-19 1.823354755365860550e-20
2.706988597566664612e+04 2.705891673618211175e-19 1.690195738711617593e-20
2.708052345087879075e+04 2.955937892532561887e-19 1.810138553748503256e-20
2.709116086076960346e+04 2.485410452712395036e-19 1.864135928171861984e-20
2.710179820532021040e+04 2.896347573913593308e-19 1.836057169098030910e-20
2.711243548450783055e+04 2.755254678587918417e-19 1.821079253366450492e-20
2.712307269827487835e+04 2.902780429626172931e-19 1.909122962400551520e-20
2.713370984660671820e+04 2.733270615043462209e-19 1.955996607778450239e-20
2.714434692945875940e+04 2.738885019600764633e-19 1.866491774351810413e-20
2.715498359679404530e+04 2.688512686741806305e-19 1.795650566289712675e-20
2.716562009849824244e+04 2.897141607472669011e-19 1.776028408599332511e-20
2.717608083705816898e+04 2.592351223003113576e-19 1.743980182433101609e-20
2.718671719983004732e+04 2.769248315143685972e-19 1.790258415946697656e-20
2.719735349358810345e+04 3.192355050388244832e-19 1.721647605572167224e-20
2.720798972165480882e+04 2.823052439417294495e-19 1.899377951693598883e-20
2.721862588404760390e+04 2.901317173880885783e-19 1.963367775715903026e-20
2.722926198071354884e+04 2.801930047534683522e-19 1.911082452826068148e-20
2.723989801163318407e+04 2.664327293484744772e-19 1.713205755741977740e-20
2.725053397677040994e+04 2.977236875825082874e-19 1.964660856729270518e-20
2.726116987609343414e+04 2.827163121562724227e-19 2.029050861260923542e-20
2.727180570957850432e+04 2.598138328198395420e-19 1.976266954645750068e-20
2.728244147716816587e+04 2.351207656179455136e-19 1.886533384821583450e-20
2.729307717886440514e+04 2.151087565599704862e-19 1.964677819068384875e-20
2.730371281460971659e+04 2.770177471545275821e-19 2.110191329929179328e-20
2.731434838437598592e+04 2.725811107588246240e-19 1.905432107038418563e-20
2.732498388813558631e+04 3.057391122743392700e-19 1.989847694351382180e-20
2.733561932586925832e+04 2.507549713828607550e-19 1.915099144179460261e-20
2.734625469751915080e+04 2.492179760443081721e-19 2.015952436704687470e-20
2.735689000307426613e+04 2.922567966060215466e-19 2.000278453264294431e-20
2.736752524248981717e+04 2.953935300121699781e-19 1.843385116109131724e-20
2.737816041573783150e+04 2.760294860716592920e-19 1.905532677367249969e-20
2.738879552279444761e+04 3.238066128610005463e-19 2.159391165263248611e-20
2.739943056360607807e+04 2.618300931110674628e-19 2.021315356759767832e-20
2.741006553816190353e+04 2.803815659783802931e-19 2.022714517408628058e-20
2.742070044642091307e+04 3.247161592631246714e-19 2.089305749281100233e-20
2.743133528834220124e+04 3.440729140629628556e-19 2.151295975990172582e-20
2.744197006391495233e+04 3.422212574510022105e-19 2.006743686509719221e-20
2.745260477308528425e+04 2.756991816691022311e-19 2.051163370675130351e-20
2.746323941582922271e+04 2.573606826953340379e-19 1.802267248145897371e-20
2.747387399211880256e+04 2.840200366555952390e-19 2.045870860370837350e-20
2.748450850191727659e+04 3.230965830879489981e-19 2.040833576109337760e-20
2.749514294518770112e+04 2.860378465198968805e-19 1.976465186046986246e-20
2.750577732190621464e+04 3.068681818074043116e-19 2.025496996017327530e-20
2.751641163203611723e+04 2.282993230909946683e-19 1.886765454375361276e-20
2.752704587554040700e+04 2.176168186714233632e-19 1.885693438136644488e-20
2.753768005239510239e+04 2.175101703596208465e-19 2.080812894022380661e-20
2.754831416256339799e+04 3.294170994992997344e-19 2.008839346005433862e-20
2.755894820600833555e+04 3.093523284854413129e-19 2.078156709377705374e-20
2.756958218270583893e+04 2.916544490017691883e-19 1.990316203748156252e-20
2.758021609262330094e+04 3.051404937114177098e-19 1.994001055336601544e-20
2.759084993571939776e+04 3.094953918424375484e-19 1.967227633373097446e-20
2.760148371196120206e+04 2.565373845585606575e-19 1.933082207313276675e-20
2.761211742132476502e+04 2.804332733614681238e-19 2.398946581620913837e-20
2.762275106377744305e+04 2.796115331041170657e-19 2.329653191011312873e-20
2.763338463927329212e+04 3.196766863709158087e-19 2.284191460895063578e-20
2.764401814779679626e+04 2.918700337321232553e-19 1.997916907306824896e-20
2.765465158930224061e+04 2.562491336589182713e-19 2.048247348384739779e-20
2.766528496376099429e+04 2.885378886250163752e-19 2.092777663804019410e-20
2.767591827113578984e+04 2.987324384948198080e-19 2.039564283914379654e-20
2.768655151140686576e+04 2.688520579827468893e-19 1.953162711743913267e-20
2.769718468452832531e+04 2.715437856001923978e-19 2.040126447615881855e-20
2.770781779047569944e+04 2.851260918328479628e-19 1.916312683187398380e-20
2.771845082920729328e+04 2.418935167211462554e-19 1.966821179608612770e-20
2.772908380069455961e+04 2.952161150863606430e-19 2.044690946236633559e-20
2.773971670490005272e+04 2.902984272943554281e-19 1.966006777442825731e-20
2.775034954183303125e+04 2.622803920608108266e-19 1.879252498280806435e-20
2.776098231485271026e+04 2.956909185778847041e-19 1.796424804321893368e-20
2.777143869054021343e+04 2.469765136716937760e-19 1.907924293623738746e-20
2.778207131404227039e+04 3.177039787419922947e-19 1.973051176824127311e-20
2.779270387011384446e+04 2.657660948503831095e-19 1.911048890082728202e-20
2.780333635869910722e+04 2.508249629538813206e-19 1.983667099979962585e-20
2.781396877977821714e+04 2.637498400128123122e-19 2.030270491834159169e-20
2.782460113330914828e+04 3.049427288780866068e-19 2.081804438570660898e-20
2.783523341926770809e+04 2.729266368144179679e-19 2.011631293977975439e-20
2.784586563761123034e+04 2.989174932705764347e-19 2.015458335637455756e-20
2.785649778831580261e+04 2.941718680148265335e-19 2.041888209264256381e-20
2.786712987134356081e+04 2.877536441616028748e-19 1.989036131105053027e-20
2.787776188666544112e+04 3.032963671713652670e-19 1.978640893486708242e-20
2.788839383423462641e+04 2.652847763780044493e-19 1.918164316814197688e-20
2.789902571402685862e+04 2.327952501226978996e-19 1.828418516509417095e-20
2.790965752601309578e+04 2.549090068719735882e-19 1.936679229345921602e-20
2.792028927015534646e+04 3.079688971459418866e-19 2.047836573318988943e-20
2.793092094642486336e+04 3.374972335679082536e-19 2.002379953092477706e-20
2.794155255476980892e+04 2.675070426524814835e-19 1.886708516552930213e-20
2.795218409518387125e+04 2.823603112644724683e-19 1.712384830197475014e-20
2.796281556761095635e+04 2.884379200208467609e-19 1.793928946462624792e-20
2.797344697203567557e+04 2.573035349366422841e-19 1.964364638809140801e-20
2.798407830840591487e+04 3.095472297637462698e-19 2.012038719370022953e-20
2.799470957670205098e+04 2.814417967747032370e-19 2.068231500268626728e-20
2.800534077689044716e+04 2.771217361768747389e-19 2.001505460914738103e-20
2.801597190893255902e+04 2.417382545478444508e-19 1.815631369918279308e-20
2.802660297278119833e+04 3.156887171662861908e-19 1.998161518734346930e-20
2.803723396843016235e+04 3.208690612432390342e-19 2.040576238687934135e-20
2.804786489582715149e+04 2.993297288834660637e-19 1.999519143935996086e-20
2.805849575494768942e+04 2.383399571527700788e-19 1.839611161696660774e-20
2.806912654574891349e+04 2.568999192815865239e-19 2.002263829419108600e-20
2.807975726820138152e+04 2.402258972125500443e-19 1.860275628316623689e-20
2.809038792227589875e+04 2.763112041984570856e-19 1.942331192954204531e-20
2.810101850792492041e+04 3.089579627826568782e-19 1.937617858248053666e-20
2.811164902513745255e+04 3.285808387869595570e-19 1.966345400614016321e-20
2.812227947385645166e+04 2.408365302557641668e-19 1.966730920238867285e-20
2.813290985405739411e+04 3.193070552451685852e-19 1.877007434842377263e-20
2.814354016570623207e+04 2.704031890482951473e-19 1.841289693027866520e-20
2.815417040877801264e+04 2.586409602365977952e-19 2.212447641445991911e-20
2.816480058322050536e+04 2.460307536750747265e-19 1.957362769209235089e-20
2.817543068900885555e+04 3.232633368364278212e-19 1.930022773116727872e-20
2.818606072611334093e+04 2.862410283344115164e-19 2.016333268772634007e-20
2.819669069449092785e+04 2.359028625262641679e-19 2.018245757034691456e-20
2.820732059411673254e+04 2.849011424636285689e-19 2.031884234811630049e-20
2.821795042494701192e+04 3.192015153446277995e-19 2.122638164866276091e-20
2.822858018695253122e+04 2.615171217255235405e-19 2.030402521428735356e-20
2.823920988011305963e+04 3.061700832396987981e-19 1.990873042856165355e-20
2.824983950436153464e+04 2.942001942311811494e-19 2.010970588395702624e-20
2.826046905969649379e+04 2.794069403658536830e-19 1.932692659976267242e-20
2.827109854606044246e+04 2.799816328365894131e-19 1.950915089260488363e-20
2.828172796343277878e+04 3.063978198885116076e-19 2.006121986855347122e-20
2.829235731177470370e+04 3.039002392491320757e-19 2.017251912624909585e-20
2.830298659105194020e+04 2.519736293768028703e-19 2.087938945740049945e-20
2.831361580122987289e+04 3.127616929519518634e-19 2.066660033864750596e-20
2.832424494227420291e+04 2.710693843220692938e-19 2.012373074202224602e-20
2.833487401415062777e+04 2.565400129710514740e-19 2.010997001869410171e-20
2.834550301682448480e+04 2.869185301902023960e-19 1.929814493982041337e-20
2.835613195026132234e+04 3.031321360642904055e-19 1.946104504744287517e-20
2.836676081442679424e+04 2.888502384180804791e-19 2.019885303328695213e-20
2.837738960928619781e+04 3.077428978112021202e-19 1.972749766377067461e-20
2.838801833480495770e+04 2.697652346246906554e-19 2.061320385686339769e-20
2.839864699095336255e+04 2.679526367845446726e-19 2.011825281749062171e-20
2.840927557768724728e+04 2.577911366942386651e-19 2.189447236787876794e-20
2.841990409497662404e+04 2.664967981891983918e-19 1.851687252564329932e-20
2.843053254279173416e+04 2.923977145735219101e-19 2.098390476461755839e-20
2.844116092108835437e+04 2.526631824131796875e-19 2.090172947308653454e-20
2.845178922983635857e+04 2.516830362051313416e-19 2.033972073793098703e-20
2.846241746900595899e+04 2.920775528977249600e-19 1.962767622381252765e-20
2.847304563855282686e+04 2.331075852207265348e-19 1.864268515519896232e-20
2.848367373845149632e+04 2.710088097518009343e-19 2.027777838390766806e-20
2.849430176866264082e+04 2.631298171862103987e-19 1.992345457285425610e-20
2.850492972914186976e+04 2.519377984857030212e-19 1.813046042591723915e-20
2.851555761987307051e+04 2.879469553647971070e-19 2.061220866776587431e-20
2.852618544080740685e+04 2.756319027662919968e-19 1.976837020130488333e-20
2.853681319191456714e+04 2.169442449208813561e-19 2.028675745465109773e-20
2.854744087316894002e+04 2.157319821069807418e-19 1.996573744966453235e-20
2.855806848451683254e+04 2.843744102600008658e-19 2.020565568563833335e-20
2.856869602594212120e+04 2.710102877640875171e-19 1.935284017961650331e-20
2.857932349738587072e+04 3.069665813978809089e-19 1.973310380750620408e-20
2.858995089883702531e+04 3.215176980439076047e-19 1.963292973634854404e-20
2.860057823025091056e+04 3.161401990870858808e-19 2.127430417906574482e-20
2.861120549158748327e+04 2.477763545355776459e-19 2.051342207085082752e-20
2.862183268283092184e+04 2.264532599542059042e-19 1.925770926173177561e-20
2.863245980391261037e+04 2.740674152817188894e-19 1.943075414327568135e-20
2.864308685483056979e+04 2.739455436679304565e-19 1.925682953200080686e-20
2.865371383552120824e+04 2.266365682562205020e-19 1.901500603234014488e-20
2.866434074598259031e+04 2.862082482735105342e-19 2.123355283436003117e-20
2.867496758614587088e+04 2.936343904631614700e-19 2.226097576475663889e-20
2.868559435599992867e+04 2.958962395648821772e-19 2.179876248697505150e-20
2.869622105549015396e+04 2.661996846072637540e-19 2.111634162113970244e-20
2.870684768460022678e+04 3.229223208658899970e-19 2.130035107258761304e-20
2.871747424327585395e+04 2.717101508757255370e-19 2.130409484921125950e-20
2.872810073150067183e+04 2.471022093875054517e-19 1.852447204914405662e-20
2.873872714922477098e+04 3.097651445769148649e-19 2.025330844315262313e-20
2.874935349641772336e+04 2.634869288589838579e-19 1.871477753232065960e-20
2.875997977304869346e+04 2.837307867180344557e-19 1.988820883547407772e-20
2.877060597907249394e+04 2.979424056131606140e-19 1.996237689613349553e-20
2.878123211445861671e+04 3.125499192966655139e-19 2.060326013494332557e-20
2.879185817917131135e+04 2.815263918742344773e-19 1.984987289857584717e-20
2.880248417317977510e+04 2.955144698678714677e-19 2.024451328787745565e-20
2.881311009643414218e+04 3.048282366578247628e-19 2.065203171320512889e-20
2.882373594891786706e+04 2.963454885083628428e-19 1.985676688110640680e-20
2.883436173059047724e+04 3.172094420215574905e-19 2.008043351556087336e-20
2.884498744139227347e+04 2.877722840558949185e-19 2.106656330027369915e-20
2.885561308132114573e+04 2.597575903694481068e-19 1.906553403162259437e-20
2.886623865033175389e+04 2.604347738804314215e-19 1.958970938040402479e-20
2.887686414837395205e+04 2.151385807974249482e-19 1.879425789468100441e-20
2.888748957542133576e+04 2.780154493976257947e-19 1.987612246248834985e-20
2.889811493144793712e+04 3.073768386805194246e-19 1.892651847521733488e-20
2.890874021639862622e+04 3.015002602548624986e-19 1.956262770761372280e-20
2.891918782999437099e+04 2.762559289341582551e-19 1.953917626707996502e-20
2.892981296488358930e+04 3.056434725244468922e-19 2.038656466408737788e-20
2.894043802503758343e+04 2.563063331218377136e-19 1.977353559377263797e-20
2.895106301395942137e+04 2.972627528621324191e-19 1.941406804681465788e-20
2.896168793162909060e+04 2.490744255086397288e-19 1.924254568185097581e-20
2.897231277801039687e+04 3.100564940988791921e-19 1.960342544902983645e-20
2.898293755307680476e+04 2.701479447993908721e-19 2.036901349028017274e-20
2.899356225679237104e+04 2.852178617002575582e-19 2.085458673061250704e-20
2.900418688910183118e+04 3.304676628115006485e-19 2.081870466811158025e-20
2.901481144999753087e+04 3.067868925593716783e-19 1.960914371205174312e-20
2.902543593941981453e+04 2.912722514753988961e-19 1.892326082291589729e-20
2.903606035735122714e+04 2.246589686735405309e-19 2.011312919764712121e-20
2.904668470374137905e+04 2.408529745817959884e-19 1.964567984162518790e-20
2.905730897855882358e+04 3.486786555289176653e-19 2.103191243447360142e-20
2.906793318176714820e+04 2.864451771346422611e-19 2.039372140631198816e-20
2.907855731333016956e+04 3.126066647422770620e-19 2.106902352194240162e-20
2.908918137321638278e+04 2.838966109403114849e-19 1.867502490874222411e-20
2.909980536137968738e+04 2.799015840556297310e-19 1.831938200062462744e-20
2.911042927778861122e+04 3.370843509425906414e-19 2.194301443684004238e-20
2.912105312241158754e+04 3.192831192418179274e-19 2.138995516271854677e-20
2.913167689520720887e+04 3.226939679702942266e-19 1.972157456529835958e-20
2.914230059613430421e+04 2.938179748629526508e-19 2.085407743282856122e-20
2.915292422516109218e+04 3.156010901090800686e-19 2.047920114674089899e-20
2.916354778224624533e+04 3.453753013356914649e-19 1.986562707571003723e-20
2.917417126736780483e+04 3.410360143817545124e-19 1.941953669544895901e-20
2.918479468047471528e+04 2.906907847845782852e-19 2.088931591371409866e-20
2.919541802153984463e+04 2.092786741017512250e-19 1.828365724572661533e-20
2.920604129052200369e+04 3.009171756487290929e-19 1.851859223465162048e-20
2.921666448738427789e+04 2.685895822962739914e-19 1.910527144815069982e-20
2.922728761209001459e+04 2.277164724986364482e-19 1.904970576539382589e-20
2.923791066460255388e+04 3.432897193880766695e-19 2.160497392640338803e-20
2.924853364487534054e+04 2.653779646932003830e-19 1.910182836808068860e-20
2.925915655289111601e+04 3.292636927872673801e-19 2.113216430370293609e-20
2.926977938860829818e+04 2.559656936198778150e-19 2.098287078035075214e-20
2.928040215197530051e+04 2.555174670558889006e-19 1.891612746889112826e-20
2.929102484296986950e+04 2.441595792352712995e-19 1.928067752996682120e-20
2.930164746154554450e+04 2.949572830895886049e-19 1.861837165346562879e-20
2.931227000767976642e+04 3.359349816127569994e-19 2.012697179686300871e-20
2.932289248131636850e+04 3.691172440605943393e-19 2.131028482827280747e-20
2.933351488243281347e+04 2.832459684871459598e-19 2.069263342185205148e-20
2.934413721098722090e+04 3.144544017719574592e-19 2.102768061488818682e-20
2.935475946694274535e+04 3.091276184964488906e-19 1.983260075821731761e-20
2.936538165026212664e+04 2.447125578451243115e-19 2.093859164083587862e-20
2.937600376090835562e+04 2.656369250207155208e-19 2.065042532330067979e-20
2.938662579884923980e+04 2.465137346852439237e-19 1.958366785333679965e-20
2.939724776406382807e+04 3.158101255193382319e-19 2.172139916419052927e-20
2.940786966010398100e+04 1.921211679430968393e-19 2.121712423809106910e-20
2.941831334149394752e+04 2.303819800241800046e-19 1.828184457639369084e-20
2.942893507674228749e+04 2.837780733493303757e-19 2.007990316320958714e-20
2.943955673908793688e+04 2.785840438577746582e-19 1.876113901562744937e-20
2.945017832849835759e+04 2.677443952315176256e-19 1.888270964795496462e-20
2.946079984493640586e+04 2.657040316352465749e-19 1.934348859638724413e-20
2.947142128836986740e+04 2.739521561959861883e-19 2.032313857149224272e-20
2.948204265875096098e+04 2.848696008084304850e-19 1.649395389769380668e-20
2.949266395610534892e+04 2.711777605202048603e-19 1.867790791372155354e-20
2.950328544953195888e+04 2.531735486625199216e-19 1.835463904458004172e-20
2.951390702682792471e+04 3.260237910654792186e-19 2.001028283706541358e-20
2.952452853091322686e+04 2.888556351541978854e-19 2.027216831860051316e-20
2.953514996175525084e+04 2.884925568123106262e-19 1.865084677229291603e-20
2.954577131932650445e+04 2.787045181712403400e-19 1.903008491752867143e-20
2.955639260356939849e+04 3.260549093070151703e-19 2.014129716336562725e-20
2.956701381446119558e+04 2.608823186133323404e-19 1.962349953583238798e-20
2.957763495195432188e+04 2.767516945199238255e-19 1.797200976639690790e-20
2.958825601602133975e+04 2.357051961901552353e-19 1.941667586321572088e-20
2.959887700661403142e+04 2.894892194468171464e-19 1.947702613722709702e-20
2.960949792371028161e+04 2.598482323924389795e-19 1.875540096847747483e-20
2.962011876725699403e+04 2.743206310406863003e-19 1.888668115419500187e-20
2.963073953721619182e+04 3.191202708528277800e-19 2.001299681724755213e-20
2.964136023356561782e+04 2.528828961680193749e-19 2.026867460773978927e-20
2.965198085624684609e+04 2.970434717721808741e-19 2.068104442773889664e-20
2.966260140523734663e+04 3.156813188333578440e-19 1.932358485382798722e-20
2.967322188049426404e+04 2.750606054726405223e-19 1.902436719698008182e-20
2.968384228197934863e+04 2.510970738804597635e-19 1.852810039531722314e-20
2.969446260964981775e+04 2.796717643369967761e-19 1.950684582878892126e-20
2.970508286348298861e+04 2.732932120023483525e-19 1.896521269631373324e-20
2.971570304342525196e+04 2.795910130699291388e-19 1.844190122009960150e-20
2.972632314944401151e+04 2.750188757514472715e-19 1.852061921138897169e-20
2.973694318150611798e+04 2.816627142450898266e-19 1.883472300573804493e-20
2.974756313956319718e+04 2.671865199005560243e-19 1.870925173807173038e-20
2.975818302358246001e+04 2.333195789468515964e-19 1.743633657828353717e-20
2.976880283353053164e+04 2.078111575020217626e-19 1.988854967933786985e-20
2.977942256935921250e+04 3.001502135155859617e-19 2.012563689764562937e-20
2.979004223103543336e+04 2.811659885121206048e-19 1.787778102077490318e-20
2.980066181852063164e+04 2.575217712573301875e-19 1.671670425284617444e-20
2.981128133178202552e+04 3.057832555098553586e-19 1.888364400925047932e-20
2.982190077077084788e+04 2.725234080402918292e-19 1.903259536680720736e-20
2.983252013545384034e+04 2.554043124037107909e-19 1.744965235036417578e-20
2.984313942580317234e+04 2.696337137942884044e-19 1.862178342902352926e-20
2.985375864175436800e+04 3.127391961187378700e-19 1.972764407703760033e-20
2.986437778329497814e+04 3.264520472903882214e-19 1.820924266023014690e-20
2.987499685038141615e+04 2.826835199145506548e-19 1.836825724816287166e-20
2.988561584295947250e+04 2.743903299536597818e-19 1.837364707667738578e-20
2.989623476100125481e+04 2.363326347708560228e-19 1.802684025113461965e-20
2.990685360447832863e+04 2.588280689809417475e-19 1.817160942134205000e-20
2.991747237332631630e+04 2.544312942109859841e-19 1.807817871084712640e-20
2.992809106753263404e+04 2.827589380409460706e-19 1.850940533047899127e-20
2.993870968704279221e+04 3.110212599960520183e-19 1.890871435004230555e-20
2.994932823183391520e+04 2.599401415259518431e-19 1.804525959766504415e-20
2.995994670185178620e+04 3.365449927508291918e-19 1.813973503057514978e-20
2.997056509706259749e+04 2.338417172786069138e-19 1.651520629252595935e-20
2.998118341742791745e+04 2.683303825750920688e-19 1.875233154611120970e-20
2.999180166290870329e+04 2.695659905237872207e-19 1.715882410997130601e-20
3.000241983346623601e+04 2.450205378490564718e-19 1.892923101490928659e-20
3.001303792905663795e+04 2.752309605374123966e-19 1.814914444821202885e-20
3.002365594965618220e+04 2.881981733507464558e-19 1.825164899035617362e-20
3.003427389521080477e+04 2.726834090073248811e-19 1.882283035389479416e-20
3.004489176569180199e+04 2.474681673256980865e-19 1.790914398101334047e-20
3.005550956103930730e+04 2.713693199026657886e-19 1.771040306080262440e-20
3.006612728125098147e+04 2.366242482833771009e-19 1.847329395231368291e-20
3.007674492625105268e+04 2.561241446393780094e-19 1.853935788971800862e-20
3.008736249602674434e+04 2.618931395290708768e-19 1.981638095666827123e-20
3.009797999052332671e+04 2.520901422288488454e-19 1.931314156148093814e-20
3.010859740971185238e+04 2.266166198863673812e-19 1.884696664908443244e-20
3.011921475354310678e+04 2.608750468354111808e-19 1.945240880792871622e-20
3.012983202198284562e+04 2.630791827310915925e-19 1.824745937276445302e-20
3.014044921499193151e+04 2.363710411694075537e-19 1.789242282196191732e-20
3.015106633254178450e+04 2.549643397478237514e-19 1.819747218586011442e-20
3.016168337456654990e+04 2.959815804295726524e-19 1.752376000668030364e-20
3.017230034105350933e+04 2.640706921796374971e-19 1.841000531501589583e-20
3.018291723195269151e+04 2.321280309757689447e-19 1.771410006341196996e-20
3.019353404721940751e+04 2.300243007741398188e-19 1.742646497550780446e-20
3.020415078682501553e+04 2.499220471914658359e-19 1.864136750126094866e-20
3.021476745072448830e+04 2.993959098585849375e-19 1.923070337957776436e-20
3.022538403887340246e+04 3.167404653897953128e-19 2.029367518118102849e-20
3.023600055124273058e+04 2.831418351947318829e-19 2.052053465279656454e-20
3.024661698779279322e+04 2.703615786645635503e-19 1.873454892100591906e-20
3.025723334846854414e+04 2.628541686305421808e-19 2.001310331024666505e-20
3.026784963324064665e+04 2.645522841920532444e-19 1.945081436196080949e-20
3.027846584207493288e+04 2.194670101981453830e-19 1.965655996124515124e-20
3.028908197492656836e+04 2.541132644198880097e-19 1.951757877731405636e-20
3.029969803175555717e+04 2.435115885439979354e-19 1.980639828337012689e-20
3.031031401252260184e+04 2.581863131836476801e-19 1.955965367931768045e-20
3.032092991719298152e+04 3.617271757274080750e-19 2.015690804474223169e-20
3.033154574570588738e+04 3.471495070131951905e-19 2.204226387001217591e-20
3.034216149805337773e+04 2.810901434784869007e-19 1.939440174626358981e-20
3.035277717417413078e+04 2.433909463667738347e-19 1.929990799286928641e-20
3.036339277403927190e+04 2.625984028476533263e-19 2.022920631030856589e-20
3.037400829759277985e+04 2.942457512482620254e-19 1.993030732505199864e-20
3.038462374481068036e+04 3.197942294678830092e-19 1.916657367040917318e-20
3.039523911565405069e+04 3.026172051419767278e-19 1.927225858096671093e-20
3.040567514319651673e+04 2.479183083266720820e-19 1.784265351715755132e-20
3.041629034955222232e+04 2.491592742596100399e-19 1.837460213674713880e-20
3.042690547937994052e+04 2.734292324885616627e-19 2.002025888227386681e-20
3.043752053264956339e+04 2.978454138059920405e-19 1.897504413351287765e-20
3.044813550934158411e+04 2.645702744118198023e-19 1.823366662262186078e-20
3.045875040941076804e+04 2.329695284897449058e-19 1.890014679306296042e-20
3.046936523282229609e+04 2.842964285275264043e-19 2.099777334829485171e-20
3.047997997953058439e+04 2.396535315984832256e-19 1.851589137013812515e-20
3.049059464949540779e+04 2.909089643922802456e-19 2.005333077558994563e-20
3.050120924266621660e+04 2.657557455682734165e-19 2.035609647488141323e-20
3.051182375902851709e+04 2.601740453877885216e-19 1.777978696604392160e-20
3.052243819851628359e+04 2.599668570071555975e-19 1.779767799425849742e-20
3.053305256109922630e+04 2.865593920394484444e-19 1.837333109714098730e-20
3.054366684673725103e+04 2.190329797691781187e-19 1.761090075901533541e-20
3.055428105540031902e+04 2.610007245803528269e-19 1.702306638743749675e-20
3.056489518702704663e+04 3.198340357505284747e-19 1.925983152995521474e-20
3.057550924159788701e+04 3.011234959428559766e-19 1.936188909355471250e-20
3.058612321905139834e+04 2.686147476331972777e-19 1.835384060252176315e-20
3.059673711936788823e+04 2.522277630754743961e-19 1.707606784768754686e-20
3.060735094248085079e+04 1.864251032794342504e-19 1.876384545937666011e-20
3.061796468838597866e+04 2.744650919176307785e-19 1.939445204539962668e-20
3.062857835700642318e+04 2.677537430692193968e-19 1.837911451055856621e-20
3.063919194832724315e+04 2.533763351301091163e-19 1.876433921984456572e-20
3.064980546228714229e+04 2.251794541777130718e-19 1.789148934026958861e-20
3.066041889886614445e+04 3.039813142739778313e-19 1.929086289859355506e-20
3.067103225800258224e+04 2.525421532439704412e-19 1.863931184596301575e-20
3.068164553967676329e+04 2.225996622824684999e-19 1.778801151526558949e-20
3.069225874383717746e+04 2.832680178004116898e-19 1.754039251353699295e-20
3.070287187043250742e+04 3.116026411788130274e-19 1.738899859182469219e-20
3.071348491943248155e+04 2.885317921125236491e-19 1.649088283588155718e-20
3.072409789081710187e+04 2.899814087129639768e-19 1.896840953574311852e-20
3.073471078450355344e+04 2.866963852178669774e-19 1.794479196223765055e-20
3.074532360048207556e+04 2.848986872449046442e-19 1.758064829855989762e-20
3.075593633870139456e+04 2.683662242966491379e-19 1.954462442332146191e-20
3.076654899910976383e+04 2.836964438291723928e-19 1.886643307676680795e-20
3.077716158168715629e+04 2.974897330190401975e-19 1.881200498243009296e-20
3.078777408637165354e+04 2.838378669869471120e-19 1.834539344669205036e-20
3.079838651314826711e+04 2.681621452420927771e-19 1.952059049506761154e-20
3.080899886195494400e+04 2.634835296250511451e-19 2.028187360163694677e-20
3.081961113275532625e+04 2.575600211958321711e-19 1.887018059388712147e-20
3.083022332553447995e+04 2.679048124138546422e-19 1.991546091221038014e-20
3.084065569484947628e+04 2.721187565323760945e-19 1.828870700892357866e-20
3.085126771967798413e+04 3.022129556337802637e-19 1.965750198840817122e-20
3.086187966633366159e+04 2.869736629819728532e-19 1.945742179927873155e-20
3.087249153476937136e+04 2.797157026702286759e-19 1.905872538126683371e-20
3.088310332495499097e+04 2.704338875020288247e-19 2.009876184985371061e-20
3.089371503684331037e+04 2.590144368435291654e-19 1.873813859866984639e-20
3.090432667039308944e+04 2.758775144105381259e-19 1.852391876834080231e-20
3.091493822556279338e+04 2.971081967895422819e-19 1.861647429819193796e-20
3.092554970231073094e+04 4.471286132200608597e-19 2.033037542367893751e-20
3.093616110059563289e+04 5.259225691356236742e-19 2.168516119116503318e-20
3.094677242037007090e+04 3.265952156825734318e-19 1.892757949508065426e-20
3.095738366160916485e+04 2.617878409622415275e-19 1.718179102288004362e-20
3.096799482426014583e+04 2.466011816283932075e-19 1.726745054484801758e-20
3.097860590827036140e+04 2.427098986696484526e-19 1.719195317100548659e-20
3.098921691360921250e+04 2.638534787659019417e-19 1.893315036959215244e-20
3.099982784025105502e+04 2.620701850188545449e-19 1.799119148560296176e-20
3.101043868812157598e+04 2.422079834599816574e-19 1.719278666078033427e-20
3.102104945720612159e+04 2.954841247738191583e-19 1.871982134251545845e-20
3.103166014744647691e+04 2.452995531631215570e-19 1.946704666843570510e-20
3.104227075880632765e+04 2.425252040539095310e-19 1.983577341402701844e-20
3.105288129124352417e+04 2.235277746473607288e-19 1.718834353348207080e-20
3.106349174472744198e+04 2.333906731806233467e-19 1.616616342604886961e-20
3.107410211919371432e+04 2.586016118867141269e-19 1.822313643896369107e-20
3.108471241461165482e+04 2.932123147896428889e-19 1.895122570810045129e-20
3.109532263094455266e+04 2.417440805049153137e-19 1.875671395200354736e-20
3.110593276813930788e+04 2.330670915355979787e-19 1.663405504554741955e-20
3.111654282615950797e+04 2.948893309376405629e-19 1.849016325195951457e-20
3.112715280497370259e+04 2.322847462216399435e-19 1.741438203894878931e-20
3.113776270451800156e+04 2.436014673996788561e-19 1.765747474541592979e-20
3.114837252476644062e+04 2.966186634091134613e-19 1.864786408401053838e-20
3.115898226566593439e+04 2.481402671869240473e-19 1.825197473948847678e-20
3.116959192717969927e+04 2.648596740292178858e-19 1.807215808989174672e-20
3.118020150927637587e+04 2.995183338794757851e-19 1.943934888650443937e-20
3.119081101188619141e+04 3.172700648550526700e-19 1.888127262629873321e-20
3.120142043498851126e+04 2.948722656658288499e-19 1.735434558638777593e-20
3.121202977855804056e+04 2.761137315103162670e-19 1.656053509861183531e-20
3.122263904250204723e+04 2.657278881976364233e-19 1.771563533189119496e-20
3.123324822682264130e+04 2.569566204996700614e-19 1.859846693515119962e-20
3.124385733145514314e+04 2.663602055166572013e-19 1.852786480810759995e-20
3.125446635635674465e+04 2.246582521273870431e-19 1.888686969855358199e-20
3.126507530150753155e+04 2.488210424793535335e-19 1.807062278246995945e-20
3.127568416682545649e+04 2.354665816100544817e-19 1.784144470719167697e-20
3.128629295230169009e+04 2.930338473493043110e-19 1.865314975560913211e-20
3.129690165789338789e+04 2.596027813763260202e-19 1.872439370140902139e-20
3.130751028353555739e+04 2.674869661814433531e-19 1.815251231370692953e-20
3.131811882920228891e+04 2.478754338926828978e-19 1.798288320917225154e-20
3.132872729482822979e+04 2.623009957322441926e-19 2.029811264700644918e-20
3.133933568039885722e+04 2.968048562238132558e-19 1.684627417257507280e-20
3.134994398587656542e+04 2.311143536510743466e-19 1.843473242120549373e-20
3.136055221117401379e+04 2.789849209482557394e-19 1.948968451225475526e-20
3.137116035630412807e+04 2.855441596346536537e-19 1.799442615995431339e-20
3.138176842116796252e+04 3.090660997319917029e-19 1.796908576590939417e-20
3.139237640576190097e+04 3.095238710665103082e-19 1.853338084085169091e-20
3.140298431004830127e+04 2.689158431641032585e-19 1.785656927518763201e-20
3.141359213393957543e+04 2.450620225488219398e-19 1.771324983835100843e-20
3.142419987744839455e+04 2.653517637853439437e-19 1.711257088461865828e-20
3.143480754047582377e+04 3.073936393835893693e-19 1.998959284000074591e-20
3.144541512302911724e+04 2.821382166312895234e-19 1.902861552747842753e-20
3.145602262503704696e+04 2.586115405263409254e-19 1.839577896661239451e-20
3.146663004646209447e+04 2.618518598678704227e-19 1.825842463119697738e-20
3.147723738726645388e+04 2.476010473509141701e-19 1.802038192043879740e-20
3.148784464737899907e+04 2.435425059463675390e-19 1.853369664920576347e-20
3.149845182681235747e+04 2.202066365804819719e-19 1.791856469270232166e-20
3.150905892545594179e+04 1.139405814167300841e-19 2.949821747276840711e-20
