1.699261461858480106e+04 2.712605223220745891e-20 1.817357100693279308e-20
1.700332233991655448e+04 4.894141404112161456e-20 1.384507672859985733e-20
1.701403005223474247e+04 7.387040306615223530e-20 1.406873893380109520e-20
1.702473775549819766e+04 4.584355747313855820e-20 1.512967495804831433e-20
1.703544544966194371e+04 7.027765779393593263e-20 1.446027189969028230e-20
1.704615313467851593e+04 6.274352415331385792e-20 1.376197806033568002e-20
1.705686081050657594e+04 3.467365335605078880e-20 1.468414084137673671e-20
1.706756847710112197e+04 6.990949745002052698e-20 1.512872750099788987e-20
1.707827613441558060e+04 4.147928984248440765e-20 1.393296920593163652e-20
1.708898378240718375e+04 5.305242601588822294e-20 1.529362277321913366e-20
1.709969142103103150e+04 7.720865552758177407e-20 1.393428848842911090e-20
1.711039905024233667e+04 1.179884774937723962e-19 1.600123907100409623e-20
1.712110666999751265e+04 2.454662733032493992e-20 1.371091947356500995e-20
1.713181428025174318e+04 6.807387396054125974e-20 1.440051874327999258e-20
1.714252188096039390e+04 4.892256543827025690e-20 1.412538126337297014e-20
1.715322947208080586e+04 1.378474071997178047e-20 1.340619407798509801e-20
1.716393705356586361e+04 4.247439274024644880e-20 1.404637153607423084e-20
1.717464462537341024e+04 4.052833811977003396e-20 1.356381161391416599e-20
1.718535218746011742e+04 7.813444526555197153e-20 1.471900758823074089e-20
1.719605973977972826e+04 8.694225504643309291e-20 1.508206751573684228e-20
1.720676728228767752e+04 3.308608457507876596e-20 1.501926701271082311e-20
1.721747481494168824e+04 5.066412893305714120e-20 1.588669263175151136e-20
1.722818233769983271e+04 6.311927462126366024e-20 1.490343692886856765e-20
1.723888985051294731e+04 5.109253036077238949e-20 1.424801512896203090e-20
1.724959735333914068e+04 7.430522073518278315e-20 1.480401000224491779e-20
1.726030484613802037e+04 4.968117587669946153e-20 1.496884306312801175e-20
1.727101232886005528e+04 1.165786230352191675e-20 1.444581245780143873e-20
1.728171980146351052e+04 2.034027142886460054e-20 1.407287191777671178e-20
1.729242726390812459e+04 9.875275634229041802e-20 1.652309153139140076e-20
1.730313471614426817e+04 5.829299142581425525e-20 1.611802669057311647e-20
1.731384215813040282e+04 1.136004730340076847e-19 1.530283392117698120e-20
1.732454958982646349e+04 7.840549197971132772e-20 1.305889369927454097e-20
1.733525701118286452e+04 5.263778754031837333e-20 1.365361431904429413e-20
1.734596442215820207e+04 5.400012371825883321e-20 1.376830714039028134e-20
1.735667182271243655e+04 2.875493649601769779e-20 1.293601332521954129e-20
1.736737921279557850e+04 6.180337135630826435e-20 1.272084972019999108e-20
1.737808659236781023e+04 1.946884961084779960e-20 1.296680500190622372e-20
1.738879396138693119e+04 7.762367203940399984e-20 1.406009281241301420e-20
1.739950131980626247e+04 4.007232056211455848e-20 1.406746050670621255e-20
1.741020866758319244e+04 6.071663466995609109e-20 1.329351406943028747e-20
1.742091600467659373e+04 5.370084523153720231e-20 1.300744484438741156e-20
1.743162333103993296e+04 6.612727333560377919e-20 1.376808454949589585e-20
1.744233064663068581e+04 2.890791856332686694e-20 1.424014222757119882e-20
1.745303795140794318e+04 -1.847751590520747306e-21 1.278527830275210997e-20
1.746374524538341939e+04 5.016128169390350960e-20 1.387470654016079055e-20
1.747465050843434801e+04 2.791593476887880600e-20 1.247787590016891658e-20
1.748535779547620768e+04 5.952342299469822442e-20 1.302224742463783822e-20
1.749606507152776976e+04 2.740769814181160297e-20 1.334559964776961006e-20
1.750677233654272277e+04 1.619823656796289413e-20 1.240291199900826006e-20
1.751747959047889162e+04 3.647304281240919980e-20 1.163583125223041466e-20
1.752818683329507257e+04 7.370770766247463687e-20 1.258762212419993275e-20
1.753889406494520154e+04 8.948254607700770343e-20 1.267940422976056591e-20
1.754960128538713616e+04 4.174546102210771826e-20 1.331348735806888452e-20
1.756030849458014563e+04 4.106506590035499362e-20 1.301906330948968356e-20
1.757101569247770385e+04 6.160403433722548976e-20 1.432290794753677619e-20
1.758172287903886536e+04 2.825387325867842439e-20 1.294528273734233238e-20
1.759243005422216811e+04 1.941336225560886702e-20 1.080078168410251322e-20
1.760313721798115512e+04 3.709317429062269692e-20 1.268739318630132801e-20
1.761384437027518652e+04 5.222019954227128996e-20 1.305076345861882679e-20
1.762455151106251651e+04 1.340241532567510623e-20 1.196103736809535366e-20
1.763525864029681543e+04 1.299570700443971713e-20 1.163284187650020248e-20
1.764596575793974989e+04 3.598619637576956033e-20 1.249514191562901952e-20
1.765667286394563780e+04 3.484844733385326311e-20 1.174225642189320016e-20
1.766737995827129998e+04 3.243642715092847068e-20 1.195238202894751222e-20
1.767808704087784645e+04 5.867680186214381894e-20 1.144310137540046476e-20
1.768879411171915854e+04 3.174871346760531842e-20 1.115861616021131804e-20
1.769950117075379603e+04 3.850197970651188474e-20 1.353778737246772914e-20
1.771020821793954019e+04 5.931874455429292387e-20 1.364773164527947728e-20
1.772091525323266251e+04 2.365380067226307282e-20 1.155864405507275884e-20
1.773162227659353084e+04 4.907830028579656501e-20 1.193623970655540097e-20
1.774232928797673230e+04 1.705471919894017895e-20 1.154061981843522060e-20
1.775303628734905215e+04 4.578930162722733382e-20 1.131506492217012322e-20
1.776374331549060662e+04 1.696117050091195533e-20 1.149200005536890964e-20
1.777445033808888911e+04 6.414089730794281052e-20 1.186695344692920636e-20
1.778515734854012044e+04 3.730621201592972019e-20 1.122267152369420340e-20
1.779586434680631282e+04 6.417402121085979093e-20 1.211043508798423650e-20
1.780657133283834992e+04 3.958768308044192161e-20 1.110468393805575041e-20
1.781727830659781102e+04 8.343538873498582839e-20 1.215621958637570697e-20
1.782798526804428548e+04 9.795573269466155546e-20 1.181022909716442567e-20
1.783869221713252773e+04 6.497673141548071303e-20 1.146537608746125929e-20
1.784939915382175241e+04 7.919810466051495895e-20 1.230628647963057865e-20
1.786010607806870030e+04 5.848693849739302972e-20 1.233801369515913574e-20
1.787081298983420129e+04 5.549823202707597861e-20 1.148093341596231512e-20
1.788151988907317354e+04 1.299116419044615820e-20 1.216493503885578741e-20
1.789222677574353293e+04 -1.078314005128606038e-21 1.118590277146569980e-20
1.790293364980712067e+04 3.658200485378964933e-20 1.146037706761496708e-20
1.791364051121805096e+04 -1.027021106302922157e-21 1.167424891349412388e-20
1.792434735993544746e+04 1.273285898911817372e-20 1.121322703128363778e-20
1.793505419591916507e+04 2.345736054567663343e-20 1.102128226933957301e-20
1.794576101912527156e+04 4.217423501295841238e-20 1.092776338602402447e-20
1.795646782951250862e+04 8.725544396561659615e-21 1.079543783315943439e-20
1.796717462703989804e+04 3.593312961716932557e-20 1.093999947099667335e-20
1.797788141166638161e+04 3.372657786639266328e-20 1.141720493301735992e-20
1.798858818334711395e+04 4.950284663102043523e-20 1.131944539207285026e-20
1.799929494204268849e+04 3.492232821567272382e-20 1.151429441981966498e-20
1.801000168771381868e+04 2.994482762394006717e-20 1.165264350330218643e-20
1.802070842031351276e+04 1.329676368723668894e-20 1.045916243109406478e-20
1.803141513980341551e+04 2.081355880435523879e-20 1.029278417099921848e-20
1.804212184614428406e+04 3.402952916952381401e-20 1.101598330138551126e-20
1.805282853928946861e+04 3.239905342172524188e-20 1.151872068374113750e-20
1.806353521920061758e+04 2.418020349111313328e-20 1.071074704646532413e-20
1.807424188583598880e+04 4.610399556714900071e-20 1.192305227607425092e-20
1.808494853915228668e+04 2.543103872982743945e-20 1.103856791201984339e-20
1.809565517911240386e+04 4.882727551624536498e-21 1.142497647065544735e-20
1.810636180566939947e+04 2.563905750080748849e-20 1.214810077963472239e-20
1.811706841878834894e+04 3.128558461090574311e-20 1.101264117345850148e-20
1.812777501842118727e+04 3.216052527832030594e-20 1.182683909342218621e-20
1.813848160453167657e+04 2.590058390052077453e-20 1.070649699586157495e-20
1.814918817707820563e+04 6.097103672734151336e-20 1.178349815219980171e-20
1.815989473601621285e+04 3.659793209273760307e-20 1.165631522483259252e-20
1.817060128130813973e+04 4.048802043729419805e-20 1.036178216021981294e-20
1.818130781291165840e+04 1.048277383761270332e-19 1.154053078012836482e-20
1.819201433078432456e+04 3.548846634834189409e-20 1.097025880608988357e-20
1.820272083488537464e+04 1.390212881527862677e-20 1.089747309662012828e-20
1.821342732517551849e+04 5.397428552926220197e-20 1.134028870262591738e-20
1.822413380161523673e+04 3.020259124010193506e-20 1.155387444377309143e-20
1.823484026415871631e+04 5.984647857505615433e-20 1.131607366806076497e-20
1.824554671276594308e+04 6.400195188351676875e-20 1.145976873529504592e-20
1.825625314740227623e+04 4.858278079705605072e-20 1.080946880794896917e-20
1.826695956801860302e+04 3.226753954806694545e-20 1.145517789721034505e-20
1.827766597457910393e+04 7.743019081904278896e-20 1.270611496351252118e-20
1.828837236704063616e+04 4.079244438692065533e-20 1.225216500141996423e-20
1.829907874536423697e+04 6.494822620375503176e-20 1.227791699829060256e-20
1.830978510950823329e+04 6.379402742087207942e-20 1.129454957458405980e-20
1.832049145943001349e+04 2.980336921499492075e-20 1.019292538264332830e-20
1.833139691213276092e+04 5.023407651184200946e-20 1.145398198725769068e-20
1.834210325420552908e+04 1.352013382662327230e-21 1.124318932403038821e-20
1.835280957594047504e+04 5.758365644583034684e-20 1.064315878550771249e-20
1.836351588323383839e+04 -4.492633487873953982e-21 1.048148824106864489e-20
1.837422217609891595e+04 5.176721544466536676e-20 1.185725415875243810e-20
1.838492845449709421e+04 8.685315680801190665e-20 1.185003044646006046e-20
1.839563471838486657e+04 7.637022704312016583e-20 1.245585620922334603e-20
1.840634096772986959e+04 3.319365156777520925e-20 1.162770867300444940e-20
1.841704720248026206e+04 4.506421320753126009e-20 1.082727939406638102e-20
1.842775342260271282e+04 2.346383586696375499e-20 9.952767433257901600e-21
1.843845962806004536e+04 4.372084353374359373e-20 1.052940830405034186e-20
1.844916581880168451e+04 6.475261976525512535e-20 1.072619126384531664e-20
1.845987199479622359e+04 3.822884844127341003e-20 1.055385044636293359e-20
1.847057815599774403e+04 3.568184150281611563e-20 1.053671319330509178e-20
1.848128430237174325e+04 4.259519352621971560e-20 1.071649295353884913e-20
1.849199043387215715e+04 4.339912796542174512e-20 1.022534532072436689e-20
1.850269655046081607e+04 5.425695944400931709e-20 9.917573216980549196e-21
1.851340265210406869e+04 4.334038050515323927e-20 1.033147009314009756e-20
1.852410873874880053e+04 4.333330296858277851e-20 1.060207540001200376e-20
1.853481481036452897e+04 6.143232266028861876e-20 1.151499943620885608e-20
1.854552086690817305e+04 3.670067472478799987e-20 1.098621352769579505e-20
1.855622690834228706e+04 5.208941061289293324e-20 1.072953840275850118e-20
1.856693293462541260e+04 7.467637696416516896e-20 1.035136578187245950e-20
1.857763894571182755e+04 6.125778999058469597e-20 1.052876829344122311e-20
1.858834494157471636e+04 4.302564106132747181e-20 1.035699228636721299e-20
1.859905092216034609e+04 6.333574873215483661e-20 1.076186493610376705e-20
1.860975688743534920e+04 4.341088318155730442e-20 1.010188674526952673e-20
1.862046283735999168e+04 4.960872458070040922e-20 9.343989741575822089e-21
1.863116877189452498e+04 4.494506063317885845e-20 9.228559418528439305e-21
1.864187469099831651e+04 3.935147094627801443e-20 9.059368708684331992e-21
1.865258059462772871e+04 3.491117993526752702e-20 9.448154948910417141e-21
1.866328648275514206e+04 7.729459836533815017e-20 1.007191390290205324e-20
1.867399235532673265e+04 5.842952747583670357e-20 9.495417875879369957e-21
1.868469821230943489e+04 7.655494427536935008e-20 9.598653167113636341e-21
1.869540405366380583e+04 5.469180477386848771e-20 1.045342770891382457e-20
1.870610987935025696e+04 4.448162974307213170e-20 1.081756371579968607e-20
1.871681568932901791e+04 5.174041111937346613e-20 9.909856289490416955e-21
1.872752148355595273e+04 5.894777434735175905e-20 1.003594992115174614e-20
1.873822726199906174e+04 5.464633718193316155e-20 9.617772856446242259e-21
1.874893302461607527e+04 5.406956916084832905e-20 1.008586336343640261e-20
1.875963877136480369e+04 6.138617708854700974e-20 1.015942423561308657e-20
1.877034450220863437e+04 4.516281024555543263e-20 1.022315588873505382e-20
1.878105021710955771e+04 4.141016795631904658e-20 1.032380284234222684e-20
1.879175591602397617e+04 4.301379952296421052e-20 9.060735725414131613e-21
1.880246159891191564e+04 6.482263766987906297e-20 9.983093205573109888e-21
1.881316726574040149e+04 4.468369863373360541e-20 9.733503484905790459e-21
1.882387291646590529e+04 3.556883310231796489e-20 1.006536693956064003e-20
1.883457855105057388e+04 5.303389531502756362e-20 9.957756354932820218e-21
1.884528416945114805e+04 5.618095670360274298e-20 9.257669843544957834e-21
1.885598977163813834e+04 3.708085818884781901e-20 8.999786987905768822e-21
1.886669535756396363e+04 4.204291023536462638e-20 8.943924893586778079e-21
1.887740092718746018e+04 2.138747507792787898e-20 9.463306433531606871e-21
1.888810648047724681e+04 6.162983385406118321e-20 9.694970294810239780e-21
1.889881201739000971e+04 4.502703579476583390e-20 9.670813661879709999e-21
1.890951753788818314e+04 7.392085387862082490e-20 9.539491123876639385e-21
1.892022304192710362e+04 7.162208786121961145e-20 9.573976803131488094e-21
1.893092852947835127e+04 5.949476007130416965e-20 9.695022819931311107e-21
1.894163400055408056e+04 4.787109386066318786e-20 9.003787673323327906e-21
1.895233946096255750e+04 5.341594742684577223e-20 9.126718518729333388e-21
1.896324487490047613e+04 2.186371858742150570e-20 9.457869801937326688e-21
1.897395031054042556e+04 3.621245924063786359e-20 9.167873631129981178e-21
1.898465572948933186e+04 4.059959201408070238e-20 9.112559309572016315e-21
1.899536113170421595e+04 6.313981476732866823e-20 9.929368013404262854e-21
1.900606651715426779e+04 2.627294254784906059e-20 9.781150391861239578e-21
1.901677188579620270e+04 2.459496704929754957e-20 9.436570698320933177e-21
1.902747723759321889e+04 2.759403559856773214e-20 9.392025846392512847e-21
1.903818257250103852e+04 3.042029744192351718e-20 9.602899797111838232e-21
1.904888789048920808e+04 4.818390300106608401e-20 1.005466123246824996e-20
1.905959319151278396e+04 6.435851994836598678e-20 1.032494026497025478e-20
1.907029847553814761e+04 5.701896010076460747e-20 9.473751679595500793e-21
1.908100374252123947e+04 5.225227141913903097e-20 9.270185302211676945e-21
1.909170899242943415e+04 2.048677309393789183e-20 9.508315175200563312e-21
1.910241422522462381e+04 5.594465683828219917e-20 9.042161313878304270e-21
1.911311944085741925e+04 4.030648172095473412e-20 9.688433149281111129e-21
1.912382463930150698e+04 4.494215303264984780e-20 9.685754962687418563e-21
1.913452982051115396e+04 4.763305467622711882e-20 9.154237349783271605e-21
1.914523498445694349e+04 7.712689466065216611e-20 9.594927690219821887e-21
1.915594013108659783e+04 6.007649848298922921e-20 9.795724692423617065e-21
1.916664526037447285e+04 1.527122668101319652e-20 9.972150303144727959e-21
1.917735037227426074e+04 2.222578309701906787e-20 9.476887315917735181e-21
1.918805546675542064e+04 6.531768110640138249e-20 9.160957178248045626e-21
1.919876054377072069e+04 4.564981292359625426e-20 9.213302118586321924e-21
1.920946560328941632e+04 4.917266222808683239e-20 1.003092956625051834e-20
1.922017064527179173e+04 4.841282405558092835e-20 9.091613003490019516e-21
1.923087566967376551e+04 3.360530053149346302e-20 9.937817024481379265e-21
1.924158067646155541e+04 4.199281528254766312e-20 9.528460560435006533e-21
1.925228566559868705e+04 8.132187972633468782e-20 1.032673288107232759e-20
1.926299063704896616e+04 6.578501598303565127e-20 9.772895085736146810e-21
1.927369559076616133e+04 3.924760331113379928e-20 9.273559428569307259e-21
1.928440052671860758e+04 3.834864003155654251e-20 9.269888241517445304e-21
1.929510544486545405e+04 4.422401867641141411e-20 9.341371078042125923e-21
1.930581034517638545e+04 5.054529909170232338e-20 9.585660594883180178e-21
1.931651522760079388e+04 2.583654961415121422e-20 9.248640867651105242e-21
1.932722009210901160e+04 4.432381212156331113e-20 9.538415936677039313e-21
1.933792493865972210e+04 5.567715849206624221e-20 9.807895138673462430e-21
1.934862976722305393e+04 3.071408711376422786e-20 9.422281525735328552e-21
1.935933457774872295e+04 5.156642093438047526e-20 9.497354664654066042e-21
1.937003937020667217e+04 6.531566932912316701e-20 9.680219678688533731e-21
1.938074414455429724e+04 4.748935724566404254e-20 1.001239401469095226e-20
1.939144890076707816e+04 1.081763398697199195e-19 1.095494777134403313e-20
1.940215363878773496e+04 1.614757985958933603e-19 1.072062301613166282e-20
1.941285835859142389e+04 1.571450201415987686e-19 1.114029728220097097e-20
1.942356306013435096e+04 8.343750069668360040e-20 9.694094379182385072e-21
1.943426774339173426e+04 4.255896124673999195e-20 9.674823991922127010e-21
1.944497240830630835e+04 4.570449209192855940e-20 9.000246712638815206e-21
1.945567705485389888e+04 5.123216738978910432e-20 8.934172486995907879e-21
1.946638168299030440e+04 5.207825984266371039e-20 8.879142418968801645e-21
1.947708629269091398e+04 5.072513662768507302e-20 9.190084106098757807e-21
1.948779088390057950e+04 4.486534839753360739e-20 8.986869396155577932e-21
1.949849545659165960e+04 3.782192209130991483e-20 8.844654118597671118e-21
1.950920001071977822e+04 8.510298018362371312e-21 9.161272767614444946e-21
1.951990454626450082e+04 3.222917205002095618e-20 8.711542348653774880e-21
1.953060906316698674e+04 5.665019323750699377e-20 9.071962479546158409e-21
1.954131356140269418e+04 5.577418755887378590e-20 9.469700471343304644e-21
1.955201804092811290e+04 3.212482858680509218e-20 9.055672867697032386e-21
1.956272250171773339e+04 7.011461346188176767e-20 9.044464408599927452e-21
1.957342694372038386e+04 6.320060135234898722e-20 9.254876228305152982e-21
1.958413136690270767e+04 3.765633826628402179e-20 8.519810238468311608e-21
1.959483577122759380e+04 5.534804706746731385e-20 8.851065655492904417e-21
1.960554015666570558e+04 5.362018270628910993e-20 7.916325051296199048e-21
1.961624452317028044e+04 4.716958274661596620e-20 9.052754315106173674e-21
1.962694887070772893e+04 6.929828859080512017e-20 9.028114815174154814e-21
1.963765319923705829e+04 7.661108889434032443e-20 8.441600032748123200e-21
1.964835750873172947e+04 6.063408586918822422e-20 8.050502582074272923e-21
1.965906179914472159e+04 5.791360287539937785e-20 9.070144470619254175e-21
1.966976607044200864e+04 3.592848645418291592e-20 8.233345492185042669e-21
1.968047032258342006e+04 1.560417597800936068e-20 8.330588206884066631e-21
1.969117455554076514e+04 5.452703596185287383e-20 8.436775333791387026e-21
1.970187876927167599e+04 4.582984262824309615e-20 8.812534557806965046e-21
1.971258296373593475e+04 4.289392835067430158e-20 8.658615519996175856e-21
1.972328713890032304e+04 3.064607055129272445e-20 8.390183322117575423e-21
1.973399129472955246e+04 3.994140869278637359e-20 8.385918923801725322e-21
1.974469543118670117e+04 5.245474662984818399e-20 8.384425206033744099e-21
1.975539954823187509e+04 5.905578940922997150e-20 8.766006182464947712e-21
1.976610364582825787e+04 4.465355979604001053e-20 8.514768593331518704e-21
1.977680772394050655e+04 6.813296316713947914e-20 8.642993683432030837e-21
1.978751178253578109e+04 8.604959549636918581e-20 9.743539402970109176e-21
1.979821582157233934e+04 1.101470707745927002e-19 9.787833442309359554e-21
1.980891984101468188e+04 7.860491609674697054e-20 9.376212291008263142e-21
1.981962384082495191e+04 4.434526476258132812e-20 8.508974240242996881e-21
1.983032782096842857e+04 3.868888403037106424e-20 8.333488865398722145e-21
1.984103178141151875e+04 3.334413681487186684e-20 7.917240587795582949e-21
1.985173572211281498e+04 4.830600324885467018e-20 8.834104365492543859e-21
1.986243964303422399e+04 5.018186463267833440e-20 8.047005628436513296e-21
1.987314354414587433e+04 5.373806368849609794e-20 8.938565286227970414e-21
1.988384742540974912e+04 5.734424276710173986e-20 8.944221534698385996e-21
1.989455128678613619e+04 6.084605047794294249e-20 9.133392139231314893e-21
1.990525512823660029e+04 5.062363976193946894e-20 8.145265220201341035e-21
1.991595894973180475e+04 4.490704623635100809e-20 8.172915687407793987e-21
1.992666275123215746e+04 5.482256340792739607e-20 8.728476488803384146e-21
1.993736653270307215e+04 2.798717368030556951e-20 8.356244738922233478e-21
1.994807029410258110e+04 6.544846280592497353e-20 8.665591631750894308e-21
1.995877403539836450e+04 4.451594108160108323e-20 8.451678431342053886e-21
1.996967903163055234e+04 1.130002069434768713e-19 9.351941401304409596e-21
1.998038275252166568e+04 1.745593146072701359e-19 1.108951735113364341e-20
1.999108644746591381e+04 1.735992181095756008e-19 1.103540869805559771e-20
2.000179012210387373e+04 1.077911951380914724e-19 1.010592359553265665e-20
2.001249377645387358e+04 6.425311588142530918e-20 8.469728928477027242e-21
2.002319741048344440e+04 6.885613297484530356e-20 8.365158000465374419e-21
2.003390102415106594e+04 6.353684146276676382e-20 8.454367880703513512e-21
2.004460461742078405e+04 5.935042853956836997e-20 8.482459772990139801e-21
2.005530819025835808e+04 7.920039660762415372e-20 8.871418473684866098e-21
2.006601174262778295e+04 5.012661597010424647e-20 8.620351279453154649e-21
2.007671527449849236e+04 5.976282987857672244e-20 8.562791840590986626e-21
2.008741878582384379e+04 5.914735938221228540e-20 8.615980202143837919e-21
2.009812227662613441e+04 5.629051683432377893e-20 8.340830835600283519e-21
2.010882575239701691e+04 5.956091856100671549e-20 8.633881362648372053e-21
2.011952921558665912e+04 4.347291233354289763e-20 8.692628024083405110e-21
2.013023265816897765e+04 3.555038481386045941e-20 8.135132871047369929e-21
2.014093608003010013e+04 6.145705551747997124e-20 8.180403352387393528e-21
2.015163948113605147e+04 5.167898719226232867e-20 7.759543950992110113e-21
2.016234286144948783e+04 3.735640038201284527e-20 8.523927773812566888e-21
2.017304622094520892e+04 5.775325899300246855e-20 8.268384998698107747e-21
2.018374955956976191e+04 5.782903268166177491e-20 8.483561742182731962e-21
2.019445287729809934e+04 3.188192540595469680e-20 7.848660988899183852e-21
2.020515617409463084e+04 4.198889345527091990e-20 8.204239196776605980e-21
2.021585944992029545e+04 3.115420761937742963e-20 8.668295196683512153e-21
2.022656270474469056e+04 5.540440501645613556e-20 8.903290349598016165e-21
2.023726593852518272e+04 5.276806272034116012e-20 7.948284485325916827e-21
2.024796915122789869e+04 6.189237164106012911e-20 8.313000592811704875e-21
2.025867234282106074e+04 4.840145297660815163e-20 8.025022166688733276e-21
2.026937551326927860e+04 5.754904778218283533e-20 8.234673884891420572e-21
2.028007866253510292e+04 3.730310630163812624e-20 8.155391133662656608e-21
2.029078179058323076e+04 3.072774116182210880e-20 8.488593270149020901e-21
2.030148489737445925e+04 6.132883634768302550e-20 8.070775833381954871e-21
2.031218798287716345e+04 5.308312235544594792e-20 8.191045333906773835e-21
2.032289104706339276e+04 3.962063204218015361e-20 7.825680809325868070e-21
2.033359408988300856e+04 3.487796122093212957e-20 7.827094253283687034e-21
2.034429711131184376e+04 5.127415446870208168e-20 7.900525106240807424e-21
2.035500011130897110e+04 6.395541955366457056e-20 8.180805933230313562e-21
2.036570308984107032e+04 4.330361355803854128e-20 8.014736133132741003e-21
2.037640604687295854e+04 5.243854710752932647e-20 8.261352257265968493e-21
2.038710898237116999e+04 6.485423896769775633e-20 7.790398512992929065e-21
2.039781189629700020e+04 5.473283167305106574e-20 8.407185289689055052e-21
2.040851478861697251e+04 3.562685726408340522e-20 8.502889990568530481e-21
2.041921765929980756e+04 3.673254559833875445e-20 7.461753899740607648e-21
2.042992050830105291e+04 5.868743517621150056e-20 8.683451617586785022e-21
2.044062333559304170e+04 4.026807178312969498e-20 8.296700502207307245e-21
2.045132614114090029e+04 4.246478954876281600e-20 8.556343989417616643e-21
2.046202892490568047e+04 2.680292976450745531e-20 8.017083082827567316e-21
2.047273168685629571e+04 3.404120716699290114e-20 8.149117157257847698e-21
2.048343442695200065e+04 4.738658454478980006e-20 8.458722969325264683e-21
2.049413714516543769e+04 5.916677371986966326e-20 8.187533028436954765e-21
2.050483984145611976e+04 7.196771009140284170e-20 7.712544956335570591e-21
2.051554251579085758e+04 5.640830824819668916e-20 7.462055214911418125e-21
2.052624516813311857e+04 4.317373600753316162e-20 7.979199560195580753e-21
2.053694779845352969e+04 3.834439132530002922e-20 8.300290774574041394e-21
2.054765040671181123e+04 2.233111269270520832e-20 7.813360123296396280e-21
2.055835299287678208e+04 4.918416971538717291e-20 8.056058625008882477e-21
2.056905555690992333e+04 4.433925346801709526e-20 7.905454847362445904e-21
2.057975809877656502e+04 6.635750029093869087e-20 8.363197062785259708e-21
2.059046061844758151e+04 6.563674211047142990e-20 8.254275986563046890e-21
2.060116311588086683e+04 6.742571232183346857e-20 8.767808810305542575e-21
2.061186559105106790e+04 6.598801394887251109e-20 8.533427892020427238e-21
2.062256804391415426e+04 4.006186713768397015e-20 8.417342987149276736e-21
2.063327047443536503e+04 5.107463386262724415e-20 8.123396687952256827e-21
2.064397288258978369e+04 6.037600752603855996e-20 7.951400586723888153e-21
2.065467526833527518e+04 5.025277799484094442e-20 7.773198749964786077e-21
2.066537763164094940e+04 5.768754834938769073e-20 8.535297344850311879e-21
2.067607997246861851e+04 4.878260169074873691e-20 8.111114707269969377e-21
2.068678229078358345e+04 1.620091861394930207e-20 7.685362429051781324e-21
2.069748458655739887e+04 3.305572352711738208e-20 7.555637971941957050e-21
2.070818685980503869e+04 2.067033964078875296e-20 7.765254943331769158e-21
2.071909137261378783e+04 3.391192295902891015e-20 7.757259094592054696e-21
2.072979361445003451e+04 3.176202167667096496e-20 7.504440449800399798e-21
2.074049583359652024e+04 5.940640036164852321e-20 8.116947341705955563e-21
2.075119803002511617e+04 6.544824868257239403e-20 8.236101606060721824e-21
2.076190020370099228e+04 5.428210316698939192e-20 8.658886904625696081e-21
2.077260235458415264e+04 4.701095572489850445e-20 7.950336800550026371e-21
2.078330448264849474e+04 4.230802385076754310e-20 7.624876573566283750e-21
2.079400658785161795e+04 5.711580446232273229e-20 8.033367567952911105e-21
2.080470867016709599e+04 3.827424574962850447e-20 7.449290487590836254e-21
2.081541072955296477e+04 5.768323570612501935e-20 8.315786560333855392e-21
2.082611276598127370e+04 3.560977606578427318e-20 7.088526225763417848e-21
2.083681477941545018e+04 3.707479118759166964e-20 7.816077958497603225e-21
2.084751676982155914e+04 3.534264125800574031e-20 7.591722459635610171e-21
2.085821873716356276e+04 3.584497972339698311e-20 7.405948064235878368e-21
2.086892068141157506e+04 2.647880417602566240e-20 7.737119929413738955e-21
2.087962260253104614e+04 4.855474381014876750e-20 7.303741757432902369e-21
2.089032450048225292e+04 4.243662121544173347e-20 7.182133663988194355e-21
2.090102637523741578e+04 6.261883437352552220e-20 7.392372963003144636e-21
2.091172822676029682e+04 4.471189763533144503e-20 7.206645024916496684e-21
2.092243005501480002e+04 5.119216059499131192e-20 6.907931962984546194e-21
2.093313185997131222e+04 4.733810861941141042e-20 7.234452185539661048e-21
2.094383364159406119e+04 4.817352284499130284e-20 7.054908089759966768e-21
2.095453539984664894e+04 6.019613133011027580e-20 7.773557486576237314e-21
2.096523713470371877e+04 5.939448495010110436e-20 7.906479932310414815e-21
2.097593884611917383e+04 4.853480264286734573e-20 7.159785684002706075e-21
2.098664053406544554e+04 3.954471478334111198e-20 7.248655341347567214e-21
2.099734219850824593e+04 4.644728326918764761e-20 7.306152954488729811e-21
2.100804383941637570e+04 6.280484247769503398e-20 7.333142340818387728e-21
2.101874545675409900e+04 5.117932851179921522e-20 7.315731162075687767e-21
2.102944705048955439e+04 6.788156801818367344e-20 7.675848675139052076e-21
2.104014862058273502e+04 4.381592840476181387e-20 7.248813412341906998e-21
2.105085016700433334e+04 5.207997925905431266e-20 7.622534544424803244e-21
2.106155168972298998e+04 4.256279850436108206e-20 7.695652186207127278e-21
2.107225318870256160e+04 5.318779942421611425e-20 7.436560472673738447e-21
2.108295466390757429e+04 5.536681267439709461e-20 7.315344053162100560e-21
2.109365611531087416e+04 4.722966320006718161e-20 7.193708563537544184e-21
2.110435754286848896e+04 6.288417747802252912e-20 7.055530117411653235e-21
2.111505894655696466e+04 4.575666997299091902e-20 7.435511514352889467e-21
2.112576032633684736e+04 6.071597724652505661e-20 7.262302134137818683e-21
2.113646168217896775e+04 3.886312829305471988e-20 7.415880835560163944e-21
2.114716301404771366e+04 5.515804241874703593e-20 7.741849641746016138e-21
2.115786432190932464e+04 6.060039761668026109e-20 7.366428215838783599e-21
2.116856560573076422e+04 4.723067057931448470e-20 7.306314946959552583e-21
2.117926686547663485e+04 4.204321307200967785e-20 7.270768802388359387e-21
2.118996810111543891e+04 4.662471721448981323e-20 7.858889561750461658e-21
2.120066931261594073e+04 6.645570851135338264e-20 8.009594335176726601e-21
2.121137049994077461e+04 4.931175552707195304e-20 7.347924970669724013e-21
2.122207166306107683e+04 4.046263978404253800e-20 7.242427903167788292e-21
2.123277280193890329e+04 4.536117429673329012e-20 7.318794696035857921e-21
2.124347391654763851e+04 2.884329214031396184e-20 7.212098807191092277e-21
2.125417500684559127e+04 4.059964729290987014e-20 7.376982028592253439e-21
2.126487607280397424e+04 4.507321493104052037e-20 7.143287770194275847e-21
2.127557711439133709e+04 5.819572358344842476e-20 7.058379313552713761e-21
2.128627813156840057e+04 4.872451454922689552e-20 7.332179689945230034e-21
2.129697912431071381e+04 5.334856763258308479e-20 6.890204940196591913e-21
2.130768009258093298e+04 3.328555818064182514e-20 7.087233052047612255e-21
2.131838103634552681e+04 4.858567309408044027e-20 7.295897312609390530e-21
2.132908195556970168e+04 4.208787459338023284e-20 7.637466266901603662e-21
2.133978285022044656e+04 5.698149671507609104e-20 7.518473738270845419e-21
2.135048372027125879e+04 5.174432630595871324e-20 7.279611101072411357e-21
2.136118456568226247e+04 3.937399198081636004e-20 7.581571049182832281e-21
2.137188538642524145e+04 5.920344008101288910e-20 7.256893818999643363e-21
2.138258618246514743e+04 5.953703351866464817e-20 7.771664841498912989e-21
2.139328695376895121e+04 5.575152393783180283e-20 7.814121968996228998e-21
2.140398770029915977e+04 5.498796139051866139e-20 8.047828618105747596e-21
2.141468842203194436e+04 5.152966631257022463e-20 7.702369270737772943e-21
2.142538911892801843e+04 3.345678248965246054e-20 7.470768164920375067e-21
2.143608979095651739e+04 3.850639824433032409e-20 7.133939811887990973e-21
2.144679043808456117e+04 3.034093596846524870e-20 7.421940001652462552e-21
2.145749106028177630e+04 7.373052608500917689e-20 7.418493915706885464e-21
2.146819165751337641e+04 6.615384029443777153e-20 6.965423792712089474e-21
2.147889222974191580e+04 4.165184350390071261e-20 7.677963458306449986e-21
2.148959277694132470e+04 4.688689543256162578e-20 6.747325993084435999e-21
2.150029329907907231e+04 4.677279511725720665e-20 6.723643546574827035e-21
2.151099379611603217e+04 5.303161682188063921e-20 7.183744195090171235e-21
2.152169426802806629e+04 6.630455783608450716e-20 7.087896246590403575e-21
2.153239471477601910e+04 2.682014454178423983e-20 7.295642398668213784e-21
2.154309513633183087e+04 3.954230019167599380e-20 7.458915962925793228e-21
2.155379553265646609e+04 5.474472899443341716e-20 7.023274725231534255e-21
2.156449590372586681e+04 5.719415942610456111e-20 6.968098791311888262e-21
2.157519624950098660e+04 7.120305639448626181e-20 6.972662801212215133e-21
2.158589656994940378e+04 5.176103655823101198e-20 6.890322565778598764e-21
2.159659686504774436e+04 4.127572696474019323e-20 7.312055898078267049e-21
2.160729713474975506e+04 4.756074986099112704e-20 7.160405105166478514e-21
2.161799737903660571e+04 6.233588441342686502e-20 7.598804909881146019e-21
2.162869759786247960e+04 3.313152405208103436e-20 6.751492405511310680e-21
2.163939779120416642e+04 5.160745343687468954e-20 6.944156982997005687e-21
2.165009795902665428e+04 3.307066469852915064e-20 6.764959372072198953e-21
2.166079810129550970e+04 2.967486015186162795e-20 6.853078715114884214e-21
2.167149821798522316e+04 4.794107398708924880e-20 7.177170478202500519e-21
2.168219830905692288e+04 5.232941827115304548e-20 7.258029921344072436e-21
2.169289837447797618e+04 4.928295187201359900e-20 6.979645996091765334e-21
2.170359841422301179e+04 4.644396817858944370e-20 7.587598741255719122e-21
2.171429842825309242e+04 4.792732709861382675e-20 7.175701977796349089e-21
2.172499841653844487e+04 7.393811467775496571e-20 7.158574611442863239e-21
2.173569837904658561e+04 4.852772346344765901e-20 7.698479623582275775e-21
2.174639831574536220e+04 3.774169497271163368e-20 7.600544207882359722e-21
2.175709822660277860e+04 2.803837400514737368e-20 6.465380620543014614e-21
2.176779811158683879e+04 2.163608794324520915e-20 5.903038859047889750e-21
2.177849797066522297e+04 3.548222339945007226e-20 6.669739227914868594e-21
2.178919780380576776e+04 3.747210483336048465e-20 6.606306357563497810e-21
2.179989761097661903e+04 6.147652467114058034e-20 7.244583145964034331e-21
2.181059739214356159e+04 5.210469729663988610e-20 7.442907450713918948e-21
2.182129714728131512e+04 5.042583558643725469e-20 7.128181739381735643e-21
2.183199687634847578e+04 4.539993581001246197e-20 6.817866846093185160e-21
2.184269657932027621e+04 6.578503082644059803e-20 6.936921928782953348e-21
2.185339625616023841e+04 6.137383223709622283e-20 6.768191522796967606e-21
2.186409590684097566e+04 3.661724930524081822e-20 6.769452774315574106e-21
2.187479553133020818e+04 4.698592252663550289e-20 6.371473098231472797e-21
2.188549512959187632e+04 4.404021695249262537e-20 6.627712938672997865e-21
2.189619470159409684e+04 3.926876209630840142e-20 7.125528978408235528e-21
2.190689424730967585e+04 4.265496608406832724e-20 6.654119878106162433e-21
2.191759376670410347e+04 4.681343927275751099e-20 7.323849703459968218e-21
2.192829325974591484e+04 5.774704527276200465e-20 6.504521415619239117e-21
2.193899272640102936e+04 4.818294847461623537e-20 6.753530281035310187e-21
2.194969216664474880e+04 4.622412098325571132e-20 7.078339425936518160e-21
2.196039158043565476e+04 5.905472757574235032e-20 7.511173047983446249e-21
2.197109096774929640e+04 6.172028254831393206e-20 7.031947401289862893e-21
2.198179032855164405e+04 5.504316394013045665e-20 6.197922757825239791e-21
2.199248966280891909e+04 4.956332875827255545e-20 6.483803906515738406e-21
2.200339282868049850e+04 6.204986286774459766e-20 7.017849331738568044e-21
2.201409212880264386e+04 4.347594622892561010e-20 7.228639219954814702e-21
2.202479139684232359e+04 5.529920121141589048e-20 7.024338344641237666e-21
2.203549063815478803e+04 5.722554151496267586e-20 7.342956653584554370e-21
2.204618985276581225e+04 4.847139672494126136e-20 6.838643239317315441e-21
2.205688904063932569e+04 6.451466989095606850e-20 7.113605908113806924e-21
2.206758820175070650e+04 3.880588414920740935e-20 7.131837077793854225e-21
2.207828733605920934e+04 5.352711732707001554e-20 7.392537755415575471e-21
2.208898644354036514e+04 5.846978902761244846e-20 7.025601228205349436e-21
2.209968552416023886e+04 7.524815061922624957e-20 7.356882964377622656e-21
2.211038457788535379e+04 5.637833319774255235e-20 7.500888740756828076e-21
2.212108360468866522e+04 5.824362991883462579e-20 7.271446358656307366e-21
2.213178260453671101e+04 7.053801250266910482e-20 7.148639723883463056e-21
2.214248157739791350e+04 6.253346125708128324e-20 7.191869019088865828e-21
2.215318052323877419e+04 5.408305474584637820e-20 7.059728796602699305e-21
2.216387944203014558e+04 3.768094848673683662e-20 6.755975006501102153e-21
2.217457833374317488e+04 3.546635540833839772e-20 6.668210726973149220e-21
2.218527719834182790e+04 5.986754839751154277e-20 6.804014662201700689e-21
2.219597603579493807e+04 4.992500184895012356e-20 6.594780035418230468e-21
2.220667484608054292e+04 3.474035378798381152e-20 6.709168765609867359e-21
2.221737362915576887e+04 4.606003950074569404e-20 7.190209992989073366e-21
2.222807238499643427e+04 3.997680300000361998e-20 6.243268733337650831e-21
2.223877111356658861e+04 5.278893906334698572e-20 7.190927578775735010e-21
2.224946981483761556e+04 5.579849288105757452e-20 6.584812043142183826e-21
2.226016848878282326e+04 5.562308714424358780e-20 6.036572889165433294e-21
2.227086713536195020e+04 6.297547911145965508e-20 6.754985983023409224e-21
2.228156575454834820e+04 6.231399472683313477e-20 6.570451209957750366e-21
2.229226434631115626e+04 6.889269948391400427e-20 7.026931236737410225e-21
2.230296291062155433e+04 5.003967577400580418e-20 6.492425766972911191e-21
2.231366144744384292e+04 3.852364252076946476e-20 6.380186676750857332e-21
2.232435995674939113e+04 4.316550437659810983e-20 6.797850775387609125e-21
2.233505843850942256e+04 6.811408176465772379e-20 7.271753015832751577e-21
2.234575689268609858e+04 5.964839217972634874e-20 6.594226802895628686e-21
2.235645531925535397e+04 7.094785724560264073e-20 6.973225913892924212e-21
2.236715371818879066e+04 4.776087134613603288e-20 6.645377876102273503e-21
2.237785208944357146e+04 8.067147863101796613e-20 6.781295238030399539e-21
2.238855043300303805e+04 7.584602069577047575e-20 6.678208928643594216e-21
2.239924874882445874e+04 5.096475784706917838e-20 6.151331141393379657e-21
2.240994703688168738e+04 5.484439730448999610e-20 6.628819827087046191e-21
2.242064529714397577e+04 4.692739780349505849e-20 6.763567778109225945e-21
2.243134352958279851e+04 6.180062707832789126e-20 6.839242327266139274e-21
2.244204173416269987e+04 5.216275973147021622e-20 6.461425272272314534e-21
2.245273990599287572e+04 4.529405006426942517e-20 6.208939765525120936e-21
2.246343755672159023e+04 5.886202512849611038e-20 6.120248091390900270e-21
2.247413508300461763e+04 4.406714953206004577e-20 6.275314825731222119e-21
2.248483258042293892e+04 6.710888981018986677e-20 6.800826442276090774e-21
2.249553004983331630e+04 6.971832612842129855e-20 6.632522147859762078e-21
2.250622749121463494e+04 4.354861609898773760e-20 6.588091841793915228e-21
2.251692490452435231e+04 6.793795882162636647e-20 6.685777561119755132e-21
2.252762228973404490e+04 6.400780292127472646e-20 6.689446843862730254e-21
2.253831964681815225e+04 4.604067518119267963e-20 5.935249770741829166e-21
2.254901697574592981e+04 5.263418605384841892e-20 6.208024113947948661e-21
2.255971427648452300e+04 6.375436869307763868e-20 7.119366538434740234e-21
2.257041154899845424e+04 5.200486440723981627e-20 6.727113088742088341e-21
2.258110879326688519e+04 5.257904240213503706e-20 6.609134276087426672e-21
2.259180600925211183e+04 5.821290100962372974e-20 6.609896581656139626e-21
2.260250319692351695e+04 6.489015452387717708e-20 6.643814713079349773e-21
2.261320035625565288e+04 4.299312763497876502e-20 6.367581456706818188e-21
2.262389748721549404e+04 5.697497612699413307e-20 6.046301881267474871e-21
2.263459458977516624e+04 5.179738435185544437e-20 6.112661952284788892e-21
2.264529166389689999e+04 4.757804508833689830e-20 5.395033064488455882e-21
2.265598870955762686e+04 4.643685432411838419e-20 5.986130500961235136e-21
2.266668572672697337e+04 5.030462260468012430e-20 5.879559426729702966e-21
2.267738271536721732e+04 6.279346280469380449e-20 6.069244568828296158e-21
2.268807967545304564e+04 5.047507999431308135e-20 6.246096416800508162e-21
2.269877660695882150e+04 6.742530606041202363e-20 6.683122719199765197e-21
2.270947350984478544e+04 6.102648985238720574e-20 6.619941387672696381e-21
2.272017038409015368e+04 6.629423293623484983e-20 6.507502880037323993e-21
2.273086722965750960e+04 6.836582247758304005e-20 6.718827858622067591e-21
2.274156404651902631e+04 6.076676567301677473e-20 6.787339764877200983e-21
2.275226083464432668e+04 6.807793812935437142e-20 6.617011480940657331e-21
2.276295759399859526e+04 8.032409812197363208e-20 6.858188805649579136e-21
2.277365432456366398e+04 6.298722194956743572e-20 6.675322774007549546e-21
2.278435102629980611e+04 5.373475698908639395e-20 6.380372675850254126e-21
2.279504769917916201e+04 5.743546047433294046e-20 6.575380068127609526e-21
2.280574434317160558e+04 4.895095597679928917e-20 5.873271370663896584e-21
2.281644095824471879e+04 5.685340343413534351e-20 5.679436931677252858e-21
2.282713754437311218e+04 6.411316291737757507e-20 6.811481808167848444e-21
2.283783410152207944e+04 5.301527762631233710e-20 6.950518648649988438e-21
2.284853062966626749e+04 6.064953672213986732e-20 6.756873500451220739e-21
2.285922712877090817e+04 3.760442215647051291e-20 6.441666757062249892e-21
2.286992359881331504e+04 6.207049464122981815e-20 6.259604301054551763e-21
2.288062003975356856e+04 6.012463773858792486e-20 6.537475964032938042e-21
2.289131645156921149e+04 5.519416539563282331e-20 6.455903768510330433e-21
2.290201283422528650e+04 5.538471910257446456e-20 5.968559939879668698e-21
2.291270918769932905e+04 6.249332648156017516e-20 6.397849098564643675e-21
2.292340551195155422e+04 5.533807378477206652e-20 6.091693552654336804e-21
2.293410180695932650e+04 6.672762673363237028e-20 6.361943567624064005e-21
2.294479807268804507e+04 7.372698507562999616e-20 6.180529133594315082e-21
2.295549430911265154e+04 6.790077843830496906e-20 5.536448490785886360e-21
2.296619051620093887e+04 4.077973049483643943e-20 5.974187476850745550e-21
2.297688669392052907e+04 5.201866214050423637e-20 6.542274882995621530e-21
2.298758284229846686e+04 4.842863439255152624e-20 6.619143917625698121e-21
2.299848406214406714e+04 5.228813335963347820e-20 6.215486601974069850e-21
2.300918016489095317e+04 4.828509060573626721e-20 6.117769908852721908e-21
2.301987623815521874e+04 5.240108793912103718e-20 6.194861256260048202e-21
2.303057228189691159e+04 6.018987681462313040e-20 6.128475307442010695e-21
2.304126829609409469e+04 5.876764536495296907e-20 6.225467903223638038e-21
2.305196428071193077e+04 5.434053087514657617e-20 6.329282674920298052e-21
2.306266023572301856e+04 6.543175809156804772e-20 6.374967035593894623e-21
2.307335616109794501e+04 7.152049061040587524e-20 6.622121012974604183e-21
2.308405205680706786e+04 5.244872401323084382e-20 6.995494593399463615e-21
2.309474792282346243e+04 5.600467420872285966e-20 6.055638062931302890e-21
2.310544375911493262e+04 4.747992251010037385e-20 6.127223979444289120e-21
2.311613956564903128e+04 5.091159248694890371e-20 6.362422488494078549e-21
2.312683534239896107e+04 5.966809345105357516e-20 6.567640614163847515e-21
2.313753108933523617e+04 6.738818794556182187e-20 6.042014459859965518e-21
2.314822680642839623e+04 6.776523831336560799e-20 6.115965511585112674e-21
2.315892249365152747e+04 4.384882106152505187e-20 6.064080064540274976e-21
2.316961815097229919e+04 4.706744299384334957e-20 6.274839593136432402e-21
2.318031377835876629e+04 5.831026399290670088e-20 6.264725514557274656e-21
2.319100937578676167e+04 6.071457132276301272e-20 6.262065828118708961e-21
2.320170494322168452e+04 5.972179516351996711e-20 6.426538204691676807e-21
2.321240048063674840e+04 4.217903010980646835e-20 6.413826949012667629e-21
2.322309598800494859e+04 4.768760669856038095e-20 5.971553037672593734e-21
2.323379146529432546e+04 5.158434994165969920e-20 5.836483344266153213e-21
2.324448691247044189e+04 4.986703288523889865e-20 6.141083759784395664e-21
2.325518232951179016e+04 5.277096056879240451e-20 6.000379950471168442e-21
2.326587771638649792e+04 4.881642700183356550e-20 6.429997082846123947e-21
2.327657307306771327e+04 5.077479693058702991e-20 6.265756617713286407e-21
2.328726839952079172e+04 5.658659549869784002e-20 6.474932615980891686e-21
2.329796369571930700e+04 3.938531759894960011e-20 5.640872840925654271e-21
2.330865896163398065e+04 5.329659045753427137e-20 5.883774406682266029e-21
2.331935419723567611e+04 5.026804114032442163e-20 5.792160308430934330e-21
2.333004940249507854e+04 5.905841280441936100e-20 6.554915234493995131e-21
2.334074457738268393e+04 6.745431867764936336e-20 6.378923023293071003e-21
2.335143972187229883e+04 5.569516432028760986e-20 5.730872210205188642e-21
2.336213483592942066e+04 4.013312574572368119e-20 6.178531041877067082e-21
2.337282991952762677e+04 3.422663087043377397e-20 6.013361471077995263e-21
2.338352497263775149e+04 5.276457510764205615e-20 6.371241955078164795e-21
2.339421999522778788e+04 4.818527173006820653e-20 6.241619709681497956e-21
2.340491498727672661e+04 4.154950795075707663e-20 6.275119162346120588e-21
2.341560994874762036e+04 3.800452465032646665e-20 5.982184933364015623e-21
2.342630487961409381e+04 4.818674407407158748e-20 6.473450473208172967e-21
2.343699977984712314e+04 7.633838635113791810e-20 6.371436445570024577e-21
2.344769464941748811e+04 9.060493889276703753e-20 6.992310290520715872e-21
2.345838948829614674e+04 1.008324088077452580e-19 6.697355717246588078e-21
2.346908429645429715e+04 7.598409479805114540e-20 5.789219273316747967e-21
2.347977907386294464e+04 6.706056098733637433e-20 5.898429403326351952e-21
2.349047382049319276e+04 4.202457574587099442e-20 6.393196944503735222e-21
2.350116853631603954e+04 2.141588534998804901e-20 5.830730470862514525e-21
2.351186322130227927e+04 3.040941574458478878e-20 6.188780739761702629e-21
2.352255787542332837e+04 1.768456311495006220e-20 5.815093205768762070e-21
2.353325249865021760e+04 4.328079126847046277e-20 5.663408115156865979e-21
2.354394709095418875e+04 4.345264198216629013e-20 5.532676297673221631e-21
2.355464165230632716e+04 4.507768879743756416e-20 5.685958180654132380e-21
2.356533618267763450e+04 3.255135816574461050e-20 5.981291177464422583e-21
2.357603068203930889e+04 6.071873861195971146e-20 6.271268624952700242e-21
2.358672515036001278e+04 5.248467538493738782e-20 6.056789422642180993e-21
2.359741958761629576e+04 6.014666858218621037e-20 6.341381157146347398e-21
2.360811399377677662e+04 6.584377859597819639e-20 5.739816003510113637e-21
2.361880836881262803e+04 7.713591148449922822e-20 5.854317596383324889e-21
2.362950271269485165e+04 3.865343881667612209e-20 5.786289456678994005e-21
2.364019702539502032e+04 5.521032510579972511e-20 6.292486614347216165e-21
2.365089130688437945e+04 5.844860998149326992e-20 5.958130088431048370e-21
2.366158555713162423e+04 4.587324019279147189e-20 6.044590427623182905e-21
2.367227977611346432e+04 4.454634589342711671e-20 5.846209445624051433e-21
2.368297396379569545e+04 5.469390610425304874e-20 6.179216001699553641e-21
2.369366812015501273e+04 5.621837582802597568e-20 5.382348964960901883e-21
2.370436224515761569e+04 5.717028869768860153e-20 5.600694669646023258e-21
2.371505633878024673e+04 4.793574092949392332e-20 5.474236745090737189e-21
2.372575040099168837e+04 5.110866785561480697e-20 5.660024348419726179e-21
2.373644443176333880e+04 3.943086587667831318e-20 5.499050176117744369e-21
2.374713843106640707e+04 4.970586065056916063e-20 5.382059615704290804e-21
2.375783239887252057e+04 5.718643195402628715e-20 5.781572191476440591e-21
2.376852633515049092e+04 6.715231539789902916e-20 5.732710273812696603e-21
2.377922023987453576e+04 5.662146280802421040e-20 5.575589191196847718e-21
2.378991411301892731e+04 4.934111320904596585e-20 5.827263403167293704e-21
2.380060795454970503e+04 4.232480617462066906e-20 5.900111362015384682e-21
2.381130176444356039e+04 5.403899794859223737e-20 5.682738764772789142e-21
2.382199554266695122e+04 5.063251839535268036e-20 6.238395532472525396e-21
2.383268928919409882e+04 6.988485852545382274e-20 6.075085140276382942e-21
2.384338300399934815e+04 5.237602757468613847e-20 5.619095726303008366e-21
2.385407668705164542e+04 5.535319359115463689e-20 5.643224493519123874e-21
2.386477033832250891e+04 5.857243506253921623e-20 5.767870136345216817e-21
2.387546395778063743e+04 4.657949473381642344e-20 6.478611174003782741e-21
2.388615754540070702e+04 4.268916161996748755e-20 5.978580705136364591e-21
2.389685110115705902e+04 6.516073297177619736e-20 5.886095011103124259e-21
2.390754462501599119e+04 5.550945357959244365e-20 5.614785975282063906e-21
2.391823811695465702e+04 4.934302430235433990e-20 5.955545019667431231e-21
2.392893157693918693e+04 5.617248768208342377e-20 6.335214362765373211e-21
2.393962500494667620e+04 4.175980505047751283e-20 5.651390405465747031e-21
2.395031840094363361e+04 4.854331961277374233e-20 5.469429036675348786e-21
2.396101176490727084e+04 4.699098157839799686e-20 5.892727866390361695e-21
2.397170509680117539e+04 5.003251820232808315e-20 5.824780531819970662e-21
2.398239839660538564e+04 6.531095313006348487e-20 6.784395145288685078e-21
2.399309166429158722e+04 5.391371599104158542e-20 6.274587819763742205e-21
2.400378489982603423e+04 5.521964470830086028e-20 6.057735066991356582e-21
2.401447810318626216e+04 6.671383581564722862e-20 5.875688294523974417e-21
2.402517127433860878e+04 5.839513699343949950e-20 5.629873238271013193e-21
2.403586441325775741e+04 5.319801020599153224e-20 5.629599518335792333e-21
2.404655751991833677e+04 6.389880630481235439e-20 6.334798272628548035e-21
2.405725059428386885e+04 6.404470423408244202e-20 6.282699879184628624e-21
2.406794363633721878e+04 6.580245548248680108e-20 5.653088375266487073e-21
2.407863664604226142e+04 4.670994158438544279e-20 5.090639774061242246e-21
2.408932962337366916e+04 5.277301899688965528e-20 5.792227728190274473e-21
2.410002256830344049e+04 5.312867814695205935e-20 5.801091587322934116e-21
2.411071548080082357e+04 4.881309288760088489e-20 5.601036789409716216e-21
2.412140836084603870e+04 4.291726937634501600e-20 5.352213692693214393e-21
2.413210120840537274e+04 4.052203381455145207e-20 5.369942000219077757e-21
2.414279402345113340e+04 6.156364178948545269e-20 5.756766098995334440e-21
2.415348680595253609e+04 5.217164397438074160e-20 5.989278299109192623e-21
2.416417955588446057e+04 4.425188989444448559e-20 5.722758249476723678e-21
2.417487227321620594e+04 5.042546114207964989e-20 5.639740872651663397e-21
2.418556495792539499e+04 5.261583877222675631e-20 5.970155138314460845e-21
2.419625760998110491e+04 3.510590065819018305e-20 5.830155869371599502e-21
2.420695022935574161e+04 5.933157339276310553e-20 5.536683129135281663e-21
2.421764281602139454e+04 5.445790165707470266e-20 5.690783706434369477e-21
2.422833536994745737e+04 5.435900142335388967e-20 5.667857252575387473e-21
2.423902789111449965e+04 5.819489690936441471e-20 5.344758350740158263e-21
2.424972037948630896e+04 4.938916527500294502e-20 5.353522986753502609e-21
2.426041283503766317e+04 5.557655506038807419e-20 5.346948535953240454e-21
2.427110525774091366e+04 5.390348702381944147e-20 5.708113988155952679e-21
2.428179764756554505e+04 5.698059700637814581e-20 5.501574658054980045e-21
2.429249000449220330e+04 5.654714935679888754e-20 5.581666136122971629e-21
2.430318232848478874e+04 4.466701208651632801e-20 5.415649576526548168e-21
2.431387461952114609e+04 4.754580316204581322e-20 5.167477742041013587e-21
2.432456687756787869e+04 5.605366501064480860e-20 5.468232342189932313e-21
2.433525910259715602e+04 6.341776542854318479e-20 5.042935770190811899e-21
2.434595129458431984e+04 5.828752413985724180e-20 5.555430863194974414e-21
2.435664345350448639e+04 6.024857438376970209e-20 5.649572826131245162e-21
2.436733557932720578e+04 4.239549026065480268e-20 5.670815971517871568e-21
2.437802767202206087e+04 4.741413270637772765e-20 5.854848919442706403e-21
2.438871973156982494e+04 6.085213360928030893e-20 6.089596582301449333e-21
2.439941175793141520e+04 4.678132459825155260e-20 5.340500271179471786e-21
2.441010375108787048e+04 4.607494053710108312e-20 5.673653726014572942e-21
2.442079571100599787e+04 4.281720627518800878e-20 5.844418544444628641e-21
2.443148763766388220e+04 5.157376600368830814e-20 5.486899818060909287e-21
2.444217953103399850e+04 4.769206494379916909e-20 5.715997812363631860e-21
2.445287139108316114e+04 4.445511898776181243e-20 5.551794813215061821e-21
2.446356321778375786e+04 6.092170448129015455e-20 5.918666788335592113e-21
2.447425501110812183e+04 6.718521860601826964e-20 5.325563840527924188e-21
2.448494677103749200e+04 4.702178313281643459e-20 5.347452123564395699e-21
2.449563849754152761e+04 4.782598675189703318e-20 5.771182934530315026e-21
2.450633019058426726e+04 6.491757759978843277e-20 6.202936567130430194e-21
2.451702185014397764e+04 4.361451794938164884e-20 5.054495830423911583e-21
2.452771347619601875e+04 5.014490922678233902e-20 5.689861280655920556e-21
2.453840506870998070e+04 4.649829120668468103e-20 5.729119363704339731e-21
2.454909662765562825e+04 4.571688961329744464e-20 5.754419933693396560e-21
2.455978815300856513e+04 5.950038901871675989e-20 5.431061830484470320e-21
2.457047964474707260e+04 5.201939334305697983e-20 5.641348479337991248e-21
2.458117110282954309e+04 5.726353525524077022e-20 5.374061930168704045e-21
2.459186252724006772e+04 6.122837303951666932e-20 5.518497813229622411e-21
2.460255391795126343e+04 5.610451487015640514e-20 5.505120769126066538e-21
2.461324527493278583e+04 5.770523867376593601e-20 5.611437391955859101e-21
2.462393659815743740e+04 5.473522261029872980e-20 6.044802523966243692e-21
2.463462788759227624e+04 5.528549386517054384e-20 5.851195192068199721e-21
2.464531914322429657e+04 4.196193150782759274e-20 5.471285074594970067e-21
2.465601036501194540e+04 4.928141765003696679e-20 5.096669219793242792e-21
2.466670155293658172e+04 5.315885609057545171e-20 5.012913639315367049e-21
2.467739270696518724e+04 5.214355147388457070e-20 5.362047894894513936e-21
2.468808382707610144e+04 5.585787822407334774e-20 5.523930170938367521e-21
2.469877491323363211e+04 4.448120732513474509e-20 5.530296549497309870e-21
2.470946596542212501e+04 4.978445395100103039e-20 5.733319204343804655e-21
2.472015698360576062e+04 4.302227481784433347e-20 5.719208692734065021e-21
2.473084796776026269e+04 5.145829201173513488e-20 5.563372342041422128e-21
2.474153891785846281e+04 5.065774805017406624e-20 5.555330777545514826e-21
2.475222983387608110e+04 4.827594282185335872e-20 5.396504929340474523e-21
2.476292071578007744e+04 5.427743454271703034e-20 5.714172527662198600e-21
2.477361156354919513e+04 5.257934281777534127e-20 5.642604157760968187e-21
2.478430237714772375e+04 3.812613327756473021e-20 5.359290075823841757e-21
2.479499315656867111e+04 6.206191358947167143e-20 5.371158571338319113e-21
2.480568393447999551e+04 6.003130456202951412e-20 5.339790828265251381e-21
2.481637488759832559e+04 5.046531228672914563e-20 5.501449840021969065e-21
2.482706580643835696e+04 3.273064099319619307e-20 5.680207903209022208e-21
2.483775669097289938e+04 4.314868621836371065e-20 5.478701796892183268e-21
2.484844754118363926e+04 5.643302256309063731e-20 5.407640781072416336e-21
2.485913835703788573e+04 6.257867244313285073e-20 5.662518573670651054e-21
2.486982913850572731e+04 5.419716786412963163e-20 5.365361085128276974e-21
2.488051988556018841e+04 5.046903007923653098e-20 5.594478408813174369e-21
2.489121059818009962e+04 5.045439194102434391e-20 5.723203957743521923e-21
2.490190127633559678e+04 5.856963490855731781e-20 5.640982076625148592e-21
2.491259191999967879e+04 5.927120695212122797e-20 5.513047897769414793e-21
2.492328252914525001e+04 4.690577205348847245e-20 5.679640597783645794e-21
2.493397310374853623e+04 6.581402591680299842e-20 5.929372094503156869e-21
2.494466364377385253e+04 5.170731877562078035e-20 5.557918546032195562e-21
2.495535414920304174e+04 5.505966332030898605e-20 5.360212881688948950e-21
2.496604462000634157e+04 6.278802071564167283e-20 5.631053762524551344e-21
2.497673505615394970e+04 4.972972593100061872e-20 5.506929171488832420e-21
2.498742545762775262e+04 4.050379217394350667e-20 5.859931545671525460e-21
2.499811582439292397e+04 5.118906069788490555e-20 5.909774400960541211e-21
2.500901367495086743e+04 5.270764251353795386e-20 5.922746685880327186e-21
2.501970398515553825e+04 5.155376864003325832e-20 5.523596701182852588e-21
2.503039426051863484e+04 5.979044944057971574e-20 5.743814431317927427e-21
2.504108450106594319e+04 4.395956391631004771e-20 5.966886739762725119e-21
2.505177470677076053e+04 6.269612422281278309e-20 5.420447928631462793e-21
2.506246487760634409e+04 5.882164352520984508e-20 5.388797417362686806e-21
2.507315501354312437e+04 4.949847967564809047e-20 5.561403234865994773e-21
2.508384511456275141e+04 5.086275420003007151e-20 5.401083814443535387e-21
2.509453518062730291e+04 4.717786211176356331e-20 5.394024831180864718e-21
2.510522521172133929e+04 4.191052816506803199e-20 5.726988019851805934e-21
2.511591520780398787e+04 5.889777066394446269e-20 5.916662049852736545e-21
2.512660516886550249e+04 4.859323541149149978e-20 5.741918523975204126e-21
2.513729509486516690e+04 6.048601461214445084e-20 5.807807214190124645e-21
2.514798498578476210e+04 1.085114833288160218e-19 6.736801202206288022e-21
2.515867484159483138e+04 8.909348513285036353e-20 6.205730231287712864e-21
2.516936466226865377e+04 7.387618503201585198e-20 5.956060130433890586e-21
2.518005444777962839e+04 6.424560495751142595e-20 5.112188407860939743e-21
2.519074419809548635e+04 5.194952265469718088e-20 4.888081080616848257e-21
2.520143391320387673e+04 5.013727237115986493e-20 5.502344207132086993e-21
2.521212359306387225e+04 4.781708940667618088e-20 5.444339740455816476e-21
2.522281323765466732e+04 5.766974378622554870e-20 5.460647815179980357e-21
2.523350284695260780e+04 5.878225835343445981e-20 5.444450846210368231e-21
2.524419242092823697e+04 5.456829878895413132e-20 5.954835360030986411e-21
2.525488195955205447e+04 5.175589150252280930e-20 5.783727873900332040e-21
2.526557146280336747e+04 5.207606598089825908e-20 5.523232505884644068e-21
2.527626093064994348e+04 5.056888109809373263e-20 5.542358663971180287e-21
2.528695036307098417e+04 5.151852147832957336e-20 5.721759214129142211e-21
2.529763976003417338e+04 6.019441841261493257e-20 5.818648742491074485e-21
2.530832912151887649e+04 6.004308540631866334e-20 5.689447779939446829e-21
2.531901844749288648e+04 4.917940170245616515e-20 5.425985216656859591e-21
2.532970773793546323e+04 5.647055731356104279e-20 5.754257665653906741e-21
2.534039699281433423e+04 4.182643642896815617e-20 5.297281528333959476e-21
2.535108621210890851e+04 5.772710828318017513e-20 5.367868777432042870e-21
2.536177539578411597e+04 5.216445725338282354e-20 5.234461431423048787e-21
2.537246454382513548e+04 5.638523245061711182e-20 5.864516707774454261e-21
2.538315365619966906e+04 4.877995734958431206e-20 5.550902680773378067e-21
2.539384273287564065e+04 5.326457576452080444e-20 5.808012654500522822e-21
2.540453177384115406e+04 6.615245410246409439e-20 6.259188872359530994e-21
2.541522077905533297e+04 5.356697900336300690e-20 5.809467409345805884e-21
2.542590974849467602e+04 6.916684161972984637e-20 5.796429844310413586e-21
2.543659868214450034e+04 6.125234208519820442e-20 5.954232541446257583e-21
2.544728757996399872e+04 5.532361895101114037e-20 5.488724470732633073e-21
2.545797644192969892e+04 5.024372013307352781e-20 5.589186717122652558e-21
2.546866526802408407e+04 4.382771159089574058e-20 5.090147264979620457e-21
2.547935405821494351e+04 6.693942106016778099e-20 5.693791396741444462e-21
2.549004281247026665e+04 5.857413297422351181e-20 5.576474011032289486e-21
2.550073153077539246e+04 4.920225820409263240e-20 5.714387975267117493e-21
2.551142021309538177e+04 4.979546905815535877e-20 5.708815494780264617e-21
2.552210885940673325e+04 4.970078280953089517e-20 5.356474380114182922e-21
2.553279746968339532e+04 6.770050928538624682e-20 5.479788515968085681e-21
2.554348604390203764e+04 6.619801358248613804e-20 5.362494292353930683e-21
2.555417458203056231e+04 5.437250976910661442e-20 5.396552263367996902e-21
2.556486308404562078e+04 6.332010739894611581e-20 5.124009828219172703e-21
2.557555154991813470e+04 5.693672233462769259e-20 4.585034637764587959e-21
2.558623997962786962e+04 6.133354955302206031e-20 4.899260005578515562e-21
2.559692837314862845e+04 4.158758193864292094e-20 5.558382615840150325e-21
2.560761673044545751e+04 6.050449110630500116e-20 5.327117325639480723e-21
2.561830505150385216e+04 5.112180983911801527e-20 5.333446142649720122e-21
2.562899333628896056e+04 5.940540031751828877e-20 5.417838184136096090e-21
2.563968158477469478e+04 5.742444333846565647e-20 5.152545922717333319e-21
2.565036979694662659e+04 3.373411876505650238e-20 5.615538827150639751e-21
2.566105797276100566e+04 6.421475426549819251e-20 5.451531336053069303e-21
2.567174611220056249e+04 5.826837082920556368e-20 5.604735583951199491e-21
2.568243421524808582e+04 6.685303379499615235e-20 5.456268164723090647e-21
2.569312228185694039e+04 5.641835227156628444e-20 5.286371565407365685e-21
2.570381031202161103e+04 4.069882077223540388e-20 5.336272751812769197e-21
2.571449830570422637e+04 6.089510241391757291e-20 5.684470064465191479e-21
2.572518626287883308e+04 6.136734377466285443e-20 6.029710000345240180e-21
2.573587418352820532e+04 5.292623412921243412e-20 5.680513077194242452e-21
2.574656206761166322e+04 5.899148342314535761e-20 5.920306001394942669e-21
2.575724991512086490e+04 6.153241270423480102e-20 5.830347055693561473e-21
2.576793772602089302e+04 5.439781829436691105e-20 5.652781192058203917e-21
2.577862550027695761e+04 3.952792825560800026e-20 5.568958067058973895e-21
2.578931323788076043e+04 6.263341727330644477e-20 5.614201380301999450e-21
2.580000093878873668e+04 3.627578949361490466e-20 5.471339003312477759e-21
2.581068860299255903e+04 5.798617209706411360e-20 5.203171517448724879e-21
2.582137623045450164e+04 5.355337564995779780e-20 5.519466308588481304e-21
2.583206382114861481e+04 5.955902042964118845e-20 5.851798621826454518e-21
2.584275137505489693e+04 5.170155169558391931e-20 5.550187500448158808e-21
2.585343889214160299e+04 3.824506542622463582e-20 5.305662767572766234e-21
2.586412637239155083e+04 4.861095306001094218e-20 5.238664138011371304e-21
2.587481381576118656e+04 4.825717404113735215e-20 5.820970561808481780e-21
2.588550122225136511e+04 5.372014978268253050e-20 5.941086057574411267e-21
2.589618859181540756e+04 6.109602301086999433e-20 5.673093565331308578e-21
2.590687592442736786e+04 6.623495720308686603e-20 5.999489996374502384e-21
2.591756322007328708e+04 5.361654951384061335e-20 5.563647519700680658e-21
2.592825047871858260e+04 4.913945064359022713e-20 4.805697477758152219e-21
2.593893770034917179e+04 4.005429278384860817e-20 5.086807423453637170e-21
2.594962488491250406e+04 5.812871557520157140e-20 5.643302288514067489e-21
2.596031203241850017e+04 5.264101374350001464e-20 5.610400895676279586e-21
2.597099914281161182e+04 5.813521933015768568e-20 5.352992159204429400e-21
2.598168621608682952e+04 6.414190545102331846e-20 5.521168821126891745e-21
2.599237325220354251e+04 7.410934114828654493e-20 5.546112722760958018e-21
2.600306025114196018e+04 6.715141317477659497e-20 5.433888621284710882e-21
2.601374721288522051e+04 5.488410740799146118e-20 5.321024045229338378e-21
2.602443413738067829e+04 6.265182785315941367e-20 5.339354895415435929e-21
2.603512102463842166e+04 6.864206868053068860e-20 5.346522654025238540e-21
2.604580787459701605e+04 5.788662284631145983e-20 5.604979939228662784e-21
2.605649468726654595e+04 5.488400963171414222e-20 5.447346035068035587e-21
2.606718146259148489e+04 4.834330694689902542e-20 5.324742270787118257e-21
2.607786820056691067e+04 6.102495922184055781e-20 5.366105336735781543e-21
2.608855490114922213e+04 6.260493034208525863e-20 5.388280945131446587e-21
2.609924156432771269e+04 6.169576269881206088e-20 5.307250054077144374e-21
2.610992819006479112e+04 7.110118849799372497e-20 5.899863705236036900e-21
2.612061477834677498e+04 8.708605606245252477e-20 5.625597632963505349e-21
2.613130132913600391e+04 1.513267213323845338e-19 6.627801236855437736e-21
2.614198784241881367e+04 1.694744476503342498e-19 6.730934384519023587e-21
2.615267431816062162e+04 1.365174696525429403e-19 6.673744088622106799e-21
2.616336075633879955e+04 1.188635145796584977e-19 6.197635486452166945e-21
2.617404715692772515e+04 2.333585068675324039e-19 8.131196413802200178e-21
2.618473351990181982e+04 6.069828182961648798e-19 1.133835371492456732e-20
2.619541984523546853e+04 1.061208645677571214e-18 1.461389471219947190e-20
2.620610613290608671e+04 8.783876214663004215e-19 1.287545037753238911e-20
2.621679238287910630e+04 3.546588464295277876e-19 8.946166959214273509e-21
2.622747859514096854e+04 1.701411485126094052e-19 7.105560104247964690e-21
2.623816476965413676e+04 8.855607790703303146e-20 5.569938461701948950e-21
2.624885090640511771e+04 8.932225555637257535e-20 5.027260999448026254e-21
2.625953700536229007e+04 1.453379222048698710e-19 6.146147330178368236e-21
2.627022306649708116e+04 3.076057419939584665e-19 8.037286273276805631e-21
2.628090908978400694e+04 3.969351545390494914e-19 8.753829575803780914e-21
2.629159507520666375e+04 3.033793659815523462e-19 8.248414704115539165e-21
2.630228102272746401e+04 1.270104464796376159e-19 6.105550775714737548e-21
2.631296693233294718e+04 8.212222048487557894e-20 5.852084469624656837e-21
2.632365280398252071e+04 7.550802981122681882e-20 5.200329576492214017e-21
2.633433863767195726e+04 5.299574229167192396e-20 5.540889655220882374e-21
2.634502443335157659e+04 6.345748284117705967e-20 4.828251789513471338e-21
2.635571019102011996e+04 6.891178983332430516e-20 5.024517056044641017e-21
2.636639591062791442e+04 6.074561935380732269e-20 5.272430361655835213e-21
2.637708159217067077e+04 5.420533245287071024e-20 5.600706244552798310e-21
2.638776723560793471e+04 6.523781961863149585e-20 5.040357770499641170e-21
2.639845284092939255e+04 6.448052620506942866e-20 5.420550219319212497e-21
2.640913840808836176e+04 6.917797137468103372e-20 5.636327294651459881e-21
2.641982393708073869e+04 6.069409378084202206e-20 5.822027818625192251e-21
2.643050942786594169e+04 7.009615340683452319e-20 6.230326838810207703e-21
2.644119488042765079e+04 5.430936246051264919e-20 5.685505990207217312e-21
2.645188029473751521e+04 7.489088007802533191e-20 5.295091198533207142e-21
2.646256567077017826e+04 5.558822523466692384e-20 5.182372466638534491e-21
2.647325100850023955e+04 5.813817592405474946e-20 5.990650499762467261e-21
2.648393630789930103e+04 6.048262510939754584e-20 5.541348146853801317e-21
2.649462156894815053e+04 5.525768765763709623e-20 5.611926634774444926e-21
2.650530679161534499e+04 6.245312201377413904e-20 5.587976709504306207e-21
2.651599197588471725e+04 5.474916347934422834e-20 5.054916812134601903e-21
2.652667712171568928e+04 6.180025925337531547e-20 5.487698221076927108e-21
2.653736222910129072e+04 4.566596646556781711e-20 5.269257960014067255e-21
2.654804729799787310e+04 5.560114051715618151e-20 4.807546411066356237e-21
2.655873232839549746e+04 3.773924230746393637e-20 4.893453882114711536e-21
2.656941732026277532e+04 4.087519868776634346e-20 4.908658727205998133e-21
2.658010227357433178e+04 5.552140191577394693e-20 5.792642892128626623e-21
2.659078718830489379e+04 5.860031157673098307e-20 5.644541462180228014e-21
2.660147206442009701e+04 6.016606020823884945e-20 5.426592729258808028e-21
2.661215690192233888e+04 6.449389599470724157e-20 5.270113430902873300e-21
2.662284170074948270e+04 6.189607568131947727e-20 5.187013691246719959e-21
2.663352646090696362e+04 6.826974502767984923e-20 5.529053964818613214e-21
2.664421118234807363e+04 6.490106331492111948e-20 5.469969777600163994e-21
2.665489586506301566e+04 6.262893074877589992e-20 5.153044234520257592e-21
2.666558050902040850e+04 6.599713128748415511e-20 5.907862611139319152e-21
2.667626511418586961e+04 5.479032840318984822e-20 5.430121023013327234e-21
2.668694968056193829e+04 5.076955731153457734e-20 4.834060811359623026e-21
2.669763420808634328e+04 5.433984589572737100e-20 4.599237717666908085e-21
2.670831869675858979e+04 6.529920993009492975e-20 4.537259805298664176e-21
2.671900314655056718e+04 5.808915708887676456e-20 5.026389749399124642e-21
2.672968755743396468e+04 5.511063600554668955e-20 5.063559969118948933e-21
2.674037192938354565e+04 6.747990396969225454e-20 5.298081519750468932e-21
2.675105626236493117e+04 6.255750683183481696e-20 5.405685051146594305e-21
2.676174055637470155e+04 5.511991143607458749e-20 5.576168913612495432e-21
2.677242481136603965e+04 6.765322963092497477e-20 5.804478820431668263e-21
2.678310902732622344e+04 6.390778722322608576e-20 5.391087483835915494e-21
2.679379320423323225e+04 9.749476157134752952e-20 6.235157273815479703e-21
2.680447734204644075e+04 1.767988158722162296e-19 7.098699820138193700e-21
2.681516144075624470e+04 1.958037720427875395e-19 7.592748788244080698e-21
2.682584550032517654e+04 1.245489170402121918e-19 6.748873126492498647e-21
2.683652952073753113e+04 9.277265652004468754e-20 6.108176570671489849e-21
2.684721350197130960e+04 9.329749256933585813e-20 5.596613188109462346e-21
2.685789744398273979e+04 1.363886114028500385e-19 6.550516283729574017e-21
2.686858134676851842e+04 1.813165203944733297e-19 6.857343664418617750e-21
2.687926521029124706e+04 1.364607275785962790e-19 6.635474808275594210e-21
2.688994903452895596e+04 6.645269182469621654e-20 5.681264531748720272e-21
2.690063281945970448e+04 5.050373562883806120e-20 5.036518973020200582e-21
2.691131656504598504e+04 5.285789108514109070e-20 5.163785098791940589e-21
2.692200027128158399e+04 6.185141133623203104e-20 5.549266824468783015e-21
2.693268393813211878e+04 6.230024827237847202e-20 5.839511971982786417e-21
2.694336756556617183e+04 6.426878918440954987e-20 5.576883843568198659e-21
2.695405115356821989e+04 6.777578838931889626e-20 5.348081667906490195e-21
2.696473470211012318e+04 4.754841277256224511e-20 5.273869312760530796e-21
2.697541821116074425e+04 6.229006907894092620e-20 5.376969129295157211e-21
2.698610168071699445e+04 4.646933029082176459e-20 4.903598614496760289e-21
2.699678511072251786e+04 4.739873797893556568e-20 5.183187065269521502e-21
2.700746850117429494e+04 6.375240822839410845e-20 5.456973296729269565e-21
2.701815185204432055e+04 5.176123656351379194e-20 5.871101684004488708e-21
2.702883516329809936e+04 6.217303316870060911e-20 6.004339530056903892e-21
2.703951843492015905e+04 5.072388524412202237e-20 5.341991814553986152e-21
2.705020166688243262e+04 5.776998135112227204e-20 5.429379210614112952e-21
2.706088485915690035e+04 5.492034923157179679e-20 5.463048296112716674e-21
2.707156801172803898e+04 3.682330295369402976e-20 5.580110426933348446e-21
2.708225112455832641e+04 4.331869149890775769e-20 5.113339142552722073e-21
2.709293419762921985e+04 5.914783808720367121e-20 5.487289153334455346e-21
2.710361723092524699e+04 3.973560425653350876e-20 5.437938076608707062e-21
2.711430022439934328e+04 5.542480417604444409e-20 5.042830975611906160e-21
2.712498317804244289e+04 5.720659239355814320e-20 5.322601540501489036e-21
2.713566609183294349e+04 4.615661364857276671e-20 5.146937650791720604e-21
2.714634896502333868e+04 5.278694609603824371e-20 5.191339736269747343e-21
2.715703172605263899e+04 4.075732863842277849e-20 5.209538655816135153e-21
2.716771425914838983e+04 4.989570739756253424e-20 5.504412104592584636e-21
2.717839675042788076e+04 6.475077178422377979e-20 5.718590318504578809e-21
2.718907920172389640e+04 6.717338848213540759e-20 5.839832693540738001e-21
2.719976161302743276e+04 6.526821286733782922e-20 6.394575523771240743e-21
2.721044398428824934e+04 5.693588691353447354e-20 5.598953249125379520e-21
2.722112631549738944e+04 5.098047909297107209e-20 5.993046157789969616e-21
2.723180860663329076e+04 4.487668684233359693e-20 5.739870098673135342e-21
2.724249085765837299e+04 5.419582912527433601e-20 5.719337056952028430e-21
2.725317306855416973e+04 6.452375420138616111e-20 5.537957276564744207e-21
2.726385523929597912e+04 4.906991586715686360e-20 5.779748085517235127e-21
2.727453736986532022e+04 7.417681553701836989e-20 5.571085914320083393e-21
2.728521946022462726e+04 6.588236028961772932e-20 5.775738219946013395e-21
2.729590151035232338e+04 3.640685138197251140e-20 5.468567257954358505e-21
2.730658352023324915e+04 4.952716215325824844e-20 5.700644362804496721e-21
2.731726548983942848e+04 5.805481755580946834e-20 5.429544027763038281e-21
2.732794741913329563e+04 5.595530296787336211e-20 5.531662059532708417e-21
2.733862930810287799e+04 5.203013920577236554e-20 5.885203657336201555e-21
2.734931115677296475e+04 6.481436029381275544e-20 6.117584638413860456e-21
2.736020326994942661e+04 5.865023219265997915e-20 5.611239904301584268e-21
2.737088505030495435e+04 6.092832510174067957e-20 5.913114169816579758e-21
2.738156679023603647e+04 6.104431865946969115e-20 5.692295216463484228e-21
2.739224848971133906e+04 4.997039312525709275e-20 6.022846080348432258e-21
2.740293014871275955e+04 5.874670860715080857e-20 5.809404695534395544e-21
2.741361176720890580e+04 7.460938880919986827e-20 5.872108375178113766e-21
2.742429334518173346e+04 5.746432605520741410e-20 5.971423282804760730e-21
2.743497488259667443e+04 4.660284297955566970e-20 5.820815488859887073e-21
2.744565637943892943e+04 7.466369933854902692e-20 5.956439972828648346e-21
2.745633783567720820e+04 4.631853580259465874e-20 5.612611569692002380e-21
2.746701925129676602e+04 5.509166355683916122e-20 5.539401301077895965e-21
2.747770062626297658e+04 5.643799481753941996e-20 5.991735149611958763e-21
2.748838196055451044e+04 4.504058158667668189e-20 5.257774540774460823e-21
2.749906325415000174e+04 4.274381174797656567e-20 5.241774246686585315e-21
2.750974450701817113e+04 5.595992169133494154e-20 6.166047412083867157e-21
2.752042571913767824e+04 4.920766966216326719e-20 5.721441108346000536e-21
2.753110689048055428e+04 5.998524933928295849e-20 5.651730875291780720e-21
2.754178802102882401e+04 6.046527650596960284e-20 6.011052575300218847e-21
2.755246911075783646e+04 5.792386336054072065e-20 6.048086393589059181e-21
2.756315015963300175e+04 4.262332204332890986e-20 5.643681377137168184e-21
2.757383116763966245e+04 4.700981988987337134e-20 5.611802627215552319e-21
2.758451213474987162e+04 6.600975904970572363e-20 6.474544698244188046e-21
2.759519306093904015e+04 7.547702605754447431e-20 6.340336034467483215e-21
2.760587394618586404e+04 6.326085692752504905e-20 6.043842209130527917e-21
2.761655479045576794e+04 6.211692392793555061e-20 6.211947877243539781e-21
2.762723559373080934e+04 6.543757796970376205e-20 6.222715024310812988e-21
2.763791635598973517e+04 5.281326913784494793e-20 5.864585720142666406e-21
2.764859707720789083e+04 6.724666093880348979e-20 6.137682340495757244e-21
2.765927775735075920e+04 7.324754707306317127e-20 6.199698650571981913e-21
2.766995839640376289e+04 6.261950369479831306e-20 5.791467325663832689e-21
2.768063899433567713e+04 4.649622626478797114e-20 6.198018740711049883e-21
2.769131955113195363e+04 4.003188014114918927e-20 5.850286373335565630e-21
2.770200006675467012e+04 6.080159496838290937e-20 6.175712235068559807e-21
2.771268054118928558e+04 6.554095533559169120e-20 5.869905840897007840e-21
2.772336097440792582e+04 4.601118252459260046e-20 6.214220967834501052e-21
2.773404136638269483e+04 5.938447770645476124e-20 6.512068369308941745e-21
2.774472171709573377e+04 5.640864267692558265e-20 6.056275680542076672e-21
2.775540202651248183e+04 3.941606051763953441e-20 5.642020869077713237e-21
2.776608229462512827e+04 4.515681075013416225e-20 5.797281469388414254e-21
2.777676252138908967e+04 6.013319842681652373e-20 6.118500373628506025e-21
2.778744270679991678e+04 5.373816219020126755e-20 6.263681707862120978e-21
2.779812285081301889e+04 6.850120082042912447e-20 5.806416210687844978e-21
2.780880295342061800e+04 6.737128513330597504e-20 5.196507959852940367e-21
2.781948301459150389e+04 6.373320115129718343e-20 5.804262915267305898e-21
2.783016303429785330e+04 7.011665101761841817e-20 5.982241762528052597e-21
2.784084301252519799e+04 4.306773816858549139e-20 5.728621327103385443e-21
2.785152294923230511e+04 6.595607125043706348e-20 5.559054254521177969e-21
2.786220284441145486e+04 5.241635955998416914e-20 5.848367179777229090e-21
2.787288269803142612e+04 5.664894603062986427e-20 5.580695345989431739e-21
2.788356251006441744e+04 5.415596266721920590e-20 5.102323842073533839e-21
2.789424228048931764e+04 4.475950579524227477e-20 6.174533258561079913e-21
2.790492200928500097e+04 5.708130065046869636e-20 5.851992729102761651e-21
2.791560169642364053e+04 4.503583014609318251e-20 6.549179758725489266e-21
2.792628134187743854e+04 5.925999075609272631e-20 5.919712154883246321e-21
2.793696094562861254e+04 6.346088576425969681e-20 5.997022946118808985e-21
2.794764050764263084e+04 5.724963631449671637e-20 5.665587241746050229e-21
2.795832002790855040e+04 5.415140660080889541e-20 5.971083636783735265e-21
2.796899950639182134e+04 4.664356435943053544e-20 6.067745890885086224e-21
2.797967894307137612e+04 6.702909406689127106e-20 6.242721700507598508e-21
2.799035833792277481e+04 5.564471648792063455e-20 6.622140079920144278e-21
2.800103769092497168e+04 3.541528682189622649e-20 6.035277893327672943e-21
2.801171700204341687e+04 2.965567136146758693e-20 5.724596530626258227e-21
2.802239627126382038e+04 5.285849150775003576e-20 5.885622061993679137e-21
2.803307549856175319e+04 7.197974712143359120e-20 5.789821386192894089e-21
2.804375468390607057e+04 6.387194233968547933e-20 5.788637712775940577e-21
2.805443382727911012e+04 4.851447241487153642e-20 5.567373212709722830e-21
2.806511292864631469e+04 5.966032518685953178e-20 6.008734413698895939e-21
2.807579198799686128e+04 4.867683631422611629e-20 6.067792503282639899e-21
2.808647100529276577e+04 6.413104913905847852e-20 5.642505118501115506e-21
2.809714998051980365e+04 5.890079433459770278e-20 5.666304814650221394e-21
2.810782891365022442e+04 5.275964903690098554e-20 6.195783717292963737e-21
2.811850780465962089e+04 5.661202626680482003e-20 5.435066163856276814e-21
2.812918665352364405e+04 6.363723735923906891e-20 5.931830109863885609e-21
2.813986546021789036e+04 6.363004514726376010e-20 5.843653174757696754e-21
2.815054422471799626e+04 5.449584327358864241e-20 5.826889959636329794e-21
2.816122294699959457e+04 5.387165824316878937e-20 6.021066076154212856e-21
2.817190162703833630e+04 6.542799427429656623e-20 6.172973761106319395e-21
2.818258026480983608e+04 7.376892613978900658e-20 6.447035080973529174e-21
2.819325886028635796e+04 6.202016873903696643e-20 6.116757694842523080e-21
2.820393741345713352e+04 5.998167770036474223e-20 6.428291740697051582e-21
2.821461592427402502e+04 7.728617657430031275e-20 6.296209071407170867e-21
2.822529439273307798e+04 6.402268497319721463e-20 5.668339351724693753e-21
2.823597281880657101e+04 7.827299654264612039e-20 6.046304751777948694e-21
2.824665120245994331e+04 6.313628665582533600e-20 6.502432845255938389e-21
2.825732954367565253e+04 6.689983001005212317e-20 5.649885476166435397e-21
2.826800784243620728e+04 6.695722276457667674e-20 6.300893659521611680e-21
2.827868609870363434e+04 7.925019684809018679e-20 6.671351754400554973e-21
2.828936431246042048e+04 7.601401718440932426e-20 6.527083123528935194e-21
2.830004248368568005e+04 5.469007285764108040e-20 6.083190629380928076e-21
2.831072061235508590e+04 3.940692817870594771e-20 6.019252959660623766e-21
2.832139869843407359e+04 5.505521195607693942e-20 5.911601931628934590e-21
2.833207674190858961e+04 4.813768850178601016e-20 6.372251387210739374e-21
2.834275474274747467e+04 4.854367764181201502e-20 6.270186772900224597e-21
2.835343270092985767e+04 4.946335086424615875e-20 6.149073817707907481e-21
2.836411061643826906e+04 6.341893304345578789e-20 6.124383014389282826e-21
2.837478848923473197e+04 5.360849656172752525e-20 5.365577369714431989e-21
2.838546631930861986e+04 5.125024272499245323e-20 6.282942975586034306e-21
2.839614410661511647e+04 4.493744720351804237e-20 5.938570381052538579e-21
2.840682185115391258e+04 6.770620824264936013e-20 6.172414541858635660e-21
2.841749955288700949e+04 6.797996858448880594e-20 6.251280709468445664e-21
2.842817721179699220e+04 5.964689945723097853e-20 6.410467764752395317e-21
2.843885482785272325e+04 4.866553530538291806e-20 6.243081554189847764e-21
2.844953240103677672e+04 5.904215041542158234e-20 6.549582912706951685e-21
2.846020993132145668e+04 4.018531991501600637e-20 6.279397085315898388e-21
2.847088741867904901e+04 4.115701557804922788e-20 6.575524535324938307e-21
2.848156486308873355e+04 8.151442243802067677e-20 6.640092328528575817e-21
2.849224226452281073e+04 7.285195892782783368e-20 8.752233667322064543e-21
3.014878011206843075e+04 3.268111343027255104e-20 1.046480412574067486e-20
3.015945060467886287e+04 5.393850746322972631e-20 7.205886546083589875e-21
3.017012105051343315e+04 6.399954336367595279e-20 6.934818255294830046e-21
3.018079144956152231e+04 3.170845559308576698e-20 6.772435361965962044e-21
3.019146180177857241e+04 6.450071188060379621e-20 6.535223298589345841e-21
3.020213210715393507e+04 6.411197286166365376e-20 6.311754049777997687e-21
3.021280236566344320e+04 6.792300774506787384e-20 6.196493820939682845e-21
3.022347257727602846e+04 6.143882750588766608e-20 6.857044731829158284e-21
3.023414274196747647e+04 6.316962094128282773e-20 7.294310454591876048e-21
3.024481285972043406e+04 4.874755017914723508e-20 6.838865171745396601e-21
3.025548293051070141e+04 5.843103424189784519e-20 6.088438087161162524e-21
3.026615295430717015e+04 5.445182281184301717e-20 6.750584692968986801e-21
3.027682293108902741e+04 6.054700349159311823e-20 6.616760205036312742e-21
3.028749286083212428e+04 6.325786103932330494e-20 6.469541349420782628e-21
3.029816274351556422e+04 5.637029915835638824e-20 6.329092005207585343e-21
3.030883257910492830e+04 5.794791796319096890e-20 6.301324472747929448e-21
3.031950236758621031e+04 7.075980206555414611e-20 6.268241621155734578e-21
3.033017210893515585e+04 5.957360571786251859e-20 6.233444265454287737e-21
3.034084180311391901e+04 6.440005595212037486e-20 6.416290966799026359e-21
3.035151145011867629e+04 7.019993570719329620e-20 7.062756534568238829e-21
3.036218104990819484e+04 5.750761404241247336e-20 6.729425479000921227e-21
3.037285060246836292e+04 5.441578488322368708e-20 6.421966170628033468e-21
3.038352010776825409e+04 6.953352706938939163e-20 6.426076415659812086e-21
3.039418956579380392e+04 7.385413913118638004e-20 7.140920590852257879e-21
3.040485897651053529e+04 6.248646550133672545e-20 6.663229936849548567e-21
3.041552833989748251e+04 7.807830252789561885e-20 6.337357680158042687e-21
3.042619765592367548e+04 6.461115300482491601e-20 6.445468146933527941e-21
3.043686692458193284e+04 4.878163778530202127e-20 6.000533253100655019e-21
3.044753614583437593e+04 5.530821057360648473e-20 6.657598553491200146e-21
3.045820531965998453e+04 6.947346948382693599e-20 5.984907701563716274e-21
3.046887444602769756e+04 6.422663224164416797e-20 6.089944461341466802e-21
3.047954352492699036e+04 6.983491944495480118e-20 6.622287446785572304e-21
3.049021255632680914e+04 6.139912512744718419e-20 6.097751954776208051e-21
3.050088154020277580e+04 6.353659193590727863e-20 6.136489771741378178e-21
3.051155047652720532e+04 7.096005693688590494e-20 6.946770560785900030e-21
3.052221936528268998e+04 5.517336076234884398e-20 6.417445282377227042e-21
3.053288820644147563e+04 6.240509533347369059e-20 7.032866031491041399e-21
3.054355699997241754e+04 6.712669620110318445e-20 6.614985344583617503e-21
3.055422574586497649e+04 4.747365852399625685e-20 6.550829728969114712e-21
3.056489444408802956e+04 6.318718772658798041e-20 7.017389012583917161e-21
3.057556309461715864e+04 6.028502722464697806e-20 6.501116243824300186e-21
3.058623169742126993e+04 1.451626149167362965e-20 6.340736057586423029e-21
3.059690025248981328e+04 4.551669532215590100e-20 6.452214540795622794e-21
3.060756875979164397e+04 5.504246211962768193e-20 6.803039344518291186e-21
3.061823721929894964e+04 5.960991809755924762e-20 6.372927119570188820e-21
3.062890563099426072e+04 5.724941843925119464e-20 6.003158048540534959e-21
3.063957399484300186e+04 6.184728944264034766e-20 6.469089821878524847e-21
3.065024231083453560e+04 7.508665251260577505e-20 6.176718275037079537e-21
3.066091057893085599e+04 6.935786658135828204e-20 6.143630249798594634e-21
3.067157879912141289e+04 5.168375780474208725e-20 6.270336407209710043e-21
3.068224697137495968e+04 4.677733985425005697e-20 6.067013738538022302e-21
3.069291509566026798e+04 8.021528519003175930e-20 6.496065725842697814e-21
3.070358317196674034e+04 8.327138429795337609e-20 7.030253886472466399e-21
3.071425120025635260e+04 6.628243667295090287e-20 6.434505973371487807e-21
3.072491918051851462e+04 4.026150738567292347e-20 6.083684150466442549e-21
3.073558711272192159e+04 6.265247763306892120e-20 7.246365707607014804e-21
3.074625499683533781e+04 7.363802391060240210e-20 7.155873454353753166e-21
3.075692283284824953e+04 7.067705908274772867e-20 6.496379443343181813e-21
3.076759062072938468e+04 6.544866957643132425e-20 6.410775091838767564e-21
3.077825836044738753e+04 6.226586316085644560e-20 6.071548635437495509e-21
3.078892605198486126e+04 6.723505411999512605e-20 6.484884100124709257e-21
3.079959369532447090e+04 7.088331277410822413e-20 6.801440920628071080e-21
3.081026129043482069e+04 6.327679840277912033e-20 6.177215931957803947e-21
3.082092883728447850e+04 8.082419072957677948e-20 6.454285419172982379e-21
3.083159633585612028e+04 7.140669160326028367e-20 6.192802120919389993e-21
3.084226378613228371e+04 6.419073231244644927e-20 6.474034204522883067e-21
3.085293118807478459e+04 4.720835837326595742e-20 5.879209059431821919e-21
3.086359854167298181e+04 5.488183483388917994e-20 6.426750215678990228e-21
3.087426584688871299e+04 6.484035884270713478e-20 6.068957689209045569e-21
3.088493310371132975e+04 6.373821190069571005e-20 5.828590774527319209e-21
3.089560031210263332e+04 5.774701541663517175e-20 5.922259946930797349e-21
3.090626747205191714e+04 6.590341600019356401e-20 5.902463645569033923e-21
3.091693458351412119e+04 7.054103869544992771e-20 6.088585060949136075e-21
3.092760164648908176e+04 5.387966122262619264e-20 6.529072688166084865e-21
3.093826866094211437e+04 5.716879663990237287e-20 6.082613485535591753e-21
3.094893562685212237e+04 5.537778989141302107e-20 6.604288245253648398e-21
3.095960254418423938e+04 5.042805053315417623e-20 6.527485798621201013e-21
3.097026941292438642e+04 6.234624356798788293e-20 6.306113182290239581e-21
3.098093623304122593e+04 5.551392070887458135e-20 6.927178766051647469e-21
3.099160300451385774e+04 6.623289870040417446e-20 6.598534239888500646e-21
3.100226972732484865e+04 6.975832096164385901e-20 6.714856889794063691e-21
3.101293640144263554e+04 7.174257713710043283e-20 6.089897288944140056e-21
3.102360302682879774e+04 5.508238823703924710e-20 6.232304550650904124e-21
3.103426960347987551e+04 6.105822583835690985e-20 6.231641604122467787e-21
3.104493613137143620e+04 6.044728805403291866e-20 6.146445085430509377e-21
3.105560261046504093e+04 4.778589191477179424e-20 5.973818319887644391e-21
3.106626904074660342e+04 7.522788642318965142e-20 6.979036993121908395e-21
3.107693542218472066e+04 6.900899622167292639e-20 6.086818606695752342e-21
3.108760175475844153e+04 6.465993376249221688e-20 6.371616328048675508e-21
3.109826803845023460e+04 6.953070041009142122e-20 6.460633171888217321e-21
3.110893427322161733e+04 7.392746211979692885e-20 6.977534768558622034e-21
3.111960045905491643e+04 6.034177807509263946e-20 6.390223516892305695e-21
3.113026659592237411e+04 7.213183258579435175e-20 6.472117277177587896e-21
3.114093268381338930e+04 4.491616234552658457e-20 6.262423658490920715e-21
3.115159872268601976e+04 5.162908632198574079e-20 6.235174586006663588e-21
3.116226471252262127e+04 5.535001621749491795e-20 6.439823052094116982e-21
3.117293065329870660e+04 6.116526101054872815e-20 6.314997741938822944e-21
3.118359654498631062e+04 6.967416428445402590e-20 7.034308835037785478e-21
3.119426238757487226e+04 5.509475833638586108e-20 6.271659107939688117e-21
3.120492818102246019e+04 6.219477480233538269e-20 6.834357748742943171e-21
3.121559392531831327e+04 6.698587658031720150e-20 6.561722539092383339e-21
3.122625962041697130e+04 6.416593280026289308e-20 6.762927735802161369e-21
3.123692526631489818e+04 6.842035832177944967e-20 6.683836698722902299e-21
3.124759086298411421e+04 7.167170110697017645e-20 6.609965778762395793e-21
3.125825641039294715e+04 7.284630772327344549e-20 6.523865865194428989e-21
3.126892190852034400e+04 7.263471075060048115e-20 6.775023079741265038e-21
3.127958735734173024e+04 5.292476380453734938e-20 6.598832609250374344e-21
3.129025275682907159e+04 6.549064161829839573e-20 6.409332835205773651e-21
3.130091810696477114e+04 7.527871198723294424e-20 6.826447043970079309e-21
3.131158340772078373e+04 6.888082849905291708e-20 6.972043203513560232e-21
3.132224865907246567e+04 7.658652160736743401e-20 6.869962418529099255e-21
3.133291386099877127e+04 5.825860544296748118e-20 6.527153209162058644e-21
3.134357901346803919e+04 6.099810676072514241e-20 6.869338912033200784e-21
3.135424411645911459e+04 6.810310431332652788e-20 7.188639565316522468e-21
3.136490916994393410e+04 7.491166814464734668e-20 7.736053878007637446e-21
3.137557417390490446e+04 5.581611204897905245e-20 6.543642543608842741e-21
3.138623912831387133e+04 5.546546832700123617e-20 6.864866036845874347e-21
3.139690403314619834e+04 5.652296224352651085e-20 6.927782631492987363e-21
3.140756888837367660e+04 5.876817420513730848e-20 6.861888439662767444e-21
3.141823369397181887e+04 6.653343918794280849e-20 6.691440966822635851e-21
3.142889844993356746e+04 8.415311811999567300e-20 6.990228875250308282e-21
3.143956315621304384e+04 6.818532647916940009e-20 6.967281392082459296e-21
3.145022781278905677e+04 7.997016456178595943e-20 7.063163594325276592e-21
3.146089241964405664e+04 6.911750372739069359e-20 6.498884030387734023e-21
3.147155697674637850e+04 4.063798239304576381e-20 6.786759723607610722e-21
3.148222148407837813e+04 7.219139728100704228e-20 6.749168190024441788e-21
3.149288594161183210e+04 7.669355491746763835e-20 7.511868163540738128e-21
3.150355034931846603e+04 9.215488463985608449e-20 9.711156166378033123e-21
