2.879588207555091503e+04 -7.200897427561273497e-21 1.746368130218190623e-21
2.881376293124314543e+04 -2.052844598745214277e-21 1.284098442991664308e-21
2.883164370446826069e+04 5.156537294560828166e-21 1.361485358453942682e-21
2.884952439516839877e+04 -7.391973050456676609e-23 1.195181936748967002e-21
2.886740500330143186e+04 1.645228748715535039e-22 1.339790733810701329e-21
2.888528552881339056e+04 -3.786314307256568563e-23 1.315317102974172409e-21
2.890316597165013809e+04 6.635189983746759571e-22 1.259143464068294814e-21
2.892104633177350479e+04 -2.930961498908748756e-21 1.353114087104209331e-21
2.893892660910982522e+04 1.793799652403456324e-21 1.366970535854665120e-21
2.895680680364077489e+04 3.423935480575778645e-21 1.139212140965804221e-21
2.897468691529256830e+04 -4.442779755050250353e-22 1.071815339604096194e-21
2.899256694402693029e+04 1.375484380779254109e-21 1.354804649789765431e-21
2.901044688978590420e+04 1.499528015455910676e-21 1.303809196170105277e-21
2.902832675252734771e+04 9.980623379160175819e-22 1.226832424047366123e-21
2.904620653219726591e+04 4.120224868688916194e-22 1.112048828970672351e-21
2.906408622874548382e+04 1.943208188383088899e-21 1.315574928999725782e-21
2.908196584212191374e+04 2.396990221940651970e-21 1.470708986372009056e-21
2.909984537227638066e+04 2.858741380384438498e-21 1.200991070807379659e-21
2.911772481915864410e+04 5.031023190746639022e-22 1.227140245792779622e-21
2.913560418271876915e+04 1.212600101451958535e-21 1.403710589784720135e-21
2.915348346290663540e+04 2.344458197134756440e-21 1.260472007781548239e-21
2.917136265967207873e+04 1.522727246635852312e-21 1.199125109912448028e-21
2.918924177296495691e+04 7.855376386530871073e-23 1.216810134795481539e-21
2.920712080273513129e+04 2.443987660814592076e-21 1.199391592291877099e-21
2.922499974893241597e+04 3.366751121488569464e-21 1.328290143161299227e-21
2.924287861150663230e+04 2.381896014046407449e-21 1.232827830017527104e-21
2.926075739040769622e+04 -1.883442148312404534e-22 1.259076297971849087e-21
2.927863608559338536e+04 1.932042647952745728e-21 1.365271437676853381e-21
2.929651469699321024e+04 7.917870520367034738e-22 1.253959551495550426e-21
2.931439322457708840e+04 -1.957834934061358984e-22 1.110834613026252528e-21
2.933227166828299232e+04 1.267668647316014441e-22 1.116300593252617242e-21
2.935015002807267228e+04 2.060451729321729891e-21 1.093077206195344126e-21
2.936802830387572249e+04 2.562153932213354196e-21 1.138852672171622040e-21
2.938590649566207139e+04 -5.517770795178469642e-22 1.123681550832722279e-21
2.940378460336946591e+04 2.725664077978609306e-21 1.191852365849496466e-21
2.942166262695562546e+04 -3.018327291634340822e-23 1.167338874408919170e-21
2.943954056636224414e+04 -1.463787983365180574e-21 1.119928533016025643e-21
2.945741842154721962e+04 2.381056286158105067e-22 1.194313199415783718e-21
2.947529619251799886e+04 2.766579263858369551e-21 1.189441866244453759e-21
2.949317389075694155e+04 2.073554589499043081e-21 1.186581959242781548e-21
2.951105208868813133e+04 2.379343884849683908e-21 1.203186450643033483e-21
2.952893020792214156e+04 3.648104074702558612e-21 1.137760592980578852e-21
2.954680824268666402e+04 -2.683227240028063695e-21 1.069041963778670636e-21
2.956468619290284914e+04 2.069515380528836611e-21 1.125386353281003262e-21
2.958256405853654724e+04 3.505786520711397229e-21 1.153574741782608464e-21
2.960044183953339598e+04 2.623945985853932189e-21 1.015888079208347979e-21
2.961831953583898212e+04 4.102067975709478444e-21 1.066025138294288406e-21
2.963619714741516145e+04 -1.442965405679569938e-22 1.017530714894140671e-21
2.965407467419511886e+04 -1.446373230345724056e-21 1.099295043783410438e-21
2.967195211614886284e+04 4.966345942104595450e-22 1.183266833566905752e-21
2.968982947320161475e+04 -1.525890197622394532e-22 1.159779845747555437e-21
2.970770674532332123e+04 7.756939920688387562e-23 1.046159508272647986e-21
2.972558393244726904e+04 2.246703648475818962e-21 1.083070016201535578e-21
2.974346103453538672e+04 -2.065659907378342429e-22 1.076460633095445347e-21
2.976133805154132642e+04 3.405842353065960217e-22 9.614395681321838035e-22
2.977921498339404206e+04 -5.126430751480535611e-22 9.883961532134375643e-22
2.979709183006366220e+04 2.089656819627527626e-21 1.022257413819547135e-21
2.981496859149141528e+04 -6.784408418024591894e-22 1.017923564027529857e-21
2.983284526761839879e+04 -3.094512461039104827e-22 1.073688120041551752e-21
2.985072185841090322e+04 -6.916875411505928540e-23 1.166217732715909049e-21
2.986859836381024797e+04 1.329094674257554848e-21 1.091144247480299127e-21
2.988647478376579966e+04 2.543662639254982227e-21 1.182836711696839254e-21
2.990435111822292311e+04 1.857809807876604790e-21 1.081389268113667286e-21
2.992222736713519771e+04 -7.264119921176869451e-22 1.017663740111867774e-21
2.994010353045225202e+04 2.554817723611524610e-21 1.059470149651802069e-21
2.995797960813178724e+04 1.304514630824316757e-21 1.044401792638168673e-21
2.997585560011072084e+04 -1.226306947515513760e-22 1.023388301616329393e-21
2.999373150634230842e+04 1.380192658962133599e-21 9.896042282063653297e-22
3.001160732676805856e+04 2.141926796915743682e-21 1.001599284963784804e-21
3.002948306135815437e+04 7.644192271333167453e-22 1.033795614091386868e-21
3.004735871004546789e+04 1.541407685768336260e-21 1.033767230578231383e-21
3.006523427278339295e+04 3.257354981729058732e-21 1.059508121387443211e-21
3.008310974952137622e+04 6.951821940764201056e-23 1.025523926613664003e-21
3.010098514020880248e+04 -2.406505212552504103e-21 1.192378938866034863e-21
3.011886044479922566e+04 7.235903618346988806e-22 1.066819882955562782e-21
3.013673566323335035e+04 2.793046867688208884e-21 1.089785231096571416e-21
3.015461079546060864e+04 1.591229893594785934e-21 1.084381151101619720e-21
3.017248584143892003e+04 2.265473259084891286e-21 1.093423061179646148e-21
3.019036080111758929e+04 5.048160890810397345e-22 1.073153230400846504e-21
3.020823567443756838e+04 2.086102128701720074e-21 1.052350407462737204e-21
3.022611046135646757e+04 2.554365706154332321e-21 1.240351332243864644e-21
3.024398516181519517e+04 1.470809808337853872e-21 1.093014545309958119e-21
3.026185977576720325e+04 1.981403674959733529e-21 1.173538384183112879e-21
3.027973430316175290e+04 -4.095658300463148002e-22 1.011348912136272706e-21
3.029760874395211067e+04 2.144441170446092348e-21 1.038973312167346510e-21
3.031548309807933038e+04 -1.194296010605471067e-22 9.583105834186262470e-22
3.033335736563011596e+04 1.917783994093369890e-21 1.089532303641953502e-21
3.035123155963241516e+04 2.349182225187046322e-21 1.075305673354265691e-21
3.036875606074049210e+04 1.558841943802147513e-21 1.031476231392494621e-21
3.038663003315605602e+04 4.959516659983003256e-22 1.007358945730723738e-21
3.040450391865845086e+04 2.411345622130857653e-21 9.777821870971933909e-22
3.042237771719665761e+04 2.302473743860809455e-21 1.008643920237528083e-21
3.044025142871543358e+04 1.655088370345347802e-21 1.026066725585709576e-21
3.045812505317286559e+04 8.852095659652909739e-22 1.065032442400091514e-21
3.047599859051809108e+04 4.585011791281944613e-22 9.705588134350030987e-22
3.049387204068276333e+04 6.343754438565941953e-22 9.952179796134493171e-22
3.051174540363786946e+04 8.523453280323259162e-22 9.574235072519335496e-22
3.052961867932815949e+04 2.015083364024317049e-21 1.007314265455228991e-21
3.054749186769393054e+04 2.134343435109768328e-21 1.010434937241026194e-21
3.056536496868410904e+04 1.333212612837107007e-21 1.023500129598211631e-21
3.058323798225652354e+04 1.438823170005521969e-21 9.591843664614060177e-22
3.060111090836042422e+04 -7.367790850141801869e-22 9.354772882625719358e-22
3.061898374694046288e+04 5.592825864211954440e-22 9.475866321301352154e-22
3.063685649793249831e+04 6.307343869067352461e-22 1.013845133262346850e-21
3.065472916131194143e+04 1.303222012592139888e-21 1.069079432650304347e-21
3.067260173701017993e+04 1.225972721087286874e-21 1.077820357225561363e-21
3.069047422498064043e+04 1.665179267409158793e-22 1.023186702633911398e-21
3.070834662517642573e+04 1.485022949411501291e-22 9.351322204451495373e-22
3.072621893754670964e+04 2.834313953235483871e-21 1.019100231711327899e-21
3.074409116201409051e+04 5.060693239014958960e-23 9.036809016279084735e-22
3.076196329857606543e+04 2.243745526789790506e-21 9.576400763503189335e-22
3.077983534714181587e+04 2.537553006254718076e-21 1.032719713094023539e-21
3.079770730767352870e+04 -3.365452460658249867e-23 8.946964760712749542e-22
3.081557918012010850e+04 1.663641858712149377e-21 9.908842027201010847e-22
3.083345096443920920e+04 -3.934237202566458809e-22 9.128229162191340650e-22
3.085132266056628578e+04 1.296015088309673455e-21 9.357571552359539762e-22
3.086919426844605914e+04 1.098992572620965063e-21 9.417366415921579442e-22
3.088706578804510355e+04 1.604359186515404668e-22 9.936114674051057642e-22
3.090493721930343963e+04 2.849155742514947884e-21 1.045242242443638702e-21
3.092280856216542088e+04 6.469679898509823031e-22 9.767751360968109850e-22
3.094067981659768338e+04 2.358102283367064194e-21 9.012629747314625551e-22
3.095855098252231983e+04 -2.867361146176530910e-22 9.601298946194635373e-22
3.097642205990558796e+04 2.146076301177511704e-22 8.941748149032213203e-22
3.099429304869220141e+04 -1.363634722930333961e-22 9.645850530778464240e-22
3.101216394883093744e+04 1.331984237997322219e-21 9.651124479381640397e-22
3.103003476027057332e+04 2.672520266553109967e-21 1.009294390296067728e-21
3.104790548295533881e+04 1.216463815295225739e-21 9.063285927153148407e-22
3.106577611684294970e+04 9.879440680289778049e-22 9.425655648098602354e-22
3.108364666188659976e+04 -1.341178734812332758e-22 9.143564074594662688e-22
3.110151711801224155e+04 -2.264667754271861264e-22 8.895939592218914867e-22
3.111938748519132423e+04 1.130389693805972456e-21 8.804981960416835713e-22
3.113725776336361014e+04 8.537843976017877011e-22 8.363383898953907246e-22
3.115512795246878886e+04 8.544037079668074308e-22 9.073698274258034792e-22
3.117299805246446340e+04 -4.383172772944166262e-22 8.895632822737320619e-22
3.119086806331277694e+04 3.763081575133394283e-21 1.155407690726330334e-21
3.120873798493989307e+04 5.678806465076586554e-21 9.355428661805377899e-22
3.122660781730751842e+04 1.343807712062160748e-21 8.788450690294884705e-22
3.124447756036015562e+04 -1.638425375991961722e-22 9.667131257261056054e-22
3.126234721404192533e+04 2.088082095936704011e-21 9.122761162262603384e-22
3.128021677830136832e+04 1.272939090987756696e-21 9.556570904429388960e-22
3.129808625310508796e+04 6.231861489672536764e-22 1.040878190551818529e-21
3.131595563837907685e+04 1.805973365502904819e-21 9.901416133137237914e-22
3.133382493408532901e+04 2.117316887115448819e-21 9.247914741734959041e-22
3.135169414016761220e+04 3.365389174025741625e-21 8.780422818041698527e-22
3.136956325657025809e+04 3.709648654637534841e-21 9.598440798529124014e-22
3.138743228325532255e+04 2.156295535507490878e-21 9.086916884919651953e-22
3.140530122015318921e+04 -3.505714921434600719e-22 7.926017088602971101e-22
3.142317006722589940e+04 1.273642110395350078e-21 8.937422496367105720e-22
3.144103882442191752e+04 1.115359594007901218e-21 9.048792198497195639e-22
3.145890749167581089e+04 4.773545184062537266e-22 9.007243336075732241e-22
3.147677606894971905e+04 4.351186370030818906e-22 9.016667351222831171e-22
3.149464455618765714e+04 7.103720827360708361e-22 8.491492670430034178e-22
3.151251295333807138e+04 9.559346939500583459e-22 8.546232123969307652e-22
3.153038126034929519e+04 1.607807218240680068e-21 9.280496106395941351e-22
3.154824947717882969e+04 -1.054780294349328088e-21 9.485563583613850293e-22
3.156611760375220547e+04 1.530113980667932178e-22 8.823773951746707130e-22
3.158398564004019863e+04 1.748821691265680569e-21 8.236731486020740908e-22
3.160185358597329468e+04 1.007405780267771868e-21 9.062387879231941250e-22
3.161972144150890381e+04 4.854467096678480633e-22 8.840957241455249616e-22
3.163758920660906369e+04 1.067755438566528279e-21 8.347093284140721463e-22
3.165545688120375780e+04 1.398573527962740274e-21 9.343098388736915876e-22
3.167332446524124680e+04 -3.816537717088376713e-22 9.366428578681228450e-22
3.169119195867404778e+04 -7.964162724393282894e-23 8.829835260786071654e-22
3.170905936145517262e+04 -5.774861011774658852e-22 9.039287824874183459e-22
3.172692667352381250e+04 2.445622371187163931e-21 9.802087212442291482e-22
3.174479389483734121e+04 1.833694210245633074e-21 9.037718794607343538e-22
3.176266102533937737e+04 2.347072830573140525e-21 9.132544558662544055e-22
3.178052806497346683e+04 4.184059337857403114e-22 8.587453512103355475e-22
3.179839501370139988e+04 -2.618141285006929415e-22 7.839880860418843587e-22
3.181626187145286531e+04 1.677591023718099187e-21 8.377079600863584168e-22
3.183412863826544708e+04 1.083897349769709572e-21 8.604457640811775951e-22
3.185199583600147525e+04 8.210770912819188202e-22 8.682197968470072362e-22
3.186986344677596207e+04 1.123370412626272201e-21 8.940937766292738988e-22
3.188773096636937771e+04 9.414019679818757523e-22 9.590829864786050421e-22
3.190559839471119631e+04 1.434682990823851703e-21 9.356847511117129209e-22
3.192346573176777383e+04 2.178706453082180776e-21 8.478459532724393557e-22
3.194133297747817051e+04 2.458840783177207188e-21 8.397076718288200775e-22
3.195920013177662986e+04 1.202157278915198382e-21 8.951654482109569779e-22
3.197706719463879199e+04 -4.584264726385967255e-22 8.729346672504576415e-22
3.199493416599416742e+04 1.502186891131630819e-21 8.874024569206193448e-22
3.201280104579525505e+04 1.137936734413620776e-21 8.660388584823105185e-22
3.203066783398977350e+04 2.195837972231880672e-21 8.666455670002651714e-22
3.204853453053064368e+04 3.273749767895820023e-22 8.727796407823538252e-22
3.206640113535188357e+04 -7.597344478730731199e-22 1.055831499731835581e-21
3.208426764841994373e+04 -3.897946173460760057e-22 9.264640876102113934e-22
3.210213406967343690e+04 3.759573527585698203e-22 8.801160150121053686e-22
3.212000039906008169e+04 4.126669051346612256e-22 8.650646568254182532e-22
3.213786663652757125e+04 -7.564646102293177666e-22 8.895758147151947570e-22
3.215573278201945141e+04 1.305745592312198524e-21 8.631503996825407673e-22
3.217359883548352445e+04 2.441755574335452356e-21 8.723827553795810086e-22
3.219146479688152976e+04 1.663083467168458289e-21 9.206295034074359754e-22
3.220933066614734707e+04 2.092882587041350447e-21 9.092910144293938826e-22
3.222719644323779357e+04 1.353623949227299284e-21 9.101789530187434794e-22
3.224506212810530997e+04 2.192045601675141226e-21 9.274872185387739372e-22
3.226292772066994439e+04 2.331425673977108782e-21 9.532737887036068797e-22
3.228079322090739151e+04 7.676014908527273801e-22 8.894877595011536669e-22
3.229865862875598759e+04 1.424437242362335175e-21 8.369663795992683923e-22
3.231652394416814786e+04 2.575091682663650689e-21 8.950246275117499412e-22
3.233438916707249518e+04 2.221296483353160386e-22 8.425697786740307156e-22
3.235225429744964276e+04 2.245229569522335912e-21 8.604618928250394337e-22
3.237011933521932224e+04 1.522157322677686725e-21 8.849045388416810928e-22
3.238798428033854361e+04 1.667670789755709273e-21 8.427512865663317889e-22
3.240584913275018698e+04 1.128373504438628285e-21 9.201702319475762916e-22
3.242371389241121142e+04 -1.122755528182047779e-21 9.278965175120612360e-22
3.244157855926407501e+04 -1.047657832234758935e-21 8.519262765881163171e-22
3.245944313325682378e+04 1.787951371031943311e-21 7.861084886885386012e-22
3.247730761434640954e+04 4.086290384039436979e-21 9.052087869044977155e-22
3.249517200246157154e+04 6.589648486166933541e-21 9.052137882416572029e-22
3.251303629755919610e+04 3.226462193707397511e-21 7.985668455835568166e-22
3.253090049958654345e+04 3.781174235184026744e-21 8.741013197241431479e-22
3.254876460849579598e+04 3.595879169650859906e-21 8.264594566969016133e-22
3.256662862422998660e+04 1.642881208641931448e-21 8.632796129945214019e-22
3.258449254672714960e+04 -6.350328468153190219e-22 8.719863913599006320e-22
3.260235637594880609e+04 8.147557761242921752e-22 8.089999321137500660e-22
3.262022011183768700e+04 2.233006578047269699e-22 7.960356950776268615e-22
3.263808375434065601e+04 2.535811619362041204e-21 8.163586272393711174e-22
3.265594730341504692e+04 1.667508917496440317e-21 8.612982503525584653e-22
3.267381075898941344e+04 9.062825889014377933e-22 8.630522500759304199e-22
3.269167412102516028e+04 8.833207666998670227e-22 7.646948115596397588e-22
3.270953738946021258e+04 1.016234844484568195e-21 8.196198904366178454e-22
3.272740056425577859e+04 1.078345415919960418e-21 7.395881990086905544e-22
3.274526364534028471e+04 2.115844730501491120e-21 8.411351835243677614e-22
3.276312663268016331e+04 6.155269678360374984e-22 7.844932081809956566e-22
3.278098952620377531e+04 1.677344425972455903e-21 8.703336195748620065e-22
3.279885232586777420e+04 3.646720470358449939e-22 8.170089793068840187e-22
3.281671503163349553e+04 -3.440441768521689555e-22 8.519632482125944642e-22
3.283457764342890732e+04 2.025179947673647299e-21 9.379507678003155917e-22
3.285244016120634478e+04 9.836687395895907177e-22 8.133849600788296172e-22
3.287030258491301356e+04 4.137087056129075661e-21 8.626797461176744732e-22
3.288816491448650049e+04 1.744801685020904907e-21 8.523590549659730108e-22
3.290602714989297237e+04 1.550170488447707444e-21 7.907245892765364860e-22
3.292388929106953583e+04 3.096924789082395587e-21 9.338125115881594770e-22
3.294175133795425791e+04 6.564052498797642125e-22 8.370160587591055510e-22
3.295961329051327630e+04 1.008801519912962091e-21 8.041108634083814528e-22
3.297747514867460268e+04 1.631287476232146176e-21 8.154430376956283119e-22
3.299533691240431654e+04 2.956759173208775439e-21 8.579206677207979284e-22
3.301319858163002937e+04 1.711220992604660708e-21 8.241963734038616220e-22
3.303106015631802438e+04 6.347957037716743628e-22 8.071351582284874896e-22
3.304892163640593935e+04 -6.320891990600081588e-22 8.452222165058675966e-22
3.306678302183117194e+04 1.514746462409650579e-22 8.461611989401631162e-22
3.308464431256455282e+04 2.391262874650188445e-21 8.166671948717341421e-22
3.310250550853361347e+04 1.726504066841274324e-21 8.702898134811469731e-22
3.312036660969009972e+04 2.654795216513686273e-21 8.188676985316552076e-22
3.313822761598117359e+04 -4.278953771543171557e-24 8.144823913643957618e-22
3.315608852735370601e+04 9.659194703938258355e-23 7.620765641206347437e-22
3.317394934375453886e+04 5.142079465487784101e-22 8.551122274011386509e-22
3.319181006512547174e+04 1.990068158109426829e-22 9.780806955330941454e-22
3.320967069142287801e+04 3.160813264547945364e-21 8.583368911430418300e-22
3.322753122258907388e+04 1.745204721879741265e-21 8.135192918566566490e-22
3.324539165858045453e+04 1.299734346491900271e-21 8.191900543582526814e-22
3.326325199931974930e+04 1.320915501403488501e-21 7.895914392595782797e-22
3.328111224477267388e+04 1.969630019345863712e-21 7.543979360594373319e-22
3.329897239488109335e+04 2.382025560946683061e-21 8.394079569955119857e-22
3.331683244959205331e+04 2.408412131752941368e-21 8.600651773825775769e-22
3.333469240885221370e+04 3.144592483296056329e-21 8.928708385500743282e-22
3.335255227260825632e+04 1.326503643933802707e-21 7.257302073134036278e-22
3.337041204081136675e+04 1.681947222469799794e-21 8.954364722805153150e-22
3.338827171339854976e+04 2.600379571941173116e-21 8.458763112272378689e-22
3.340613129033116275e+04 2.771276238211414433e-21 8.228596596939929157e-22
3.342399077153170219e+04 2.040514186878792021e-21 8.206263394920965838e-22
3.344185015696600021e+04 -1.149197110924450133e-22 8.043272323402132291e-22
3.345970944657547079e+04 3.845291451038660756e-21 8.552847938491582021e-22
3.347756864032124577e+04 1.419640698270662538e-21 8.583449646823306357e-22
3.349542773812112137e+04 2.055782619071994185e-21 8.300361548278948165e-22
3.351328673993605480e+04 1.564826556344005565e-21 8.752990314883389487e-22
3.353114564571250958e+04 3.418097523729895561e-21 8.960950391489479050e-22
3.354900445540140208e+04 -2.434316645356856726e-21 7.732360845383938244e-22
3.356686316894941410e+04 -1.338411632171873543e-23 8.214446214304724698e-22
3.358472178629348491e+04 3.717175538469141099e-22 8.435244374538143322e-22
3.360258030737997615e+04 2.630392742817127835e-21 7.765127094657365186e-22
3.362043873216006614e+04 1.194111411227724518e-21 7.739506147362524159e-22
3.363829706058934244e+04 -9.625352908449708976e-22 7.965205728041066682e-22
3.365615529260007315e+04 8.256022914009755014e-22 7.966668171833924697e-22
3.367401342813864903e+04 -1.698098659433162016e-22 8.249275431425929134e-22
3.369187146717074211e+04 3.197337294455370094e-21 8.085800431497896940e-22
3.370972940961340646e+04 1.423495199368252677e-21 7.806743261467275257e-22
3.372758725543681794e+04 2.006406584579171178e-21 7.704617274093180385e-22
3.374544500456340757e+04 1.529476549617303673e-21 8.107174117920968743e-22
3.376330265696858260e+04 2.516077692593028919e-21 8.144035994992214919e-22
3.378116021257904504e+04 2.171025657769428412e-21 8.231566013611564002e-22
3.379901767135044793e+04 3.516799981435235174e-21 8.854670077805009220e-22
3.381687503321919939e+04 1.240483706752144051e-21 8.716066082098302017e-22
3.383473229814150545e+04 2.020970137058449450e-21 8.596059016916986339e-22
3.385258946605859092e+04 3.033128515082748913e-23 8.087406893714431743e-22
3.387044653691165149e+04 9.924343012211507885e-22 7.789620656028027271e-22
3.388830351065606374e+04 2.289833694148162436e-21 8.966779995964482415e-22
3.390616038723827660e+04 2.374797240363100727e-21 8.619556457388877684e-22
3.392401716658489750e+04 2.173850152529430822e-21 8.691667336680896000e-22
3.394187384866145294e+04 1.701177967615398749e-21 8.132828617953933084e-22
3.395973043341386074e+04 2.101798706193323391e-21 8.163814597606543292e-22
3.397758692078771855e+04 7.014974970914469453e-22 8.375701297068193410e-22
3.399544331071479246e+04 1.012377201259382003e-21 8.617233288060487555e-22
3.401329960315571225e+04 1.738493356122183892e-21 8.450329079660236410e-22
3.403115579804655863e+04 3.012522938991732511e-22 8.284659577769288515e-22
3.404901189534264995e+04 1.772049719437462681e-21 8.751773459853156415e-22
3.406686789499006409e+04 2.468564551284693357e-22 7.534096310265149033e-22
3.408472379692996765e+04 4.189265140362018403e-22 7.930045040343448962e-22
3.410257960109341366e+04 1.413586497503276344e-21 8.008256485476898845e-22
3.412043530745560565e+04 1.039956098870277105e-21 8.096269552820878759e-22
3.413829091594224155e+04 -6.614129713316802595e-24 8.272466418813266531e-22
3.415614642650947644e+04 9.190323232199124664e-22 8.828743533368471571e-22
3.417400183909321640e+04 -2.152709972258291474e-22 7.489983269171197184e-22
3.419185715363911731e+04 1.561035677354835066e-21 8.130145260296573453e-22
3.420971243991304800e+04 1.738188149328441605e-21 8.299153449162129237e-22
3.422756763259501167e+04 -6.686158427034358671e-22 8.137097088959158083e-22
3.424542272706514632e+04 1.423337896832931955e-21 8.279947899825680369e-22
3.426327772328876745e+04 -6.694636185078759792e-22 7.764038818163016830e-22
3.428113262121139269e+04 1.797484696384780649e-21 7.789853102915271057e-22
3.429898742077330826e+04 2.746767716469612062e-21 8.030773753933271402e-22
3.431684212192064297e+04 1.914843333749544654e-21 8.058325506178871256e-22
3.433469672459396679e+04 7.852980694617715528e-22 8.191715153960023050e-22
3.435255122874864901e+04 2.087352469732693536e-21 7.766982057415942965e-22
3.437040563431986084e+04 2.999387944679523766e-21 9.313260508349719943e-22
3.438790246058399498e+04 1.720332527493634147e-21 8.017453852491897533e-22
3.440575664754959143e+04 1.700909106662721502e-21 7.960633157066994686e-22
3.442361072241146758e+04 1.285170968549787922e-21 7.531070326938833101e-22
3.444146469837788027e+04 6.613998389970906707e-22 7.717638999411676473e-22
3.445931857546814717e+04 1.224079059008641265e-21 8.327785349425267592e-22
3.447717235365640954e+04 9.310315877475163910e-22 7.590880729717945962e-22
3.449502603288336832e+04 8.205019907727765045e-22 8.209913276042797123e-22
3.451287961309410457e+04 -8.201611895897885413e-23 7.487254790108860234e-22
3.453073309423377214e+04 -5.713968871408482587e-22 7.868484112458283106e-22
3.454858647625287995e+04 -5.849775473039918278e-22 7.224184089668975103e-22
3.456643975908232824e+04 1.479844250030009343e-21 7.649600270224231605e-22
3.458429294269593083e+04 2.317096783976517102e-22 7.931323727809827774e-22
3.460214602699031821e+04 1.068274039974876921e-21 8.217609038703309118e-22
3.461999901195479470e+04 1.789171049787250188e-21 8.447024361290841042e-22
3.463785189753946179e+04 4.632556285507816918e-22 8.604872030962283757e-22
3.465570468364578119e+04 1.136413565038964369e-21 7.952449643196546614e-22
3.467355737025201233e+04 -1.544941209956841243e-21 8.091797840400752269e-22
3.469140995728941925e+04 9.998469042603171282e-22 8.029656781039477497e-22
3.470926244470799429e+04 6.567546915519504748e-22 8.228852224741274181e-22
3.472711483245290583e+04 3.757890393131070928e-21 8.818487460352096494e-22
3.474496712048317568e+04 2.324876142878106053e-22 7.718268038072404882e-22
3.476281930871009536e+04 -1.788073090831906333e-22 9.085167820129126960e-22
3.478067139710795891e+04 -2.659876014589099778e-22 7.427631630857614111e-22
3.479852338561204670e+04 -2.777252829215096144e-21 7.732354781772255893e-22
3.481637527415731893e+04 -1.463695851152593008e-21 8.377229053658609707e-22
3.483422706271304924e+04 -1.836783068230624632e-22 8.649078656429731512e-22
3.485207875121462712e+04 2.453415368394474595e-21 8.240574076935331440e-22
3.486993033957287116e+04 1.542549492155762126e-21 7.828935292498118933e-22
3.488778182779083727e+04 1.713556834954011109e-22 7.522682533405527298e-22
3.490563321577916940e+04 1.225480893390282790e-21 7.350464172122322024e-22
3.492348450347329344e+04 1.184008968572721091e-21 8.250957833261492871e-22
3.494133569085211639e+04 1.212458016797662659e-21 8.329982819756024446e-22
3.495918677783582098e+04 1.716461409790501653e-22 7.738577022629708315e-22
3.497703776435901091e+04 4.344351501899923909e-22 8.002686194107855688e-22
3.499488865040111705e+04 5.005556216372953365e-22 7.579511980578719859e-22
3.501273943587265239e+04 8.083233471365458259e-22 8.218912393764550493e-22
3.503059012073287886e+04 1.137455573910098096e-22 7.744151129557270088e-22
3.504844070494551852e+04 4.874149177729127420e-22 7.596469153937846105e-22
3.506629118841668242e+04 2.436819654697019508e-21 8.415593273750549099e-22
3.508414157111533132e+04 7.910243981563245807e-22 7.863029122184773225e-22
3.510199185299097007e+04 2.540101337724448951e-21 8.250711174125581132e-22
3.511984203397286183e+04 7.509856677147555895e-22 8.619122375636381354e-22
3.513769211400606582e+04 1.052949802974021576e-21 7.657806043419500230e-22
3.515554209304013784e+04 1.523594443539699175e-21 7.194660079631228617e-22
3.517339197103407787e+04 -4.513440986084845647e-22 7.948188954165242043e-22
3.519124174789745302e+04 -1.302761773631616556e-22 7.633245237133725055e-22
3.520909142359989346e+04 1.127978227424161146e-21 7.539113682878857816e-22
3.522694099809094769e+04 1.770250740392194884e-22 7.644162587181700307e-22
3.524479047130965046e+04 2.890145500878483921e-21 8.128423815645714244e-22
3.526263984317036375e+04 2.410874196675257788e-21 8.776894292323914947e-22
3.528048911380674690e+04 1.513209114557274011e-21 7.821425477481952029e-22
3.529797904078802821e+04 5.405540516844227838e-22 7.752523224309838183e-22
3.531582807349104405e+04 -3.095212231666620548e-22 7.563619055463408553e-22
3.533367700464183145e+04 1.683741578757374696e-21 7.548180297805175231e-22
3.535152583419016446e+04 5.775930551862846847e-22 7.984165045585762828e-22
3.536937456204967020e+04 2.358013579947193869e-21 8.377793462657180893e-22
3.538722318820501096e+04 1.153287191588034585e-21 7.660849737164449874e-22
3.540507171256963920e+04 6.419481495324232039e-22 7.971121358935254798e-22
3.542292013510347897e+04 1.220085499524083921e-21 7.891648569137158088e-22
3.544076845573013270e+04 1.393689117329434925e-21 7.865518895632032351e-22
3.545861667442908220e+04 1.427154710334191287e-21 7.363870245290755299e-22
3.547646479111378721e+04 4.943911752946147397e-23 7.461673138275332567e-22
3.549431280573893309e+04 2.242511766160369591e-21 6.757894524129493918e-22
3.551216071825351537e+04 1.912123668438388015e-21 7.039662729106458320e-22
3.553000852860110172e+04 2.599483276582710564e-22 7.281842528853578061e-22
3.554785623672082147e+04 7.911646378055707010e-22 7.341928876295152426e-22
3.556570384253632801e+04 1.075151384589619904e-21 7.447001710646009342e-22
3.558355134602738690e+04 -2.647245474984021182e-22 7.268040023463571628e-22
3.560139874712706660e+04 -1.059986236354705445e-21 8.353957419049815619e-22
3.561924604576432466e+04 4.984099982558574018e-22 7.725779446477591929e-22
3.563709324189853214e+04 5.767716833594128829e-22 8.329425678034777490e-22
3.565494033547345316e+04 2.226082271046669982e-21 7.918448446166156300e-22
3.567278732642706018e+04 1.819406816530203090e-21 7.493950772994349316e-22
3.569063421468329761e+04 -6.011200239024166443e-22 6.858648630849106381e-22
3.570848100023219013e+04 1.059524050136100809e-21 7.534975836320886669e-22
3.572632768297605071e+04 -1.554368815320155237e-23 8.174759810735273836e-22
3.574417426287884155e+04 2.942223450726641698e-22 7.539200712322427193e-22
3.576202073987448966e+04 -6.672663513117747151e-22 7.705162666064119625e-22
3.577986711393240694e+04 1.576284703539714694e-21 7.894034640984474721e-22
3.579771338495452801e+04 -8.276142089359945325e-23 7.317980290861669380e-22
3.581555955291029386e+04 -5.860197417252571692e-22 7.566274192265123816e-22
3.583340561774364323e+04 1.439776390340026963e-21 8.009064277136874530e-22
3.585125157938773918e+04 1.698492970153928640e-21 7.935725066824181981e-22
3.586909743779589189e+04 5.154331470741900199e-22 7.708276923992479627e-22
3.588694319290165004e+04 1.009438810613211961e-21 7.384093122297355091e-22
3.590478884464866132e+04 3.584634796073536843e-21 8.151390194405195476e-22
3.592263439300613391e+04 -2.526992374367511026e-22 7.235682759482116912e-22
3.594047983789095451e+04 1.080368487481315988e-22 7.271998119495942454e-22
3.595832517923693376e+04 -1.413102199684403768e-21 7.816432176453868672e-22
3.597617041700286791e+04 2.314915876861879729e-22 7.262189479342709341e-22
3.599401555114740040e+04 1.442341457768669359e-21 7.756336055500134471e-22
3.601186058159808454e+04 -4.263252608507378644e-22 7.190722145811144724e-22
3.602970550828316482e+04 1.684296349167189757e-21 7.444588471645969841e-22
3.604755033117174025e+04 1.720688371444655275e-21 8.269200571499143542e-22
3.606539505020136130e+04 9.022333503636936057e-22 8.404912368405497562e-22
3.608323966531040787e+04 1.667932319163826893e-21 9.270371287867271354e-22
3.610108417644226574e+04 6.414656411523317611e-22 8.114902053175451155e-22
3.611892858351910400e+04 1.306212350362314776e-21 8.167144828366789806e-22
3.613677288652511925e+04 8.515804819484246664e-22 8.539470543482727750e-22
3.615461708538333914e+04 7.153638662722305751e-22 7.863222160233463834e-22
3.617246118003674928e+04 2.325885717517307203e-22 7.662043755849498932e-22
3.619030517041240819e+04 1.119731869942238677e-21 7.848051704482486765e-22
3.620814905648980493e+04 -5.380253766576432712e-22 8.351587458048293807e-22
3.622599283818632102e+04 1.657207917548463310e-21 7.759603291937742749e-22
3.624383651545004250e+04 1.261089871305939161e-21 7.577186458900198740e-22
3.626168008821800322e+04 1.495480217605559150e-21 8.103488465481599549e-22
3.627952355643378542e+04 1.172344316051382019e-21 7.842933774932861905e-22
3.629736692006124940e+04 3.263082663283261742e-21 8.248184558141739460e-22
3.631521017902202584e+04 1.788963308544552060e-21 8.531915812378749481e-22
3.633305333326394612e+04 6.000392185556760471e-22 8.236894503468996311e-22
3.635089638271467265e+04 -9.224985964346748431e-23 7.827882799023855038e-22
3.636873932735880953e+04 7.001930115685692740e-22 8.473398532007253575e-22
3.638658216709136468e+04 1.062447375895048720e-21 8.072927037489165038e-22
3.640442490189749515e+04 2.016834023887845487e-21 7.756707448594053800e-22
3.642226753168330470e+04 2.148817647115420873e-21 8.173175230848234790e-22
3.644011005640699295e+04 1.005081472879104234e-21 7.591243513693208606e-22
3.645795247601607116e+04 2.121007949870012476e-21 8.206642751727966045e-22
3.647579479045908374e+04 3.434075746155769491e-21 8.150029804874838076e-22
3.649363699965747946e+04 1.399195885484054931e-21 8.070275828920713977e-22
3.651147910355850036e+04 8.460862891161551197e-22 7.712747072618703497e-22
3.652932110210513929e+04 8.810483281583662270e-22 7.862899636897722552e-22
3.654716311481063894e+04 -4.305292332725981264e-22 7.604201769000413342e-22
3.656500541519380204e+04 -1.512005864171035494e-21 7.132494673337640408e-22
3.658284761006681947e+04 -1.316429339239702415e-21 7.539656338603443696e-22
3.660068969930423918e+04 -7.886045234966007785e-22 7.878697954417908132e-22
3.661853168293273484e+04 5.174383410248506186e-22 8.009448423246218982e-22
3.663637356084657949e+04 1.870989754511738931e-21 7.664972979346245294e-22
3.665421533300446026e+04 1.405670261561921963e-21 8.226247165795690321e-22
3.667205699935412122e+04 1.196752472830813150e-22 7.688901305326333855e-22
3.668989855980581342e+04 -6.511424281071226029e-22 7.630068515992650953e-22
3.670774001432798104e+04 9.927881136687996111e-22 7.994704101402125225e-22
3.672558136285815272e+04 7.529182765177358597e-22 8.030851223869093392e-22
3.674342260534373781e+04 -4.998791826691965625e-22 7.146017220217986498e-22
3.676126374173149816e+04 1.311689921323078785e-21 8.023651978982598808e-22
3.677910477194836858e+04 2.300017497883717276e-21 8.119453933965988264e-22
3.679694569591534673e+04 3.373539109193823333e-22 7.602065480430887733e-22
3.681478651362701930e+04 -9.821216536811330662e-22 7.556286711550069234e-22
3.683262722498843505e+04 1.652428103700734916e-21 7.972542690651482024e-22
3.685046782997385162e+04 -1.238074505636808506e-21 7.427739259173740022e-22
3.686830832849326544e+04 -1.062423926148148570e-21 7.832144353954860338e-22
3.688614872046151140e+04 1.161884664557196438e-21 8.770560502000928628e-22
3.690398900590628182e+04 7.897102934473703517e-22 7.696689481328811659e-22
3.692182918471097219e+04 2.022109768435795280e-21 7.464647707318666787e-22
3.693966925681686553e+04 9.341829727262955040e-22 7.876336654677668438e-22
3.695750922219821950e+04 1.351950577853817909e-21 8.091204184120100220e-22
3.697534908076506690e+04 1.365970395267192785e-21 7.785803635033956604e-22
3.699318883244291646e+04 2.600460439649448889e-22 7.635122158664899641e-22
3.701102847724261665e+04 9.245359994691008973e-23 7.132671512614345866e-22
3.702886801502656454e+04 8.163891907745296477e-22 7.916843258621327835e-22
3.704670744579492748e+04 1.285842565850713037e-21 8.148749313614367804e-22
3.706454676948871202e+04 1.214994078032091374e-21 7.597359803404458803e-22
3.708238598599712714e+04 1.038131182346491361e-21 7.319013764032856848e-22
3.710022509528833325e+04 1.204919147221126716e-21 7.641402201792441274e-22
3.711806409733004693e+04 9.628800523271106799e-22 7.951729237202457134e-22
3.713590299202692404e+04 1.672950016336649495e-22 7.919172083178901812e-22
3.715374177935806802e+04 3.384356709496348724e-22 8.344774586240657662e-22
3.717158045924323960e+04 1.362138036295420474e-21 8.183662160609390921e-22
3.718941903161317168e+04 1.324461011883243573e-21 7.954109829394585306e-22
3.720725749640980212e+04 1.688657900262091501e-21 7.739204397908304756e-22
3.722509585358501499e+04 -1.501071521795719909e-22 7.529082461092594516e-22
3.724293410310116451e+04 -2.465011046571755982e-22 7.244284249789813187e-22
3.726077224485748593e+04 1.825254576545933781e-22 7.830104296352546052e-22
3.727861027883811039e+04 9.701665188925569913e-22 7.576849559610092898e-22
3.729644820496754255e+04 9.873253691116209872e-22 7.450532512284596834e-22
3.731428602315024182e+04 4.139365930888334155e-21 8.066452809297368246e-22
3.733212373339189799e+04 9.398086279587846707e-22 8.236948654094766118e-22
3.734996133557407302e+04 3.174632031522592501e-21 8.094155844789775775e-22
3.736779882968666789e+04 1.297167187404756988e-21 8.292705612496369545e-22
3.738563621562809567e+04 -3.097196180765101969e-22 7.860871771530337218e-22
3.740347349338210915e+04 2.703989130675998899e-21 8.099163341442125499e-22
3.742131066287359863e+04 -3.359366024265198319e-22 7.437895690939584718e-22
3.743914772401188384e+04 5.162093919829685377e-24 7.412407392076551759e-22
3.745698467677539884e+04 1.217686337234618216e-21 7.992673608407734911e-22
3.747482152108317678e+04 2.128142790328244587e-21 7.829134120522431223e-22
3.749265825692003273e+04 1.718452616830550401e-21 7.765177535128486477e-22
3.751049488416218082e+04 1.262956103506553033e-21 8.004756366764487735e-22
3.752833140280359657e+04 9.696886541817081076e-22 7.730522746689687528e-22
3.754616781276998518e+04 1.431961663250353685e-21 8.312950236162158290e-22
3.756400411399129371e+04 1.726719073682547809e-21 8.832627336469576541e-22
3.758184030639145203e+04 1.929768300088585098e-22 7.987938507771375800e-22
3.759967638995512243e+04 2.174625071401254052e-21 7.735274817155205202e-22
3.761751236461778899e+04 1.698712610504516201e-21 8.741090201029859482e-22
3.763534823026553204e+04 5.454898686997241535e-22 8.409343944245590996e-22
3.765318398686643195e+04 -8.293825285056116266e-22 8.440783464261005185e-22
3.767101963441554835e+04 3.004194012381708402e-21 7.846892397179915026e-22
3.768885517280438216e+04 3.750970328048686336e-22 7.401588031176461996e-22
3.770669060197361978e+04 9.133388139878109230e-22 8.056891590957662725e-22
3.772452592188596464e+04 1.434937465079269232e-21 7.828226370691641290e-22
3.774236113241111889e+04 1.340289244923233013e-21 8.272323437093391212e-22
3.775983208579758502e+04 1.335369547669523388e-21 8.220229470359534829e-22
3.777766704259825929e+04 -4.135806744595915533e-22 7.278068745450405833e-22
3.779550188969932060e+04 -6.009037045719018235e-22 7.647510441228047312e-22
3.781333662724297756e+04 1.122843990617424461e-21 7.738177782002057090e-22
3.783117125516540546e+04 1.528257004702477560e-21 7.711159754329687670e-22
3.784900577340125164e+04 7.542745660420734823e-23 8.752816235879248544e-22
3.786684018188504706e+04 -1.848773599872207218e-21 7.680889575876518726e-22
3.788467448055247951e+04 9.228805685805751427e-22 7.264255694718843475e-22
3.790250866934878286e+04 2.186354936274006407e-21 7.866947534434204990e-22
3.792034274820335850e+04 2.694161050154197006e-21 8.018890615496940555e-22
3.793817671708884154e+04 4.679045094384621154e-22 8.090366737049681406e-22
3.795601057591898279e+04 1.284212247243025395e-21 8.051515134676329902e-22
3.797384432463798294e+04 -7.722824467875169708e-22 7.707079341616655720e-22
3.799167796315537998e+04 -8.601965908605182830e-22 8.126239029463363242e-22
3.800951149146409443e+04 -3.679898189889430871e-23 7.801385994091075439e-22
3.802734490949330211e+04 1.424979697374797103e-21 8.372383808748397264e-22
3.804517821717306651e+04 2.783889003512789078e-22 7.341386235057524435e-22
3.806301141444848327e+04 8.007879531027113786e-22 7.440659570329820994e-22
3.808084450124812429e+04 2.230579865923833448e-21 8.341733796409942250e-22
3.809867747751266870e+04 1.790296817200850190e-21 8.008061483405242816e-22
3.811651034318735037e+04 -7.671149575617606047e-23 7.303060400515350055e-22
3.813434309821153147e+04 8.747393695702197306e-22 7.621188813989305822e-22
3.815217574254163628e+04 -1.099340767402025701e-21 7.582237381641719619e-22
3.817000827609107364e+04 1.327319378306284244e-21 8.204902650370647418e-22
3.818784069881955656e+04 1.183603445710036650e-21 7.644043612870802187e-22
3.820567301062535989e+04 5.029033026752007395e-22 7.861691507212697772e-22
3.822350521149073029e+04 1.745079126494810391e-21 8.560432883709600437e-22
3.824133730135467340e+04 -5.624922651917731334e-22 8.202106621378198984e-22
3.825916928012594144e+04 2.002141040337737709e-21 8.080296599087745810e-22
3.827700114779718569e+04 1.372227090926351521e-21 8.133523147771572535e-22
3.829483290426497842e+04 1.597373039106215594e-21 7.584353233421850449e-22
3.831266454949046602e+04 2.053403125672542951e-21 8.175764876995132144e-22
3.833049608339207771e+04 -2.157913361017344169e-21 8.677357336126242957e-22
3.834832750591900549e+04 -7.000342855603723782e-22 7.998221176801351143e-22
3.836615881701162289e+04 8.100311427935224713e-22 7.585324308481046022e-22
3.838399001660949580e+04 -2.530617784781986163e-23 8.675318205475966926e-22
3.840182110480304254e+04 5.502091943847713988e-22 7.869566795868648824e-22
3.841965209453084390e+04 2.001266740694314048e-21 7.432308342647901581e-22
3.843711746383857098e+04 1.613501200186289559e-21 7.959960044497845731e-22
3.845494818170833605e+04 -8.001009463893105992e-22 7.429892633547277070e-22
3.847277878776706348e+04 6.779951514088753780e-22 7.123344768254811225e-22
3.849060928197579051e+04 1.205619418958613403e-21 7.426963368359283852e-22
3.850843966424000246e+04 1.900741579108508593e-21 7.408040712279463019e-22
3.852626993454387411e+04 1.617154095816768500e-21 7.811639096136030433e-22
3.854410009279320366e+04 7.837672109426088716e-22 7.722127486012521549e-22
3.856193013893753232e+04 6.153228128626704159e-22 8.065048313480129730e-22
3.857976007292787835e+04 2.441420742459484994e-22 7.845281317670179235e-22
3.859758989468078653e+04 -2.901268631783089119e-22 7.750985805238851790e-22
3.861541960414599453e+04 4.375502366809525397e-22 7.421795350613026341e-22
3.863324920127425867e+04 1.071111651179948789e-21 7.965674585373532424e-22
3.865107868597082415e+04 1.935669086773679943e-21 8.156537336882989458e-22
3.866890805821882532e+04 2.508161750235754725e-21 7.654523901494564663e-22
3.868673731791333557e+04 1.632203967292175541e-22 6.891316912396914248e-22
3.870456646504819946e+04 9.157032692427845827e-22 6.832931377027654841e-22
3.872239549950677610e+04 -1.488983032134081395e-21 7.284877471817872968e-22
3.874022442126164970e+04 8.424360157257720493e-24 7.830614211927797692e-22
3.875805323022870289e+04 5.699111635721087725e-22 8.682485134029374774e-22
3.877588192635805171e+04 1.089869314640179938e-21 8.148905172153345471e-22
3.879371050959982676e+04 2.063030740855904427e-21 7.780273370876409495e-22
3.881153897988089739e+04 1.014437411503075305e-21 7.615662273330019128e-22
3.882936733714033471e+04 2.408895480883387466e-22 7.699694592423664684e-22
3.884719558130582300e+04 -7.776663175212528070e-22 7.619578613937412258e-22
3.886502371233737358e+04 5.614127916269456006e-22 7.163414191067650510e-22
3.888285173016310728e+04 2.089559646960375224e-22 6.991240895083799413e-22
3.890067996540515742e+04 2.170834039027187285e-21 7.704773382371676821e-22
3.891850853685407492e+04 1.985253265889657778e-21 7.471269102368154901e-22
3.893633699493036693e+04 2.199284765067173430e-21 7.802078735070310161e-22
3.895416533952847385e+04 2.059593439794476280e-22 7.254942358558152648e-22
3.897199357060837792e+04 2.973194198507953619e-21 8.025777767618858259e-22
3.898982168809810537e+04 1.707745776062808723e-21 7.999485283731573661e-22
3.900764969193559227e+04 2.089418256404039207e-21 8.265187890998156288e-22
3.902547758205873106e+04 5.863785562163766824e-22 8.041859521331644700e-22
3.904330535840643279e+04 2.325659565542252322e-22 7.304906919261859858e-22
3.906113302091632795e+04 1.961467701372506352e-21 7.242482323422612435e-22
3.907896056952662911e+04 -1.462103304069554135e-22 7.012955983558633809e-22
3.909678800417588354e+04 1.607920228993016461e-21 8.141109504920975898e-22
3.911461532481267932e+04 6.129480660203326019e-22 7.516127804891801676e-22
3.913244253134189057e+04 1.163829864068287598e-21 7.980835293367275716e-22
3.915026962374657887e+04 2.566336781261448699e-22 7.099788066299779070e-22
3.916809660191907460e+04 9.305281831882845342e-22 7.290426071982127382e-22
3.918592346584289044e+04 1.573957509052316693e-21 7.662711554408722652e-22
3.920375021543353796e+04 1.106892074781789666e-21 7.648215016380657394e-22
3.922157685062805831e+04 -6.249431492453420886e-22 7.722363223277571189e-22
3.923940337135405571e+04 3.524508841636766340e-22 7.671792242539552814e-22
3.925722977756014006e+04 8.097675639450994528e-22 7.863210925485201230e-22
3.927505606919499405e+04 -9.435375828430637756e-23 7.802536707266903139e-22
3.929288224616335356e+04 2.041661654844105476e-21 8.357282525797205348e-22
3.931070830845848104e+04 1.194893856179252263e-21 7.478460693777587228e-22
3.932853425596204761e+04 1.860802748280441356e-22 8.418176823619243469e-22
3.934636008863454481e+04 2.113557028012124467e-21 7.518839907235133098e-22
3.936418580642400048e+04 -3.398338864329186156e-22 7.253324688498142353e-22
3.938201140924620995e+04 8.483104086404760796e-22 7.536830725510750834e-22
3.939983689706121368e+04 2.129497934920491777e-21 7.256040863728720859e-22
3.941766226979436760e+04 1.734621904209890068e-21 8.099975858147787415e-22
3.943548752737295581e+04 1.900871462163094012e-21 7.778729982776879722e-22
3.945331266974521714e+04 2.973414581551126937e-22 7.762295815370140511e-22
3.947113769685944862e+04 6.381194809249485756e-22 7.245012747378485468e-22
3.948896260864247597e+04 1.828478427968313110e-21 8.733383312890136514e-22
3.950678740501973516e+04 2.489025437291738974e-21 7.667480991092630399e-22
3.952461208593997435e+04 2.060741614376387474e-21 8.528374558111598409e-22
3.954243665135211631e+04 5.883642201755239210e-22 7.781184776436572350e-22
3.956026110118123324e+04 1.001280475771724031e-21 7.457519926421857363e-22
3.957808543536529032e+04 4.919804351171422795e-22 7.517173274729041219e-22
3.959590965384133597e+04 -3.294045074544752373e-22 7.516473155705723879e-22
3.961373375654581469e+04 4.618453823973603592e-22 7.743051502002290789e-22
3.963155774340543576e+04 1.198047436093356619e-21 7.768155820264827813e-22
3.964938161437923554e+04 2.182515176866879933e-21 7.922075832889171268e-22
3.966720536939295562e+04 -3.926707143698409681e-22 7.908506973380920890e-22
3.968502900838408095e+04 -8.202466071982992792e-22 7.647977579173782751e-22
3.970285253130001365e+04 -5.197496619303499287e-22 7.301350665129818620e-22
3.972067593804437638e+04 1.659654712070024985e-22 6.958122182469378177e-22
3.973849922858804348e+04 -4.267803215721851023e-22 7.508065943948057320e-22
3.975632240286697925e+04 5.516915531581329040e-22 7.954421433288572783e-22
3.977414546078508283e+04 6.001802889484194279e-22 7.440760088213573775e-22
3.979196840231253009e+04 2.755296740395913121e-22 7.767169650531518864e-22
3.980979122737456782e+04 8.709971640850845913e-22 8.564258085242611362e-22
3.982761393590856460e+04 2.726563391561610629e-21 7.646004526355809398e-22
3.984543652783894504e+04 -4.892121203226859825e-22 7.598298169208201871e-22
3.986325900314828323e+04 1.186184380055565488e-21 8.060795328518899084e-22
3.988108136170522630e+04 4.909791098272150282e-22 8.174544036271970131e-22
3.989890360350222909e+04 6.544560345633354422e-22 7.908927216436705984e-22
3.991672572844271781e+04 -2.064152845447614250e-21 7.624870851645368287e-22
3.993454773648531409e+04 1.469626938113075262e-22 7.534007965241328905e-22
3.995236962755511195e+04 1.060834422820101752e-22 8.672281046861418196e-22
3.997019140156634967e+04 2.066360356926748640e-21 8.332595002443641296e-22
3.998801305848849006e+04 -6.261892645007892208e-22 7.723983322885603149e-22
4.000583459824734746e+04 5.463642449921695200e-22 7.934084030933811138e-22
4.002365602079042583e+04 -2.251982899046641545e-24 8.655265772517546556e-22
4.004147732604204793e+04 2.584391695819722268e-22 7.310706383299530768e-22
4.005929851392790442e+04 -2.943101324537268288e-22 8.108357470238569019e-22
4.007711958439490991e+04 1.949358962493576268e-22 8.014033773917766782e-22
4.009494053740219533e+04 1.673445529952304507e-22 8.428068083548665843e-22
4.011276137282938726e+04 1.455269151652736891e-21 9.195075612323878794e-22
4.013058209067978169e+04 2.157488259713384023e-21 8.819663002235082339e-22
4.014840269083360181e+04 2.106162246691592172e-22 7.748724246675339616e-22
4.016622317324912001e+04 4.118905597348874105e-22 7.938667920825982746e-22
4.018404353786216961e+04 2.981305835815077366e-22 8.063530352800168631e-22
4.020186378462066205e+04 -3.519013680083825879e-23 8.509518407653061378e-22
4.021968391344825795e+04 1.933706797292243188e-21 8.144231855912040615e-22
4.023750392428150371e+04 1.333065273623257090e-21 8.017770823824442484e-22
4.025532381706752494e+04 2.190723860254778804e-22 7.850300707836387291e-22
4.027314359170735406e+04 2.007461741535905520e-21 8.542954089541361739e-22
4.029096324817177083e+04 2.467830607582661983e-21 8.489426109514524779e-22
4.030878278638435586e+04 2.836759593045270701e-22 8.598231524285037420e-22
4.032660220626971568e+04 1.288148280106623633e-21 7.891823531743764127e-22
4.034442150777520874e+04 -4.474303698303953685e-22 7.900461236798353071e-22
4.036187130845445790e+04 1.883511308324844990e-22 8.028067150132610557e-22
4.037969033776425931e+04 1.212660496898800055e-22 8.428940357267613388e-22
4.039750924834678153e+04 1.806366270472665182e-21 7.846205730256213367e-22
4.041532804028895043e+04 9.863530485987333795e-23 8.661219905752232157e-22
4.043314671352649020e+04 4.261434032061533422e-22 7.977325890774119255e-22
4.045096526799385174e+04 1.484877629265582072e-21 8.863831493048122994e-22
4.046878370361637644e+04 8.047903323402358967e-22 7.922429804784416683e-22
4.048660202035112161e+04 -1.456890538959480567e-21 8.725108063643789483e-22
4.050442021813363681e+04 3.472781130149187813e-22 8.065192530482642946e-22
4.052223829688813566e+04 1.997454775610162850e-22 8.222097908186020859e-22
4.054005625652685558e+04 2.172356791746267857e-21 8.170832089500384543e-22
4.055787409703022422e+04 2.816577964246488240e-21 8.382170180471135297e-22
4.057569181829979789e+04 1.673855991788503795e-21 8.302224280247244102e-22
4.059350942028142163e+04 1.768981743960339287e-21 7.669201223709791206e-22
4.061132690290005121e+04 2.475998923817605228e-21 8.276242020719514540e-22
4.062914426613417891e+04 2.495394010566404097e-21 8.081533068200089081e-22
4.064696150987521105e+04 8.960585944471923616e-22 8.015078756156341307e-22
4.066477863405730022e+04 9.242958143920795499e-22 9.724253581061707937e-22
4.068259563862653886e+04 3.698675911532159645e-22 7.841864659457817246e-22
4.070041252351860749e+04 -6.473081152615042619e-22 8.308299214463589122e-22
4.071822928867857991e+04 1.352598709298728924e-21 8.363748440724266864e-22
4.073604593403088802e+04 1.316856862033565315e-21 8.438828218929428117e-22
4.075386245949871955e+04 1.920021647926042614e-21 8.783035466314780746e-22
4.077167886503895716e+04 1.252485537476362527e-21 7.912166299342576352e-22
4.078949515056458768e+04 4.541437654328465862e-22 8.609470460966124534e-22
4.080731131602053938e+04 -2.289526592406877111e-22 7.867191503310614530e-22
4.082512736135349405e+04 4.888639199222487972e-22 7.647098403246193917e-22
4.084294328647535440e+04 1.212997499380148858e-21 7.694129958947118223e-22
4.086075909134287213e+04 -1.454800137160849402e-22 8.754008295276772618e-22
4.087857477587975882e+04 3.476392867915125093e-22 7.597254336699464775e-22
4.089639034013410856e+04 1.052032236948745914e-21 7.569851605119268549e-22
4.091420579684863333e+04 -1.309734842785893990e-21 7.264077864353569744e-22
4.093165059042959183e+04 1.151166374056354035e-21 8.469340468717196242e-22
4.094946575750607735e+04 1.055109934623601359e-21 7.382918924990333203e-22
4.096728080392136326e+04 1.428637247693928684e-21 7.977512273946125390e-22
4.098509572960915830e+04 1.192464341255302339e-21 8.126232566232323501e-22
4.100291053449302126e+04 1.822341346890893876e-21 7.120891997352049520e-22
4.102072521854087972e+04 -1.813951702680119986e-21 7.903910054000322601e-22
4.103853978165292938e+04 8.375165485168021098e-22 7.838185893218978756e-22
4.105635422377466602e+04 -6.392246255933056240e-22 8.432525353309669235e-22
4.107416854482828057e+04 1.318335388184137010e-21 8.433508869353003677e-22
4.109198274477168161e+04 8.515383435653497787e-22 8.601125724475609915e-22
4.110979682352626696e+04 -1.649953952948308317e-21 8.190669021054394153e-22
4.112761078102693864e+04 -3.409484064444073204e-22 8.122564133097846945e-22
4.114542461721876316e+04 3.625582484929580504e-22 8.284692450619884735e-22
4.116323833200084482e+04 1.025358548234981915e-21 8.083261290136106341e-22
4.118105192534234084e+04 3.909018546796128677e-22 7.680479520017745122e-22
4.119886539717597043e+04 -7.208933536652087771e-22 8.330699072775761517e-22
4.121667874741349078e+04 1.430091978323198690e-21 8.706669623013344910e-22
4.123449197602896311e+04 -1.110526195777488580e-21 8.413782488669219853e-22
4.125230513665900071e+04 8.404490675961059912e-22 7.979335525199767660e-22
4.127011822871305048e+04 1.760676783249326122e-21 7.913376685498395278e-22
4.128793119892576942e+04 1.112418822481615585e-21 8.418376662992097366e-22
4.130574404719679296e+04 3.036474986332046509e-21 9.076662216945488161e-22
4.132355677351677150e+04 2.876056797526871504e-21 9.353022468277849283e-22
4.134136937775029946e+04 2.477628907032017667e-21 8.796711009584075830e-22
4.135918185987693869e+04 2.659280602814078517e-21 8.331761773847194991e-22
4.137699421982999775e+04 1.285564074596674893e-21 8.691423126320538810e-22
4.139480645752021519e+04 -4.627282296973628047e-22 8.018455770014831459e-22
4.141261857290312037e+04 2.767332529319641772e-22 8.968357841978133387e-22
4.143043056588985201e+04 2.895742224864541834e-22 8.123166014213388808e-22
4.144824243643618684e+04 6.047822486072635255e-22 9.050886516176905385e-22
4.146605418445244868e+04 8.320485624861492451e-22 9.257657253230103596e-22
4.148386580989514914e+04 -3.910503974178383603e-22 8.568356636335974004e-22
4.150167731267362979e+04 1.065539637871261525e-21 7.663887195434890041e-22
4.151948869274516619e+04 9.500500022081376816e-22 8.854620681211897872e-22
4.153729995003002841e+04 -9.561366306502371049e-23 8.768934472080562180e-22
4.155511108446231083e+04 1.502509968982640804e-21 8.743808813769704852e-22
4.157292209596269822e+04 1.020660559258495625e-21 8.190943428227250615e-22
4.159073298448763671e+04 -4.310721211617435124e-22 9.171178291675277337e-22
4.160854374995861872e+04 2.776771322551693333e-21 8.653390822875844327e-22
4.162635439230784687e+04 2.730711183998528746e-21 8.561275543441034308e-22
4.164416491145739565e+04 8.784833460158589856e-22 8.393575569958162486e-22
4.166197530736235058e+04 5.070205316674307908e-22 8.092041356977329194e-22
4.167978557994465518e+04 1.361242197441289139e-21 8.788406994449951269e-22
4.169759572913657030e+04 3.412934344428190466e-22 8.402481536964729004e-22
4.171540575487078604e+04 2.197565308259326955e-21 9.094358681122765939e-22
4.173321565709201968e+04 2.368191819809069813e-21 8.815096338777627056e-22
4.175102543570863781e+04 2.166018663679351765e-21 8.727644800803285491e-22
4.176883509064248938e+04 1.510539448930422098e-21 8.376049220625915658e-22
4.178664462189525511e+04 -5.346610719087191194e-22 8.167001583563698245e-22
4.180445402931835997e+04 3.650129010805471940e-22 9.493350885125563582e-22
4.182226331289052905e+04 1.111951471509859904e-22 8.306462721165304536e-22
4.184007247254424874e+04 -1.194253426474070315e-22 8.071561241524243523e-22
4.185788150818872236e+04 -1.464024318514231483e-23 9.203587652861485184e-22
4.187569041976732842e+04 -4.135062444082917263e-22 8.867483894093626608e-22
4.189349920721322997e+04 4.680677596163212662e-22 8.643863645636576230e-22
4.191130787045750913e+04 1.551618767561467926e-21 9.008824318401765828e-22
4.192911640943340899e+04 1.673256165511870991e-21 8.434831615504686636e-22
4.194692482407238276e+04 3.151304515688509058e-22 9.167388405664952405e-22
4.196473311430682224e+04 2.617134694665946256e-21 8.988478355192111467e-22
4.198254128006887186e+04 3.004957777721420126e-21 9.550900459186596600e-22
4.200034932131355890e+04 8.493839771336880654e-22 9.256156941789409118e-22
4.201815723792673089e+04 -1.184836893263321591e-21 9.106103475683526242e-22
4.203596502986260020e+04 1.304480591488273220e-21 9.440744456290893741e-22
4.205377269706602237e+04 7.506329506403951470e-22 9.088494768009649237e-22
4.207158023944445449e+04 3.232286627207561499e-21 8.204323692802222095e-22
4.208938765694200993e+04 2.954548438388943978e-21 8.774564389055601882e-22
4.210719494951375964e+04 -2.430786783205544054e-22 8.634663514873045199e-22
4.212500211703251989e+04 -8.798608986438674990e-22 8.237540864587662158e-22
4.214280915948925394e+04 3.442446976271730082e-22 9.237404579430349736e-22
4.216061607679124427e+04 2.196206985421047935e-21 9.212983496456315620e-22
4.217842286887113005e+04 9.206698953121507838e-22 8.444671780407275486e-22
4.219622953564760974e+04 -2.714935231007445034e-22 9.447734934128684137e-22
4.221403607706492767e+04 3.501046249217906539e-22 8.782389127917188783e-22
4.223184249307745631e+04 2.092274399426971603e-21 9.594275694028879311e-22
4.224964878356990812e+04 5.645006247139565206e-22 9.606630151538114053e-22
4.226745494850893738e+04 1.815250774674904326e-21 9.387312712880155107e-22
4.228526098781389010e+04 -1.552362533587349894e-21 9.578236802069568885e-22
4.230306690141659783e+04 1.345024790921630937e-21 9.872412944068138496e-22
4.232087268924750970e+04 1.436408823642793059e-21 9.735675873090903396e-22
4.233867835123886471e+04 -3.456375139001895827e-22 9.182428669866525408e-22
4.235648388730896841e+04 1.005673891611581164e-21 9.573742507782318068e-22
4.237428929742534820e+04 1.877639567923779246e-21 9.332623913031411782e-22
4.239209458147120313e+04 1.004104360391287538e-21 9.209759028801132384e-22
4.240989973942522192e+04 -4.348655537832028389e-22 9.340110818915445927e-22
4.242770477118293638e+04 3.811029791344958263e-21 1.013905852815143615e-21
4.244550967667502118e+04 6.300439815985982173e-22 9.211306708602004470e-22
4.246331445585662004e+04 -9.224984755422568074e-22 9.224019938632209848e-22
4.248111910866967082e+04 6.773289555229428505e-22 1.007071882163076767e-21
4.249892363498690975e+04 -2.372112201912740320e-21 8.129619507548192557e-22
4.251672803477337584e+04 3.628457288111067267e-22 8.793186509435383458e-22
4.253453230798524601e+04 1.874115533657616781e-21 9.963216121093438542e-22
4.255196261942780257e+04 1.569695324769288525e-21 1.007534037823957388e-21
4.256976660363967676e+04 -1.508338684759283169e-21 8.653080471027823777e-22
4.258757046089173673e+04 3.230374023806939646e-22 9.571358747850342329e-22
4.260537419127615431e+04 1.778181727054865407e-22 1.019696024416506067e-21
4.262317779471175163e+04 3.555075947643928335e-22 1.080953436164283833e-21
4.264098127111741633e+04 -5.464522502715713229e-22 9.725525176735471116e-22
4.265878462044685875e+04 1.836775576421415722e-21 9.003923534114147588e-22
4.267658784260699758e+04 -6.463015385845317595e-22 9.634961703019949655e-22
4.269439093754057103e+04 -1.228505520861041989e-21 8.974028246989695538e-22
4.271219390518840373e+04 -1.660412259068176120e-21 9.836931787245137806e-22
4.272999674545886228e+04 4.780952778379041758e-22 9.541732901236290461e-22
4.274779945829279313e+04 -3.852874695937173005e-22 9.262330795821934625e-22
4.276560204364409583e+04 -3.096271297269917857e-22 9.394059230409250671e-22
4.278340450138495362e+04 -3.613679404332807895e-22 9.847592973365386023e-22
4.280120683150325931e+04 3.093303113554025611e-22 9.632204253860064834e-22
4.281900903390598251e+04 -2.162725364173950108e-21 9.514458783068628327e-22
4.283681110850006371e+04 1.828966046719995932e-21 1.103986911135914573e-21
4.285461305526205251e+04 -1.308879829996930057e-21 1.041390625031266527e-21
4.287241487410997070e+04 -1.438426654586209898e-21 9.237724923759125746e-22
4.289021656495099887e+04 -1.517562168065480739e-22 9.064274121996281282e-22
4.290801812771424738e+04 1.031398572521965195e-21 9.342087539787921939e-22
4.292581956236503174e+04 9.983108392237275489e-22 1.002713515604831206e-21
4.294362086878619448e+04 -4.796996341660318536e-22 9.035812414992546039e-22
4.296142204694285465e+04 6.371655246827793619e-23 1.020826579647475950e-21
4.297922309675237921e+04 2.837158684151231512e-22 9.885278111970757734e-22
4.299702401813375036e+04 -6.431906899328208688e-22 1.054566473346372784e-21
4.301482481105059560e+04 2.389619602749461460e-21 1.020642043738554317e-21
4.303262547555021592e+04 1.248046439419629843e-21 1.012949261382051539e-21
4.305005117465284275e+04 1.303732868725146078e-21 1.040693938581218197e-21
4.306785154586542194e+04 1.782313714164941414e-21 9.425929651642847546e-22
4.308565178829386423e+04 2.736333841513441142e-21 1.053279236897556020e-21
4.310345190189134883e+04 1.405853852987822639e-21 1.044084266848654084e-21
4.312125188657555555e+04 2.476886309425891696e-21 1.067038038181984654e-21
4.313905174229924887e+04 7.041270475070505146e-22 1.064349029486327176e-21
4.315685146894446370e+04 -3.528311797413999275e-22 9.434052686796537715e-22
4.317465106645159540e+04 4.381818663547270894e-22 1.055246613864816459e-21
4.319245053477473266e+04 -7.809197068794852245e-22 1.045643446848836389e-21
4.321024987382983090e+04 3.289411265058595260e-22 9.525512296124523544e-22
4.322804908354730287e+04 2.063650316288762870e-21 1.050440489854254150e-21
4.324584816387883620e+04 3.239990513145871200e-22 1.001713736676262779e-21
4.326364711469474423e+04 -5.218475756910090354e-22 9.360820147390050405e-22
4.328144593598283973e+04 9.576419881469373905e-22 9.380422831916692535e-22
4.329924462763695919e+04 3.514093796165064219e-21 1.005501170163694093e-21
4.331704318960927776e+04 2.108414096686567912e-21 1.066122478171177883e-21
4.333484162181711145e+04 -1.687825075208138434e-21 9.801812856763953053e-22
4.335263992416490510e+04 -1.715129552770081095e-21 1.002188787267020819e-21
4.337043809662956482e+04 1.797491993917017977e-21 9.290214612723506540e-22
4.338823613911576103e+04 1.738187076768564729e-21 9.593910578371895338e-22
4.340603405155208020e+04 1.092023019042109513e-21 1.010609471703767482e-21
4.342383183385526354e+04 1.029284391613687269e-21 9.726090027587810514e-22
4.344162948597759532e+04 4.696748258572121588e-22 1.115936764111177384e-21
4.345942700784802582e+04 1.309422433352837861e-21 1.122850373714933057e-21
4.347722439934641443e+04 6.185759925889715245e-23 1.065537296164705072e-21
4.349502166046196362e+04 -3.594346995491129413e-21 9.160189303622289430e-22
4.351281879109813599e+04 -2.212758987410044451e-23 9.962234292235173827e-22
4.353061579119633097e+04 1.917791547214047334e-21 1.042521319159815370e-21
4.354841266063560761e+04 1.892923345083922130e-21 1.080153478707491704e-21
4.356620939940556127e+04 1.534821813014923935e-21 1.008799896003501791e-21
4.358400600742497772e+04 5.063909319586772769e-21 1.064684337153637901e-21
4.360180264722521679e+04 -9.611910414916215293e-22 9.696688535632645740e-22
4.361959934587563475e+04 -6.586011121517823458e-22 9.893324072565715410e-22
4.363739591353734431e+04 2.874339781146527054e-22 1.075198249290591474e-21
4.365519235014940932e+04 1.945747949181801896e-22 1.045781727920984934e-21
4.367298865560453123e+04 2.685848583703922301e-21 1.047555018492823113e-21
4.369078482986598829e+04 3.161376035870607562e-21 1.034816239587592013e-21
4.370858087285036891e+04 1.825192378908116535e-21 1.012499114622973972e-21
4.372637678448480438e+04 1.142792751801515307e-21 9.199476540776004978e-22
4.374417256470980647e+04 3.414195117461756483e-21 1.000767087697302469e-21
4.376196821341635950e+04 1.292721285677359883e-21 1.001264203096784449e-21
4.377976373058087484e+04 -2.615331912674994645e-22 9.439440887758484590e-22
4.379755911609448958e+04 -1.689952242114765767e-21 9.288954540877163167e-22
4.381535436990919698e+04 -9.837782916604388124e-22 9.497722924571797421e-22
4.383314949192821950e+04 1.344319428000675943e-21 9.430698457904187526e-22
4.385094448207921232e+04 1.280005503671827938e-22 1.065466815540603653e-21
4.386873934032587567e+04 3.156845359461362736e-21 9.793706223624028871e-22
4.388653406657138839e+04 1.849322665136285582e-21 1.082699959296344316e-21
4.390432866073121113e+04 2.181498058638236510e-21 9.838960845861071380e-22
4.392212312275667500e+04 1.050560836320700667e-21 9.149575121852222768e-22
4.393991745255111891e+04 -7.343478873704340734e-23 9.741056989893513151e-22
4.395771165005358489e+04 -1.126472973486566902e-21 1.040699516094802781e-21
4.397550571520374069e+04 -2.331789567072924898e-22 1.044834515716108059e-21
4.399329964790414670e+04 4.688807235283458295e-22 1.011477547215994513e-21
4.401109344811863411e+04 3.337132108324872655e-22 1.021436656108246430e-21
4.402888711571333261e+04 3.085869171374470868e-21 1.074632074156249416e-21
4.404668065067626594e+04 9.686803792758832878e-22 1.076873939186747494e-21
4.406447405290968163e+04 6.426905425414952924e-22 1.046781072967418144e-21
4.408226732234104566e+04 4.570980049751633432e-22 1.024893404120666597e-21
4.410006045889665256e+04 1.929666808697680109e-21 1.061057415251204097e-21
4.411785346249187569e+04 -8.359636519912505570e-22 1.034397244059357691e-21
4.413564633307707118e+04 5.738309099443451839e-22 9.697348057225380349e-22
4.415343907056757598e+04 -5.696587391586904508e-23 9.337425264650075473e-22
4.417123167487722822e+04 -1.361177070585892235e-21 1.006180022497394497e-21
4.418902414596980088e+04 -1.143298914088043665e-21 1.043504043716319421e-21
4.420681648372266500e+04 1.266184569838646178e-21 1.097628961900984756e-21
4.422460868809949170e+04 -4.713039808435780421e-22 1.001699779732845939e-21
4.424240075901393720e+04 -7.411233963066610339e-23 1.079941929705836648e-21
4.426019269639322738e+04 -1.147458704889131491e-21 9.900012516217575627e-22
4.427798450016302377e+04 4.039222783387373603e-21 9.703443373693329995e-22
4.429577617025047221e+04 6.494700721749111080e-22 9.885623506511348865e-22
4.431356770659330505e+04 -1.130676315170280448e-21 1.026627562416234305e-21
4.433135910908207734e+04 2.324145320549277137e-21 1.099399784914554413e-21
4.434915037769093760e+04 3.603308194682078753e-21 1.099301834341964819e-21
4.436694151231030264e+04 1.871066414592636361e-21 1.116790814367593810e-21
4.438473251288997562e+04 1.502719049019284144e-22 1.035674348160384265e-21
4.440252337933240051e+04 -5.416154212669483030e-23 1.053877614318410802e-21
4.442031411157508410e+04 -1.983824424576880221e-21 1.122116139417872952e-21
4.443810470954473567e+04 6.458427263912256826e-24 1.089960583632707899e-21
4.445589517316880665e+04 7.251312291464655680e-22 9.924070647227945590e-22
4.447330770590321481e+04 3.533640344603232348e-21 1.104805238993567715e-21
4.449109786470069230e+04 -3.890819935743876034e-22 1.194247823108180683e-21
4.450888788877778279e+04 -7.063328669922949072e-23 1.142448225817713652e-21
4.452667777821970230e+04 -2.606670891899865261e-21 1.072942537963293401e-21
4.454446753294026712e+04 -2.916242237922664598e-22 1.110058216751185477e-21
4.456225715284152102e+04 -9.269580956270279481e-22 1.089767379425852023e-21
4.458004663789628103e+04 1.456053868058390507e-22 1.134278865535728514e-21
4.459783598799523315e+04 1.198802961760728284e-21 1.037621884879641068e-21
4.461562520309873798e+04 1.268944379909423601e-21 1.230937944723174461e-21
4.463341428308543982e+04 3.753985932912279548e-21 1.070378115074647316e-21
4.465120322791564104e+04 2.597608040275412434e-21 1.082735592691836999e-21
4.466899203749172011e+04 -1.198368162390045477e-21 1.124143795977030781e-21
4.468678071176227968e+04 -4.947771508794372110e-22 1.118970940187476226e-21
4.470456925064112875e+04 5.846054764126738522e-22 1.103140860332064951e-21
4.472235765404141421e+04 9.838030964695295436e-22 1.162807647302148169e-21
4.474014592192405689e+04 9.148611676903659767e-22 1.146398988975154512e-21
4.475793405416667520e+04 -1.876373382448466825e-21 1.185717666357654379e-21
4.477572205074191879e+04 6.932091491268011442e-22 1.080601941392390802e-21
4.479350991152697679e+04 -8.679186047771497325e-22 1.146851772061568407e-21
4.481129763647139771e+04 -1.178647708346500372e-21 1.019338425850358606e-21
4.482908522552303475e+04 9.561925842780891874e-22 1.075421167516140717e-21
4.484687267857225379e+04 6.108646090798341914e-22 1.123019714231314208e-21
4.486465999555438611e+04 1.543106207577022514e-21 1.106083409525894634e-21
4.488244717638394650e+04 1.707429314041181949e-21 1.120379952853259753e-21
4.490023422116960865e+04 -1.192768050133431530e-21 1.063549935195322736e-21
4.491802114189654822e+04 -2.046332294982427977e-21 1.079212239705551366e-21
4.493542916654051805e+04 8.291558564130635897e-22 1.123587643797703775e-21
4.495321576592901692e+04 2.556553135664178976e-22 1.062838130660598208e-21
4.497100222880826914e+04 8.708499778973467448e-22 1.130969727727264282e-21
4.498878855506671243e+04 2.387873088327247058e-21 1.176003493113006879e-21
4.500657474467728753e+04 -4.892275228539019763e-22 1.050272202482591354e-21
4.502436079752817022e+04 -8.973414351265063131e-23 1.131658884400401136e-21
4.504214671356786857e+04 1.525543326490552757e-21 1.056773322555249519e-21
4.505993249268420186e+04 -1.473738284367584869e-21 1.050060510118067885e-21
4.507771813486272731e+04 1.879360713137171359e-21 1.115211163321134992e-21
4.509550363995399675e+04 1.006518913234713416e-21 1.102564106930609509e-21
4.511328900795603840e+04 -1.651212871200747851e-21 1.130802600568754452e-21
4.513107423873130756e+04 2.836721504614114198e-21 1.153343998086807139e-21
4.514885933221664163e+04 -9.642498097823188104e-22 1.082549252179903613e-21
4.516664428837233572e+04 -1.556448672307813186e-23 1.059466356141932250e-21
4.518442910709861462e+04 1.478490466724336004e-21 1.212689454545363603e-21
4.520221378831852053e+04 1.703787774178673488e-21 1.201889158495105177e-21
4.521999833194472012e+04 3.627164613931305984e-21 1.167527608834201199e-21
4.523778273792446271e+04 2.348457571182861956e-21 1.144333585932455782e-21
4.525556700615822774e+04 2.843039419627062348e-21 1.138398773272160870e-21
4.527335113659317722e+04 -6.167865655252201933e-22 1.003065689734805291e-21
4.529113512914184685e+04 6.261719279943135072e-22 1.082364619780008342e-21
4.530891898372690775e+04 2.165101120793590240e-21 1.209729386665368647e-21
4.532670270027283550e+04 1.281359206117365381e-21 1.207249597871211047e-21
4.534448627870252676e+04 5.504250047794398898e-22 1.157552014345495560e-21
4.536226971891540597e+04 4.844063158012952803e-22 1.133979154446020385e-21
4.538005302089610632e+04 -3.475928045914582851e-22 1.039429274297600062e-21
4.539783618451906659e+04 1.408445149452238663e-21 1.203213889096185918e-21
4.541561920973224187e+04 -2.323060908041327586e-22 1.128994141879577121e-21
4.543340209642181435e+04 -3.617952572604476122e-22 1.087993008063766005e-21
4.545118484454842110e+04 2.640204834852598645e-21 1.213021811013019949e-21
4.546896745403474051e+04 8.915823530869390913e-22 1.179967443310973957e-21
4.548674992478002969e+04 -4.522735969447006154e-22 1.216177041865801649e-21
4.550453225670645043e+04 -2.378352444852816175e-21 1.190955694152883435e-21
4.552231444976291095e+04 -2.741623766733197256e-21 1.149903717596298308e-21
4.554009650385885470e+04 2.467038058483469699e-21 1.274178276240346184e-21
4.555787841894316807e+04 2.616648113555141635e-22 1.311127803255005155e-21
4.557566019486371079e+04 3.958811497565656536e-21 1.339366050787681896e-21
4.559344183164293645e+04 1.987459617258293149e-21 1.206102910259119754e-21
4.561122332914132858e+04 -1.656096370424125220e-23 1.265335240151828532e-21
4.562900468726976396e+04 5.229550008240107778e-22 1.226244170061753392e-21
4.564678590598780283e+04 1.205657414627140853e-21 1.212754038351516668e-21
4.566456698521815997e+04 6.162238107288478375e-22 1.164311927569947725e-21
4.568234792485895014e+04 -1.168692568567723141e-21 1.215731173300887373e-21
4.570012872483232786e+04 2.714594200648446731e-22 1.152758800489504300e-21
4.571790938512336288e+04 -3.303317686024446856e-21 1.223719619085654148e-21
4.573568990556700737e+04 2.158876626226221611e-21 1.332170320333900371e-21
4.575347028611158748e+04 8.934658740658777210e-24 1.259097350071880448e-21
4.577125052672778111e+04 -4.126090514837626059e-22 1.191003460444465157e-21
4.578903062728950317e+04 -1.263138614124001881e-21 1.096171207068561492e-21
4.580681058770586969e+04 2.055751694609315586e-22 1.172899375153950292e-21
4.582459040794925386e+04 3.306677509830512813e-21 1.281189413510001603e-21
4.584237008792907000e+04 -1.390599763898853689e-21 1.277723951453823909e-21
4.586014962751803250e+04 2.298618771436996887e-22 1.195382780231404419e-21
4.587792902671268530e+04 3.623162346745576453e-21 1.328295654332519461e-21
4.589570828537279158e+04 2.391496137257136686e-22 1.182869132113446416e-21
4.591348740343332611e+04 -4.809604198458644841e-22 1.233299587193182820e-21
4.593126638091259520e+04 3.264548670604345367e-21 1.295983596234785443e-21
4.594904526876537420e+04 2.363723210707581533e-21 1.277493365095209028e-21
4.596682414069820516e+04 -2.194432096563011310e-22 1.169667824688967229e-21
4.598460287178082945e+04 1.093619984139057209e-21 1.231076993838917286e-21
4.600238146181853517e+04 -1.344985339625138506e-21 1.231708492857306961e-21
4.602015991083289555e+04 -1.922929463069054054e-22 1.385268309548589643e-21
4.603793821870796819e+04 7.065881472880791399e-22 1.260302788895337016e-21
4.605571638531574717e+04 9.687500969029210238e-22 1.353481736395802589e-21
4.607349441068975284e+04 2.265514587849307326e-21 1.331680720471310052e-21
4.609127229466402059e+04 3.857737180232817662e-21 1.384236470416656266e-21
4.610905003718571243e+04 7.265053399996035307e-22 1.276952152326628877e-21
4.612682763817496016e+04 5.564789561611208650e-22 1.230173612977934387e-21
4.614460509755440580e+04 -9.299179209106267081e-22 1.276379289738527427e-21
4.616238241526915954e+04 1.548256119415623049e-22 1.286394741676538229e-21
4.618015959116661543e+04 3.238468143367767732e-21 1.394452945341267056e-21
4.619755522096703498e+04 1.530359273253942951e-21 1.347204711532630177e-21
4.621533208896649012e+04 -2.006691937087203875e-21 1.268885122562289381e-21
4.623310880288165936e+04 -2.150001031748882601e-21 1.312159822601169469e-21
4.625088537457598432e+04 1.786957916103702777e-22 1.399380910381330188e-21
4.626866180406897911e+04 1.629149577814516416e-21 1.440956569652693642e-21
4.628643809135272022e+04 -2.232973576517482030e-22 1.361226616218714888e-21
4.630421423630145000e+04 2.881467306472887350e-21 1.291305270374198481e-21
4.632199023887089425e+04 1.154975051986897100e-21 1.296824679380230759e-21
4.633976609893419663e+04 3.295684681077793792e-21 1.283240137769435820e-21
4.635754181644795608e+04 5.320777755034223283e-23 1.266931211773608923e-21
4.637531739132075745e+04 4.549125494693180301e-21 1.250304266557083448e-21
4.639309282347372937e+04 1.404455090523176693e-21 1.469157633944700814e-21
4.641086811282625422e+04 -2.224139873048229254e-21 1.180903238643814866e-21
4.642864325927598838e+04 -1.108437040872173267e-21 1.250220401669049569e-21
4.644641826279104134e+04 -1.448783095328016998e-21 1.326168601778920714e-21
4.646419312329228705e+04 6.680739678756380416e-22 1.346210044441352868e-21
4.648196784062712686e+04 -5.065688087031183851e-22 1.378737171213926554e-21
4.649974241477601754e+04 -3.157714229591173788e-22 1.337850379284652556e-21
4.651751684564843890e+04 1.001914889406236212e-21 1.257355762317835477e-21
4.653529113319947646e+04 2.475737890587794559e-21 1.174965345807381825e-21
4.655306527726614877e+04 -8.086830083793357215e-22 1.295702014557828112e-21
4.657083927786345885e+04 -7.035475545478848473e-22 1.242098541521232510e-21
4.658861313482871628e+04 -2.120958701725184361e-21 1.454572871522344190e-21
4.660638684828836995e+04 6.026113055741892843e-22 1.395270897319877374e-21
4.662416042990048300e+04 1.884921701104542293e-21 1.412182083175284476e-21
4.664155154113817844e+04 2.119624806896340115e-21 1.254576396229896642e-21
4.665932478644761431e+04 1.465018973493045566e-21 1.237668497753236344e-21
4.667709788780709641e+04 -1.731603203615289986e-21 1.343249956910651011e-21
4.669487084504786617e+04 -1.300760152375233385e-21 1.378702753604643893e-21
4.671264365815289784e+04 -1.488859967712535598e-21 1.337400346624889577e-21
4.673041632700396440e+04 6.567504996873227217e-22 1.365267442175076905e-21
4.674818885154565214e+04 -3.927669053032119382e-22 1.328565615512669826e-21
4.676596123167288169e+04 2.087419507586725402e-21 1.408595483570284755e-21
4.678373346730435151e+04 4.098843670501441359e-21 1.380075721853770775e-21
4.680150555841052847e+04 2.464712600806266183e-22 1.423780977614424763e-21
4.681927750483476848e+04 4.426200957546792875e-21 1.331376467160121938e-21
4.683704930658476223e+04 2.519330348930921832e-21 1.309264264021076345e-21
4.685482096345426544e+04 5.254302226900159277e-21 1.483152605584219566e-21
4.687259247550017608e+04 9.440871928640103062e-22 1.471777604818390201e-21
4.689036384255450685e+04 5.994472460831432395e-22 1.400513457891825591e-21
4.690813506457300537e+04 -1.395438783493498946e-21 1.346592806074019628e-21
4.692590614147581073e+04 1.674709991037004563e-21 1.292045131454700905e-21
4.694367707311844424e+04 3.254141277248363520e-21 1.437579125361941445e-21
4.696144785953326209e+04 4.095257809456967645e-21 1.425237505036517050e-21
4.697921850052614172e+04 2.663508843974226657e-21 1.402007895939497948e-21
4.699698899610352237e+04 -2.453433777483233330e-21 1.343875329558134173e-21
4.701475934613466961e+04 2.788053889442873754e-21 1.413085819844869623e-21
4.703252955052474135e+04 2.956601914814954471e-21 1.452526305257358086e-21
4.705029960926883359e+04 -1.277448010558574099e-21 1.419396935509998467e-21
4.706806952218449442e+04 1.830275791042231984e-21 1.520183314368136662e-21
4.708583928927850502e+04 2.120082686894000790e-21 1.493060889228971256e-21
4.710360891041928699e+04 1.193822994501442081e-21 1.455466960640499736e-21
4.712137838553735492e+04 3.401904298277271326e-21 1.331889413289263336e-21
4.713914771455201117e+04 4.065595141899967443e-22 1.502888618605559175e-21
4.715691689736807166e+04 -5.844795772797359360e-22 1.455476995516826294e-21
4.717468593392988987e+04 3.357168098087972840e-21 1.601610486117719788e-21
4.719245482415533479e+04 -1.559823553598297096e-21 1.422855968116522603e-21
4.721022356793742074e+04 4.066246122048246791e-22 1.519266909104249672e-21
4.722799216520749906e+04 3.216617868885810916e-22 1.416642258367359510e-21
4.724576061589516758e+04 -4.153279304878086508e-22 1.405872657952821883e-21
4.726352891988191550e+04 2.730932049970737779e-21 1.442877105792439774e-21
4.728129707712274831e+04 1.648584428676020259e-21 1.439715178067666040e-21
4.729906508753593516e+04 -9.695091952880439399e-22 1.396055647219280665e-21
4.731683295101448311e+04 3.449677270482310715e-21 1.391205731321429955e-21
4.733460066748806275e+04 1.636494350805899260e-21 1.378228559901410500e-21
4.735236823690063466e+04 4.703764409960981639e-21 1.429914725172912481e-21
4.737013565910611942e+04 2.086323068061895042e-22 1.417452728398124510e-21
4.738790293408577418e+04 8.650285937487739462e-22 1.423479783923292349e-21
4.740567006173195841e+04 -2.928560060511640987e-21 1.434462456124820332e-21
4.742343704193668964e+04 2.264881641990135371e-21 1.476749277379334989e-21
4.744120387468128320e+04 8.326048657906571927e-22 1.496761430753912872e-21
4.745897055983180326e+04 -2.260823150810734710e-21 1.487758791559754961e-21
4.747673709729395341e+04 4.312843285828210267e-21 1.517078083990192052e-21
4.749450348703518102e+04 3.658061034071172892e-21 1.539566357632639184e-21
4.751226972896004736e+04 6.716518267256694516e-21 1.470869002476236647e-21
4.753003582293608633e+04 1.352970040197341119e-20 1.663703948252951416e-21
4.754780176895503246e+04 1.149708199293645170e-20 1.661209720251088018e-21
4.756556756687205780e+04 4.524492014932267809e-21 1.595758718484542528e-21
4.758333321665422409e+04 1.190123050554739691e-21 1.492399845859407040e-21
4.760109871816812665e+04 1.169943059816269610e-21 1.500121453521442241e-21
4.761886407136918569e+04 -6.613777300378298696e-22 1.487922877582316656e-21
4.763662927614798537e+04 3.912577873787870021e-21 1.479907139430125112e-21
4.765439433244780957e+04 1.501316613117728167e-21 1.434355245268342622e-21
4.767215924018490477e+04 -1.544932362598817982e-21 1.439411868530876659e-21
4.768992399925088830e+04 1.059124730069091675e-21 1.415042979489996225e-21
4.770768860957559082e+04 3.435748607956654105e-21 1.398119108042779087e-21
4.772545307107465487e+04 3.574461231942001524e-21 1.634104285402161657e-21
4.774321738365320198e+04 3.247290542849702853e-21 1.515686304171361898e-21
4.776098154726507346e+04 4.116822533382727654e-21 1.437306077347086642e-21
4.777874556177634076e+04 -2.051909157293730812e-21 1.555379469999766455e-21
4.779612466685545223e+04 4.309046357246618265e-21 1.488485872338943676e-21
4.781388834642201982e+04 3.363433654133990789e-21 1.494918654284792106e-21
4.783165187653951580e+04 -1.261069099703067190e-21 1.590111329181925918e-21
4.784941525721976359e+04 3.988856197385532292e-22 1.659561663729483976e-21
4.786717848842728563e+04 6.955317742338948371e-22 1.509713846289638136e-21
4.788494157005470333e+04 1.120806011468597282e-21 1.583043256105842640e-21
4.790270450200473715e+04 -2.064180799922078201e-22 1.505699264773809550e-21
4.792046728420635191e+04 -1.333429079328856766e-22 1.662815323400605822e-21
4.793822991657598322e+04 -6.259841694482838433e-22 1.587670040104776634e-21
4.795599239905330614e+04 3.419416728152880600e-21 1.749155572154334988e-21
4.797375473150600010e+04 -3.024416559060545092e-22 1.524611662427299657e-21
4.799151691387355822e+04 -6.079615767283302353e-22 1.534065026575401582e-21
4.800927894608463248e+04 6.452863458605231637e-22 1.691781794590855624e-21
4.802704082803074562e+04 -2.400927384598503725e-21 1.673325440462215100e-21
4.804480255965129618e+04 9.065879642207360496e-22 1.777376105800209830e-21
4.806256414085053984e+04 -1.537926974647744465e-21 1.765514498533823121e-21
4.808032557153115340e+04 8.565582787398181160e-22 1.676070021627626445e-21
4.809808685163358314e+04 -1.621136963853459064e-21 1.467567579989487177e-21
4.811584798107351526e+04 5.924984404927782494e-22 1.711229196099955404e-21
4.813360895972859726e+04 1.788826814565102460e-21 1.733314490408906445e-21
4.815136978753960284e+04 -1.058493005457745048e-22 1.632688929774631923e-21
4.816913046456452139e+04 -2.151526959696912897e-21 1.654440713080416820e-21
4.818689100226457231e+04 -1.596167252376974078e-21 1.568030334961250459e-21
4.820426576020416542e+04 -2.011698118605852275e-21 1.799638671628147616e-21
4.822202594703550130e+04 6.393602324810473955e-22 1.654306931590273744e-21
4.823978598260787840e+04 -6.009398898038611065e-22 1.632436359157212936e-21
4.825754586681123328e+04 -4.770612401009729037e-22 1.700373893746047337e-21
4.827530559958506637e+04 2.651276771640986544e-22 1.693047570570267434e-21
4.829306518061259703e+04 2.269791501906871230e-21 1.658016080613857076e-21
4.831082410974143568e+04 -3.391891510559099016e-21 1.613904569442963723e-21
4.832858285338379210e+04 -5.754602526647997761e-21 1.590246916034265027e-21
4.834634144524527073e+04 8.474942629710896969e-22 1.779365699807078332e-21
4.836409988525242079e+04 9.237683913412108257e-22 1.648213931836308656e-21
4.838185817332063743e+04 -2.915593695042273940e-21 1.924926750897253664e-21
4.839961630937724840e+04 9.599275247283933025e-22 2.145121765399255586e-21
4.841737429331067688e+04 4.044170311312151178e-21 1.686126917937483493e-21
4.843513212504905096e+04 3.468637882624610757e-22 1.848814306967215060e-21
4.845288980450615054e+04 2.677034853994694003e-21 1.725201086596231584e-21
4.847064733160935430e+04 -5.525362070987339803e-22 1.750006810471901682e-21
4.848840470626062597e+04 -8.529948843883595950e-22 1.824979535864034819e-21
4.850616192837327253e+04 1.273812865351401304e-22 1.607935263774088161e-21
4.852391899783696135e+04 -3.980674923069275805e-23 1.593238489554624389e-21
4.854167591461661505e+04 3.070582743041193521e-22 1.623934519442358923e-21
4.855943267860038759e+04 -1.822172547961704526e-21 1.512098471405261374e-21
4.857718928969035915e+04 3.520378370319719409e-21 1.703194477499523037e-21
4.859494574782536802e+04 3.319985269893590274e-21 1.632842057017074863e-21
4.861270205290686135e+04 3.156240833370561061e-21 1.667666190023591541e-21
4.863045820483638090e+04 4.958527499511039910e-22 1.620146470225596677e-21
4.864821420355227747e+04 1.359320534406780596e-21 1.580527891499093668e-21
4.866597004895651480e+04 8.339824319385260551e-22 1.490332509564396894e-21
4.868372574097536562e+04 -1.388544242342518775e-21 1.571607571833725012e-21
4.870148127948362526e+04 7.696511736511268725e-22 1.650415750591041178e-21
4.871923666443406546e+04 1.379862493127895425e-22 1.728673026919854409e-21
4.873699189572686009e+04 -1.748546160196141042e-21 1.543763447381605754e-21
4.875474697327565082e+04 1.847973187740128068e-21 1.626276375415603445e-21
4.877250189699429757e+04 3.011264059329291016e-21 1.667878794951938031e-21
4.879025666679533606e+04 -3.550211705202133123e-21 1.632473983059644714e-21
4.880801128259278630e+04 -3.185906877951974764e-21 1.603062926079905851e-21
4.882576574429997709e+04 2.662952008118537783e-21 1.650617159066937679e-21
4.884352005182932771e+04 -5.185881527800377861e-22 1.693519212224489666e-21
4.886127420509492367e+04 4.810270315143008049e-22 1.789543237436782324e-21
4.887902820404795784e+04 -1.494112761746648044e-21 1.657161542017981160e-21
4.889678204852426279e+04 -2.837213637472133952e-21 1.538002186881163431e-21
4.891453573847596272e+04 -1.692465811488177745e-21 1.692593955528810080e-21
4.893228927381530229e+04 6.323817462296190050e-22 1.704815883321276237e-21
4.895004265446828504e+04 6.540779638232148798e-22 1.676207068847659175e-21
4.896779588032248284e+04 2.018683644291497686e-21 1.895158691377293300e-21
4.898554895130249497e+04 2.137121453533837849e-21 1.678565047502165082e-21
4.900330186732189759e+04 7.400230318715357883e-23 1.797469131886802796e-21
4.902105462829329917e+04 -1.200286936241307483e-21 1.746360883378397867e-21
4.903880723414142267e+04 -2.225040426805695268e-22 1.702992465804977033e-21
4.905655968475393456e+04 1.845785473968763864e-21 1.775501333740377866e-21
4.907431198008152569e+04 1.263917629814851235e-22 1.710073931052109181e-21
4.909206411998497060e+04 3.221343792354660440e-21 1.797195076573546781e-21
4.910981610441579687e+04 1.655808085909406677e-22 1.647276525281558645e-21
4.912756793327286141e+04 3.712653258522350620e-22 1.685392454641516718e-21
4.914531960646865627e+04 7.380017287744184013e-22 1.808150700033308669e-21
4.916307112390285329e+04 3.200712742172494843e-22 1.823708341041374453e-21
4.918082248549966607e+04 4.754426258039478294e-21 2.001209254552378797e-21
4.919857369119756186e+04 -1.272895246280588468e-21 1.957906579754651156e-21
4.921632474087012815e+04 -1.757868545951789163e-21 1.839436321474511402e-21
4.923407563442833634e+04 1.163746918273491390e-21 1.846933672160685605e-21
4.925182637179793528e+04 3.084002674358107654e-21 1.768006707154977181e-21
4.926918906472576055e+04 7.353788662477084718e-22 1.741030593314081120e-21
4.928693945261775661e+04 -1.998417957822021834e-22 1.888583744240568859e-21
4.930468968390812370e+04 -5.467455744560726922e-22 1.964486419903387926e-21
4.932243975864088134e+04 1.775570367648421846e-21 1.959142094652922784e-21
4.934018967676437751e+04 2.056263823067890912e-21 1.819921749051692995e-21
4.935793943815366947e+04 7.418966850189253205e-22 2.015040954591652179e-21
4.937568904274462693e+04 -3.175325332675793512e-22 1.981837327751125136e-21
4.939343849042343209e+04 5.350290690531767586e-22 1.982107773114911071e-21
4.941118778111461870e+04 -1.366844842114378232e-21 1.932679906299518891e-21
4.942893691474170191e+04 -9.512794100654199218e-22 1.806017134258003635e-21
4.944668589119058743e+04 1.447258204103443566e-21 2.022114257419774643e-21
4.946443471037348354e+04 4.956026255372309229e-22 1.967540443674991419e-21
4.948218337226322183e+04 7.042793168280126279e-21 1.951124029707362038e-21
4.949993187667121674e+04 2.862268146416900285e-22 1.855181302475098900e-21
4.951768022358344024e+04 5.636097882818421463e-21 1.986351193099649108e-21
4.953542841287329793e+04 -5.027542155822671845e-23 1.994898891301104966e-21
4.955317644447673956e+04 -2.535314385531180823e-21 1.712507227124054737e-21
4.957092431828010740e+04 3.044337875043724349e-22 1.863896198016828775e-21
4.958867203421834711e+04 6.074172394557702400e-21 1.877265124638410739e-21
4.960641959217801923e+04 9.403256993756671342e-23 1.858676720569238116e-21
4.962416699225456250e+04 -3.805760976399832597e-21 1.858769595129974855e-21
4.964152556817915320e+04 2.278290463096225003e-21 1.906504213139106795e-21
4.965927261466063646e+04 1.390528105326761996e-21 1.812241984182364065e-21
4.967701950277594005e+04 -1.235191346439524625e-21 1.826185560397097615e-21
4.969476623252572608e+04 1.535054549479428804e-22 1.973729829275536082e-21
4.971251280372985639e+04 -8.782851281148250733e-22 1.958715033036392286e-21
4.973025921633801045e+04 1.334805028140525919e-21 1.887590940525838766e-21
4.974800547028560686e+04 -9.668310025673725745e-22 1.709983549793814920e-21
4.976575156543151388e+04 2.932935432086809099e-21 1.912467880381379271e-21
4.978349750173810753e+04 -3.786425461383737392e-22 1.973742897290662217e-21
4.980124327908865234e+04 3.406916866923417358e-21 1.992099275346004248e-21
4.981898889736794081e+04 2.021689017257488021e-21 1.907442425124761733e-21
4.983673435652504850e+04 1.234732615181301362e-21 1.886308929512004959e-21
4.985447965645608201e+04 4.559697439713423545e-22 1.951978563125856405e-21
4.987222479707167076e+04 1.122150702989695798e-21 1.910960418567402603e-21
4.988996977828175295e+04 -6.651241306366823755e-22 1.853100557891901350e-21
4.990771459999522631e+04 1.422671925752983764e-21 1.720422430556909935e-21
4.992545926213562780e+04 6.561552888245380912e-22 1.888599223331866022e-21
4.994320376458660758e+04 3.615263018680804772e-21 1.927033939356659031e-21
4.996094810728294397e+04 4.568838923212946481e-21 1.973743123523680521e-21
4.997869229010889831e+04 -1.389278815119639243e-21 1.803589547668247038e-21
4.999643631300012203e+04 -3.329789190048312300e-21 1.775670265075045101e-21
5.001418017583900655e+04 3.187893339522809190e-21 1.867870015486772212e-21
5.003192387856187997e+04 4.363073991369263908e-21 1.805630268929650508e-21
5.004966742106500897e+04 3.218635002509193163e-21 1.992082968994665928e-21
5.006741080324376526e+04 1.672997905148138367e-21 1.955340490659947101e-21
5.008515402502107463e+04 -4.667492840866366031e-21 1.920620962555564909e-21
5.010289708630621317e+04 -2.593081902623280482e-21 1.890443450652142960e-21
5.012063998703352263e+04 -9.805775539768088568e-21 2.013531487109631764e-21
5.013838272706044518e+04 -1.420294432558023731e-22 2.099839618161744745e-21
5.015612530634829454e+04 4.352358148162161229e-22 2.142703104002898181e-21
5.017386772475297039e+04 2.091715248836119720e-21 1.969115641032781873e-21
5.019160998222303897e+04 3.676571092764927804e-21 2.058326068908721108e-21
5.020935207865439588e+04 -3.772374541732678707e-21 1.923670548440556244e-21
5.022709401394193264e+04 1.260272287992907889e-21 2.104377081980310327e-21
5.024483578803405544e+04 2.616974403805153270e-21 2.156186872285698586e-21
5.026257740078722418e+04 8.319303309423938804e-23 1.972278005972112924e-21
5.028031885216173396e+04 -4.042806271682940432e-21 1.946988916140551565e-21
5.029806014201389189e+04 5.279467990711471416e-21 1.992325108915667547e-21
5.031580127029180585e+04 5.043834559140554510e-21 2.164920679236871170e-21
5.033354223691638617e+04 8.496511251535643029e-22 2.067495723329233515e-21
5.035128304173051583e+04 3.036364801847336635e-21 2.168147369776476318e-21
5.036902368469524663e+04 2.225747845372893449e-21 2.003092359029357121e-21
5.038676416569208232e+04 -5.666888394681356451e-22 2.150699095492441943e-21
5.040450448468160175e+04 3.779542877150935121e-21 2.003263988618218801e-21
5.042224464150668064e+04 6.640583831735865295e-22 1.846361090508193346e-21
5.043998463610125327e+04 4.091551865545571056e-21 1.941145404945657694e-21
5.045772446838615724e+04 1.289552988435620024e-21 2.093301490483611078e-21
5.047546413825665513e+04 -5.975495358269628601e-22 2.032204005407882881e-21
5.049320364560728922e+04 -2.152064418333764840e-21 1.987403275412464980e-21
5.051094299037154269e+04 -6.314521034205878436e-21 2.147071449235799491e-21
5.052868217241836101e+04 -2.142232155004240246e-21 2.011473931488422107e-21
5.054642119169478974e+04 4.739381067348771173e-22 2.151270602886615442e-21
5.056416004810764571e+04 1.485600880708787312e-21 2.186252090948004395e-21
5.058189874155211146e+04 -2.803165063724159110e-21 2.076207851135081610e-21
5.059963727193562954e+04 2.610242372683082731e-21 2.278070916521489211e-21
5.061737563916519866e+04 -1.494700161509249298e-21 2.209429733130002301e-21
5.063472300157359132e+04 -1.501588548944111776e-21 2.176573919318004269e-21
5.065246110093528114e+04 -1.505708342113905465e-21 1.993561821629673984e-21
5.067019912591714092e+04 2.314078791680963524e-21 2.226261806773425480e-21
5.068793698832374503e+04 -6.493188801905270054e-22 1.999735266116456980e-21
5.070567468710411777e+04 5.394798345869013350e-21 2.352969864945247113e-21
5.072341222219062183e+04 5.809721428427540329e-21 2.190544873395465959e-21
5.074114959345146781e+04 -1.430377532016345488e-21 2.338861783475531797e-21
5.075888680080655467e+04 4.090721630497584924e-21 2.293792368139130609e-21
5.077662384415029373e+04 -3.794943287936623526e-21 2.218212325783884003e-21
5.079436072342711122e+04 1.774267939685784628e-21 2.154582471597842790e-21
5.081209743850604718e+04 -4.098274402723504458e-21 2.332277605685007625e-21
5.082983398930625117e+04 5.526219944322924261e-22 2.377385595487952246e-21
5.084757037572124682e+04 2.591948099812644478e-21 2.337846667366203074e-21
5.086530659768362966e+04 1.332867674489105615e-21 2.261519616172858936e-21
5.088304265510011464e+04 -2.605830418250317428e-21 2.198205008633158901e-21
5.090077854785120144e+04 -5.181520123967364499e-22 2.724598693903484359e-21
5.091851427586842328e+04 9.994138751585945463e-22 2.373495495044916062e-21
5.093624983903318207e+04 -2.045784502722844602e-21 2.266507177017746335e-21
5.095398523726424901e+04 -3.924948932701473296e-21 2.357428582359297125e-21
5.097172047048037348e+04 -1.036585928578724187e-21 2.334312689458833146e-21
5.098945553872189339e+04 -2.398762848604942273e-21 2.304052963353725677e-21
5.100679882256795827e+04 -7.551553646928112013e-23 2.293875376087505821e-21
5.102453352276933583e+04 4.358932207421385164e-21 2.489267371841169000e-21
5.104226805755013629e+04 1.920453765648842926e-21 2.539794831153296785e-21
5.106000242685633566e+04 2.157640300769552991e-21 2.386428200314453297e-21
5.107773663052736083e+04 2.103879002002006418e-21 2.199543386986799418e-21
5.109547066853473370e+04 -6.553417233637365042e-22 2.221384110817253252e-21
5.111320454075828457e+04 4.146230788992500505e-22 2.278913750319873021e-21
5.113093824709040928e+04 -2.103090537424388098e-21 2.277810701228004324e-21
5.114867178747570870e+04 -5.085886056562757735e-22 2.358092227314134308e-21
5.116640516175402445e+04 9.475108743358186456e-22 2.378703820877452340e-21
5.118413836992375582e+04 4.069704349806606697e-21 2.459459277881366299e-21
5.120187141178374441e+04 -1.670572135265328749e-22 2.326215084389585367e-21
5.121960428733218578e+04 1.797293362333135266e-21 2.220607448131179683e-21
5.123733699643494765e+04 -3.082522231044457687e-23 2.300798575527780829e-21
5.125506953894405888e+04 -2.500535691729696338e-21 2.258725913341379541e-21
5.127280191488350101e+04 -1.345091101017678231e-21 2.251514920572632614e-21
5.129053412406612188e+04 1.550316943955561493e-21 2.217468664260568517e-21
5.130826616641024157e+04 -5.198960673552359424e-21 2.113116861434201914e-21
5.132599804186011170e+04 2.751546749744052209e-21 2.188188624113353493e-21
5.134372975028105429e+04 -6.966940951350631508e-22 2.333388874938681633e-21
5.136146129159146949e+04 2.573160481216806974e-21 2.252274887319408053e-21
5.137919266570920445e+04 4.436200815362688637e-22 2.225633968173013894e-21
5.139692387249868625e+04 2.061315485534218497e-21 2.196057148370158188e-21
5.141465491191836918e+04 1.220161503826795995e-21 2.177719482661410476e-21
5.143238578384626453e+04 8.042121188123465175e-22 2.141919917768888142e-21
5.145011648817286914e+04 -5.184377080324100561e-21 2.257878525504555602e-21
5.146784702482984721e+04 -2.084852207549068292e-21 2.128291084610327174e-21
5.148557739368177863e+04 2.497212193994073237e-21 2.365801415596407083e-21
5.150330759469930490e+04 -3.149366748736223427e-21 2.256816574001590938e-21
5.152103762771989568e+04 -1.504252688825863495e-21 2.247641564140175937e-21
5.153876749267487321e+04 6.828261999409549580e-21 2.454139454770488781e-21
5.155649718948179361e+04 8.237424136227195955e-22 2.181545629894068856e-21
5.157422671803068806e+04 -1.997435020379932299e-21 2.226991416527893763e-21
5.159195607823951286e+04 -7.060986599473735535e-21 2.336668963942414514e-21
5.160968526995900902e+04 -2.975425018072239123e-21 2.115828161414728473e-21
5.162741429315952701e+04 2.302266681590185616e-21 2.404570263199033912e-21
5.164514314773128717e+04 3.877955360265302931e-21 2.364763497810074031e-21
5.166287183353856381e+04 2.324606114154799879e-21 2.521304191097970984e-21
5.168060035052514286e+04 4.150982947690853608e-22 2.579268928555509680e-21
5.169832869858066988e+04 4.920284939772355796e-21 2.504877147570950887e-21
5.171605687759591819e+04 -1.031818922635950388e-21 2.287628744665618773e-21
5.173378488751457917e+04 -1.793947155672411867e-21 2.256310851968906431e-21
5.175151272819994483e+04 -5.352381307689915118e-21 2.399536844963832516e-21
5.176924039958167123e+04 -3.528551728987840035e-23 2.372668775575252323e-21
5.178696790152365429e+04 -4.222457404463302144e-21 2.052201858841021240e-21
5.180469523396924342e+04 3.943482795924592875e-21 2.169836123713684412e-21
5.182242239680782222e+04 -6.375769093707913244e-21 2.168022559475702421e-21
5.184014938994272961e+04 -1.374015446604268756e-21 2.287746134155279543e-21
5.185787621329078684e+04 3.173004505088495672e-21 2.471491719923718518e-21
5.187560286672822986e+04 3.386826241929164548e-21 2.364138197158868072e-21
5.189332935018405988e+04 -2.043964836846782298e-21 2.401174316037368116e-21
5.191105566353535687e+04 -5.759228847574047943e-22 2.165441708370917535e-21
5.192838814344108687e+04 -4.783319778890630003e-23 2.405534669198072115e-21
5.194611409003013978e+04 -5.196189072235314656e-22 2.218234658197801053e-21
5.196383985509187914e+04 -3.949954947921897074e-21 2.239434560511788850e-21
5.198156544950286479e+04 3.676400485393920630e-21 2.201365914297309809e-21
5.199929087335809163e+04 -6.881325446125202494e-22 2.365392543843067228e-21
5.201701612653414486e+04 -9.279344592841125904e-21 4.689331486108405566e-21
