2.879965114498473122e+04 9.277296121327761094e-20 3.321096150062048171e-21
2.881764676213528219e+04 8.628878238409170810e-20 3.337155200118223445e-21
2.883598880207624097e+04 8.419258816502394021e-20 3.108131399964710967e-21
2.885398443340002268e+04 8.140935268949589861e-20 3.103016980086801977e-21
2.887198005760541128e+04 8.667718498462682595e-20 3.193826239058573311e-21
2.888997567461301878e+04 8.315639784818167285e-20 3.076508778935636942e-21
2.890797128434216575e+04 8.826264602772444629e-20 3.270855086114653660e-21
2.892596688671441734e+04 8.452214430568009465e-20 3.191824799301837644e-21
2.894396248164861390e+04 8.088037002629566928e-20 3.040147904110508637e-21
2.896195806906665166e+04 8.983816266112851478e-20 3.158173892858571777e-21
2.897995364888736367e+04 9.014965272381979484e-20 3.272969288309740613e-21
2.899794922103289719e+04 8.726823051140832215e-20 3.150830955883457954e-21
2.901594478542220895e+04 8.554988717487621048e-20 3.081993526564068011e-21
2.903394034197727524e+04 9.019594216734398926e-20 3.341378664513470354e-21
2.905193589061794046e+04 7.900822414358178995e-20 3.060326432981659558e-21
2.906993143126540235e+04 8.208830835447346397e-20 3.048144399559610598e-21
2.908792696384002920e+04 8.553576462455987669e-20 3.054623958953378550e-21
2.910592248826312425e+04 8.620214876495974880e-20 3.096662745516168397e-21
2.912391800445524132e+04 9.214619769075512046e-20 3.034447839966529764e-21
2.914191351233755631e+04 7.021200349756459951e-20 3.695794279724817567e-21
2.915990901183130336e+04 7.568014199454462685e-20 3.014135719303789589e-21
2.917790450285691986e+04 8.186863420326124678e-20 2.880317956478590956e-21
2.919589998533634935e+04 8.830717999595722082e-20 2.975311236385075898e-21
2.921389545919002194e+04 8.168784623592568923e-20 2.975766136006750615e-21
2.923189092434021950e+04 8.068496968410982541e-20 2.998963268524800840e-21
2.924988638070696106e+04 7.684638639758958999e-20 2.704299739698023144e-21
2.926788182821300870e+04 7.853386312686623507e-20 2.882472573524452834e-21
2.928587726677845421e+04 7.523249487115656229e-20 2.891400577547743637e-21
2.930387269632608877e+04 8.013021751665459346e-20 2.795961879482827279e-21
2.932186811677642618e+04 8.935538605768625205e-20 2.849799267462684474e-21
2.933986352805192655e+04 6.686387794464584150e-20 2.667509226421799194e-21
2.935785893007359846e+04 7.128933747003151514e-20 2.718018513010533326e-21
2.937585432276374559e+04 7.672210201590968773e-20 2.780561728670526130e-21
2.939384970604377668e+04 8.185645968364862004e-20 2.762434924238145075e-21
2.941184507983574076e+04 7.375798647942725707e-20 2.603309802820277881e-21
2.942984044406161047e+04 7.596833516700597619e-20 2.666847781839330615e-21
2.944783579864299099e+04 7.889136737435273285e-20 2.741212716223640496e-21
2.946583114350260439e+04 7.978709451163934827e-20 2.680753565566590008e-21
2.948382647856233962e+04 7.757595701364881349e-20 2.721891784794191710e-21
2.950182180837356645e+04 8.852847868299628453e-20 2.641108859456633498e-21
2.951981722989657283e+04 9.187836414341011950e-20 2.781332155380850027e-21
2.953781264138676488e+04 8.349984940767316507e-20 2.709637901022510966e-21
2.955580804276483832e+04 8.472202441549964064e-20 2.693877439086384002e-21
2.957380343395471209e+04 8.409073362976686961e-20 2.723828479317769930e-21
2.959179881487757302e+04 8.987426540843661250e-20 2.744890882216855188e-21
2.960979418545677981e+04 6.360405452266034167e-20 2.486016312354755842e-21
2.962778954561460341e+04 6.758168232362757062e-20 2.466353258659489171e-21
2.964578489527359488e+04 8.021466345335620577e-20 2.587717823861419053e-21
2.966378023435657451e+04 8.408587671808562885e-20 2.614483170255623574e-21
2.968177556278607153e+04 8.216454501040233691e-20 2.695402181036625357e-21
2.969977088048527730e+04 8.075885172469014046e-20 2.493149281896140064e-21
2.971776618737630997e+04 7.926534383593305936e-20 2.511792499522442873e-21
2.973576148338324856e+04 7.463125822220269203e-20 2.492800960083367006e-21
2.975375676842752728e+04 7.301151825305293876e-20 2.501848545823577741e-21
2.977175204243360713e+04 7.717510880539878496e-20 2.526491891147760856e-21
2.978974730532353715e+04 7.482972835112562796e-20 2.512148100459753017e-21
2.980774255702127630e+04 8.028044298858149013e-20 2.474476181562393943e-21
2.982573779744933563e+04 8.261043426413196999e-20 2.515733461840109961e-21
2.984373302653152132e+04 7.581864280146696113e-20 2.600247863283000731e-21
2.986172824419089739e+04 8.171753354271472354e-20 2.604752295452384057e-21
2.987972345035061153e+04 7.262329277578611994e-20 2.315637854075369961e-21
2.989771864493465546e+04 8.123239694372575582e-20 2.484967084696910398e-21
2.991571382786579125e+04 7.628139884262769175e-20 2.551414557403598557e-21
2.993370899906849081e+04 7.951267808290901131e-20 2.490623946847559986e-21
2.995170415846516698e+04 7.857625264044170847e-20 2.657153049819453956e-21
2.996969930598080464e+04 7.943770273531430266e-20 2.614709337359864391e-21
2.998769444153780205e+04 8.277914938318345883e-20 2.610122163042561170e-21
3.000568956506091126e+04 8.282977380169397636e-20 2.530184761821626258e-21
3.002368467647365833e+04 8.066926893418766008e-20 2.423455446937416746e-21
3.004167977569972936e+04 7.679884776882811693e-20 2.544262161500477760e-21
3.005967486266345077e+04 8.194740728802502484e-20 2.553665814261849916e-21
3.007801822418405573e+04 8.121619403576324479e-20 2.462836704556721948e-21
3.009601331560059407e+04 8.313950307884168537e-20 2.646847273440861108e-21
3.011400839302268650e+04 8.225490916164612992e-20 2.497512798410955873e-21
3.013200345785724858e+04 8.864133520261598839e-20 2.631464272755135904e-21
3.014999851004326047e+04 8.365723134335030856e-20 2.596632905546748672e-21
3.016799354950499765e+04 8.467437111744527626e-20 2.471156973157600903e-21
3.018598857616673922e+04 8.516419950658057274e-20 2.489030710473270831e-21
3.020398358995296803e+04 8.045750954151985015e-20 2.460672409119225756e-21
3.022197859078815600e+04 7.944238925685459678e-20 2.535494662879776312e-21
3.023997357859680051e+04 8.093496951085268239e-20 2.449508038977423327e-21
3.025796855330350081e+04 8.354119069499155514e-20 2.483237743159518529e-21
3.027596351483278704e+04 8.148922323993794549e-20 2.530965317301946495e-21
3.029395846310953857e+04 7.879050081169902330e-20 2.523717739204114782e-21
3.031195339805830372e+04 7.554527716416433197e-20 2.522729830833528535e-21
3.032994831960409283e+04 7.864051211660040141e-20 2.459771667505857544e-21
3.034794322767145059e+04 8.047334841325870171e-20 2.439727937141327524e-21
3.036593812218571475e+04 8.245000911309015812e-20 2.585231069231235307e-21
3.038393300307152458e+04 8.365716576463907737e-20 2.525067817654161873e-21
3.040192787025413054e+04 8.756611282148618313e-20 2.553751740629978775e-21
3.041992272365841200e+04 8.632706508319479410e-20 2.643705435843460128e-21
3.043791756320946297e+04 7.791415314621646114e-20 2.536973963780670198e-21
3.045591238883275219e+04 8.467327498316547151e-20 2.529486696339309527e-21
3.047390720045322087e+04 7.638512078135797181e-20 2.430813440005191846e-21
3.049190199799664697e+04 8.096045803221037593e-20 2.432746325109610932e-21
3.050989678138781528e+04 7.908060955905294661e-20 2.490467756722628180e-21
3.052789155055252922e+04 7.519421007829670858e-20 2.509413384886894518e-21
3.054588630541627572e+04 7.957505786709577238e-20 2.292108037373003883e-21
3.056388104590429430e+04 7.030343648495774330e-20 2.175709851399946856e-21
3.058187577194244659e+04 7.383430141605072413e-20 2.418334400585098603e-21
3.059987048345629591e+04 7.637465708240234842e-20 2.459382132680587973e-21
3.061786518037134738e+04 7.787925446896601737e-20 2.451958961861593196e-21
3.063585986261364451e+04 7.299937233675035406e-20 2.421135210096055826e-21
3.065385453010909259e+04 7.283152727092504713e-20 2.411661508698236981e-21
3.067184918278297846e+04 8.427028596294647476e-20 2.661036339112119993e-21
3.068984382056190589e+04 7.769095575536289818e-20 2.521483940237655943e-21
3.070783844337157279e+04 8.233775909727374193e-20 2.591425806574000686e-21
3.072583305113763345e+04 7.998114915961450729e-20 2.396491933654616146e-21
3.074382764378677530e+04 7.710259084529845206e-20 2.452747323775929195e-21
3.076182222124472901e+04 7.696758193361696331e-20 2.398398633346296128e-21
3.077981678343805470e+04 8.068269853115403069e-20 2.345847952820262190e-21
3.079781133029262492e+04 7.660750928598278731e-20 2.376838762973496152e-21
3.081580586173516713e+04 7.068351684278302435e-20 2.274205466389002386e-21
3.083380037769171759e+04 6.968071877134442222e-20 2.337255336736604533e-21
3.085179487810295541e+04 7.344756236615401293e-20 2.247824357810064392e-21
3.086978936429595342e+04 7.615353415792967426e-20 2.172866550678146118e-21
3.088813336007444013e+04 6.850635063428869025e-20 2.257852798296594709e-21
3.090612784075283344e+04 7.611525891579152688e-20 2.279141679670035101e-21
3.092412230557149451e+04 7.691489442787980891e-20 2.372594976459087098e-21
3.094211675445743458e+04 7.668440464578498859e-20 2.286711436648683356e-21
3.096011118733673720e+04 7.472061336005418434e-20 2.359145729581042694e-21
3.097810560413715211e+04 7.111437523744282416e-20 2.234764039374957442e-21
3.099610000478451184e+04 7.529574922935018328e-20 2.373679942201365114e-21
3.101409438920668617e+04 7.621763444150540098e-20 2.236224145495354371e-21
3.103208875732998422e+04 7.227018277397341936e-20 2.182224123737315393e-21
3.105008310908168642e+04 7.296969990177354059e-20 2.174570383467600447e-21
3.106807744438910231e+04 7.069128194838910139e-20 2.135877973700909358e-21
3.108607176317867561e+04 7.119714790000014445e-20 2.173072730772610774e-21
3.110406606537854532e+04 8.034936496769185489e-20 2.350456464281938640e-21
3.112206035091498779e+04 7.757426654912841108e-20 2.318166795106027380e-21
3.114005461971614932e+04 7.737446421827516421e-20 2.310884523838009864e-21
3.115804887170881921e+04 7.009541814707892733e-20 2.123011895469745403e-21
3.117604310682045616e+04 7.493151544668278533e-20 2.178368749435666822e-21
3.119403732497898818e+04 7.168874091607715300e-20 2.254255042544850581e-21
3.121203152611129190e+04 6.749439218817100842e-20 2.210655181308424563e-21
3.123002571014561545e+04 6.384638888810113267e-20 2.136139003957292209e-21
3.124801987700879545e+04 7.065166758783913866e-20 2.079094846589287682e-21
3.126601402662926557e+04 7.212053634129684898e-20 2.102558981932245628e-21
3.128400815893442268e+04 7.606348574476740440e-20 2.139901410408470156e-21
3.130200227385186008e+04 7.555796843960997018e-20 2.214551259029885287e-21
3.131999637131013151e+04 8.450355252545194574e-20 2.284608843003139770e-21
3.133799045123580072e+04 7.698015655989200048e-20 2.104487978469961040e-21
3.135598451355836005e+04 7.538767350290994319e-20 2.096058791018322394e-21
3.137397855820470068e+04 7.666328634638991761e-20 2.159420553460559662e-21
3.139197258510332176e+04 7.461120008767473841e-20 2.059164617608441212e-21
3.140996659418269701e+04 7.066012436034606599e-20 2.092216211891386839e-21
3.142796058536995042e+04 7.651963252513687679e-20 2.134315422606614561e-21
3.144595455859464710e+04 6.903978038898332149e-20 2.185409586814914567e-21
3.146394851378366002e+04 7.389160953959482534e-20 2.158268466395551143e-21
3.148194245086633964e+04 7.469587239837284958e-20 2.157875299679976967e-21
3.149993636977070855e+04 6.625015317010848481e-20 2.107648573428236200e-21
3.151793027042525136e+04 5.344970167024322472e-20 1.988070940461258162e-21
3.153592415275848907e+04 6.725623140072691925e-20 2.052690989982871418e-21
3.155391801669844426e+04 7.011613520528342809e-20 2.050112785485337625e-21
3.157191186217476570e+04 7.224959851737146065e-20 2.179035553163965981e-21
3.158990568911495939e+04 7.774361576561317757e-20 2.201212622299790844e-21
3.160789949744854312e+04 6.887033686992908949e-20 2.071525246555135903e-21
3.162589328710417249e+04 7.310002960779997298e-20 2.102308198699764765e-21
3.164388705800990647e+04 6.611012530610405124e-20 2.114038311529327422e-21
3.166188081009585221e+04 6.933170508302353667e-20 2.133892727444808087e-21
3.167987454328962122e+04 7.080804610321400332e-20 2.067558906129881952e-21
3.169786825752103323e+04 7.149262400187985254e-20 2.087497529546565903e-21
3.171586195271896577e+04 7.149507403555411693e-20 2.082973651168512982e-21
3.173385562881202713e+04 7.071444523097938326e-20 2.114713948527396502e-21
3.175184928573040452e+04 7.113278670549012221e-20 2.098319589242443805e-21
3.176984292340172397e+04 7.702818725653382072e-20 2.184448205533753395e-21
3.178783654175652555e+04 7.740935291259189150e-20 2.197019581665182621e-21
3.180583014072339211e+04 7.554516579506369503e-20 2.172774760454248936e-21
3.182382372023197604e+04 7.514013877208019561e-20 2.026806404656955394e-21
3.184181728025836128e+04 6.794313616228369759e-20 2.048657421583548781e-21
3.185981115778405365e+04 7.331428978343692666e-20 2.164857353795375488e-21
3.187780535906657678e+04 7.065578756852726595e-20 2.159149438589833743e-21
3.189579954060611635e+04 6.689726332884642876e-20 2.053794462132471959e-21
3.191379370233259033e+04 6.673243991394998017e-20 1.925364975927364492e-21
3.193178784417557472e+04 6.708506868772335836e-20 2.001160188520311825e-21
3.194978196606440906e+04 7.189419668519420241e-20 2.086893571535672562e-21
3.196777606792946608e+04 7.168977228726130148e-20 2.139110110687774087e-21
3.198577014970014352e+04 6.832657913945866261e-20 2.028284720469933849e-21
3.200376421130631206e+04 7.136630190618400935e-20 2.090890470045181663e-21
3.202175825267825348e+04 7.280343295921427074e-20 2.084930173113871043e-21
3.203975227374513270e+04 7.072543053859808524e-20 2.078157879182323717e-21
3.205774627443759891e+04 7.219165407399984291e-20 2.180367902836182836e-21
3.207574025468547552e+04 6.977365740042082457e-20 2.165654221283398885e-21
3.209373421441882601e+04 6.884966719532767242e-20 1.958131481606170594e-21
3.211172815356829960e+04 6.728203907726220555e-20 2.048475086928387999e-21
3.212972207206316671e+04 6.861805211678653648e-20 1.984979854822322114e-21
3.214771596983505151e+04 6.449470173486276362e-20 1.983220911758969857e-21
3.216570984681263144e+04 6.810552515977826984e-20 1.983655715377787121e-21
3.218370370292752705e+04 6.302585030983720268e-20 2.056380598959623723e-21
3.220169753810970360e+04 6.709519419897344329e-20 2.096624583250403995e-21
3.221969135228900632e+04 6.655940537267137097e-20 2.467716420716433761e-21
3.223768514539768876e+04 6.680405142038592684e-20 2.224455945168255142e-21
3.225567891736452657e+04 6.184993814889370714e-20 1.993738619817520779e-21
3.227402422687047147e+04 6.791792793665271270e-20 2.047072256904123128e-21
3.229201798455488097e+04 7.146727255694785105e-20 2.117687241246934594e-21
3.231001171959871863e+04 7.426109355051666432e-20 2.141666530620215718e-21
3.232800543320546785e+04 6.814816931493995219e-20 1.990091369250848268e-21
3.234599912531871450e+04 6.580175801840846699e-20 1.982310573220530513e-21
3.236399279586932244e+04 6.209763483337635599e-20 1.959692459348175467e-21
3.238198644478826463e+04 6.204916076468032319e-20 2.007080385222966770e-21
3.239998007200632856e+04 6.422912579062049296e-20 2.047254226388732628e-21
3.241797367745444353e+04 5.898736922659557858e-20 1.930430833764282249e-21
3.243596726106402639e+04 6.695706795288361239e-20 2.053033295576665972e-21
3.245396082276655216e+04 6.597084918597077345e-20 1.975838570451099282e-21
3.247195436249260820e+04 7.399303875111042737e-20 2.042653888642149039e-21
3.248994788017358587e+04 7.625997077904859088e-20 2.140877242257484933e-21
3.250794137574102569e+04 8.120511363954069094e-20 2.253901809772036282e-21
3.252593484912562781e+04 8.592095244152486317e-20 2.203422523291859488e-21
3.254392830025951116e+04 9.607370701787102099e-20 2.245575914543111410e-21
3.256192172907420536e+04 8.605806554164230220e-20 2.285520059380249532e-21
3.257991513550031596e+04 8.661660857290426318e-20 2.134862955839057301e-21
3.259790851946992552e+04 8.262018741977308977e-20 2.159342144254746588e-21
3.261590188091501113e+04 8.613144421365329300e-20 2.206154258941844288e-21
3.263389521976685501e+04 8.658874551738001217e-20 2.246961406988459362e-21
3.265188853595675755e+04 8.399797702899697846e-20 2.104495753935147054e-21
3.266988182941720879e+04 8.906126219045025880e-20 2.209395959361519498e-21
3.268787510007980745e+04 1.016246020717791493e-19 2.425075860034104958e-21
3.270586834787581029e+04 1.231121363324454884e-19 2.546772530613421828e-21
3.272386157273793287e+04 1.372195644965252554e-19 2.673738173635019602e-21
3.274185477459742469e+04 1.284523291025711748e-19 2.539602771385709096e-21
3.275984795338726690e+04 1.081332706841475028e-19 2.303513539491060869e-21
3.277784110903835972e+04 8.751354306029919492e-20 2.156809342818407622e-21
3.279583424148338236e+04 7.656157034711566407e-20 2.257102638319661867e-21
3.281382735065485758e+04 7.693952393395360772e-20 2.147371401379440253e-21
3.283182043648402032e+04 6.993871890038790629e-20 1.970926513903852510e-21
3.284981349890377169e+04 7.289637866973665967e-20 2.128453337029888684e-21
3.286780653784674359e+04 6.790622496365255244e-20 2.095946528486415757e-21
3.288579955324465845e+04 7.524485076570228141e-20 2.158919663522131271e-21
3.290379254502970434e+04 6.981713260429673723e-20 2.035600865184969694e-21
3.292178551313518255e+04 6.400605069223948360e-20 1.788850219782670593e-21
3.293977845749297558e+04 7.010772565515416286e-20 1.796853605367938842e-21
3.295777137803608639e+04 6.780409716201858349e-20 1.972022417615844227e-21
3.297576427469660848e+04 6.502460521057858343e-20 2.027803744016967649e-21
3.299375714740752301e+04 6.839501448200909695e-20 1.976748167534998754e-21
3.301174999610161467e+04 6.976180130470993792e-20 1.952849649663716504e-21
3.302974282071127527e+04 7.066425926761314507e-20 1.960039099603154385e-21
3.304773562116962421e+04 7.098779061497307417e-20 2.033560513133602091e-21
3.306572839740927884e+04 7.292101202582407858e-20 2.042716254294708176e-21
3.308372114936304570e+04 6.777503100387716283e-20 1.944758695114251661e-21
3.310171387696454622e+04 7.111174260218575707e-20 1.942168975067874450e-21
3.311970658014634682e+04 6.935336033004804013e-20 1.898610737013007536e-21
3.313769925885380508e+04 6.870154126095820437e-20 1.986282767756755023e-21
3.315569191425367171e+04 6.614933200155640969e-20 1.954408785167982805e-21
3.317403744069943787e+04 6.784472463491434571e-20 2.065188178706241827e-21
3.319203007214472746e+04 6.685824516776949626e-20 1.999497108029892180e-21
3.321002267882995511e+04 6.610828079262734538e-20 2.044278256886112715e-21
3.322801526068884414e+04 6.297317164150936349e-20 1.976899611775821886e-21
3.324600781765469583e+04 6.782182354853987721e-20 1.989654003567102490e-21
3.326400034966027306e+04 6.741618361828449407e-20 1.954865973257037193e-21
3.328199285663964838e+04 7.528048825248235450e-20 2.087819108712653650e-21
3.329998533852634137e+04 7.424726531746520350e-20 2.102703562340710104e-21
3.331797779525336955e+04 7.355485038620688274e-20 2.000551995667804893e-21
3.333597022675528569e+04 7.139470202891341085e-20 1.942578086288994482e-21
3.335396263296456891e+04 6.699810671733820847e-20 1.933973648206070461e-21
3.337195501381536451e+04 7.318208397753708511e-20 1.979360427357521222e-21
3.338994736924211611e+04 7.399522755795906583e-20 1.951614887634027372e-21
3.340793969917688810e+04 7.562551361118226070e-20 1.994918937063993270e-21
3.342593200355586305e+04 7.122691840280982133e-20 1.943285949318979332e-21
3.344392428231093800e+04 7.304638668290084248e-20 1.991093868178790741e-21
3.346191653537671664e+04 6.992410389972235045e-20 1.852792035190384794e-21
3.347990876268788270e+04 6.671367532341269513e-20 1.896394881584906776e-21
3.349790096417730820e+04 7.155862798502556144e-20 1.949235788099356040e-21
3.351589313977944403e+04 7.066944133405586433e-20 2.026744345439379038e-21
3.353388528942909034e+04 7.864591511174429402e-20 2.059188860373620462e-21
3.355187741305933741e+04 6.971034608970217096e-20 1.914516039706728018e-21
3.356986951060510182e+04 6.438335980540142546e-20 1.813225770459709443e-21
3.358786158200080536e+04 6.204092809339727664e-20 1.796110243306551831e-21
3.360585362717999669e+04 6.663894990898810739e-20 1.851519801304004825e-21
3.362384564607808716e+04 6.420661148025948062e-20 1.820937896964407856e-21
3.364183763862826891e+04 7.159351503180793725e-20 1.852556780330318936e-21
3.365982960476581502e+04 6.976529483765287738e-20 1.851288030597231094e-21
3.367782154442567116e+04 6.929462870755391969e-20 1.925344984765242370e-21
3.369581345754076756e+04 6.714394362210768581e-20 1.851223124738525828e-21
3.371380534404739592e+04 7.040969787106648964e-20 1.878444505434858142e-21
3.373179720387959242e+04 6.141007680004976119e-20 1.788316441730485852e-21
3.374978903697129863e+04 6.167009644447446837e-20 1.822849629519399636e-21
3.376778084325874079e+04 6.421924794750280665e-20 1.936221150145207998e-21
3.378577262267563492e+04 6.347326023869768296e-20 1.885515580324273408e-21
3.380376437515739963e+04 6.392356368389442190e-20 1.852411277179398396e-21
3.382175610063815111e+04 6.008944666086772234e-20 1.885416007254663673e-21
3.383974779905350442e+04 6.756614759051026027e-20 1.907610046336548227e-21
3.385773947033820878e+04 6.717521570258837870e-20 1.894093781033265649e-21
3.387573111442763911e+04 6.256105877332112610e-20 1.785812679493524948e-21
3.389372273125600623e+04 6.584821127991363872e-20 1.823198006534386108e-21
3.391171432075924531e+04 5.604670304889347531e-20 1.805349831876121268e-21
3.392970588287268038e+04 5.696221703561931051e-20 1.805006319864223059e-21
3.394769741753076232e+04 3.861580975493844454e-20 1.604534452159403579e-21
3.396568892466958641e+04 6.407145504538246649e-20 1.877706506096536402e-21
3.398368040422394552e+04 6.591560893488973521e-20 1.870814370688680918e-21
3.400167185612870526e+04 6.564812818218026033e-20 1.824690033106312834e-21
3.401966328032044839e+04 6.575404697968133662e-20 1.868250491944391778e-21
3.403765467673353851e+04 6.322130716760273507e-20 1.787962092237563935e-21
3.405564604530413635e+04 6.345708966095318740e-20 1.844501132301414389e-21
3.407363738596755138e+04 6.486850439476775032e-20 1.826314753341764790e-21
3.409162869865936955e+04 6.485012639106953690e-20 1.854103734069086131e-21
3.410961998331575160e+04 6.302477822206906738e-20 1.815382499100836694e-21
3.412761123987198516e+04 6.561443917595157270e-20 1.777060902993854858e-21
3.414560246826374350e+04 6.647329902359440186e-20 1.777061041433355142e-21
3.416359366842659801e+04 6.671120656270604282e-20 1.807849178854002006e-21
3.418158484029725514e+04 6.603029987693852140e-20 1.861251342871859073e-21
3.419957598372673237e+04 5.982614542407969435e-20 1.775566510320259364e-21
3.421756643214690121e+04 6.041392024980886673e-20 1.781002154707997734e-21
3.423555680150526314e+04 6.473274560507214150e-20 1.794373576792117366e-21
3.425354714231792605e+04 5.990067886187636182e-20 1.773892493761625239e-21
3.427153745452129806e+04 6.340292026657223804e-20 1.749732430836777359e-21
3.428952773805090692e+04 6.183685832068182131e-20 1.688800916353367847e-21
3.430751799284354638e+04 6.155233899861032050e-20 1.734015166545483773e-21
3.432550821883536264e+04 6.356507712535460555e-20 1.795716486941972002e-21
3.434349841596154147e+04 6.344769442464784196e-20 1.797103859604963523e-21
3.436148858415986615e+04 6.453392026905733477e-20 1.842881197622116209e-21
3.437947872336646833e+04 6.246527721361539666e-20 1.799694979068060363e-21
3.439746883351625729e+04 6.422840412663178231e-20 1.832187768060689798e-21
3.441545891454725643e+04 6.388542664954248919e-20 1.795748518904272689e-21
3.443344896639553190e+04 5.825541781516874377e-20 1.690176554229254211e-21
3.445143898899701890e+04 5.495156665552416618e-20 1.691247531979790809e-21
3.446942898228902050e+04 6.005855126978848336e-20 1.721840230143608112e-21
3.448741894620806124e+04 5.792495800980485746e-20 1.708423256455324633e-21
3.450540888069050561e+04 6.100069699896743498e-20 1.653931124100959225e-21
3.452339878567346022e+04 6.508701599635848779e-20 1.707699326196525219e-21
3.454138866109310766e+04 6.105100223748387370e-20 1.689701134575711941e-21
3.455937850688641629e+04 6.514177999277394913e-20 1.763864283321891235e-21
3.457736832299083471e+04 6.314052161211081502e-20 1.744748592972892611e-21
3.459535810934285109e+04 6.460797609576950721e-20 1.762998078732431319e-21
3.461334786587902636e+04 6.314365731639568508e-20 1.745110586511401305e-21
3.463133759253728931e+04 6.709516756444788690e-20 1.772498158578247188e-21
3.464932728925365518e+04 6.528313359325221269e-20 1.791160976053562819e-21
3.466731695596591453e+04 5.975249171312864563e-20 1.685448783352174844e-21
3.468530659261081746e+04 6.077320447550489874e-20 1.721300339771665764e-21
3.470329619912540511e+04 5.915078523279579421e-20 1.705118544712233426e-21
3.472128577544768632e+04 6.210364904679696285e-20 1.734742929294553219e-21
3.473927532151421474e+04 6.127902761256567016e-20 1.760953369568816709e-21
3.475726483726179140e+04 6.093396849275892126e-20 1.750181307644944622e-21
3.477525432262894901e+04 6.359663479392252184e-20 1.751597983686156444e-21
3.479359895910976047e+04 6.480867289997410259e-20 1.762612776118070891e-21
3.481158840962757677e+04 6.227978456335748822e-20 1.731335371832398388e-21
3.482957782955999573e+04 6.139913030363724174e-20 1.732774875239708968e-21
3.484756721885578008e+04 6.145906061091757234e-20 1.753231259500412836e-21
3.486555657745243661e+04 6.087334660482480736e-20 1.708340349036704981e-21
3.488354590528829431e+04 6.331925273095655006e-20 1.591136434099299501e-21
3.490153520229974674e+04 6.065466027690633042e-20 1.575942537742195941e-21
3.491952446842537029e+04 6.510087439487180102e-20 1.726529786541097388e-21
3.493751370360333385e+04 5.918399791529208397e-20 1.748358011383912769e-21
3.495550290777048940e+04 6.159302039563330490e-20 1.809423128710430949e-21
3.497349208086491853e+04 6.335544578759411471e-20 1.847413136875319952e-21
3.499148122282483382e+04 6.339105972125289689e-20 1.756944175119785699e-21
3.500947033358796034e+04 6.366459505773933748e-20 1.897051647264720414e-21
3.502745941309232876e+04 6.036748542817861617e-20 1.767648348172720553e-21
3.504544846127577330e+04 6.145663222807723807e-20 1.776077957039545138e-21
3.506343747807663021e+04 6.057138256424800050e-20 1.668348819242861365e-21
3.508142646343280649e+04 5.576719805658481415e-20 1.728965223951809902e-21
3.509941541728287848e+04 5.675401210950988663e-20 1.727109193894925889e-21
3.511740433956447669e+04 5.901823105783895685e-20 1.723934237920613952e-21
3.513539323021600285e+04 5.693152884020963713e-20 1.756752129950553643e-21
3.515338208917595330e+04 6.111671778292932366e-20 1.735206911663468653e-21
3.517137091638281709e+04 6.002329452378908961e-20 1.704423447829595615e-21
3.518935971177391184e+04 5.792819610921157539e-20 1.657346338935767036e-21
3.520734847528885439e+04 5.995616852740380904e-20 1.736677602275860270e-21
3.522533720686567540e+04 5.838182771906295935e-20 1.764047649885259902e-21
3.524332590644308220e+04 6.076433174341772083e-20 1.717327721118292587e-21
3.526131457395922189e+04 5.801621512444517531e-20 1.752720990108439203e-21
3.527930320935248892e+04 6.059878267971529263e-20 1.787089809971178302e-21
3.529729181256212905e+04 5.562408307078224476e-20 1.702791368521463864e-21
3.531528038352711155e+04 5.794904879723628133e-20 1.699203918360108999e-21
3.533326892218525609e+04 6.199955283229250289e-20 1.794368614925027284e-21
3.535125742847524089e+04 5.739616319948904511e-20 1.733984618499375985e-21
3.536924590233687923e+04 5.624359834818055191e-20 1.714940276910082424e-21
3.538723434370877658e+04 5.248089402382259129e-20 1.730874768611518688e-21
3.540522275252873078e+04 5.598188948229389522e-20 1.768735346060561681e-21
3.542321112873684615e+04 5.608753919121346238e-20 1.719369936349739418e-21
3.544119947227207012e+04 5.576032646805675702e-20 1.722484544303691513e-21
3.545918778307276807e+04 5.937632074274132887e-20 1.821964206444528258e-21
3.547717606107855681e+04 5.924524855856975237e-20 1.803859698297690375e-21
3.549516430622813641e+04 5.912284637638872136e-20 1.668093678564024710e-21
3.551315251846085448e+04 5.390580493082882299e-20 1.634769379935032564e-21
3.553114069771632057e+04 5.723572813676532933e-20 1.681426722576334977e-21
3.554912884393314016e+04 5.716881542389879724e-20 1.701572733532602925e-21
3.556711695705049351e+04 5.538535710084924151e-20 1.724853809348655320e-21
3.558510503700810659e+04 5.410805571185244276e-20 1.687592749552658131e-21
3.560309308374551620e+04 5.613855403536158434e-20 1.703092768540598976e-21
3.562108109720214270e+04 5.427736341487214307e-20 1.674758162244820149e-21
3.563906907731673709e+04 5.615360297690096250e-20 1.691813385485131593e-21
3.565705702402944007e+04 5.780478505631788674e-20 1.717734210737343184e-21
3.567504493727955560e+04 5.497816228907828845e-20 1.664827416510416285e-21
3.569303281700691878e+04 5.508069038307705807e-20 1.640750939092084646e-21
3.571102066315078264e+04 5.253081584493291448e-20 1.816617710162414556e-21
3.572900847565061122e+04 5.861484629735677870e-20 1.669546815506889549e-21
3.574699625444697449e+04 5.598799032469970940e-20 1.600567783512095636e-21
3.576498399947903090e+04 5.810720686846151100e-20 1.662346730493926036e-21
3.578297171068647003e+04 6.020419822976838913e-20 1.722068851644118678e-21
3.580095938802026649e+04 5.699116614586797134e-20 1.699169529654847410e-21
3.581930369149515900e+04 5.771086800418847909e-20 1.736296664693603739e-21
3.583729132665512589e+04 5.803198600371961399e-20 1.696654448038143744e-21
3.585527892774565407e+04 5.654899175691958758e-20 1.600669184639803535e-21
3.587326649470533448e+04 5.185422512951971014e-20 1.581584988591563886e-21
3.589125402747516637e+04 5.474359622969363836e-20 1.683866577157917627e-21
3.590924152599583613e+04 5.507730322135037373e-20 1.650035886940824920e-21
3.592722899020613841e+04 5.708706328693232938e-20 1.588306171421732112e-21
3.594521642004718888e+04 5.671153992290263503e-20 1.633187122781604148e-21
3.596320381545868440e+04 5.950014602693668887e-20 1.620206175150166925e-21
3.598119117638120952e+04 5.745246198795347720e-20 1.677464833021014936e-21
3.599917850275521778e+04 5.951945096970806290e-20 1.683245265260846822e-21
3.601716579452042788e+04 5.804153547391895062e-20 1.726555935380136077e-21
3.603515305161837023e+04 6.060364858765277079e-20 1.771387444494855360e-21
3.605314027398736653e+04 5.673134339279787143e-20 1.710037490460783916e-21
3.607112746157009678e+04 5.899418451331961916e-20 1.769145591241649664e-21
3.608911461430634517e+04 5.985447513772412866e-20 1.758119050709449548e-21
3.610710173213640519e+04 6.117080216356733776e-20 1.736190670642356118e-21
3.612508881500067946e+04 5.975001432732683406e-20 1.741249115406939974e-21
3.614307586284006538e+04 6.162066572646804461e-20 1.706820657199708899e-21
3.616106287559538032e+04 6.538887022070143945e-20 1.778830527610680276e-21
3.617904985320706328e+04 6.035057490976890523e-20 1.735269421453140541e-21
3.619703679561654280e+04 6.032855164979340224e-20 1.699374712965872204e-21
3.621502370276353759e+04 6.454634602886306233e-20 1.678222360165291005e-21
3.623301057458962896e+04 6.267224459237003087e-20 1.687062576275831676e-21
3.625099741103564884e+04 5.940537450915222005e-20 1.696385420326224514e-21
3.626898421204261103e+04 5.520987118842049950e-20 1.639177036930076037e-21
3.628697097755062714e+04 6.074503172490125924e-20 1.721842682156763745e-21
3.630495770750164957e+04 6.026981676026937438e-20 1.662395651349636799e-21
3.632294440183651750e+04 6.312509324577006997e-20 1.687302400580490756e-21
3.634093106049603375e+04 6.220234349186288486e-20 1.706905064328831429e-21
3.635891768342161231e+04 6.550250512105532055e-20 1.750203533646930876e-21
3.637690427055392502e+04 6.085595412224992421e-20 1.665727010800674514e-21
3.639489082183436403e+04 5.907468309819057005e-20 1.632413775715866950e-21
3.641287733720501274e+04 6.075043651405799507e-20 1.693564326634610361e-21
3.643086381660660845e+04 5.965214387907121187e-20 1.668014269476388152e-21
3.644885025997996854e+04 5.825355885100988187e-20 1.710379183694740217e-21
3.646683666726668889e+04 5.626476295018906405e-20 1.618702387877523263e-21
3.648482303840847453e+04 5.790779784031699566e-20 1.617784049683327743e-21
3.650280937334687769e+04 5.580726715292966290e-20 1.594340188788524070e-21
3.652079567202270118e+04 6.213820061688422987e-20 1.709887635047620671e-21
3.653878193440027826e+04 5.802075397935486699e-20 1.639937363536981767e-21
3.655676834297650930e+04 5.432494813512798902e-20 1.690635210106738941e-21
3.657475507342253695e+04 5.732320814344564571e-20 1.703871743118473459e-21
3.659274176737062226e+04 5.573882036517814625e-20 1.659613878576852780e-21
3.661072842476145888e+04 4.717139968920598278e-20 1.597401743754922771e-21
3.662871504553520936e+04 5.664937066410228426e-20 1.662558645890069317e-21
3.664670162963606708e+04 5.763317961731173629e-20 1.622746313092187327e-21
3.666468817700460204e+04 6.048493583073053904e-20 1.660096043029086229e-21
3.668267468758339237e+04 6.044948029637206325e-20 1.687175246896710047e-21
3.670066116131270974e+04 5.559813957403404955e-20 1.588357941978909261e-21
3.671864759813622368e+04 5.968639311215548289e-20 1.659555471114285077e-21
3.673663399799536273e+04 5.841737426307124662e-20 1.573415437291878959e-21
3.675462036083148996e+04 5.898022517950885399e-20 1.583300036897693138e-21
3.677260668658745271e+04 5.893745038263116305e-20 1.660189592248321054e-21
3.679059297520534892e+04 6.245325525960034315e-20 1.643835907470488803e-21
3.680857922662644705e+04 5.907412298960321490e-20 1.689055793425206409e-21
3.682656544079320884e+04 5.929123710456285332e-20 1.546642121187044401e-21
3.684455161764907825e+04 4.474167221866868317e-20 1.339395216133997904e-21
3.686253775713477080e+04 5.895387328629013497e-20 1.465846739005090979e-21
3.688052385919283552e+04 6.079469392818369564e-20 1.616578744245981054e-21
3.689850992376574868e+04 5.878824056884830269e-20 1.697867320937400201e-21
3.691649595079659048e+04 5.818262423668930228e-20 1.690210772980304057e-21
3.693448194022670941e+04 5.405031231268875279e-20 1.692018381700493876e-21
3.695246789199894556e+04 5.664627733038894188e-20 1.665569751455119529e-21
3.697045380605604441e+04 5.561261825144105335e-20 1.608504463750691479e-21
3.698843968233968917e+04 5.959344816072705467e-20 1.626024900937863557e-21
3.700642552079311281e+04 5.835566930819890600e-20 1.629300095762091020e-21
3.702441132135888620e+04 5.919680158049465909e-20 1.499122406551755839e-21
3.704239708397991490e+04 6.297916424556694529e-20 1.603785319772249603e-21
3.706038280859783117e+04 5.927340492357409583e-20 1.610022896809037995e-21
3.707836849515591894e+04 5.543912488459889148e-20 1.606400739616718884e-21
3.709635414359762945e+04 6.160345640021644387e-20 1.727141452035296443e-21
3.711433975386438397e+04 6.007506958547269862e-20 1.730680681800741612e-21
3.713232532590020855e+04 6.128509791525439086e-20 1.663372008352906311e-21
3.715031085964756494e+04 5.979319309454082755e-20 1.635342799013532836e-21
3.716829635504898761e+04 5.661424849521314643e-20 1.585497788606249501e-21
3.718628181204757129e+04 5.666464260672128756e-20 1.564414956908508099e-21
3.720426723058631615e+04 5.822419978900373175e-20 1.674008866366794072e-21
3.722225261060914636e+04 5.899940269766816063e-20 1.727646042634905307e-21
3.724023795205767965e+04 5.886833332869263768e-20 1.680098050204186658e-21
3.725822325487527269e+04 6.088080525216743844e-20 1.738870026575768753e-21
3.727620851900570415e+04 5.921956266459186129e-20 1.677786305729481832e-21
3.729419374439220701e+04 5.930124505507451299e-20 1.672606051764657545e-21
3.731217893097699562e+04 5.473501824562703961e-20 1.613638157352596081e-21
3.733016407870477997e+04 5.886781028505091130e-20 1.667142904359657706e-21
3.734814918751718506e+04 6.023510664709949077e-20 1.675726006808957600e-21
3.736613425735857891e+04 6.035657318341650461e-20 1.657526342758071398e-21
3.738411928817177250e+04 6.078435659795249022e-20 1.654794682103626164e-21
3.740210427990112657e+04 5.963751529888627693e-20 1.607811528074482407e-21
3.742008923248943029e+04 5.898417886676630653e-20 1.608645814222404424e-21
3.743807414587952371e+04 5.890893264638820950e-20 1.672845108422722147e-21
3.745605902001563663e+04 5.824439748246830440e-20 1.658490031256081354e-21
3.747404385484183149e+04 5.689060666583884566e-20 1.637467191061848092e-21
3.749202865030026442e+04 5.907865627733025359e-20 1.674794350216376974e-21
3.751001340633612563e+04 5.861368552990385360e-20 1.667232173520827970e-21
3.752799812289184047e+04 5.973111029216758516e-20 1.683037346721214310e-21
3.754598279991168238e+04 5.255540081063254442e-20 1.589479335450229658e-21
3.756396743733892072e+04 5.788030365395086863e-20 1.666060534401025681e-21
3.758195203511780710e+04 6.035939120451679305e-20 1.661091897843347110e-21
3.759993659319227299e+04 5.694803017749026207e-20 1.650852087359801651e-21
3.761792111150670826e+04 5.748027160491857564e-20 1.593154333303372365e-21
3.763590559000263602e+04 5.605080004026676955e-20 1.550561288837256307e-21
3.765389002862616326e+04 5.598925385605190924e-20 1.654503444025408136e-21
3.767187442732085765e+04 5.825434383772545270e-20 1.579826743335028964e-21
3.768985878603022138e+04 5.542086806706952705e-20 1.507256731077436243e-21
3.770784310469845514e+04 5.082411432246585052e-20 1.378850041621160120e-21
3.772582738327090192e+04 5.593335398781424449e-20 1.497553663981469641e-21
3.774381162168901938e+04 5.481167919517710954e-20 1.630056160493991511e-21
3.776179581989855069e+04 5.732225943846160470e-20 1.657232134032176092e-21
3.777977997784378385e+04 5.972935195084381861e-20 1.622362501015005647e-21
3.779812349531718792e+04 5.476754415730699478e-20 1.610585176494129497e-21
3.781610759869965113e+04 5.718846082629008528e-20 1.643549929008720639e-21
3.783409166075557732e+04 5.607979776274316927e-20 1.652622123429215327e-21
3.785207568230917968e+04 5.623090122742023130e-20 1.577297545258572906e-21
3.787005966331542004e+04 5.624117033785452637e-20 1.644431521717964078e-21
3.788804360371854273e+04 5.740538952968396258e-20 1.645255822434315597e-21
3.790602750346245011e+04 5.596095515835275651e-20 1.554588430659960908e-21
3.792401136249247065e+04 5.241431013260726277e-20 1.535119262726104429e-21
3.794199518075237575e+04 5.515165695209590665e-20 1.614384490806555529e-21
3.795997895818622055e+04 5.537987189210426727e-20 1.611209468260700726e-21
3.797796269473974098e+04 5.269802616626226172e-20 1.589753817883667688e-21
3.799594639035705040e+04 5.536279787146604987e-20 1.602516493330510142e-21
3.801393004498288792e+04 5.367745036631554032e-20 1.656415673153960917e-21
3.803191365856283664e+04 5.447782298291821639e-20 1.625288369799448973e-21
3.804989723103954748e+04 5.508745050764402664e-20 1.660897287517999954e-21
3.806788076235896006e+04 5.143927515484373201e-20 1.623339840605458202e-21
3.808586425246573344e+04 5.347517629095677700e-20 1.644350154110323800e-21
3.810384770130527613e+04 5.521717364973803756e-20 1.671718790906394607e-21
3.812183110882216715e+04 5.624676617684945797e-20 1.582187209257533276e-21
3.813981447496067267e+04 5.365336760375257379e-20 1.598018089282565093e-21
3.815779779966732895e+04 5.386985728441114720e-20 1.593540475492591688e-21
3.817578108288503427e+04 5.137667971224230844e-20 1.581913506966959591e-21
3.819376432455935719e+04 5.316711971196218736e-20 1.557536255892333256e-21
3.821174752463641926e+04 5.243654556335019943e-20 1.588140707413889820e-21
3.822973068306045752e+04 5.516820760912790598e-20 1.624182108982666049e-21
3.824771379977718607e+04 5.508372678542361012e-20 1.638736657802686879e-21
3.826569687473215163e+04 5.516161281202442816e-20 1.624704145869374108e-21
3.828367990786850714e+04 5.296698734395556189e-20 1.596982022879082878e-21
3.830166289913265064e+04 5.207241760724120536e-20 1.653228558868095772e-21
3.831964584847056540e+04 5.166330791020755892e-20 1.573441598742929135e-21
3.833762875582664128e+04 5.155774958919389294e-20 1.589367542057468620e-21
3.835561162114643957e+04 4.960538549826824069e-20 1.591217272146555494e-21
3.837359444437637285e+04 4.392871902754103156e-20 1.536659702947240182e-21
3.839157722546072910e+04 4.770109338923311997e-20 1.637102635049387187e-21
3.840955996434405097e+04 5.209314531573072336e-20 1.605033596380765290e-21
3.842754266097358050e+04 5.661661026499794411e-20 1.653989569776378418e-21
3.844552531529395492e+04 5.584241702888165886e-20 1.639570311440592242e-21
3.846350792725074280e+04 5.379670316740209927e-20 1.589606245978499404e-21
3.848149049679004384e+04 5.406899421603091064e-20 1.566460067027501651e-21
3.849947302385791409e+04 5.254777068734886275e-20 1.593069719754034213e-21
3.851745550839781936e+04 5.440676608054827021e-20 1.631743056110314224e-21
3.853543795035711810e+04 5.640510027329426317e-20 1.656349997446496074e-21
3.855342034968117514e+04 5.718547796335305641e-20 1.622394810241335469e-21
3.857140270631593012e+04 5.490800594665543031e-20 1.610061408605591770e-21
3.858938502020710439e+04 5.578014973056625931e-20 1.713514243734274474e-21
3.860736729130121239e+04 5.354175300640149714e-20 1.576294212399094410e-21
3.862534951954286953e+04 5.338700930174288196e-20 1.582425856521690116e-21
3.864333170487829193e+04 4.820635845414638297e-20 1.594998827811265067e-21
3.866131384725357202e+04 4.876082677209404779e-20 1.547491729667704357e-21
3.867929594661474403e+04 4.812621142523362273e-20 1.587463747831863116e-21
3.869727800290758023e+04 5.169050296926252726e-20 1.663306369484861345e-21
3.871526001607890794e+04 5.503439772145988520e-20 1.665057931726958625e-21
3.873324198607482685e+04 5.652274998449669905e-20 1.669261122281437654e-21
3.875122391283939942e+04 5.004223915713242270e-20 1.529860999234951840e-21
3.876920579632030422e+04 5.630225015761727631e-20 1.647669573806636910e-21
3.878718763646380830e+04 5.922690555417413830e-20 1.680202632578202684e-21
3.880516943321576400e+04 5.606101184308114572e-20 1.641087497508744258e-21
3.882315118652219098e+04 6.040306540242072707e-20 1.742405533781893632e-21
3.884113289633065870e+04 5.826595592007951830e-20 1.617361037307800532e-21
3.885911456258636463e+04 5.945204385752197094e-20 1.720171635960577989e-21
3.887709618523561949e+04 5.791497089828172936e-20 1.663318986222916766e-21
3.889507776458296576e+04 5.793387005763091968e-20 1.734661297422701223e-21
3.891305933545061271e+04 5.501219994382054755e-20 1.605292906519291762e-21
3.893104087853935926e+04 5.724915753883221180e-20 1.697199416011266178e-21
3.894902237796406553e+04 5.425517857262097850e-20 1.604044004015028212e-21
3.896700383351511118e+04 5.626992861495082780e-20 1.600284923578770783e-21
3.898498524513809389e+04 5.519180281521682961e-20 1.527206826516931823e-21
3.900296661277995008e+04 5.584282466119722714e-20 1.589824710279571038e-21
3.902094793638649571e+04 5.086979838600947296e-20 1.566574519287162278e-21
3.903892921590463084e+04 5.557634281914877542e-20 1.616302008499186325e-21
3.905691045128195401e+04 5.531824776700819130e-20 1.512761931540868501e-21
3.907489164247284498e+04 5.265757799085899572e-20 1.549385238627086456e-21
3.909323399636966496e+04 5.751416437515409647e-20 1.643315108009600255e-21
3.911121512391218857e+04 5.424045159607339190e-20 1.685172712287584599e-21
3.912919620709693845e+04 5.504504670716128057e-20 1.598870206512235244e-21
3.914717724586885743e+04 5.455843640512138421e-20 1.658744344096459340e-21
3.916515824017606792e+04 5.474538461060187244e-20 1.615333566779793705e-21
3.918313918996438588e+04 5.532035066077323377e-20 1.616664159338310235e-21
3.920112009518215928e+04 4.904421434718600678e-20 1.572024938638926216e-21
3.921910095577593893e+04 5.175220937148582806e-20 1.608547592678093920e-21
3.923708177169213741e+04 5.208669262944581316e-20 1.640987466794158883e-21
3.925506254287852062e+04 5.126800801032277291e-20 1.579258320810196167e-21
3.927304326928205410e+04 4.705579299638062255e-20 1.587061887829167849e-21
3.929102395084943419e+04 5.066135272845492251e-20 1.624569716241161429e-21
3.930900458752769191e+04 4.995477436166756078e-20 1.567631552351791321e-21
3.932698517926377099e+04 5.033899726575377915e-20 1.517577119251657524e-21
3.934496572600601212e+04 5.405254091729391741e-20 1.617538736481653150e-21
3.936294622770124261e+04 5.279203789423407344e-20 1.571393005427864681e-21
3.938092668429632613e+04 5.574015760972372955e-20 1.651502921246814504e-21
3.939890709573893400e+04 5.581231939327885778e-20 1.648149160956485733e-21
3.941688746197603905e+04 5.104802734210908119e-20 1.533362996418373317e-21
3.943486778295580734e+04 5.714504568276449714e-20 1.652098463725235822e-21
3.945284805862418580e+04 5.418973407735531900e-20 1.585760698446541902e-21
3.947082828892950056e+04 5.733436276038132992e-20 1.613611578515941811e-21
3.948880847381935018e+04 5.455682342019983962e-20 1.611287887495460334e-21
3.950678861324086756e+04 4.993634333873758917e-20 1.563795405581043803e-21
3.952476870714186225e+04 4.425032235898693030e-20 1.721768039979416350e-21
3.954274875547082047e+04 4.562635815609395081e-20 1.769634475059474888e-21
3.956072875817332533e+04 4.126917981632113135e-20 1.591348011555830147e-21
3.957870871519821230e+04 4.736332819855368447e-20 1.596084184212915399e-21
3.959668862649270159e+04 5.449234813310983493e-20 1.641439419088152289e-21
3.961466849200454453e+04 5.440749524806630737e-20 1.621392343002439859e-21
3.963264831168132514e+04 5.163379902996625313e-20 1.588140693196237686e-21
3.965062808547163877e+04 4.853229567093692063e-20 1.593430395269337666e-21
3.966860781332252373e+04 5.549134269320432445e-20 1.640801472249752670e-21
3.968658749518200057e+04 5.241724421171570721e-20 1.616653343043495055e-21
3.970456713099858462e+04 5.258872083775039532e-20 1.583760752749384838e-21
3.972254672071924870e+04 5.073943699069413786e-20 1.649002713546621921e-21
3.974052626429115480e+04 5.038040768424824691e-20 1.587402524264670872e-21
3.975850576166380779e+04 5.135965774743331178e-20 1.590582696770538145e-21
3.977648521278428962e+04 5.349597459856688649e-20 1.625127192232168471e-21
3.979446461760106467e+04 5.711754905036802293e-20 1.619696026472048446e-21
3.981244397606141138e+04 5.208654727714106734e-20 1.611906101705839272e-21
3.983042328811443440e+04 4.303582304802581846e-20 1.505932853895959285e-21
3.984840255370760860e+04 5.069045760541540146e-20 1.585512865771669431e-21
3.986638177279019874e+04 4.951394914964488043e-20 1.522125847809625400e-21
3.988436094530914124e+04 5.194098858637446438e-20 1.545845372817224956e-21
3.990234007121228933e+04 5.254539792007796460e-20 1.581383165415972903e-21
3.992031915044802736e+04 4.972104175939448605e-20 1.569035479735297139e-21
3.993829818296537997e+04 5.234497055486579467e-20 1.658279179273289268e-21
3.995627716871244775e+04 5.419178356885391426e-20 1.620277512998832613e-21
3.997425610763713485e+04 5.369006315224325471e-20 1.589240532820884599e-21
3.999223499968749820e+04 5.356037076705909645e-20 1.620495099094756445e-21
4.001021384481291170e+04 5.457481225702795373e-20 1.636866563398823430e-21
4.002819264296185429e+04 5.188372711557168117e-20 1.598153037116074518e-21
4.004617139408277581e+04 4.961781962731711033e-20 1.646775147052535406e-21
4.006415009812257631e+04 5.077588097706876619e-20 1.624388125999798459e-21
4.008212875502973475e+04 4.257499369859389371e-20 1.559002589355917923e-21
4.010010736475476733e+04 5.244677581152534572e-20 1.594196661923075684e-21
4.011808592724538175e+04 5.160515472384008504e-20 1.685263433330021372e-21
4.013606444244985323e+04 5.091891923534372752e-20 1.738478691789284035e-21
4.015404291031669709e+04 5.293137444425214353e-20 1.760517761650900728e-21
4.017202133079469058e+04 5.237726930602532934e-20 1.766909764052583380e-21
4.018999970383323671e+04 5.743647192358672637e-20 1.809169746116987590e-21
4.020797802938064706e+04 5.191071240643209133e-20 1.778895919397798913e-21
4.022595630738674663e+04 5.279814399297450451e-20 1.738100516861679787e-21
4.024393453779658739e+04 4.739560737456323847e-20 1.665316468322713456e-21
4.026191272056158050e+04 4.529561976303485022e-20 1.698593038619875639e-21
4.027989085563136177e+04 5.341564334541027905e-20 1.736427594479209655e-21
4.029786894295436650e+04 4.591789024654330659e-20 1.528392918834195474e-21
4.031584698247752385e+04 5.257099673924414314e-20 1.602139977467866904e-21
4.033382497415140097e+04 5.143456104439897583e-20 1.659409953185011002e-21
4.035180291792488424e+04 5.184043957364125792e-20 1.626641548595377333e-21
4.036978081374694739e+04 5.794537986867171239e-20 1.650977287737329608e-21
4.038775866156699340e+04 5.277053251587678411e-20 1.595096872605961700e-21
4.040573646133291913e+04 4.564597663080913099e-20 1.560649516554379501e-21
4.042371421299534268e+04 5.197766483874948017e-20 1.733776364676962293e-21
4.044169191650096764e+04 5.438254172461138376e-20 1.694513697204579115e-21
4.045966957180091413e+04 5.083735927580671047e-20 1.578120122302997551e-21
4.047764717884359561e+04 5.214625584255386080e-20 1.555460193020710006e-21
4.049562473757888802e+04 5.277036600405540970e-20 1.623780707691067324e-21
4.051360224795488466e+04 5.155312102639815452e-20 1.579629096092545658e-21
4.053157970992122137e+04 5.313189595265875476e-20 1.601645093535038053e-21
4.054955712342790503e+04 5.246259621961181121e-20 1.633352303827020361e-21
4.056753448842325452e+04 5.343195968534940669e-20 1.716613557743961577e-21
4.058551180485671648e+04 5.370326249325730823e-20 1.709190401408122859e-21
4.060348907267969480e+04 5.239717251442439835e-20 1.663634184521782226e-21
4.062146629183887126e+04 4.964756356913516203e-20 1.611295945991253168e-21
4.063944346228428185e+04 5.488456983904494876e-20 1.658305331411016004e-21
4.065742058396690118e+04 5.320865795200530952e-20 1.676174649740399623e-21
4.067539765683365840e+04 4.339640437692242359e-20 1.533287410155208644e-21
4.069337468083678687e+04 4.505320523283862983e-20 1.499902076152516862e-21
4.071135165592423436e+04 4.956127973560904490e-20 1.594133924633494857e-21
4.072932858204488002e+04 5.225710124387250794e-20 1.595548443754231155e-21
4.074730545914940012e+04 4.862821000509414195e-20 1.560129269224394813e-21
4.076528228718742321e+04 5.301107655290614051e-20 1.598730465398146825e-21
4.078325906610822130e+04 4.885253800857496647e-20 1.552530632136008250e-21
4.080123579586183041e+04 4.703281625891892532e-20 1.576415394819493727e-21
4.081921247639823559e+04 4.946010041945362286e-20 1.604699089369800110e-21
4.083718910766669433e+04 4.745194309615673169e-20 1.594462277395846037e-21
4.085516568961677694e+04 3.911566283366652036e-20 1.483213521470937846e-21
4.087314222219910880e+04 3.608854064553445071e-20 1.480392895744049438e-21
4.089111870536302740e+04 4.466848407958020311e-20 1.610184622949710581e-21
4.090909513905732456e+04 5.275141108335951059e-20 1.624328005185678222e-21
4.092707152323336777e+04 4.941287256814493137e-20 1.549960107735449823e-21
4.094504785784066917e+04 5.279126373183007415e-20 1.550776635216117724e-21
4.096302414282836253e+04 5.293845897630147585e-20 1.633158827772657213e-21
4.098100037814743700e+04 4.957147836617569267e-20 1.600298550037021502e-21
4.099897656374704820e+04 5.355362075352051626e-20 1.620335244604474643e-21
4.101695269957744313e+04 5.077432269020934981e-20 1.651433352396463782e-21
4.103492878558937082e+04 5.054540516717606838e-20 1.602874439978467847e-21
4.105290482173219061e+04 5.168105133527536522e-20 1.642122187949743888e-21
4.107088080795686983e+04 4.702438399751884144e-20 1.574236918140008558e-21
4.108885674421216390e+04 4.734114512512948371e-20 1.551237259876539842e-21
4.110683263044947671e+04 5.046261129422555038e-20 1.565906673775863972e-21
4.112480846661778924e+04 5.003301434949747418e-20 1.567731203710150300e-21
4.114278425266850536e+04 5.371522039221671892e-20 1.644230705825247060e-21
4.116075998855120997e+04 4.943798758659087286e-20 1.656641886430125734e-21
4.117873567421560438e+04 4.835620973029946712e-20 1.635228117827932517e-21
4.119671130961394374e+04 5.149919625721324912e-20 1.649779168589148917e-21
4.121468689469501260e+04 5.338004128636794645e-20 1.659470059582407727e-21
4.123266242940917436e+04 5.012965796046184219e-20 1.589427987031079077e-21
4.125063791517881327e+04 5.529555273627682733e-20 1.618673271130629969e-21
4.126861363891390647e+04 5.113108550869207309e-20 1.619388143745171641e-21
4.128658931218321959e+04 4.859176965211332666e-20 1.589777608538570030e-21
4.130456493488520209e+04 4.585047575197061494e-20 1.542121589631830457e-21
4.132254050697068305e+04 4.818166630400563399e-20 1.644814947126195713e-21
4.134051602838953113e+04 5.153026937804245812e-20 1.664477784036372343e-21
4.135849149909176049e+04 4.912576977505792867e-20 1.589926153227036665e-21
4.137646691902913153e+04 4.868377951223572951e-20 1.615355464742560666e-21
4.139444228815218230e+04 4.733804304375420458e-20 1.574213707794686812e-21
4.141241760641079600e+04 4.709934348538471889e-20 1.665307470863789987e-21
4.143039287375530694e+04 4.016439899516997887e-20 1.574449777910623699e-21
4.144836809013700986e+04 3.918380272823389285e-20 1.535837775088895530e-21
4.146634325550625363e+04 3.141942082102960665e-20 1.509120066290570946e-21
4.148431836981454398e+04 4.730771952475678338e-20 1.452125894678867214e-21
4.150229343301180779e+04 4.906242962806390203e-20 1.630840904329801667e-21
4.152026844505060581e+04 5.131716431114992216e-20 1.608150645889452194e-21
4.153824340587911865e+04 4.961673813529277848e-20 1.600268565979262686e-21
4.155621831544860470e+04 4.862675325280379272e-20 1.641652382840974160e-21
4.157419317371152283e+04 5.112510289787390103e-20 1.634066541622578814e-21
4.159216798061713052e+04 4.987476628990367321e-20 1.633071259237001472e-21
4.161014273611709359e+04 5.010543325182657030e-20 1.657079824998646295e-21
4.162811744016180455e+04 4.085737957929112247e-20 1.579734960510280597e-21
4.164609209270319843e+04 4.822714708868968318e-20 1.684153365777396443e-21
4.166406669369187875e+04 4.834775222194802018e-20 1.667622017285668896e-21
4.168204124307844177e+04 4.746243541516779225e-20 1.749504878557559158e-21
4.170001574081432045e+04 4.603279227700577783e-20 1.494327107624349037e-21
4.171799018685036572e+04 4.752183546546926664e-20 1.542558379790709601e-21
4.173596458113742119e+04 5.024047571266473450e-20 1.570766081035854214e-21
4.175393892362785846e+04 4.664112173504475974e-20 1.544151777332806070e-21
4.177191321427118964e+04 5.091306102356335812e-20 1.685268863514231596e-21
4.178988745301983727e+04 4.221589367813114932e-20 1.641401618244902799e-21
4.180822648805754579e+04 5.003196140338643360e-20 1.666061939740144834e-21
4.182620064717205969e+04 5.156742086121436589e-20 1.614162374666605883e-21
4.184417475423393626e+04 5.052822017257492230e-20 1.619947964007357052e-21
4.186214880920219730e+04 4.907273677752551847e-20 1.705956175458339575e-21
4.188012281202738086e+04 4.567648659485586643e-20 1.694973206101627153e-21
4.189809676266119641e+04 4.800797568888681272e-20 1.646742359420549432e-21
4.191607066105495323e+04 4.700279685616138011e-20 1.622240619114466204e-21
4.193404450716135034e+04 4.531805472225337198e-20 1.564229986326213213e-21
4.195201830092942691e+04 4.489029365448141947e-20 1.554766418576368390e-21
4.196999204231192562e+04 4.584531301152217315e-20 1.616730192863989303e-21
4.198796573126018484e+04 4.778107670983621923e-20 1.651390513315892526e-21
4.200593936772536108e+04 4.590242162951074820e-20 1.659826262802232825e-21
4.202391295165925112e+04 5.358034982889023861e-20 1.636533693944964819e-21
4.204188648301301146e+04 5.041535062731610844e-20 1.625908059324911718e-21
4.205985996173872263e+04 5.147789748921998980e-20 1.673500501897699569e-21
4.207783338778693724e+04 4.661987038565895066e-20 1.635871970766266004e-21
4.209580676111112552e+04 4.964271908233567547e-20 1.603332498890327782e-21
4.211378008166098880e+04 4.994438803425118132e-20 1.588161867016134085e-21
4.213175334938908054e+04 4.788603923631180497e-20 1.584939239174467232e-21
4.214972656424777233e+04 4.758912121002802637e-20 1.538479950185873054e-21
4.216769972618708562e+04 4.586088209625248654e-20 1.538607142128754279e-21
4.218567283515968302e+04 4.636072066520350895e-20 1.536902180207792030e-21
4.220364589111707028e+04 4.544083521038791179e-20 1.576332332655152761e-21
4.222161889401128428e+04 4.410244429161235913e-20 1.602377692833168974e-21
4.223959184379415819e+04 4.587732173523720132e-20 1.593377793841541818e-21
4.225756474041764886e+04 4.383712871752881028e-20 1.620605705028001880e-21
4.227553758383297099e+04 4.299121211987105885e-20 1.542605629515154288e-21
4.229351037399270717e+04 3.996825082581297689e-20 1.377563972551756572e-21
4.231148311084794841e+04 4.041194649517761153e-20 1.248670598388212270e-21
4.232945579435116815e+04 4.575846573283533494e-20 1.325164688221486753e-21
4.234742842445427959e+04 4.569949966347539748e-20 1.636961201417026219e-21
4.236540100110937783e+04 4.575106467553892824e-20 1.566469952778003761e-21
4.238337352426796861e+04 4.726532441419405452e-20 1.548168316799830013e-21
4.240134599388221977e+04 4.726428013367373315e-20 1.541179219633334775e-21
4.241931840990430646e+04 4.562160918896058821e-20 1.543362113951984647e-21
4.243729077228637470e+04 4.258880687755797791e-20 1.474316032045559043e-21
4.245526308098080335e+04 4.156822397156748508e-20 1.566054849144425326e-21
4.247323533593883622e+04 3.996197484652265365e-20 1.481480236364667182e-21
4.249120753711313591e+04 4.361473980063365310e-20 1.540177430769438495e-21
4.250917968445563747e+04 3.836471215436840726e-20 1.519591555870378330e-21
4.252715177791877795e+04 4.580066488080480365e-20 1.607130495134946556e-21
4.254512381745476159e+04 4.803824189741715862e-20 1.672519775841851668e-21
4.256309580301604728e+04 5.007367124550778712e-20 1.698002170310992919e-21
4.258106773455414805e+04 4.710802417831173958e-20 1.613445130164689736e-21
4.259903961202176288e+04 4.522366662725975632e-20 1.559821973906941919e-21
4.261701143537105963e+04 4.720246098306286058e-20 1.567090219392422977e-21
4.263498320455457724e+04 4.524854329872824875e-20 1.603797489136650063e-21
4.265295491952464363e+04 4.964721447277224500e-20 1.601096677360484387e-21
4.267092658023342665e+04 4.746382268995830785e-20 1.584995739373981463e-21
4.268889818663345068e+04 4.852636880808888085e-20 1.623258791624385069e-21
4.270686973867709457e+04 4.636428187831879302e-20 1.624746912246400294e-21
4.272484123631675175e+04 4.375643871462031667e-20 1.665430972324078455e-21
4.274281267950502661e+04 4.585810170830710503e-20 1.618894273815295839e-21
4.276078406819442898e+04 4.807920785529644115e-20 1.542084483919371305e-21
4.277875540233719221e+04 4.493519007987775645e-20 1.501350280615912949e-21
4.279672668188606622e+04 4.649363289916096113e-20 1.606245781428156304e-21
4.281469790679348807e+04 4.599081335795018114e-20 1.600460880844521222e-21
4.283266907701204764e+04 4.521756076667852818e-20 1.575312229441546953e-21
4.285064019249448756e+04 4.555003060165036772e-20 1.520296058906195955e-21
4.286861125319340499e+04 4.981321065625356188e-20 1.635412949859988216e-21
4.288658225906123698e+04 4.832182404709616223e-20 1.631356555467390751e-21
4.290455321005082078e+04 4.385329999319438104e-20 1.557687459433499321e-21
4.292252410611473897e+04 4.773681955267758908e-20 1.495749186230031005e-21
4.294049494720571238e+04 4.984024197638173500e-20 1.653621854240628192e-21
4.295846573327663646e+04 4.726830570803821549e-20 1.647800949037697916e-21
4.297643646428024658e+04 5.293052219693925493e-20 1.667815023244862530e-21
4.299440714016867423e+04 5.084712635209032852e-20 1.653044190096499680e-21
4.301237776089571707e+04 4.748734039302644146e-20 1.499785978956981288e-21
4.303034832641373941e+04 4.442932213234787297e-20 1.465766168222047090e-21
4.304831883667553484e+04 3.975752890429649768e-20 1.489926177411383849e-21
4.306628929163410794e+04 4.186740856208930994e-20 1.531018114762949173e-21
4.308425969124199037e+04 4.297009990921792956e-20 1.630193825020046310e-21
4.310223003545265965e+04 4.061982632488226940e-20 1.590697024639948925e-21
4.312020032421877113e+04 4.541304743083429433e-20 1.657132026628980244e-21
4.313817055749334395e+04 4.296397632389686543e-20 1.538987371947255281e-21
4.315614073522912804e+04 3.978728741959342089e-20 1.634823392409080408e-21
4.317411085737898247e+04 4.652102206492306036e-20 1.735546655115465261e-21
4.319208092389629746e+04 4.702572681297105587e-20 1.579436456630161671e-21
4.321005093473443412e+04 4.916433373047526739e-20 1.607999978048852367e-21
4.322802088984600414e+04 5.181918001052432475e-20 1.720930163311929868e-21
4.324599078918423038e+04 5.326239990277563849e-20 1.679682794856749773e-21
4.326396063270159357e+04 5.041875276857421338e-20 1.730977902192340577e-21
4.328193042035185499e+04 4.847062721839413210e-20 1.681306066202577370e-21
4.329990015208895056e+04 4.890715933611433932e-20 1.680661107215314420e-21
4.331786982786447334e+04 4.951169895832547041e-20 1.688987169734539342e-21
4.333583944763213367e+04 5.007555116138294172e-20 1.718172831045408709e-21
4.335380901134504529e+04 5.047194962579441430e-20 1.674261742636920149e-21
4.337177851895750791e+04 4.991834281922726159e-20 1.787124300333027345e-21
4.338974797042195860e+04 4.730714318599192640e-20 1.728466601502746810e-21
4.340771736569180939e+04 5.036135623998553243e-20 1.701224637401293808e-21
4.342568670472037047e+04 4.873369985814266080e-20 1.708817688839992700e-21
4.344365598746039177e+04 4.652407509614155169e-20 1.653100604047897439e-21
4.346162521386607114e+04 4.873237474274464520e-20 1.625762032335119887e-21
4.347959438389007846e+04 4.461229648176431942e-20 1.610817866606651621e-21
4.349756349748634966e+04 4.502512176621289055e-20 1.553959507790453222e-21
4.351553255460812215e+04 4.687634431052433355e-20 1.567748363186342554e-21
4.353350155520845146e+04 4.466819261928688660e-20 1.608342972254212357e-21
4.355147049924154271e+04 4.849532549921160610e-20 1.545452888264077862e-21
4.356943938666022586e+04 4.792381342726077489e-20 1.570884242621838192e-21
4.358740821640485228e+04 4.594745226350072126e-20 1.580626916441121972e-21
4.360537689011275506e+04 4.459703029630348632e-20 1.587845781738490162e-21
4.362334524537140533e+04 4.944091557763231777e-20 1.608212374941501349e-21
4.364131354110821121e+04 4.795825117667546523e-20 1.639277392766220970e-21
4.365928178000119806e+04 5.087248654322214288e-20 1.705091888304623250e-21
4.367724996200504393e+04 5.302749162222780308e-20 1.759512141771624357e-21
4.369521808707288437e+04 5.520020059586011831e-20 1.757328590475275384e-21
4.371318615515894635e+04 5.572745672910482047e-20 1.775660092724093739e-21
4.373115416621588520e+04 4.921844720805260767e-20 1.657310166159625756e-21
4.374912212019784783e+04 5.127064739623633871e-20 1.649763393580754388e-21
4.376709001706574054e+04 5.061160007037656753e-20 1.690332257437784126e-21
4.378505785742877197e+04 5.163632670759419835e-20 1.727154136709445247e-21
4.380339315572593478e+04 4.869129458629035120e-20 1.680709172020480161e-21
4.382136090486597095e+04 4.792419483436698065e-20 1.708589647224075254e-21
4.383932859669670142e+04 4.530776209628214636e-20 1.637826967323630297e-21
4.385729623117110168e+04 4.278110968179801837e-20 1.563943784457625683e-21
4.387526380824339140e+04 5.103775026893337414e-20 1.647885731936534772e-21
4.389323132786951464e+04 4.905340812505122219e-20 1.657090018037022868e-21
4.391119879000076617e+04 4.912686254056538269e-20 1.659661418543015195e-21
4.392916619459165668e+04 5.126347938355167830e-20 1.650981586944418513e-21
4.394713354159652226e+04 4.618156110533414371e-20 1.623963524578382057e-21
4.396510083096908784e+04 4.787203095077908515e-20 1.614440951211000052e-21
4.398306806266289641e+04 4.464542333922016032e-20 1.606303586310823087e-21
4.400103523663231317e+04 4.518521116701397380e-20 1.634843511067445490e-21
4.401900235283088841e+04 4.536360263492028261e-20 1.661283593160407661e-21
4.403696941121346026e+04 4.423408040086852382e-20 1.552702059371810220e-21
4.405493641173373908e+04 4.294667634453411286e-20 1.536822752869883829e-21
4.407290335434544977e+04 4.232935977955030478e-20 1.533313405258551578e-21
4.409087023900198983e+04 4.131902008767650525e-20 1.548856816608317409e-21
4.410883706565912871e+04 4.225450410926010103e-20 1.540702134315549786e-21
4.412680383426927438e+04 4.444240176570913512e-20 1.586828838866800542e-21
4.414477054478778882e+04 4.586430418386684344e-20 1.592814120550298570e-21
4.416273719716839696e+04 4.352424008555400092e-20 1.553529561595058219e-21
4.418070379136545671e+04 3.350387499173894898e-20 1.468415778037965111e-21
4.419867032733141241e+04 4.374475181596646551e-20 1.626996800350155984e-21
4.421663680502277566e+04 5.023291669035195301e-20 1.665522447956950564e-21
4.423460322439292213e+04 4.901984519362619760e-20 1.600703621951388647e-21
4.425256958539652260e+04 5.223433055071745223e-20 1.718429166169623648e-21
4.427053588798738201e+04 5.022787040034654947e-20 1.725227426981635012e-21
4.428850213211937808e+04 4.863911768256472847e-20 1.678025577717469635e-21
4.430646831774753082e+04 4.350969504292586144e-20 1.663471111166748050e-21
4.432443444482417544e+04 4.550048534231004880e-20 1.709146855953993433e-21
4.434240051330603455e+04 5.214125403686307861e-20 1.690443481495197202e-21
4.436036652314709499e+04 4.698785909199166661e-20 1.709362540377990015e-21
4.437833247430085612e+04 4.477538046876737738e-20 1.644267298141115549e-21
4.439629836672131933e+04 4.517943436273207354e-20 1.612866610214303113e-21
4.441426420036486525e+04 4.448830790009310101e-20 1.596899414071048663e-21
4.443222997518430930e+04 5.057992175286654910e-20 1.661761074557539586e-21
4.445019569113382749e+04 4.608122611092335456e-20 1.699309837467289602e-21
4.446816134816830163e+04 4.937391117493706519e-20 1.634389229207410503e-21
4.448612694624284632e+04 4.915000116908577744e-20 1.683007483670227854e-21
4.450409248531149933e+04 4.671431270886153918e-20 1.671319390391981536e-21
4.452205796532920067e+04 4.286750891469564318e-20 1.614654227874759377e-21
4.454002338624963886e+04 4.392329756325939144e-20 1.634059839825639539e-21
4.455798874802733917e+04 4.721279673827177138e-20 1.651164464362694455e-21
4.457595405061767815e+04 4.803682413866428253e-20 1.674971319507699599e-21
4.459391929397442436e+04 4.759122911909708376e-20 1.669296099162697627e-21
4.461188447805215401e+04 4.767414026518556027e-20 1.710830806636583624e-21
4.462984960280585074e+04 4.982537556597345051e-20 1.662174064278964756e-21
4.464781466819063644e+04 4.597916104215872062e-20 1.657743415265147293e-21
4.466577967416066531e+04 4.771871517745459388e-20 1.553151780610205072e-21
4.468374462067064451e+04 5.016939926156187388e-20 1.698418357326441558e-21
4.470170950767523755e+04 4.234229245491893101e-20 1.707286520660415906e-21
4.471967433512869320e+04 4.594090678482689424e-20 1.616823515407708750e-21
4.473763910298620613e+04 4.698570756608602750e-20 1.693968830319465982e-21
4.475560381120246166e+04 4.710000525999374416e-20 1.608972502010830312e-21
4.477356845973223244e+04 4.404594514656756271e-20 1.646356890738342141e-21
4.479153304852949077e+04 3.885193253519347180e-20 1.571393500947125364e-21
4.480949757755060273e+04 3.831873090981815191e-20 1.589865109929389419e-21
4.482746204674954788e+04 3.751669319369271937e-20 1.574490674618738208e-21
4.484542645608079329e+04 3.996554071862825363e-20 1.558203204004937334e-21
4.486339080549989740e+04 4.604906848218432476e-20 1.562328905457685981e-21
4.488135509496059967e+04 4.474045151167617821e-20 1.532652847631425866e-21
4.489931932441888785e+04 4.622015633782734590e-20 1.656399286837849370e-21
4.491728349382934539e+04 4.434426248396391659e-20 1.596091372367685724e-21
4.493524760314638115e+04 4.238353238380353303e-20 1.590457440218071626e-21
4.495321165232616477e+04 4.459548960876581925e-20 1.596363947301375374e-21
4.497117564132159896e+04 4.264627839655209426e-20 1.601062840964125844e-21
4.498913957008928992e+04 4.530838369130525156e-20 1.592230197198887987e-21
4.500710343858417036e+04 4.849404939408524185e-20 1.623773867018225017e-21
4.502506724676004524e+04 4.802003654299829210e-20 1.642247418550337697e-21
4.504303099457268399e+04 4.705549587006975006e-20 1.611571014915594168e-21
4.506099468197749229e+04 4.698536977515191551e-20 1.596453010268413691e-21
4.507895830892915546e+04 4.510757596752995534e-20 1.516397680752959082e-21
4.509692187538228609e+04 5.176269818944638506e-20 1.636905411148467957e-21
4.511488538129239896e+04 4.746145349343519943e-20 1.627160341224887285e-21
4.513284882661492884e+04 4.721694108132428965e-20 1.665229001028106036e-21
4.515081221130421909e+04 4.789527591324751003e-20 1.673728113805796339e-21
4.516877553531560261e+04 4.419271561354928885e-20 1.674420635811242574e-21
4.518673879860412853e+04 4.667562923327736092e-20 1.642255649945530205e-21
4.520470200112519524e+04 4.691880042471490138e-20 1.669984027140707362e-21
4.522266514283437573e+04 4.735643112426853267e-20 1.670385324449238894e-21
4.524062822368642082e+04 4.473362742432091026e-20 1.625415167485202819e-21
4.525859124363578303e+04 4.547308786749817705e-20 1.620713298117250500e-21
4.527655420263882843e+04 4.812783204339883671e-20 1.663144955638316115e-21
4.529451710065118823e+04 4.619240715000021228e-20 1.707803558074861626e-21
4.531247993762574333e+04 4.597528163912178187e-20 1.716314502972965901e-21
4.533044271352022042e+04 4.370348372934352614e-20 1.693365455103339759e-21
4.534840542828852631e+04 4.355178719392428004e-20 1.715561307269452822e-21
4.536636808188680880e+04 4.716201722434681048e-20 1.683637332687154496e-21
4.538433067426959315e+04 4.558861272766799818e-20 1.659544532888675283e-21
4.540229320539302716e+04 4.577446968512351575e-20 1.602080278180964741e-21
4.542025567521083576e+04 4.785299054785418069e-20 1.671691504113916931e-21
4.543821808368076017e+04 4.277986071961551809e-20 1.597991534460627712e-21
4.545618043075616151e+04 4.056647686038851477e-20 1.610521985420147565e-21
4.547414271639402432e+04 4.242958711600927995e-20 1.656566168332961510e-21
4.549210494054872106e+04 4.248452591230978795e-20 1.683546068860184492e-21
4.551006710317540274e+04 4.452137676658178471e-20 1.689095200962224969e-21
4.552802920422959869e+04 4.652158023801676645e-20 1.633219386161444546e-21
4.554599124366757314e+04 4.313993374024139271e-20 1.577492270202976561e-21
4.556395322144436795e+04 4.212193180874010942e-20 1.639328916566287759e-21
4.558191513751586172e+04 4.382084407407464204e-20 1.647272291839875883e-21
4.559987699183634686e+04 4.421565698154206947e-20 1.601438257131973768e-21
4.561783878436256055e+04 3.645537814092996969e-20 1.439887960223125480e-21
4.563580051504955918e+04 4.285838519011203129e-20 1.521225771300024038e-21
4.565376218385275570e+04 4.654939787098628384e-20 1.679342234543072217e-21
4.567172379072767217e+04 4.546587783188157635e-20 1.684687807433541940e-21
4.568968533563044912e+04 4.449489586530351249e-20 1.669024904344507964e-21
4.570764681851548812e+04 4.316208639602612739e-20 1.686637796473445454e-21
4.572560823933956999e+04 4.542894742668765570e-20 1.698825300688150610e-21
4.574356959805791121e+04 4.317405508259932704e-20 1.664388006426953440e-21
4.576153089462612115e+04 4.173047115940432687e-20 1.679539590087916194e-21
4.577949212899983831e+04 3.918800041978686466e-20 1.681810089065143648e-21
4.579745330113435193e+04 4.023714737823242456e-20 1.659046355235790969e-21
4.581541441098604264e+04 4.005769996729844338e-20 1.594376904461011416e-21
4.583337545850996685e+04 4.074679558554503163e-20 1.669268983133414053e-21
4.585133644366168301e+04 3.997243806157664840e-20 1.621145789588996121e-21
4.586929736639769544e+04 4.029712792041341912e-20 1.615392779626985900e-21
4.588725822667335888e+04 3.748006876758149764e-20 1.572108870373498486e-21
4.590521902444476291e+04 3.824641385063229780e-20 1.582834964357241033e-21
4.592317975966655649e+04 4.214327498911995344e-20 1.632754357950690346e-21
4.594114043236378348e+04 4.087115524941066374e-20 1.674442513305380875e-21
4.595910131413985073e+04 3.788504245447672266e-20 1.548581112854756233e-21
4.597706242513307370e+04 3.947280633784210944e-20 1.620835755826126757e-21
4.599502347339427070e+04 3.652517375585294933e-20 1.624975193384534214e-21
4.601298445887932758e+04 4.518613232541695866e-20 1.760497956228947924e-21
4.603094538154554175e+04 4.404291923592046645e-20 1.755638128296074795e-21
4.604890624134647805e+04 3.886863216731861990e-20 1.645926800752999811e-21
4.606686703823912831e+04 4.213597787896762597e-20 1.627573929923838527e-21
4.608482777217972762e+04 4.066741872882016868e-20 1.586878201613644438e-21
4.610278844312342699e+04 4.350124028054919353e-20 1.634180516735734093e-21
4.612074905102649791e+04 4.431619780963866392e-20 1.676226408851531174e-21
4.613870959584521188e+04 4.252254082834969387e-20 1.660098561895982930e-21
4.615667007753555663e+04 4.128235472833388865e-20 1.612599163564276323e-21
4.617463049605183187e+04 4.291158059320248011e-20 1.658580714682498220e-21
4.619259085135216446e+04 4.377499579123521467e-20 1.684062071162046169e-21
4.621055114339067222e+04 4.139612775122218988e-20 1.661546641708648461e-21
4.622851137212421600e+04 3.867298518287773504e-20 1.650137290589312369e-21
4.624647153750878351e+04 4.484199330788582111e-20 1.660197944420896004e-21
4.626443163950117014e+04 4.570103282171599909e-20 1.707615931688798918e-21
4.628239167805579928e+04 3.562053979570637083e-20 1.626157777030990984e-21
4.630035165312950267e+04 4.301149699517124697e-20 1.646949180445643335e-21
4.631831156467871915e+04 4.326742965048036901e-20 1.675858430520950333e-21
4.633627141265872342e+04 4.722547163478750063e-20 1.667129685488812961e-21
4.635423119702635449e+04 4.571025478683850280e-20 1.739258749473822736e-21
4.637219091773693799e+04 4.529086848631311172e-20 1.663840490027672370e-21
4.639015057474702917e+04 4.349458553177175405e-20 1.566182442014515946e-21
4.640811016801223013e+04 4.330653488306038075e-20 1.538526259203041626e-21
4.642606969748905249e+04 4.752577560079562450e-20 1.676950097388911825e-21
4.644402916313366586e+04 4.033707574554328355e-20 1.551186798712391782e-21
4.646198856490221806e+04 4.078382909374627577e-20 1.746477359002806136e-21
4.647994790275122068e+04 3.960212992097654069e-20 1.756265974122142575e-21
4.649790717663608666e+04 4.006181737048636539e-20 1.656127312634612119e-21
4.651586638651336398e+04 3.837806736985225003e-20 1.637519735896115976e-21
4.653382553233967337e+04 3.892575296985136296e-20 1.705896853925202638e-21
4.655178461407042050e+04 3.817319781632415221e-20 1.674233895058928164e-21
4.656974363166219700e+04 4.603796596388898487e-20 1.722274402012695335e-21
4.658770258507147082e+04 3.626510970681134034e-20 1.636518647134738377e-21
4.660566147425377130e+04 4.031522167986426029e-20 1.723742668963980493e-21
4.662362029916582833e+04 4.155106171037091957e-20 1.674629490786412252e-21
4.664157905976393522e+04 4.003735127651880028e-20 1.634098420070799978e-21
4.665953775600477093e+04 4.038047628492514500e-20 1.655022312579490900e-21
4.667749638784383569e+04 3.932055588864651888e-20 1.625428901240383562e-21
4.669545495523740829e+04 3.853005239254097887e-20 1.623403526927073789e-21
4.671341345814259694e+04 3.754151639875432799e-20 1.596766746914120579e-21
4.673137189651576045e+04 3.372291972164928789e-20 1.555122731649224882e-21
4.674933027031240636e+04 4.112291960286369357e-20 1.637717158575829617e-21
4.676728857948931545e+04 4.025168238518212640e-20 1.651356464732969004e-21
4.678524682400280290e+04 3.697674053107359767e-20 1.654604686420520370e-21
4.680320500380907470e+04 3.420315186551324718e-20 1.544479739291404886e-21
4.682116311886464246e+04 4.303832571620154525e-20 1.653723801121989000e-21
4.683912116912598140e+04 4.172746573823836580e-20 1.696860621461056547e-21
4.685707915454988688e+04 3.866906610045459675e-20 1.603501184106208934e-21
4.687503707509157539e+04 4.097472855130756795e-20 1.704541345309438387e-21
4.689299493070867175e+04 4.361932510988760160e-20 1.745666891256164710e-21
4.691095272135724372e+04 3.902714114336842976e-20 1.682097478516759451e-21
4.692891044699331542e+04 3.328772686095282459e-20 1.673518356042955316e-21
4.694686810757455532e+04 3.648017546459995769e-20 1.624541644968068835e-21
4.696482570305585250e+04 4.005552923744984720e-20 1.657302227682326932e-21
4.698278323339529015e+04 3.606094206269561016e-20 1.668545855110153337e-21
4.700074069854777190e+04 4.298233314977440605e-20 1.706981816131750880e-21
4.701869809847093711e+04 4.094655283461047534e-20 1.655685181661535364e-21
4.703665543312112277e+04 4.321621250794219455e-20 2.034709269506825951e-21
4.705461270245433116e+04 4.580569757447541940e-20 2.058523254166727750e-21
4.707256990642705205e+04 4.300428930855726276e-20 1.653300032663155587e-21
4.709052704499665560e+04 3.569437541431236420e-20 1.678397878776636144e-21
4.710848411811889673e+04 3.540623495290615226e-20 1.665700268437707084e-21
4.712644112575158215e+04 3.438083853577251667e-20 1.644936482632376017e-21
4.714439806785003020e+04 3.774470207429702549e-20 1.664359458605368406e-21
4.716235494437089801e+04 3.886426137531616490e-20 1.696892557435387220e-21
4.718031175527113373e+04 3.887192932556875742e-20 1.704367187031595465e-21
4.719826850050779467e+04 4.298277515676426715e-20 1.689767612738865825e-21
4.721622518003747246e+04 4.119528063516565519e-20 1.691533425508699931e-21
4.723418179381605296e+04 4.207056175849980672e-20 1.774365780237753069e-21
4.725213834180013509e+04 4.215475130578210443e-20 1.741488765821508541e-21
4.727009482394657243e+04 3.959582869446030706e-20 1.616167643975970513e-21
4.728805124021262600e+04 3.907630850824382253e-20 1.646235894310610021e-21
4.730600759055458184e+04 3.786280085851293150e-20 1.593556994555141438e-21
4.732396387492874055e+04 4.035030114120712614e-20 1.703153982366251551e-21
4.734192009329220309e+04 4.322783206933652075e-20 1.709473875326120649e-21
4.735987624560247059e+04 3.824170938128128373e-20 1.608480288422707942e-21
4.737783233181465766e+04 3.783133415832036650e-20 1.588490942807339455e-21
4.739578835188707308e+04 4.189233100966634730e-20 1.701613693219938091e-21
4.741374430577446765e+04 3.805937671336030438e-20 1.724900091479992519e-21
4.743170019343563035e+04 4.362399944390085946e-20 1.736590499797937262e-21
4.744965601482601778e+04 3.907083361886043524e-20 1.726528099930855120e-21
4.746761176990329113e+04 3.660326288167519220e-20 1.679823545055078633e-21
4.748556745862335811e+04 3.515885921476343066e-20 1.649058467950461037e-21
4.750352308094385808e+04 3.785328780749174152e-20 1.615219516285155289e-21
4.752147863682067691e+04 3.776946855491596580e-20 1.696373863330485473e-21
4.753943412621175958e+04 3.985580890695451156e-20 1.704229773184295219e-21
4.755738954907242442e+04 4.038037433929029702e-20 1.718453261683913946e-21
4.757534490536035446e+04 4.176446105083184288e-20 1.680119427003343466e-21
4.759330019503233052e+04 3.763915282299563026e-20 1.687547582562431749e-21
4.761125541804523527e+04 3.703143041048762329e-20 1.692059079364139649e-21
4.762921057435630792e+04 4.057289888971349242e-20 1.638924562440101065e-21
4.764716566392117238e+04 4.107665808804763178e-20 1.695707256301652343e-21
4.766512068669834116e+04 3.834634082846865441e-20 1.629677479200544545e-21
4.768307564264429675e+04 3.759850038260165010e-20 1.666917466589963576e-21
4.770103053171467764e+04 3.971709956619548486e-20 1.709292106233377965e-21
4.771898535386678122e+04 4.206180897031543674e-20 1.753959690478459791e-21
4.773694010905877076e+04 4.109769415952083338e-20 1.728181784067752941e-21
4.775489479724672856e+04 4.161892221641565361e-20 1.728574678622759745e-21
4.777284941838712984e+04 3.710045860033026851e-20 1.707891029740866405e-21
4.779080397243778134e+04 3.558011236702907769e-20 1.681121747209631149e-21
4.780875845935424150e+04 3.336863573092072602e-20 1.703189392136600773e-21
4.782671287909471721e+04 3.683227712471097710e-20 1.745742549413615429e-21
4.784466723161625850e+04 3.263214507084005206e-20 1.731067452115793483e-21
4.786262151687503501e+04 3.902386408094685191e-20 1.808122755897645120e-21
4.788057573482799489e+04 4.063835337243872552e-20 1.784600216708140775e-21
4.789852988543333777e+04 3.940079795963399964e-20 1.755162568329166540e-21
4.791648396864685492e+04 3.636674091009436482e-20 1.676544949265332023e-21
4.793443798442634579e+04 3.935347373800778384e-20 1.786048838553330662e-21
4.795239193272757984e+04 4.384158590841191795e-20 1.792663863676260955e-21
4.797034581350881490e+04 3.812491810623512682e-20 1.705799984682890324e-21
4.798829962672710099e+04 3.784339798215241490e-20 1.705373668807001870e-21
4.800625337233859318e+04 4.113541831742199292e-20 1.828719270962456081e-21
4.802420705030037789e+04 3.703866876588947028e-20 1.691230144147025255e-21
4.804216066057069111e+04 3.412481084911101824e-20 1.722707835217381406e-21
4.806011420310541143e+04 3.880723415902282883e-20 1.759515191318756116e-21
4.807806767786196724e+04 3.756828349885228077e-20 1.732202567013939704e-21
4.809602108479785966e+04 3.882836127204025892e-20 1.760401428052828496e-21
4.811397442386846524e+04 3.733552723911151754e-20 1.779567664604464333e-21
4.813192769503327872e+04 3.613911248885915089e-20 1.793020934355346171e-21
4.814988089824785129e+04 3.734260964901842061e-20 1.774092509051088809e-21
4.816783403346969135e+04 3.497071086039151166e-20 1.675616714061601106e-21
4.818578710065594350e+04 3.752653974772353429e-20 1.743441175954991715e-21
4.820374009976371599e+04 3.918013044595220229e-20 1.715804327998035016e-21
4.822169303074970230e+04 3.721215446436771541e-20 1.786651355384522647e-21
4.823964589357186924e+04 3.631395358442372967e-20 1.746382431837035383e-21
4.825759868818696850e+04 3.499187490547156131e-20 1.602514029065026051e-21
4.827555141455253033e+04 3.723704888760540532e-20 1.469632270393198086e-21
4.829350407255752361e+04 4.256928616715525284e-20 1.421018722091174885e-21
4.831145613684423734e+04 4.076113990213370302e-20 1.682980748021159039e-21
4.832940780233363330e+04 3.720538892360350240e-20 1.600229540733520236e-21
4.834735939941238030e+04 3.860962132641412459e-20 1.689332748596880598e-21
4.836531092803599313e+04 3.752103470784743462e-20 1.747009792517433989e-21
4.838326238816292607e+04 3.832388098944964630e-20 1.777213177133513252e-21
4.840121377974998904e+04 3.786959724937725828e-20 1.788544550708758954e-21
4.841916510275432665e+04 3.821986223637058402e-20 1.688049146196276269e-21
4.843711635713322903e+04 3.882812453039809227e-20 1.763498173708528680e-21
4.845506754284349881e+04 4.065986607381098510e-20 1.824831281514505314e-21
4.847301865984312462e+04 3.557067952196472437e-20 1.786605600984084679e-21
4.849096970808931655e+04 3.802721194112985993e-20 1.724004572482086451e-21
4.850892068753730564e+04 3.596036674124618128e-20 1.745496572490977016e-21
4.852687159814767074e+04 3.510581068980722751e-20 1.772084756282941548e-21
4.854482243987527181e+04 4.064729182266585008e-20 1.816513326640703092e-21
4.856277321267809748e+04 3.597156219209025451e-20 1.891054415700774022e-21
4.858072391651388898e+04 3.637110735581580083e-20 1.812738418920349207e-21
4.859867455133949261e+04 3.753679604934534121e-20 1.795344703735500579e-21
4.861662511711178377e+04 3.486142980313049335e-20 1.777693805756396151e-21
4.863457561378890387e+04 3.940396105023335859e-20 1.766172392339260997e-21
4.865252604132769193e+04 3.916623979887609627e-20 1.808471668743527615e-21
4.867047639968508884e+04 3.841292357287061695e-20 1.703021212388644146e-21
4.868842668881919235e+04 3.838406627883506254e-20 1.787362886954059751e-21
4.870637690868613572e+04 4.182716745093317144e-20 1.855165316139212293e-21
4.872432705924522452e+04 4.045972052738616835e-20 1.829040109824330314e-21
4.874227714045179891e+04 3.863765680030728053e-20 1.819562753012467070e-21
4.876022715226440778e+04 3.843344791632908144e-20 1.824580432723817901e-21
4.877817709463954816e+04 3.930263367718024249e-20 1.720380916132375930e-21
4.879612696753499768e+04 4.108466268291793849e-20 1.964840853788781530e-21
4.881407677090850484e+04 3.562383431623258205e-20 1.823158393752228366e-21
4.883202650471623929e+04 3.776049179674640137e-20 1.800926484049207613e-21
4.884997616891715734e+04 3.772737263994171171e-20 1.810282493755215061e-21
4.886792576346782880e+04 4.017406784110271803e-20 1.893268668581222118e-21
4.888587528832520184e+04 3.933341128192367717e-20 1.889062896869157159e-21
4.890382474344748334e+04 3.907629084545586859e-20 1.798865151260854380e-21
4.892177412879074109e+04 3.838869858289682286e-20 1.815750568479494413e-21
4.893972344431409147e+04 3.885008312604044507e-20 1.831061967958488489e-21
4.895767268997373321e+04 4.205283026914553212e-20 1.879667110497837844e-21
4.897562186572788778e+04 3.758967688664170961e-20 1.870995623681232983e-21
4.899357097153311042e+04 4.311450536430036322e-20 1.782546229112099140e-21
4.901152000734722969e+04 3.965917243683485770e-20 1.794160097265086387e-21
4.902946897312772489e+04 3.761696383227090248e-20 1.776258491700471608e-21
4.904741786883194436e+04 4.200747231602789422e-20 1.789175044945558875e-21
4.906536669441776030e+04 3.818784822435263845e-20 1.745343875068177366e-21
4.908331544984177162e+04 4.341538398610335015e-20 2.358880792079410368e-21
5.186842816760455753e+04 2.037013996489367184e-20 2.903777372806279594e-21
5.188636574717381882e+04 3.766830361811886951e-20 2.341845865479370985e-21
5.190430324991499947e+04 3.798052871919019743e-20 2.271779622892332789e-21
5.192224067578608810e+04 3.580034056421229711e-20 2.152649632693664893e-21
5.194017802474412747e+04 3.625726489613698610e-20 2.167400065275737580e-21
5.195811529674709163e+04 3.684675340878398396e-20 2.152147985883876441e-21
5.197605249175258359e+04 4.525970332551192202e-20 2.189950637474719665e-21
5.199398960971780616e+04 3.915057341179175322e-20 2.145869963820841814e-21
5.201192665060053696e+04 3.893037346102135618e-20 2.986762394146099660e-21
