2.878936309937875922e+04 2.285819162050583171e-21 2.423405084392776713e-21
2.880731503123441507e+04 3.889175564799359621e-21 1.845378367877891202e-21
2.882526700304520637e+04 3.779856445621407243e-21 1.933565138987800608e-21
2.884321901467001226e+04 3.371541206055777731e-21 1.839129489227040070e-21
2.886117106599757972e+04 6.494299097493017031e-21 1.916831191083626156e-21
2.887912315691703770e+04 1.101010417949612810e-20 1.901238247880818159e-21
2.889707528731813363e+04 5.521212132255974612e-21 1.896411846078728759e-21
2.891502745708818111e+04 5.556786915630209660e-21 1.895408751602258486e-21
2.893297966611666561e+04 3.650396921202961509e-21 1.934516191121073654e-21
2.895093191429330909e+04 1.600737829637894979e-21 1.802670438623431836e-21
2.896888420150711318e+04 2.374644122349415035e-21 1.708054252315033890e-21
2.898683652764665385e+04 8.530400952461505214e-21 1.892983177756821136e-21
2.900478889260153665e+04 5.984002562670623263e-21 1.899802614490256634e-21
2.902274129623165936e+04 9.551219378089476896e-21 1.916760816895866695e-21
2.904109572309873693e+04 6.058167375803468739e-21 1.690990527343968139e-21
2.905904824241338792e+04 -6.436991479755897305e-22 1.656878108621815720e-21
2.907700080009260637e+04 1.239626294934592575e-21 1.664679818350235234e-21
2.909495339602790045e+04 3.458982547498236895e-21 1.736684711294636932e-21
2.911290603010751875e+04 3.972998850249847574e-21 1.662450243797250272e-21
2.913085870222169251e+04 3.436388818660324613e-21 1.700743737652048357e-21
2.914881141226016916e+04 3.319852931549814175e-21 1.484031819774351893e-21
2.916676416011387118e+04 -5.526126204572210786e-22 1.579536704228164273e-21
2.918471694567169834e+04 2.676479994882932306e-21 1.631334542335051312e-21
2.920266976882398740e+04 5.311845245604570909e-21 1.704220532611411975e-21
2.922062262946087867e+04 8.289645323746714953e-21 1.673886111896361295e-21
2.923857552747432055e+04 7.006168132922970392e-21 1.662679927785388227e-21
2.925652846275270349e+04 4.406355862815488130e-21 1.582350571865603402e-21
2.927448143518597499e+04 4.112313929308827507e-21 1.751855229164912392e-21
2.929243444466687652e+04 3.756493042807484644e-21 1.473504140637302189e-21
2.931038749108511547e+04 4.746208921389658425e-21 1.467567244504225684e-21
2.932834057433022099e+04 3.275265320107599571e-21 1.630872397941896806e-21
2.934629369429400685e+04 5.822383526391728420e-21 1.557098879107813159e-21
2.936424685086715544e+04 4.491575181839965194e-21 1.458791474248004697e-21
2.938220004394136777e+04 3.267429244324667133e-21 1.437628067170254461e-21
2.940015327340517615e+04 9.354568243517034037e-21 1.599539725281805685e-21
2.941810653915163493e+04 4.299623921757416745e-21 1.602390905394562273e-21
2.943605984107136464e+04 2.019013995425287343e-21 1.513460555949712778e-21
2.945401317905642645e+04 6.488799728778377179e-21 1.446970845867899709e-21
2.947196655299493432e+04 5.068860207254562951e-21 1.449652197064447533e-21
2.948991996280567764e+04 4.308162358587256494e-21 1.382266963221759387e-21
2.950787368658380365e+04 5.395204738532175711e-21 1.486805091802004466e-21
2.952582771071804382e+04 6.045432649294883347e-21 1.645302533373052511e-21
2.954378177037511341e+04 8.541306388076930731e-22 1.438428876686129826e-21
2.956173586544976570e+04 4.777504380116722549e-21 1.562149932291528341e-21
2.957968999583184268e+04 2.020301485248559858e-21 1.610337614359138927e-21
2.959764416141317270e+04 2.665219785672280161e-21 1.379802921136526346e-21
2.961559836208557317e+04 3.514945735008393575e-21 1.435802398449547707e-21
2.963355259774200022e+04 2.395360821123079995e-21 1.333902022278547391e-21
2.965150686827393292e+04 6.646875970269308499e-21 1.383718218079285832e-21
2.966946117357233015e+04 -6.317676399591666187e-22 1.223468905378055430e-21
2.968741551353034083e+04 -4.914546772469199673e-22 1.264856571820807159e-21
2.970536988803994609e+04 2.867382035582061922e-21 1.332348936787460169e-21
2.972332429699402564e+04 6.741060344541623001e-21 1.360220583461756704e-21
2.974127874028292717e+04 2.257621768844763038e-21 1.252006587635418525e-21
2.975923321780114566e+04 4.229736124817648742e-21 1.258655511386071741e-21
2.977718772944035300e+04 4.586635947882180018e-21 1.338038836617244943e-21
2.979514227509330522e+04 2.804065298398381339e-21 1.382158538639259230e-21
2.981309685465166694e+04 2.651892397441511954e-21 1.409849328522180376e-21
2.983105146800933289e+04 4.411892978989134344e-21 1.470184322235632337e-21
2.984900611505924826e+04 4.487555554399292060e-21 1.535100240512157175e-21
2.986696079569267386e+04 2.345627310319743448e-21 1.455650830215665566e-21
2.988491550980395186e+04 4.482721794912381084e-21 1.463773458152093937e-21
2.990287025728564186e+04 5.495739657579630430e-21 1.459947385371510795e-21
2.992082503803109648e+04 3.954723951764712417e-21 1.595547525177501187e-21
2.993877985193248969e+04 1.034748879065619913e-21 1.634086268965884404e-21
2.995673469888406908e+04 -1.148958565532261969e-21 1.549961703226876783e-21
2.997468957877870344e+04 3.518585217316142678e-21 1.233040228028106384e-21
2.999264449150943256e+04 7.122859896003141438e-21 1.368506546176045585e-21
3.001059943696972550e+04 4.747022983407958776e-21 1.271722681138102784e-21
3.002855441505399358e+04 6.330073085648867302e-21 1.337426993670530783e-21
3.004650942565513105e+04 1.616297009133231935e-21 1.346141568009037920e-21
3.006486858221591319e+04 1.985654124595575163e-21 1.162770741036860113e-21
3.008282369560357620e+04 1.839150982801308816e-21 1.355148046526090160e-21
3.010077884121241732e+04 2.838480100963873706e-21 1.342024601742598784e-21
3.011873401890446621e+04 1.796743823371985747e-21 1.319983162183689386e-21
3.013668922857526559e+04 5.640723454961491106e-21 1.368068206552965392e-21
3.015464447011733137e+04 3.761999533857917920e-21 1.319758661621366527e-21
3.017259974342523856e+04 3.080337914569196518e-21 1.397486744124172221e-21
3.019055504839281275e+04 2.775367444927636014e-21 1.455809236022053141e-21
3.020851038491535292e+04 3.547173488520732837e-21 1.348008929006184823e-21
3.022646575288610620e+04 4.210448607854283159e-21 1.339564179033463001e-21
3.024442115219901825e+04 5.908875893253625403e-21 1.400005704283092947e-21
3.026237658275029753e+04 6.967971879028775850e-21 1.303854733256983670e-21
3.028033204443285285e+04 4.806279566616030291e-21 1.412801787858598292e-21
3.029828753710944511e+04 2.297801670401937702e-21 1.369495561582025246e-21
3.031624305792908126e+04 1.009412510976385656e-21 1.257847793140482684e-21
3.033460329943930992e+04 2.991478115545270955e-21 1.298944284239774655e-21
3.035255892257960659e+04 3.861680600636703112e-21 1.153469528686015568e-21
3.037051457631574885e+04 4.132448066442050010e-21 1.278002535991817396e-21
3.038847026054595335e+04 2.064598208011427035e-21 1.248029912416787469e-21
3.040642597516331080e+04 2.447852104706281806e-21 1.235688619358498305e-21
3.042438172006237073e+04 -5.648901712738537666e-22 1.270844225864721722e-21
3.044233749513987641e+04 4.184669970686350250e-21 1.423208099470244472e-21
3.046029330028945333e+04 4.859110326036080949e-21 1.301755757734369711e-21
3.047824913540779380e+04 8.038425411344920027e-21 1.267607975937129491e-21
3.049620500038932369e+04 8.078887853456514575e-21 1.351605941217521372e-21
3.051416089512970211e+04 4.069811233917728736e-21 1.257067688023970349e-21
3.053211681952530489e+04 4.390692832274100955e-21 1.374636277266670995e-21
3.055007277347008858e+04 -2.081268771340721005e-22 1.304955651255008811e-21
3.056802875686077823e+04 4.594882108733497671e-21 1.377095252967040524e-21
3.058598476959328764e+04 5.411070866410544255e-21 1.292319717128074023e-21
3.060394081156257380e+04 8.115532384412937236e-21 1.413074453956911795e-21
3.062189688266481244e+04 5.356836492043371392e-21 1.270867335342022575e-21
3.063985298279704148e+04 4.813814419799782969e-24 1.034469335895899558e-21
3.065780911185318837e+04 4.530362799431326549e-21 1.247444760511905301e-21
3.067576526973094224e+04 1.711008780365359405e-21 1.229687938676996243e-21
3.069372145632558750e+04 9.063055735265118078e-22 1.266634239899767293e-21
3.071167767153439854e+04 2.503756836692365569e-21 1.196305106345700974e-21
3.072963391525219413e+04 4.289019150133266483e-21 1.180946295187526695e-21
3.074759018737634688e+04 4.772272547240724138e-21 1.180136762899893951e-21
3.076554648780344723e+04 1.435391693124969713e-21 1.165759714352748376e-21
3.078350281642898699e+04 4.661942538060773617e-21 1.339798160555139683e-21
3.080145917315024781e+04 3.706669969369651973e-21 1.205322026518153576e-21
3.081941555786475510e+04 5.953529601902919684e-21 1.245868266449229970e-21
3.083737197046692017e+04 6.858339902525224914e-21 1.145779008735591759e-21
3.085532841085533801e+04 5.504151746269456150e-21 1.202749706528170259e-21
3.087328487892690100e+04 4.859015733641757541e-21 1.378762050020325732e-21
3.089124137457781762e+04 7.664092706304474112e-21 1.300598990581960853e-21
3.090919789770460920e+04 3.334788202702722799e-21 1.308974037249937322e-21
3.092715444820554694e+04 4.815596101702071195e-21 1.317784795862741964e-21
3.094511102597766876e+04 5.187814589181354086e-21 1.283533904927187540e-21
3.096306763091695029e+04 5.544644552680923246e-21 1.273218224174760784e-21
3.098102426292207383e+04 4.862349275411226104e-21 1.263040876311255706e-21
3.099898092188964802e+04 3.530796646538217598e-21 1.174919571096564761e-21
3.101693760771705638e+04 2.851481613830305177e-21 1.144104408019662789e-21
3.103489432030218813e+04 5.303056864260609778e-21 1.218737766676737524e-21
3.105285105954282699e+04 4.254772990294331820e-21 1.159969794858490244e-21
3.107080782533543970e+04 3.680916892829834587e-21 1.147616074284005301e-21
3.108876461757840661e+04 3.672102778796096032e-21 1.267326724749188635e-21
3.110672143617028269e+04 4.857378971844561658e-21 1.247464565690555413e-21
3.112467828100741099e+04 2.720648002603408679e-21 1.177619178139861375e-21
3.114263515198863752e+04 3.241036901009831795e-21 1.150221779874349109e-21
3.116059204901253543e+04 5.211490218144108984e-21 1.202713909851357187e-21
3.117854897197565879e+04 5.517191747198011447e-21 1.295604461918265943e-21
3.119650592077675537e+04 5.540616923394373612e-21 1.200417939995473015e-21
3.121446289531463117e+04 2.374025282849995853e-21 1.194211893070745271e-21
3.123241989548701531e+04 4.671297793913261821e-21 1.202987622062153582e-21
3.125037692119167696e+04 3.833818207762977664e-21 1.302520457801480489e-21
3.126833397232789139e+04 4.403432677602738721e-21 1.199124897566801611e-21
3.128629104879425358e+04 4.885997067393540976e-21 1.127518532089510579e-21
3.130424815048785968e+04 2.272344852849890478e-21 1.120680654574283711e-21
3.132220527730910180e+04 2.069107823670076198e-21 1.093304528645490514e-21
3.134016242915678595e+04 3.457662874782603812e-21 1.139379212100152481e-21
3.135811960592702962e+04 5.631591878850590372e-21 1.160695095460088655e-21
3.137607680752096348e+04 5.929816447031291985e-21 1.288929404287100199e-21
3.139403403383756813e+04 2.753906883064923918e-21 1.054753493874107535e-21
3.141239816389674525e+04 3.314235030639885686e-21 1.229432275963876943e-21
3.143035547682169272e+04 2.634270368038507476e-21 1.115783771908252171e-21
3.144831281419006336e+04 5.124519692945228070e-21 1.205908423015304336e-21
3.146627017586891452e+04 2.434689434612559539e-21 1.412008387022021722e-21
3.148422756175728864e+04 4.755352673251158245e-21 1.292197960920948185e-21
3.150218497175567245e+04 4.456361484732263057e-21 1.157101700391561877e-21
3.152014240576141674e+04 -7.658559582340776324e-22 1.285566582889615098e-21
3.153809986367536112e+04 5.491108134630328084e-21 1.252327666785168323e-21
3.155605734539697005e+04 4.496303118357958834e-21 1.248704115187666936e-21
3.157401485082503132e+04 4.882240494298417888e-21 1.212708268587265408e-21
3.159197237986018808e+04 1.492060998256339116e-21 1.189818885695838825e-21
3.160992993240198848e+04 1.155976817506131593e-21 1.236277883050713107e-21
3.162788750834897291e+04 4.295812474093139757e-21 1.149554463636621048e-21
3.164584510760260309e+04 2.520207946402063462e-21 1.113425464846976594e-21
3.166380273003013281e+04 2.490946712673286637e-21 1.142448018913073988e-21
3.168216781640137197e+04 4.485077306633149591e-21 1.045993518021022484e-21
3.170012552235738622e+04 2.036661707243133935e-21 1.064651588035502570e-21
3.171808325121189409e+04 4.587888577154911963e-21 1.146324768616331124e-21
3.173604100286433095e+04 4.487890903913132821e-21 1.081339151098234082e-21
3.175399877721681332e+04 4.689297294519608068e-21 1.099977427308970052e-21
3.177195657416818358e+04 6.751877762354997626e-21 1.278750136630363191e-21
3.178991439361874654e+04 1.498888877490967100e-21 1.109738528437794537e-21
3.180787223546947644e+04 4.145133640735251600e-21 1.230466740061421047e-21
3.182583009962211145e+04 8.150969748298541113e-21 1.190162217608377661e-21
3.184378798604062467e+04 4.959225547021959277e-21 1.162173284681961571e-21
3.186174662134901882e+04 3.316951663602391243e-21 1.118054447241443194e-21
3.187970554395911677e+04 1.698691157839735272e-21 1.196246932617555610e-21
3.189766448847542415e+04 6.581133290264329724e-21 1.284341246191172922e-21
3.191562345480008662e+04 2.213119297368648115e-22 1.057418431331847618e-21
3.193358244283453314e+04 4.368454377826134950e-21 1.123522477433635547e-21
3.195154145247767519e+04 3.295320567676111561e-21 1.281901575545594310e-21
3.196950048363293172e+04 2.941498788842680755e-21 1.299936040076045094e-21
3.198745953620054570e+04 1.286234169411201074e-21 1.132719206299333144e-21
3.200541861008043270e+04 4.545056814382193149e-21 1.181096406503762308e-21
3.202337770517634272e+04 4.457156168531379280e-21 1.102836468731119488e-21
3.204133682138800941e+04 4.600271173645499496e-21 1.136538464722691474e-21
3.205929595861629787e+04 6.179719997174306191e-21 1.095237891056922966e-21
3.207725511676435417e+04 4.247249898538441585e-21 1.148379850181152277e-21
3.209521429573313799e+04 2.095236159681820710e-21 1.176809796511037643e-21
3.211317349542323427e+04 3.007473925874585178e-21 1.079807570039151672e-21
3.213113271573779639e+04 1.577278061930129536e-21 1.077604575278440900e-21
3.214909195657756572e+04 9.324031720730915318e-22 1.100829104800776493e-21
3.216705121784491348e+04 3.767406689108970121e-21 1.015059951156593405e-21
3.218501049944173428e+04 3.722360796803175911e-21 1.052264679154391042e-21
3.220296980126949711e+04 4.587265777394924847e-21 1.080289712086385494e-21
3.222092912322987468e+04 1.833637896890006827e-21 1.062609809243570885e-21
3.223888846522659878e+04 3.440365120808893893e-21 1.061179423001057412e-21
3.225684782716072732e+04 4.525149112705315565e-21 1.150217617134194450e-21
3.227480720893377656e+04 3.360747554898517165e-21 1.051485261836723148e-21
3.229276661044962020e+04 5.433308032553717230e-21 1.114363205960299445e-21
3.231072603161033112e+04 2.511371222076389058e-21 1.107612689244913337e-21
3.232868547231666889e+04 2.867354730959715273e-21 1.025395000746938405e-21
3.234664493247291102e+04 3.962954027222369388e-21 9.772871810995667671e-22
3.236460441198126500e+04 1.510034261447308285e-21 1.096688353621705924e-21
3.238256391074339263e+04 1.380495357417864594e-21 1.106719599761785200e-21
3.240052342866347317e+04 2.619372997256966859e-21 1.103752388944526767e-21
3.241848296564311386e+04 5.947061188007392424e-21 1.029181714605384298e-21
3.243644252158567542e+04 2.861185412100482547e-21 1.135801816667745081e-21
3.245440209639395471e+04 4.751713798776220791e-21 1.066765585797398519e-21
3.247236168997056666e+04 3.380385367436804074e-21 1.160126747487295888e-21
3.249032130221963598e+04 5.508962819778017570e-21 1.197110974423817221e-21
3.250828093304295544e+04 4.118709160902808704e-21 1.038656243725117848e-21
3.252624058234371114e+04 1.616719089813554163e-21 1.025307331119879477e-21
3.254420025002683178e+04 2.341002871435508746e-22 1.066643571257854474e-21
3.256215993599356807e+04 5.568483421630537487e-21 1.097197865199706375e-21
3.258011964014818295e+04 4.063360809817231244e-21 1.073435234343222207e-21
3.259807936239490664e+04 4.591860416770049199e-21 1.113916497086001796e-21
3.261603910263574289e+04 5.460215503438412145e-21 1.108897500581213120e-21
3.263399886077478368e+04 4.995287834838510371e-21 1.013906457679910080e-21
3.265195863671660118e+04 4.300089812161196809e-21 9.303323590990100342e-22
3.266991843036348291e+04 3.559889143841506667e-21 9.394278029120489266e-22
3.268787824162000470e+04 3.301891174136917878e-21 9.662978317028492497e-22
3.270583807039026578e+04 2.559444317492248220e-21 1.038796163220141104e-21
3.272379791657704118e+04 3.388733163278777130e-21 1.167683573132715753e-21
3.274175778008504494e+04 1.494845013057671436e-21 1.051938809965956052e-21
3.275971766081872920e+04 5.135555424065000250e-21 1.004398791464711587e-21
3.277767755868125096e+04 2.805724635327065692e-21 1.068651218323830477e-21
3.279563747357774992e+04 4.729497918342302904e-21 1.042190395780855839e-21
3.281359740541164501e+04 4.711193343305010338e-21 1.024386104324139168e-21
3.283196712645110529e+04 3.062014101303020276e-21 9.333087367576001574e-22
3.284992712597495120e+04 2.790120075760779824e-21 9.361068005693616267e-22
3.286788714490015991e+04 5.433603073759885489e-21 1.108277955584950865e-21
3.288584718040588632e+04 4.329511290636278591e-21 1.219734468187280434e-21
3.290380723236452468e+04 3.996263592945705506e-21 1.127108801464798115e-21
3.292176730067935569e+04 3.691157752257500934e-21 1.033539650658240781e-21
3.293972738525658497e+04 1.902472695531506229e-21 1.043981325985507277e-21
3.295768748600038816e+04 2.001170060028258249e-21 9.919482563665600261e-22
3.297564760281521740e+04 5.228056662409574319e-21 1.052791277912561693e-21
3.299360773560668167e+04 4.728775162777346045e-21 1.169721790180842753e-21
3.301156788427907304e+04 5.294377816067396184e-21 1.186842601710914088e-21
3.302952804873789137e+04 5.053616754360020828e-21 1.137424904763586768e-21
3.304748822888843279e+04 3.391956447926801710e-21 1.156635665372010960e-21
3.306544842463483656e+04 2.056946299292249107e-21 1.078085773279462200e-21
3.308340863588365755e+04 1.556995946000449432e-21 1.036965191398545636e-21
3.310136886250642419e+04 4.606351678982782371e-21 9.778420535589543470e-22
3.311932910169702518e+04 4.319558116291758714e-21 1.153048203749134785e-21
3.313769975738746143e+04 3.250069885832330486e-21 1.039770238755061607e-21
3.315566006646320602e+04 4.444202037605738418e-21 1.051837873699909553e-21
3.317362039056022331e+04 1.034820054811119001e-21 1.011153438850654523e-21
3.319158072958508274e+04 5.236740076663784524e-21 9.945860431608520837e-22
3.320954108344167616e+04 4.109101158109411680e-22 9.205692457695719363e-22
3.322750145203778084e+04 3.990010482588740872e-21 1.012190118675323009e-21
3.324546183527842368e+04 9.148985862732653908e-22 1.086232225879241156e-21
3.326342223306846427e+04 2.781588454101544913e-21 1.038655642018602460e-21
3.328138264531546156e+04 6.761504979463218736e-21 1.080199561242274294e-21
3.329934307192451524e+04 3.842813167667293186e-21 1.097619758845989268e-21
3.331730351280137256e+04 1.607250255429268560e-21 9.984144632405563276e-22
3.333526396785398538e+04 4.112969439764986293e-21 1.094270311119805383e-21
3.335322443698614370e+04 2.676318019224660556e-21 1.025365151076951150e-21
3.337118492010542104e+04 2.361541422235785181e-21 9.904381490606224974e-22
3.338914541711888160e+04 4.591164646030962502e-21 1.061590087963102101e-21
3.340710592793100659e+04 2.893453275252202762e-21 1.170416400449173010e-21
3.342506645244976971e+04 2.536075222757575387e-21 1.125506833420066188e-21
3.344302699058118742e+04 2.622882025053557321e-21 1.053984787128076633e-21
3.346098754223195283e+04 2.135387762313837853e-21 1.057536673852098397e-21
3.347894810730928293e+04 4.757778036626979482e-21 9.612277560351620316e-22
3.349690868571817555e+04 2.724354689905885002e-21 1.053828590418654974e-21
3.351486927736744838e+04 2.631813308663083762e-21 1.010118105477453486e-21
3.353282988216296508e+04 1.933435413966332280e-21 1.071898689195603501e-21
3.355079050001146970e+04 3.724303548502711177e-21 9.957118103177709519e-22
3.356875113082086318e+04 4.098012427573572883e-21 1.136371542377854214e-21
3.358671177449696552e+04 2.332567015114827329e-21 1.075554462786172157e-21
3.360467243094774312e+04 5.902610357719404216e-21 1.050452208323149738e-21
3.362263310008068220e+04 3.694364682117432022e-21 1.068519969268834099e-21
3.364059378180155181e+04 2.920975380833912213e-21 1.153324826072082192e-21
3.365855447601935157e+04 2.494604590259611377e-21 1.013549665713212374e-21
3.367651518264058541e+04 2.422437066022777903e-21 9.603120865058163332e-22
3.369447590157245577e+04 2.109869548762974558e-21 1.016178336665302662e-21
3.371243663272368576e+04 3.226181457171807810e-21 1.069741384257258859e-21
3.373039737599997170e+04 3.655764557569368204e-21 1.028338801373072046e-21
3.374835813131059695e+04 3.131878767039751159e-22 1.025923752040155393e-21
3.376631889856269845e+04 2.003121987181951624e-21 1.026242014194428589e-21
3.378427967766336224e+04 2.806707319212362342e-21 9.708506278939040717e-22
3.380224046852194442e+04 3.476405286263594915e-21 9.937141184829435640e-22
3.382020127104483981e+04 4.107496105496352497e-21 1.010321090501744916e-21
3.383816208514072787e+04 4.631700376650695546e-21 9.384927367386113127e-22
3.385612291071775689e+04 6.740979713258315045e-21 1.047192774659928464e-21
3.387408374768283829e+04 1.624023027233991034e-21 1.033707134919065831e-21
3.389204459594639775e+04 4.457982901431797229e-21 1.051588915674130019e-21
3.391000545541402971e+04 5.283416577108157781e-21 9.991312879332491737e-22
3.392796632599573059e+04 4.946679065359817436e-21 9.182522019623526070e-22
3.394592720759960503e+04 1.758207609210361191e-21 9.970695618948642249e-22
3.396388810013309558e+04 2.800189684273776275e-21 9.828601696832195458e-22
3.398184900350606040e+04 3.565378074927246139e-21 9.188430672615345735e-22
3.399980991762583290e+04 1.766783587645439651e-21 9.308354035224115308e-22
3.401777084240136173e+04 3.546024833006613604e-21 1.071765995723340982e-21
3.403573177774242504e+04 3.985331125861089271e-21 9.967138158858719758e-22
3.405369272355532303e+04 3.301653021514080913e-21 9.898162324378251437e-22
3.407165367975147819e+04 2.291751405958642516e-21 9.750132202957571978e-22
3.408961464623794745e+04 2.990991317895783138e-21 1.030110044111563062e-21
3.410757562292417424e+04 3.905464016296845525e-21 9.837135081119243227e-22
3.412553660971981299e+04 4.170024316249030494e-21 9.656907114931175011e-22
3.414349760653221165e+04 4.254743056593798748e-21 9.206204680443243913e-22
3.416145861327239254e+04 4.386119811739645116e-21 1.006944135407109986e-21
3.417941962984819111e+04 1.803258558634775620e-21 1.021284973209325134e-21
3.419738065616942185e+04 3.494649331541911491e-21 9.000617346306884004e-22
3.421534123575493140e+04 2.805863910385566608e-21 1.030648909901918152e-21
3.423330179063983815e+04 3.084268364381197301e-21 9.495542665768855056e-22
3.425126235499619361e+04 2.259453883827166371e-21 8.940976381327018484e-22
3.426922292873454717e+04 2.333950482942891388e-21 9.467721502693499630e-22
3.428718351176434226e+04 3.180815678107943239e-21 1.002714640347495174e-21
3.430514410399591725e+04 -1.417797045467253415e-21 9.550019191729811822e-22
3.432310470533751504e+04 2.978120302223598295e-21 1.011400184434424804e-21
3.434106531570044172e+04 2.632524384119345775e-21 9.520315871953808765e-22
3.435943873321636056e+04 3.434791846152865115e-21 9.503156979609037082e-22
3.437739939491778205e+04 2.002339974026050415e-21 9.901471936172734996e-22
3.439536006802313932e+04 2.988680261466227563e-21 9.090519753288066847e-22
3.441332074981232290e+04 2.187393107233652139e-21 9.981315381703303747e-22
3.443128144016549777e+04 5.241351264324035845e-21 1.012025475795846551e-21
3.444924213899119786e+04 2.880286275705641141e-21 9.629128741779982604e-22
3.446720284620051825e+04 1.119226893137521375e-21 9.778694406984215333e-22
3.448516356170401559e+04 2.623217352631546149e-21 9.642825308738835549e-22
3.450312428541088593e+04 1.946624886396087549e-21 9.314813479247503019e-22
3.452108501723290101e+04 3.814878251634362025e-21 9.905661533963251000e-22
3.453904575707897311e+04 4.458612028052727439e-21 1.023743889383180401e-21
3.455700650486083032e+04 5.014229261204568493e-21 1.052514217311612621e-21
3.457496726048844721e+04 3.606107115001252502e-21 8.213084682311745336e-22
3.459292802387228585e+04 4.496026329034414122e-21 9.323144077404590571e-22
3.461088879492404521e+04 1.943494372449808295e-21 9.344952610984630868e-22
3.462884957355270308e+04 -1.248266726916789871e-21 9.505032089293320925e-22
3.464681035963974864e+04 3.926512682729317532e-21 9.377555429796159909e-22
3.466518456413975218e+04 3.930876411071468376e-21 9.093185174701471828e-22
3.468314540110757662e+04 2.557730666768548770e-23 9.659026107449235668e-22
3.470110624529042980e+04 1.708240379971080515e-21 9.456358568600032803e-22
3.471906709659818443e+04 1.351190132854090368e-21 9.685695828099272845e-22
3.473702795494316524e+04 3.367858083585714528e-21 9.089566200952531256e-22
3.475498882023518672e+04 8.831739071526693069e-22 9.464973808204546821e-22
3.477294969238686463e+04 5.316055199637700899e-21 1.000776731886699360e-21
3.479091057130887202e+04 4.177080627164919975e-21 8.816050285749121763e-22
3.480887145691229671e+04 1.947151140498556204e-21 9.429441708381696046e-22
3.482683234910972533e+04 9.441480077632180342e-22 9.137517728797590361e-22
3.484479324781065225e+04 2.283875674941044054e-21 9.360550902009162106e-22
3.486275415292852267e+04 4.307080173346665337e-21 9.709143811741972008e-22
3.488071506437387870e+04 3.241927197570423864e-21 8.533037056066597718e-22
3.489867598205881222e+04 2.778854597536560624e-21 8.970790084891085197e-22
3.491663690589521138e+04 2.620727239852656422e-21 8.828376044217062635e-22
3.493459783579424402e+04 1.815790149188980172e-21 8.316637809981879914e-22
3.495255877166883147e+04 2.986242737623738639e-21 8.028478228388673648e-22
3.497051971342915203e+04 3.251591719365793637e-21 8.414231527677536325e-22
3.498848066098884010e+04 4.225964607271987453e-21 8.705147077548354963e-22
3.500644161425928905e+04 2.314809134634267967e-21 9.657109785578495691e-22
3.502440257315250346e+04 4.831573550571613735e-21 9.891550234020116476e-22
3.504236353758123005e+04 3.565462932072569349e-21 9.394328811991649484e-22
3.506032450745656388e+04 1.347421259089777270e-21 8.730930993195222072e-22
3.507828548269231396e+04 1.558876126853708332e-21 9.297288689627179446e-22
3.509624646319902240e+04 3.438446972202245404e-21 7.995348739100396103e-22
3.511420744889077469e+04 1.953290384400060257e-21 8.879500472981150713e-22
3.513216843967920431e+04 3.400893121019923303e-21 1.000733459146488766e-21
3.515012943547673785e+04 2.799820402507814715e-21 9.475413653881234589e-22
3.516809043619671866e+04 1.988769113973001340e-21 9.354652199051538561e-22
3.518605144175050373e+04 4.403866529527319547e-21 9.739596145831536891e-22
3.520401245205238956e+04 4.620262188952385005e-21 9.197928641895771847e-22
3.522197346701354400e+04 2.447768198647854530e-21 7.867356445065843124e-22
3.523993448654810345e+04 3.537277559016608507e-21 8.942066165316581246e-22
3.525789551056831988e+04 4.462437977152975626e-21 8.437007204567016643e-22
3.527585653898720921e+04 2.971859666303487067e-21 9.774689060630519525e-22
3.529381757171828940e+04 4.044076480097608221e-21 1.008929008295312880e-21
3.531177860867345589e+04 3.642513110743424902e-21 9.397982321616884846e-22
3.532973964976741263e+04 4.347721319841800748e-21 9.333777559167539456e-22
3.534770069491169124e+04 4.665656705819565585e-21 8.852187153058296665e-22
3.536566174402104662e+04 4.458139470635456761e-21 9.661150570609885903e-22
3.538362279700775980e+04 3.032328659300766610e-21 9.292641116541175832e-22
3.540158385378571984e+04 3.730241317681451164e-21 8.498143321016327915e-22
3.541954491426859022e+04 4.401238476334783379e-21 8.866050431982506723e-22
3.543750597836881207e+04 6.703569517955293200e-21 9.611837020041715308e-22
3.545546704600155499e+04 3.618440668638508087e-21 9.556798284494937102e-22
3.547342811707847432e+04 1.639254986872818979e-21 9.529907174781010455e-22
3.549138919151519804e+04 1.190763220813297569e-21 8.795520043749815251e-22
3.550935026922394172e+04 3.349670825685441345e-21 8.742890906095965616e-22
3.552731135011950391e+04 3.347668484687688863e-21 9.104061469665021722e-22
3.554527243411546806e+04 1.623000971780867454e-21 9.332832887609596146e-22
3.556323352112520661e+04 2.073620733333319294e-21 8.976096367942959239e-22
3.558119461106392555e+04 2.883170517763244744e-21 9.060546843292343136e-22
3.559915570384391322e+04 1.477698903812831541e-21 9.506912300317594224e-22
3.561711679938119050e+04 2.551209688792113139e-21 9.425175594545772466e-22
3.563507789758814033e+04 3.550778382552423361e-21 9.299874297472702227e-22
3.565303899838042707e+04 1.613865871445839553e-21 9.667351266108569315e-22
3.567100010167147411e+04 3.315180328981260162e-21 9.611942367080097020e-22
3.568896120737578894e+04 2.570887140949870587e-21 9.051207330796005539e-22
3.570692231540821376e+04 3.815322524102003126e-21 9.199279142251151039e-22
3.572488342568226653e+04 4.606569997053957692e-21 9.682538298020282066e-22
3.574284453811390995e+04 2.575537977514723770e-21 9.147166814906348008e-22
3.576080565261574520e+04 3.723660850474231468e-21 9.594754321942143594e-22
3.577876676910446258e+04 3.121435582496463795e-21 9.487318522346027703e-22
3.579672788749302708e+04 3.336454382861161825e-21 9.035592490132733048e-22
3.581468900769744505e+04 1.018314034637259803e-21 8.815184089813292027e-22
3.583265012963191111e+04 3.473071513557229165e-21 8.631834341844591689e-22
3.585061125321137661e+04 3.981849181073741510e-21 9.617570782706452503e-22
3.586857237835120031e+04 3.502152210036804966e-21 1.054241607469139843e-21
3.588653350496542407e+04 1.044601201609990494e-21 9.710499477569479964e-22
3.590449463297054899e+04 3.176804849461845670e-21 9.020542469617520758e-22
3.592245576227971469e+04 2.111767985452296157e-21 9.533886420433592522e-22
3.594041689281017898e+04 6.348245000173495807e-22 8.952073833837181674e-22
3.595837802447538706e+04 2.990965708939534891e-21 8.580789948431791995e-22
3.597633915719199285e+04 5.668075262697890483e-22 8.690898215243097585e-22
3.599471628645676537e+04 2.991780296003776355e-21 9.708538305904525567e-22
3.601267745397160616e+04 3.402023999608299224e-21 1.020322974301727524e-21
3.603063862491283362e+04 9.425387697799216595e-22 9.796959510050671160e-22
3.604859979659121018e+04 3.856327197963619906e-21 9.857106355696152232e-22
3.606656096889156470e+04 3.879852553209538855e-21 9.546504627399007262e-22
3.608452214172830281e+04 5.986976457279045005e-21 1.017570173106387606e-21
3.610248331501871871e+04 1.729238020542050523e-21 8.713015655207683699e-22
3.612044448867662868e+04 1.580660495156406360e-21 9.334134046047422081e-22
3.613840566261987260e+04 4.868416716917651470e-21 9.976253516800402449e-22
3.615636683676256507e+04 1.824317007525292998e-21 9.767330712785468822e-22
3.617432801102204394e+04 1.432265809055707243e-21 9.779693290400918771e-22
3.619228918531335512e+04 1.866026698439407323e-21 9.042361345284579679e-22
3.621025035955305066e+04 1.440349677118478780e-21 9.046417963003294215e-22
3.622821153365718055e+04 2.288714589702268188e-21 9.600566780335156306e-22
3.624617270754155470e+04 1.129277481218260777e-21 9.440735286789341976e-22
3.626413388112320536e+04 2.035768613581847109e-21 9.125983340124788615e-22
3.628209505431718571e+04 1.176170377697693155e-22 8.741212778663726039e-22
3.630005622701014363e+04 3.434215170510468373e-21 1.012726411998200666e-21
3.631843403219115135e+04 1.051631367366244492e-21 8.821558959836821183e-22
3.633639523922136141e+04 2.650846039437413720e-21 9.030178088709696776e-22
3.635435644552272424e+04 3.322557593893920964e-21 9.578088427904662331e-22
3.637231765101369820e+04 3.369894383445937285e-21 9.768943700475642275e-22
3.639027885560941650e+04 4.771963166609804487e-21 1.019440873863035383e-21
3.640824005922762444e+04 2.911920602553782204e-21 9.330910443045369192e-22
3.642620126178431383e+04 4.118464574173164916e-21 1.071318666792907280e-21
3.644416246319678612e+04 2.567384674896270159e-21 9.200067378922920279e-22
3.646212366338186257e+04 1.958499889237539230e-21 9.328664965561807397e-22
3.648008486225610250e+04 6.424962880576349622e-21 9.483383898076865624e-22
3.649804605973712751e+04 2.808263178782391771e-21 9.749764648197550166e-22
3.651600725574108219e+04 2.999468796705246440e-21 9.213751155965420341e-22
3.653396845022436901e+04 4.469979199488850951e-21 9.049670184321535620e-22
3.655192973359890311e+04 3.497917396043062660e-21 8.537776172539808690e-22
3.656989141594537796e+04 2.756930248926391715e-22 8.751167871160571239e-22
3.658785309649354895e+04 3.958647190724857540e-21 9.031613132290844126e-22
3.660581477515204460e+04 2.799743807367320115e-21 9.576876924129396469e-22
3.662377645183641289e+04 -2.754209874218042760e-23 9.521757705212781227e-22
3.664173812646578153e+04 2.875687603476233702e-21 9.125496193664212729e-22
3.665969979895633151e+04 5.199335747751529897e-21 1.048022149867320376e-21
3.667766146922641201e+04 2.422741239822911603e-21 9.262462405241817628e-22
3.669562313719319354e+04 1.649545135107751090e-21 9.270244440571954319e-22
3.671358480277463968e+04 2.633822233922601910e-21 9.503494617077801410e-22
3.673154646588834294e+04 1.392635240576505082e-21 9.370107284875638706e-22
3.674950812645182305e+04 3.189553181156581855e-21 8.659482751044275920e-22
3.676746978438366205e+04 2.392171452403681248e-21 8.871909304877010632e-22
3.678543143960076122e+04 4.302931298389885269e-21 8.765932163356622431e-22
3.680339309202218283e+04 4.348394999954869851e-21 9.168263790991006192e-22
3.682135474156454438e+04 3.703062926189349579e-21 8.707331134148585309e-22
3.683931638814780308e+04 2.390764140613520014e-21 8.882908700902986521e-22
3.685727803168771788e+04 3.889551704447672371e-21 9.036159225118520916e-22
3.687523967210492992e+04 4.225588918616772125e-21 9.697770157081166329e-22
3.689320130931545282e+04 1.277586699603379118e-20 1.132402400381366013e-21
3.691116294323947659e+04 1.596673098321027418e-20 1.100830867892605684e-21
3.692912457379371335e+04 8.543683263680760345e-21 9.746140508371515013e-22
3.694708620089796750e+04 4.562969815299838433e-21 9.425150105486010004e-22
3.696504782446971512e+04 1.899256490366420874e-21 9.321743585569827693e-22
3.698300944442809123e+04 2.540176079674825443e-21 8.829073443886757825e-22
3.700097106069120491e+04 3.085652802833700201e-21 8.964754877843213120e-22
3.701893267317817663e+04 4.456165610229937175e-21 9.595086440864000800e-22
3.703689428180721006e+04 4.003919732078193891e-21 8.696768388270534017e-22
3.705485588649739657e+04 2.431089125218890727e-21 9.751499083963301634e-22
3.707281748716736911e+04 1.918342970738157416e-21 8.791374549658921058e-22
3.709077908373619721e+04 2.537076803150119966e-21 9.027257480220274262e-22
3.710874067612268118e+04 5.202475424137313976e-21 8.956741921733773818e-22
3.712670226424524299e+04 2.114889867092332323e-21 8.446381126061744686e-22
3.714466384802426910e+04 2.975560619673549863e-21 8.887113737707450905e-22
3.716262542737714102e+04 1.981971457742741600e-21 9.337401147297185934e-22
3.718058700222453626e+04 3.491417630679738191e-21 9.212566947790029033e-22
3.719854857248425105e+04 2.554077079799619880e-22 8.521412992429585176e-22
3.721651013807719573e+04 2.666814114285637861e-21 8.928576245934905458e-22
3.723447169892073725e+04 1.687547322398428586e-21 9.774320487333943567e-22
3.725243325493620068e+04 3.526311170368158993e-21 1.039204643981985596e-21
3.727039480604115670e+04 2.512179076523317031e-21 9.244252112440890762e-22
3.728835635215703951e+04 1.166317135328268810e-21 7.834189270997096130e-22
3.730631789320092503e+04 4.094788610845416646e-21 9.111727664405114208e-22
3.732427942909512058e+04 1.410861026118578541e-21 9.506206244764023968e-22
3.734224095975692762e+04 4.608332535466001561e-21 9.519096740178730492e-22
3.736020248510794772e+04 4.161214804803818813e-22 8.165465829722085232e-22
3.737816400506602076e+04 1.875123061996020965e-21 1.008078686521917211e-21
3.739612551955316303e+04 1.187257629280691528e-21 9.145032585742249783e-22
3.741408702848711255e+04 4.038956596577366592e-21 9.157986092538260415e-22
3.743204853178933990e+04 2.373142197320496941e-21 9.162566426651982059e-22
3.745001002937872545e+04 3.884440818392213252e-21 9.051625177273273742e-22
3.746797152117639780e+04 3.993556187876166691e-21 8.975034899493829986e-22
3.748593300710123731e+04 3.363787354280956077e-21 8.952217388965528802e-22
3.750389448707437987e+04 5.298982249664878388e-21 9.477813780853561185e-22
3.752185596101565170e+04 2.969848013726117884e-21 9.138508973498366435e-22
3.753981742884533742e+04 1.059556618717071327e-21 8.793954922219487407e-22
3.755777889048323414e+04 4.989330018634653172e-21 9.231751928111974407e-22
3.757574034585078334e+04 2.769093594051629558e-21 9.971907347534255506e-22
3.759370179486741836e+04 5.277847643417780341e-22 8.734116615739260918e-22
3.761166323745421687e+04 4.335538160665925698e-21 9.939407525118701526e-22
3.762962467353131069e+04 2.339472227586429681e-21 9.595136155036209818e-22
3.764758610301979934e+04 3.842257632673267611e-21 9.678233576179375341e-22
3.766554752583955997e+04 3.384703542292098253e-21 9.775837406362909208e-22
3.768350894191185216e+04 3.784527674092587222e-21 9.912555887913310946e-22
3.770147035115756444e+04 3.451283926957050332e-21 1.074288070904553128e-21
3.771943175349679223e+04 2.260356265537743199e-21 9.370341871181792579e-22
3.773739314885091153e+04 2.207276380485416825e-21 9.000109506148583028e-22
3.775535453714105097e+04 3.771378628544453769e-21 9.235252322840103786e-22
3.777331591828684759e+04 4.708219480183115461e-21 9.346151451334924958e-22
3.779169675077441207e+04 4.496736980252814167e-21 9.275014240641786288e-22
3.780965815232296882e+04 3.348215484490257460e-21 9.572755488644536312e-22
3.782761954651550332e+04 2.759887920122099267e-21 1.003084519893454613e-21
3.784558093324235233e+04 1.317622760887391806e-21 9.057102041005609685e-22
3.786354231242553215e+04 4.488400419651642431e-21 9.522427730346008343e-22
3.788150368398622959e+04 3.061721057119539936e-21 8.931253584788420587e-22
3.789946504784562421e+04 2.233894438142037512e-22 8.758397144207143757e-22
3.791742640392462636e+04 2.054711041444143064e-21 9.518379367017210204e-22
3.793538775214588532e+04 1.833330526922114493e-21 8.443317309806029532e-22
3.795334909242986032e+04 -2.655160206530897458e-22 9.041215506322996484e-22
3.797131042469859676e+04 3.077399808736616075e-22 9.027298138244220399e-22
3.798927174887357978e+04 2.607893984335086636e-21 9.042419521132953860e-22
3.800723306487692025e+04 1.418986443549435450e-21 8.902579941636238029e-22
3.802519437262933934e+04 4.281791658346017429e-21 8.681459339320334029e-22
3.804315567205356638e+04 3.045829481218897360e-21 1.052380622167315055e-21
3.806111696307102102e+04 1.215593916083451350e-21 8.962526642663268672e-22
3.807907824560400331e+04 2.965769975009967023e-21 9.641830378824613750e-22
3.809703951954294462e+04 2.984127395649494307e-21 9.692319687971871922e-22
3.811500078230811778e+04 4.819033488989092592e-21 9.510641517810792505e-22
3.813338216312317672e+04 2.886381331977048059e-21 9.565017084839086439e-22
3.815134344577392039e+04 3.485618950296150932e-21 9.173886111911375802e-22
3.816930471954320819e+04 4.689179762304970393e-21 8.643772409553361336e-22
3.818726598435514461e+04 4.343514264906079344e-21 9.124425058247305377e-22
3.820522724012971594e+04 3.645040874544488179e-21 9.587813656101424026e-22
3.822318848679111397e+04 4.739901817246970357e-21 9.561277562790431205e-22
3.824114972426060558e+04 2.221433978559513945e-21 8.519438469034826879e-22
3.825911095246166224e+04 3.596087928137102247e-21 8.809416701888782443e-22
3.827707217131493962e+04 3.432786938846258684e-21 9.857719496942711845e-22
3.829503338074548810e+04 3.629290927854715356e-21 9.621884664262487941e-22
3.831299458067378146e+04 3.014314795764582487e-21 9.715898024055968985e-22
3.833095577102412062e+04 1.863755778825402715e-21 9.700252139398478908e-22
3.834891695171719766e+04 6.556582525891644573e-21 1.086512944596177606e-21
3.836687812267825939e+04 3.181273632564577704e-21 9.922755036745755621e-22
3.838483928382757585e+04 5.310339274756548001e-21 1.022192887779187255e-21
3.840280043509041570e+04 1.882709734451135484e-21 1.056059718594078523e-21
3.842076157638740551e+04 1.787335231525363869e-21 9.363116549717707533e-22
3.843872270764366840e+04 1.979062370129713550e-21 8.919679824858269874e-22
3.845668382878002740e+04 2.766824407385394862e-21 9.708409137702093814e-22
3.847464493972181663e+04 1.322014170088513319e-22 8.911022515759293787e-22
3.849260604039023019e+04 -1.424455603066665070e-22 9.659412306155217908e-22
3.851056713070982369e+04 1.982936918767411183e-21 1.003165895145718712e-21
3.852852821060304268e+04 1.326106560783466016e-21 9.242393705116663208e-22
3.854648927999380976e+04 4.881457441067977636e-21 9.756785201123251942e-22
3.856445033880456322e+04 2.819907654879535336e-21 9.841359028293788747e-22
3.858241138695962582e+04 1.841813562643391587e-21 1.010570391320300367e-21
3.860037242438169051e+04 1.757476737097724618e-21 8.935111848232382349e-22
3.861833345099436701e+04 1.495500547049367278e-21 9.463249890013074809e-22
3.863629446672216000e+04 2.585072770814900042e-22 9.936153634772797421e-22
3.865425547148712940e+04 2.093971622977213127e-21 9.720312167790120302e-22
3.867221646521442017e+04 3.270112700807053146e-21 9.907429780983634869e-22
3.869017744782664522e+04 1.164381989071317554e-21 9.574761323993377718e-22
3.870813841924829467e+04 1.441459734209927714e-21 9.828865589996251836e-22
3.872609937940221425e+04 -8.224909708882170787e-22 8.727496084481264851e-22
3.874406032821383997e+04 2.085721957952151187e-21 1.069871727133165706e-21
3.876202126560536271e+04 1.406670520845987923e-21 8.687454292905068352e-22
3.877998219150224031e+04 -6.345934235643380344e-22 9.029728172974407998e-22
3.879794310582694743e+04 2.267570416036878600e-21 9.815318381208726201e-22
3.881590400850531296e+04 5.313714698804182189e-21 1.050444616210714737e-21
3.883386489945937501e+04 3.146218370344208904e-21 1.004115869154905789e-21
3.885182577861551545e+04 3.403324293742633476e-21 9.688460687790939072e-22
3.886978664589630353e+04 3.372384086325735414e-21 9.391680870144252876e-22
3.888774750124435377e+04 2.696890848890586724e-21 9.166172255642156335e-22
3.890570841523464333e+04 2.090037225040899103e-21 9.213938079808869621e-22
3.892366942665955139e+04 1.366072592992459460e-21 9.349128543209421803e-22
3.894163042592025158e+04 3.589338321324357435e-22 9.275314049824754689e-22
3.895959141292799177e+04 6.723187297451920916e-23 9.327012754846283644e-22
3.897755238760658540e+04 2.073936834526193198e-21 9.684071006694136737e-22
3.899551334988173767e+04 3.063474505794084433e-21 8.792971535015503170e-22
3.901347429967699281e+04 2.949339008424921112e-21 9.410122073442271518e-22
3.903143523691790324e+04 3.086990324097140156e-21 9.407188697338766757e-22
3.904939616152860253e+04 -8.527848612459409672e-23 8.599074957575154045e-22
3.906735707343417744e+04 1.591446074723787859e-21 9.011321810236936046e-22
3.908531797255952551e+04 1.727818820392219156e-21 1.017523278381434539e-21
3.910327885882918054e+04 1.434622919870352037e-21 9.775355399318429856e-22
3.912123973216867307e+04 1.448254937175117924e-21 9.295316668531867178e-22
3.913920059250204213e+04 1.635862971618530302e-21 9.788944765189149793e-22
3.915716143975566229e+04 2.290629137586914750e-22 9.905010994976771949e-22
3.917512227385318693e+04 3.366357681193084503e-21 9.204173746025829775e-22
3.919308309472160909e+04 3.016333234261927854e-21 8.679897225470125908e-22
3.921104390228413831e+04 5.861859830951771501e-21 1.113920281281305725e-21
3.922900469646746205e+04 1.391451217678337307e-21 1.075967514226575193e-21
3.924696547719575028e+04 3.738687326882361497e-21 9.709653370199746244e-22
3.926492624439542124e+04 4.786981255148539382e-21 9.332212298965168077e-22
3.928288699799142341e+04 -4.163617825298295350e-22 9.474753887637252390e-22
3.930084773790931649e+04 8.140546849985582656e-22 9.321017043014214632e-22
3.931880846407466743e+04 3.579869102974168790e-21 9.472008875541691691e-22
3.933676917641228647e+04 2.453341675078836402e-21 8.757712917842969159e-22
3.935472987484918849e+04 2.366510630734908079e-21 1.053430971092259503e-21
3.937269055930903414e+04 2.403033533447489072e-21 9.731009713126182703e-22
3.939065122971976962e+04 6.828110065579799595e-22 9.291051746411760992e-22
3.940861188600580499e+04 2.782861108112830669e-21 9.407995041154574735e-22
3.942657252809340571e+04 3.229980113688843756e-21 8.885575454265102042e-22
3.944453315590816055e+04 7.421405947164183672e-23 9.902337035550664491e-22
3.946249376937612396e+04 1.522263750319284546e-22 9.127521409834086488e-22
3.948045436842319032e+04 2.021147713978241241e-21 1.052454471691151660e-21
3.949841495297561778e+04 3.303663258465317509e-21 9.835634884129830232e-22
3.951637552295966452e+04 1.050565364536978902e-21 9.985469518175692257e-22
3.953433607830025721e+04 3.636302031791952905e-21 9.943351959576867185e-22
3.955229661892549484e+04 1.280321846797684290e-21 1.033374497688543043e-21
3.957025714475948917e+04 1.821390512540322081e-21 9.704720004217808192e-22
3.958821765572996810e+04 8.241124945203342614e-22 8.449696626250486845e-22
3.960617815176240401e+04 1.365361765687729988e-21 9.215496221220040388e-22
3.962413863278432109e+04 1.052913424775709595e-21 8.938183205962255276e-22
3.964209909872111893e+04 2.663498260114113033e-21 1.039251846075884243e-21
3.966005954949903389e+04 1.714431923744522978e-21 8.865016194015435310e-22
3.967801998504583753e+04 6.517442321477966104e-22 9.217359292543126422e-22
3.969598040528634010e+04 2.800071583929011643e-21 1.019377356735935871e-21
3.971394081014941185e+04 3.476410521444485678e-21 1.018946924603696663e-21
3.973190119955925184e+04 4.017790959874628657e-21 9.737756437253140614e-22
3.975028473602298618e+04 2.137250351906488980e-21 9.927079923268507745e-22
3.976824512615048297e+04 -7.236924248120543110e-22 9.262221483260439711e-22
3.978620550301168259e+04 2.509449572159209375e-21 9.311475584477068972e-22
3.980416586415114580e+04 4.308680390174052398e-21 9.706651851160721972e-22
3.982212620946695824e+04 3.276410781482866430e-21 1.086841340012970071e-21
3.984008653888644039e+04 1.027215836190189092e-21 1.005025296444309911e-21
3.985804685233546479e+04 4.233074415363848623e-21 9.559842905797633732e-22
3.987600714974223229e+04 3.394300261040428093e-21 9.497780164295662530e-22
3.989396743103331391e+04 1.675655148602202496e-21 9.894533074600824168e-22
3.991192769613596465e+04 3.371393394958607015e-21 9.645358051651878477e-22
3.992988794497701747e+04 3.317628635220386044e-21 1.028861584961755535e-21
3.994784817748532078e+04 2.632798261456641025e-23 9.464824238882686353e-22
3.996580839358572848e+04 3.057504280861023664e-21 9.086502608542413654e-22
3.998376859320734366e+04 5.006621156096393821e-21 1.054867092039199848e-21
4.000172877627725393e+04 2.431996817616839762e-21 1.031236155064470616e-21
4.001968894272243779e+04 3.595625102738351357e-21 1.094917164913671103e-21
4.003764909247141622e+04 2.799735074519830588e-21 1.047405906623748154e-21
4.005560922545049107e+04 6.826239648912056955e-22 1.038311299651608286e-21
4.007356934158872900e+04 1.931803064607807782e-22 9.689494122728956489e-22
4.009152944078226574e+04 6.112084643339887674e-22 1.078115574073205909e-21
4.010948952060230658e+04 3.145392251287551084e-21 9.730765186188922353e-22
4.012787346701975912e+04 1.797418735555771501e-23 9.608232376381168452e-22
4.014583354922797298e+04 2.089701312201832441e-21 9.812006968796180813e-22
4.016379361422709189e+04 3.549647542348105827e-21 1.089093102683298163e-21
4.018175366194538219e+04 3.406528895268152548e-21 9.751695272163128488e-22
4.019971369231168501e+04 3.266015918497670721e-21 1.000638632242370019e-21
4.021767370525214938e+04 3.684988727698080762e-21 9.908936764276938999e-22
4.023563370069651864e+04 2.245198896195672397e-21 1.011995084656299685e-21
4.025359367857185862e+04 6.558092609982305191e-22 1.061029856139967037e-21
4.027155363880721416e+04 1.595470462194671998e-21 1.062557108965135292e-21
4.028951358132984024e+04 1.490879283247555049e-21 9.409549582335525273e-22
4.030747350606828695e+04 3.634444736418437107e-21 1.009630426704248019e-21
4.032543341295186110e+04 4.080728890380554407e-21 1.135609585600625844e-21
4.034339330190694454e+04 6.989230888404782647e-22 1.004301176460719453e-21
4.036135317286462669e+04 3.386388742106100259e-21 1.029504695810840316e-21
4.037931302575012523e+04 4.491250703985756058e-21 1.087448264655890802e-21
4.039727286049458780e+04 1.036795597811131474e-21 1.023143625187689925e-21
4.041523267702520388e+04 2.896369210063710954e-21 9.911695031174955236e-22
4.043319247527056723e+04 2.119388794438677237e-21 1.079295441385151256e-21
4.045115225516033388e+04 3.115017182891256040e-21 1.029372519427665169e-21
4.046911201662182430e+04 -2.383154925831672971e-21 9.853314208658061913e-22
4.048707175958534208e+04 3.215298875251204273e-21 1.057616969307886044e-21
4.050503148397730547e+04 8.597104225771126218e-22 9.262194452448879213e-22
4.052299118972943688e+04 1.028309739211572100e-21 9.224425842008341269e-22
4.054095087676771800e+04 3.865560168388863542e-21 9.563645554846221322e-22
4.055891054502331099e+04 2.573917278111158780e-21 9.768836037922113982e-22
4.057687019442496967e+04 2.957098898414679520e-21 9.820185019034602039e-22
4.059482982489986898e+04 4.557999023788163006e-21 1.072553815417090268e-21
4.061278943637953489e+04 2.016182365376937053e-21 1.014099236070340711e-21
4.063074902879073488e+04 -2.171700628221962934e-22 8.971455775435964211e-22
4.064870860206420912e+04 2.780842700983164610e-21 1.001511150602148581e-21
4.066666815612867504e+04 2.065626518616996521e-21 1.070315996653873691e-21
4.068462769091382506e+04 2.825204810257725124e-21 9.918909668991492584e-22
4.070258720634815836e+04 3.801462299273053530e-21 9.912709161870115996e-22
4.072054670236114180e+04 3.662068579751753005e-21 1.028144079613341007e-21
4.073850617888296256e+04 1.158936432013435286e-21 9.752351711121916556e-22
4.075646563584187243e+04 2.613824056072560757e-21 9.963661712594530308e-22
4.077442507316906995e+04 2.738571324326845748e-21 9.747441821449884671e-22
4.079238449079207930e+04 5.866541114657913716e-22 1.026704234206966164e-21
4.081034388864212087e+04 2.959222125614299210e-21 1.020784785824712350e-21
4.082830326664791937e+04 2.870632580545158035e-21 8.576878908872113098e-22
4.084626262473893439e+04 4.558718442232292538e-21 8.681714883119121475e-22
4.086422196284549136e+04 2.020998453744379823e-21 9.958478167626882487e-22
4.088218128089784295e+04 1.548159888601391690e-21 9.738760024721001813e-22
4.090014057882461202e+04 2.220134762250150310e-21 9.455777535269227926e-22
4.091809985655686614e+04 1.100923210889673142e-21 9.474032552932165688e-22
4.093605911402254424e+04 1.975368600064052466e-21 9.464011643370806405e-22
4.095401835115478025e+04 -4.657298887201994237e-23 9.728080988150524034e-22
4.097197756787992694e+04 1.882570518892189385e-21 9.871892063558127756e-22
4.098993676413143112e+04 1.609705549892651270e-21 9.851825087287394674e-22
4.100789593983658415e+04 2.529026543311053589e-21 9.039039015699750065e-22
4.102585509492731944e+04 2.959639150470696152e-21 9.969208335885216318e-22
4.104381422933392605e+04 2.029874719019630724e-21 1.020671091247364271e-21
4.106177334298419737e+04 1.746001292016652020e-21 9.973553370193777141e-22
4.107973243581184215e+04 6.157548162488352090e-22 1.037275518295144492e-21
4.109769150774463196e+04 3.582581389004985561e-21 1.039404934209426818e-21
4.111565055871441291e+04 5.019250747188832280e-21 1.079474045273404874e-21
4.113360958865138673e+04 4.536468519284476740e-21 9.855638625233909030e-22
4.115156859748467832e+04 7.670764352845783091e-22 9.986130088066043542e-22
4.116952758514660673e+04 2.203460098957048518e-21 1.015470384577605647e-21
4.118748655156655150e+04 8.617915677189343799e-22 1.002892447280610652e-21
4.120544549667600950e+04 2.484421889259658817e-21 1.033173069421574708e-21
4.122340442040473135e+04 3.064239679456704594e-21 1.093576951043024672e-21
4.124136332267876423e+04 2.136644113617048158e-21 1.032927481023060363e-21
4.125932218443589227e+04 1.122023776181129091e-21 1.002151830874592264e-21
4.127728101136618352e+04 -1.538168023948162813e-22 1.136167719466449149e-21
4.129523981664021994e+04 2.075920061718337412e-21 1.101557462023158836e-21
4.131319860018735199e+04 1.059973275266017401e-21 1.071997539804792755e-21
4.133115736193948396e+04 -9.570237960687702276e-22 9.898042375085904228e-22
4.134911610182748700e+04 1.446372970793989444e-21 1.005963845391302498e-21
4.136707481978156284e+04 6.032370368173203986e-21 1.097050423243134041e-21
4.138503351573465625e+04 2.955955027385214287e-21 1.047970434639532153e-21
4.140299218961496808e+04 1.649841403392724244e-21 1.028532602428821990e-21
4.142095084135616344e+04 3.431783720073289974e-21 1.098030587254875235e-21
4.143890947088865505e+04 2.874836150991543007e-21 1.026521978506009878e-21
4.145686807814281929e+04 2.703908336279151214e-21 1.108990091240235145e-21
4.147482666305238672e+04 -1.028524455768485835e-22 1.126533991011481134e-21
4.149278522554522351e+04 8.323020291741629894e-22 1.070454542230994005e-21
4.151074376555640629e+04 8.124240898643647934e-22 9.528810532243962680e-22
4.152870228301427414e+04 2.513896455987821163e-21 1.077464357736447142e-21
4.154666077785161906e+04 1.012404316663337565e-21 1.101941867323811396e-21
4.156461925000031624e+04 1.114403707010747687e-21 1.096034720507589220e-21
4.158257769939120044e+04 2.738398469816011567e-22 1.096031251506953044e-21
4.160053612595653976e+04 2.667348734347701306e-21 9.860170056598329102e-22
4.161849452962708165e+04 4.028967745339090805e-21 1.039746868000228907e-21
4.163645291033526155e+04 2.889160237133775738e-21 1.109950605735169158e-21
4.165441126801384235e+04 2.634800127922599958e-21 1.095782139304481926e-21
4.167236960259189800e+04 -1.512275069933968311e-22 9.776119671612185308e-22
4.169032791400314454e+04 1.249945663972627065e-21 1.094314464063704479e-21
4.170828620217978460e+04 1.157621012863518115e-21 1.169376814231683277e-21
4.172624446705240553e+04 2.850752225789675253e-21 1.046403261193372414e-21
4.174420270855486888e+04 1.802749847493186848e-21 1.004471474939269275e-21
4.176216092661643779e+04 2.598774962386053479e-21 9.976944500040123214e-22
4.178011912117058819e+04 2.102082879677031465e-21 1.054628743423216616e-21
4.179807729215070140e+04 5.783538278417417776e-21 1.132702177343491462e-21
4.181603543948747392e+04 1.983242417929183809e-21 1.131805748680984524e-21
4.183399356311375595e+04 3.212625122518115523e-21 1.106911897201900666e-21
4.185195166295995296e+04 -1.187717259477947664e-21 1.033000583647840223e-21
4.186990973896087962e+04 4.103190506579432704e-21 1.083476143048215086e-21
4.188786779104820744e+04 3.890771679331812110e-21 1.203841315313435633e-21
4.190582581915309129e+04 3.328747045175476166e-21 1.085005222293298283e-21
4.192378382320952369e+04 1.927161655499952607e-21 1.067497974612000363e-21
4.194174180314828118e+04 1.554910594547008840e-21 1.189043951884186000e-21
4.195969975890331989e+04 1.787130216209314134e-21 1.159944535756912697e-21
4.197808498139421135e+04 2.791125218924655219e-21 1.200727970388797226e-21
4.199604291988530167e+04 3.797788466374445831e-21 1.146918742900811778e-21
4.201400083622816601e+04 2.346393284832228625e-21 1.005282340375587285e-21
4.203195872813909227e+04 1.614689452626265119e-21 9.873020200460105966e-22
4.204991659552413330e+04 1.452182060288715557e-21 1.126646612875922720e-21
4.206787443831572455e+04 1.389179160690949769e-21 1.215632372237619480e-21
4.208583225644567574e+04 2.147742490135799712e-21 1.182776862937789251e-21
4.210379004984882340e+04 3.453378562274359375e-21 1.141735591579862950e-21
4.212174781845592952e+04 3.054220151734308472e-21 1.176471396430517307e-21
4.213970556220117578e+04 4.865091715440712855e-21 1.231661155840963242e-21
4.215766328101808176e+04 6.960842422352451126e-22 1.080419541275584406e-21
4.217562097483849357e+04 3.829422219007931153e-22 1.024787056114144190e-21
4.219357864359605446e+04 3.256628100058061456e-21 1.094094992371196992e-21
4.221153628722433496e+04 8.576914005957325670e-22 1.031873799046841566e-21
4.222949390565502108e+04 2.030647654899400543e-22 1.163265081206131438e-21
4.224745149882257101e+04 3.453164680447005053e-21 1.085538460296391540e-21
4.226540906666009687e+04 1.194802531000242760e-21 1.115661382380177317e-21
4.228336660910055798e+04 3.086617721107551423e-21 1.085207577442401141e-21
4.230132412607835431e+04 3.303067428017466971e-21 1.062681916427245874e-21
4.231928161752465530e+04 3.438220190991034911e-21 1.138664797075774745e-21
4.233723908337491594e+04 3.663366535545741690e-21 1.173461094792176914e-21
4.235519652356163715e+04 -6.874727974503504488e-22 1.190075858754759990e-21
4.237315393799102458e+04 1.880444061667256044e-21 1.177117316741374894e-21
4.239111132440557412e+04 3.723915479595535174e-21 1.035967832208911914e-21
4.240949678257819323e+04 4.392363435339179882e-21 1.022589135404023037e-21
4.242745415289950324e+04 4.420232982991434791e-21 1.103543491257427735e-21
4.244541149722081900e+04 7.165283468147535722e-22 1.040732666303868292e-21
4.246336881547451048e+04 1.711355950595184049e-21 1.108992790207475435e-21
4.248132610759595991e+04 1.974045283977583186e-21 1.121876713763216490e-21
4.249928337351843220e+04 -2.081453772885340408e-21 1.075825158452842213e-21
4.251724061317501764e+04 -8.469620123294611680e-22 1.133523469478724518e-21
4.253519782650092384e+04 3.648150148653497207e-21 1.195660489285887222e-21
4.255315501342845528e+04 6.038958117599290344e-21 1.170301022640657784e-21
4.257111217389300145e+04 2.218763114878325379e-21 1.182757763802597618e-21
4.258906930782934796e+04 2.122250157618275385e-21 1.095344637426832940e-21
4.260702641516822041e+04 2.940060217582724074e-21 1.077069749429192437e-21
4.262498349584748939e+04 -2.310537883747432953e-22 1.119447389448281764e-21
4.264294054979935754e+04 1.876021359116216972e-21 1.116698824193373702e-21
4.266089757695728622e+04 1.946393799878467134e-21 1.165388709481747639e-21
4.267885457725820743e+04 5.572374398824810814e-22 1.153255523139226529e-21
4.269681155063337792e+04 2.902741918943687530e-21 1.191490409381714282e-21
4.271476849701900937e+04 9.409763762157741842e-22 1.158846506519786120e-21
4.273272541635022208e+04 2.207223932551574345e-21 1.264506774722681650e-21
4.275068230855851289e+04 4.005460306875354744e-22 1.139613886879350387e-21
4.276863917358020990e+04 7.718809469110832584e-22 1.151384397885835688e-21
4.278659601134982222e+04 1.671784188199823691e-21 1.222129999172191874e-21
4.280455282180148788e+04 5.897215946686155672e-21 1.147063508250125213e-21
4.282250960487160046e+04 2.293123931292175070e-21 1.132133361602387899e-21
4.284046636049187509e+04 -4.809366146123027004e-25 1.149648960149796787e-21
4.285842308859763580e+04 2.319185468811399442e-21 1.101483301763119105e-21
4.287637978912565450e+04 2.874962458640177325e-21 1.189787755567558186e-21
4.289433646200779913e+04 -7.780384673637834097e-22 1.088762329584309512e-21
4.291229310718097986e+04 5.403207748526266913e-22 1.224365922101792254e-21
4.293024972458022239e+04 2.141848544099645660e-21 1.104107476438376184e-21
4.294820631413767842e+04 3.167409255659199534e-22 1.133610797757774911e-21
4.296616287579125492e+04 1.771577864853617843e-21 1.058894208129879651e-21
4.298411940947512630e+04 2.632106983327827405e-21 1.123756325101769936e-21
4.300207591512255749e+04 3.648159153078591287e-21 1.077999025744155880e-21
4.302003239267157187e+04 3.252660701391739411e-21 1.228926673765123678e-21
4.303798884205405921e+04 1.963646990972904019e-21 1.140253626843424313e-21
4.305594526320778823e+04 3.629239251843850539e-21 1.135221298605868050e-21
4.307390165606710070e+04 -7.613355227653128328e-23 1.148021174069056684e-21
4.309185802056617831e+04 3.658459638096192978e-22 1.199541597933671461e-21
4.310981435664067249e+04 1.421813227649961006e-21 1.191824813675231491e-21
4.312777066422703501e+04 2.083772884602298485e-21 1.116820048021465247e-21
4.314572694325893826e+04 3.450654854422977476e-21 1.190580488570429918e-21
4.316368319367375079e+04 2.618768066277057592e-21 1.166992239531399779e-21
4.318163941540511587e+04 1.529981439110107693e-21 1.194604370323533223e-21
4.319959560838867765e+04 3.696698217277385523e-22 1.217230200987985281e-21
4.321755177256095340e+04 2.885559570120665410e-21 1.222476098892125994e-21
4.323550790785637946e+04 1.835606933158204723e-21 1.236125520832547209e-21
4.325346401421099290e+04 1.456930873149174143e-21 1.171453685971188041e-21
4.327142009156128915e+04 1.199570315814104350e-21 1.275793275334736204e-21
4.328937613984066411e+04 8.225826620592804598e-22 1.272413659740484041e-21
4.330733215898734488e+04 5.837724304343715152e-22 1.205805767060584226e-21
4.332528814893590607e+04 3.762392379267758727e-21 1.205085465247572174e-21
4.334324410962112597e+04 2.089786471668142174e-21 1.138816742896369642e-21
4.336120004098044592e+04 2.194533377273293919e-22 1.109089328015341478e-21
4.337915594294876792e+04 2.566109023816332047e-21 1.277797856544830129e-21
4.339711181546316948e+04 2.625216626400994737e-21 1.233636098330653159e-21
4.341506765845837072e+04 3.891988864041633552e-21 1.238830752963297187e-21
4.343302347187054693e+04 1.532838606834196188e-21 1.256091319228110852e-21
4.345097925563604076e+04 4.136830074647757784e-21 1.290568078538679047e-21
4.346893500969088200e+04 -2.348709169760764700e-21 1.290027148082424314e-21
4.348689073397058382e+04 1.110915767577321136e-21 1.180385372071319138e-21
4.350484642841223831e+04 -1.283198389452926558e-21 1.017564519727246797e-21
4.352280209295147506e+04 2.092785975492000204e-21 1.123254380815291065e-21
4.354075772752410558e+04 2.691480127291722837e-21 1.112797142640096787e-21
4.355871333206745476e+04 2.758235101941612347e-21 1.098537436951203039e-21
4.357666890651641006e+04 -5.181384756857766422e-22 1.079879109393364075e-21
4.359462445080718317e+04 -1.752227070871464358e-22 1.106992958704078758e-21
4.361257990599341429e+04 -3.447426363119347484e-22 1.127127656046177475e-21
4.363053531304800708e+04 -9.704652552743025978e-22 1.167547555562876850e-21
4.364849068975249247e+04 9.919139247334828108e-22 1.222420029369836110e-21
4.366644603604856820e+04 -1.210210274069979993e-21 1.195694063095253836e-21
4.368440135186923726e+04 1.012988344799040378e-21 1.057106757322795949e-21
4.370235663715122064e+04 -8.154390057582163367e-22 1.191688833990795739e-21
4.372031189183297829e+04 6.141268147370429030e-22 1.159579503138234304e-21
4.373826711584949226e+04 4.570133142030281235e-21 1.199497693854885836e-21
4.375622230913747626e+04 3.507019095426169568e-21 1.205011439178736334e-21
4.377417747163528838e+04 2.420910247683269806e-21 1.175366574114447627e-21
4.379213260327848548e+04 -3.480339563008732549e-22 1.196850758175199916e-21
4.381008770400310459e+04 2.496825404789902208e-21 1.127958293747546207e-21
4.382804277374748926e+04 2.002866904664860354e-21 1.121621115889983782e-21
4.384599781244814221e+04 1.384085241164233849e-21 1.047615584559862621e-21
4.386395282004161709e+04 -3.239019303187472899e-22 1.143995173412355440e-21
4.388190779646462761e+04 9.069680495043276091e-22 1.257179462166513718e-21
4.389986274165462964e+04 -6.245468690344136554e-22 1.259003954498746705e-21
4.391781765554971935e+04 -2.287623342516017165e-22 1.182390867156091714e-21
4.393577253808540991e+04 -8.925180161834363805e-22 1.160858552190702202e-21
4.395372738919832045e+04 1.297308124195067462e-21 1.144516515714998780e-21
4.397168220882776950e+04 4.783798614785496249e-21 1.326807473783104082e-21
4.398963699691025249e+04 9.950749772408388492e-22 1.219064239224694014e-21
4.400759175338167552e+04 3.614312543271822014e-21 1.280024862611636590e-21
4.402554647818087687e+04 2.565549562112881490e-21 1.299798562064502318e-21
4.404350117124430835e+04 1.079128634352597882e-21 1.306465022655153013e-21
4.406145583250984782e+04 3.592365029634423000e-21 1.300899500947629442e-21
4.407941046191414353e+04 1.985587472121609488e-21 1.230944672515778971e-21
4.409736505939591007e+04 2.266462976252673726e-22 1.220019449442427948e-21
4.411531962489106809e+04 1.024041018206610936e-21 1.208190947031217356e-21
4.413327415833904524e+04 1.636216460375242081e-21 1.135321259837304715e-21
4.415122865967532562e+04 4.639845619733714324e-21 1.258505944168888016e-21
4.416918312883776525e+04 7.351571874208810615e-22 1.207850397388432261e-21
4.418713756576631567e+04 1.543895399336162789e-21 1.362217251391849866e-21
4.420509197039605351e+04 -8.451317673620388097e-22 1.222484493369154866e-21
4.422304634266605717e+04 2.850479813068874726e-21 1.249459185579289881e-21
4.424100068251312041e+04 4.055534328335442358e-21 1.250609811822613251e-21
4.425895498987568135e+04 4.491169105963295272e-23 1.075623093474358859e-21
4.427690926469191618e+04 3.663753537638105263e-21 1.280688807186217724e-21
4.429486350689918618e+04 -3.879307025962309396e-22 1.071986162469633583e-21
4.431281771643554384e+04 -8.860678723896450605e-22 1.137844308838644676e-21
4.433077189323759376e+04 1.310413229970969996e-21 1.359877817013651271e-21
4.434872603724621149e+04 7.849262015269265115e-22 1.169794734164491506e-21
4.436668014839725220e+04 3.609262436708875232e-21 1.384687348510426664e-21
4.438463422662804805e+04 1.973746833180864718e-21 1.291010821102277390e-21
4.440258827187897987e+04 -1.441104799674923878e-21 1.195522219873724058e-21
4.442054228408773633e+04 -1.155697979454952393e-21 1.245887977715801306e-21
4.443849626319060917e+04 9.176907724745213452e-22 1.241345553433940933e-21
4.445645020912698237e+04 2.026976845144879905e-21 1.293507076386248744e-21
4.447440412183642184e+04 1.346718853348599347e-21 1.195035017425410376e-21
4.449235800125461537e+04 2.437408628440979933e-23 1.255402815822405736e-21
4.451031184732171096e+04 1.712219223513145137e-22 1.334440088723176714e-21
4.452826565997523721e+04 1.278323184248998865e-21 1.293921949199513830e-21
4.454621943915413431e+04 -1.562408760868968204e-22 1.274933067953001207e-21
4.456417318479652749e+04 -4.567416902697742779e-22 1.423432966289753302e-21
4.458212689684078214e+04 2.945814288391946339e-21 1.352251771455917064e-21
4.460051263024902437e+04 3.936107413419013052e-21 1.450121884874163040e-21
4.461846630772611388e+04 1.742663698257591319e-21 1.401851553718898663e-21
4.463641995144284010e+04 7.014234020220960198e-22 1.373902170231740890e-21
4.465437356130930857e+04 8.300335746768500931e-22 1.445965432209078835e-21
4.467232713726677321e+04 2.119108040520383760e-21 1.421089239584514806e-21
4.469028067925372306e+04 1.861332757262365193e-21 1.367656671078222416e-21
4.470823418720825430e+04 3.134244857620861131e-22 1.183376720827167485e-21
4.472618766106821568e+04 8.776846204822887890e-22 1.340473991561349629e-21
4.474414110077446821e+04 6.784069311283055180e-21 1.469523189183872232e-21
4.476209450626436592e+04 4.481744200066040468e-21 1.467881470424593739e-21
4.478004787747764203e+04 2.494096634441402179e-21 1.380271244667492081e-21
4.479800121435222536e+04 8.133323250589042462e-22 1.415146775579355807e-21
4.481595451682792918e+04 2.304258160713798534e-21 1.404407966224623410e-21
4.483390778484423936e+04 3.443627362492724375e-21 1.414515196392770128e-21
4.485186101833824068e+04 1.291508671915997070e-21 1.293832684952057595e-21
4.486981421725007385e+04 1.889052350946227964e-22 1.263980667188944333e-21
4.488776738151950121e+04 -1.668494979028383168e-21 1.313739850674877630e-21
4.490572051108558662e+04 2.877938777355139644e-21 1.430273729413670450e-21
4.492367360588653537e+04 -1.470949261103192705e-21 1.266244175894378336e-21
4.494162666586017440e+04 2.357978268351859704e-21 1.261893521668749532e-21
4.495957969095026783e+04 -5.015490508031607956e-22 1.187241705217290914e-21
4.497753268109317287e+04 1.676700727847793700e-21 1.408703500320446164e-21
4.499548563622651272e+04 3.523574047089239044e-21 1.305475436483920773e-21
4.501343855629247992e+04 5.178302757069662245e-22 1.361667147655150268e-21
4.503139144123056030e+04 1.552911355044356765e-21 1.352955793480208429e-21
4.504934429097834800e+04 1.873257402502484557e-21 1.327731535172451129e-21
4.506729710544914997e+04 4.964761976780107253e-21 1.409092833609148383e-21
4.508568282469140104e+04 5.088571443543691317e-21 1.385496696563631585e-21
4.510363560122393392e+04 1.280000936269835483e-21 1.318603407937046387e-21
4.512158834231791843e+04 5.101366707329512194e-21 1.452843175933934931e-21
4.513954104791718419e+04 5.306417717922154886e-21 1.426577619967325908e-21
4.515749371796098421e+04 3.647773239438564965e-22 1.434419741039415083e-21
4.517544635238596675e+04 3.327594566619341482e-21 1.503911165279113953e-21
4.519339895113353123e+04 3.008074683071674197e-21 1.498648505631506053e-21
4.521135151414452412e+04 2.884449114820593366e-21 1.319844701047928910e-21
4.522930404135856952e+04 1.509318316286611046e-21 1.430387944715487314e-21
4.524725653271277406e+04 -3.153293896923696351e-21 1.279927068841405516e-21
4.526520898814936663e+04 2.553102307405635836e-22 1.337925569360604299e-21
4.528316140760818234e+04 5.531506992749616562e-21 1.305547160293891727e-21
4.530111379102950741e+04 4.954682214142460402e-21 1.448123045758417829e-21
4.531906613835126336e+04 4.369931711533397426e-22 1.422897277330558774e-21
4.533701844951429666e+04 -2.036301138802336851e-21 1.496667692814789476e-21
4.535497072446126549e+04 1.462850922258456142e-22 1.400628448038991045e-21
4.537292296312871622e+04 1.562628811658229364e-21 1.281707128365491001e-21
4.539087516545692779e+04 1.740128485239757180e-21 1.460595490125156381e-21
4.540882733138837648e+04 4.061134678085192077e-22 1.462966372551232810e-21
4.542677946086247539e+04 7.177131950129480203e-22 1.318199338436583948e-21
4.544473155381892138e+04 4.054076004349300809e-21 1.448587082691356125e-21
4.546268361019701115e+04 3.414357491854797723e-21 1.407898558217645968e-21
4.548063562993912637e+04 2.898396734859618193e-21 1.351149309837204384e-21
4.549858761298556783e+04 5.437147517056455473e-21 1.316104614903297382e-21
4.551653955927326024e+04 2.722693932100958584e-21 1.324894207855836091e-21
4.553449146874497819e+04 5.249053628409106362e-21 1.391493269048779962e-21
4.555244334134341625e+04 2.564765949779752040e-21 1.476839495402456701e-21
4.557039517700599390e+04 1.893779861577277137e-21 1.349548435362027386e-21
4.558834697567170224e+04 2.290471900519146265e-21 1.530389525281117383e-21
4.560629873728618986e+04 2.570507386223173814e-21 1.479665976538400539e-21
4.562425046178691264e+04 -5.782448771193802366e-22 1.407049988864179677e-21
4.564220214911252697e+04 7.549474170472150936e-22 1.456757993092512153e-21
4.566015379920748092e+04 6.392930191005892009e-22 1.402448715787542334e-21
4.567810541201186425e+04 -8.787962940095540869e-22 1.471055805537682193e-21
4.569605698746348207e+04 3.196336287583800033e-21 1.483479311929945879e-21
4.571400852550427953e+04 2.865016108478737976e-21 1.464616163774884816e-21
4.573196002607728587e+04 4.700588053046960409e-21 1.557356693457766635e-21
4.574991148912157223e+04 2.291834123772454490e-21 1.468836570378218758e-21
4.576786291457692278e+04 8.719172290296149135e-22 1.448552895379042058e-21
4.578581430238575558e+04 2.017190305244532794e-21 1.517247783937389448e-21
4.580376565249078703e+04 1.274401874192489634e-21 1.431964179786896405e-21
4.582171696482796688e+04 -3.340649974160595045e-22 1.400181233625521877e-21
4.583966823934011336e+04 2.383387562368150222e-21 1.315171086122664637e-21
4.585761947597384278e+04 -4.024483463943597896e-23 1.426295010085906035e-21
4.587557067466083390e+04 2.853770349938908603e-21 1.455114959425132083e-21
4.589352183534781216e+04 1.383465960552215204e-21 1.458559625250019391e-21
4.591147295797588595e+04 2.457812489555642006e-21 1.488742371036930525e-21
4.592942404248606908e+04 1.831303044202209774e-21 1.540322328791044274e-21
4.594737508887739386e+04 1.034515467811196971e-21 1.480560427732836848e-21
4.596532632673480839e+04 1.288097648728344162e-21 1.418073029197508905e-21
4.598327754701996309e+04 1.372879057811873678e-21 1.511641700704858714e-21
4.600122872895371256e+04 8.568273215007893623e-22 1.385381115116323684e-21
4.601917987247321435e+04 -7.301056494507104756e-22 1.475358775986439015e-21
4.603713097752151953e+04 -1.135302233745498082e-21 1.493467055612611629e-21
4.605508204403909622e+04 1.923934082033964083e-21 1.456891348765715400e-21
4.607303307196466631e+04 2.571573775050390754e-21 1.407781986891169353e-21
4.609098406124139001e+04 1.358150410365357175e-21 1.511023051464982892e-21
4.610893501181450119e+04 1.280954349775912294e-21 1.543725450045231248e-21
4.612688592361819610e+04 1.360878708251420744e-21 1.468712934460265528e-21
4.614483679659782501e+04 -5.745110047853102268e-22 1.513862624687277555e-21
4.616278763069907291e+04 3.182565955678288257e-21 1.544011029649657082e-21
4.618073842585508828e+04 2.834034551814185042e-21 1.469710853560680628e-21
4.619868918201298948e+04 3.391421620754802368e-21 1.569291184489260768e-21
4.621663989911432873e+04 6.508960030017844272e-22 1.696050112094723333e-21
4.623459057709889748e+04 4.708596662856939558e-21 1.576002164851056748e-21
4.625254121590866998e+04 1.518494585057511144e-21 1.570658744076196854e-21
4.627049181548540219e+04 1.518954804868348235e-21 1.504787801815681680e-21
4.628844237577507738e+04 2.449865219269622668e-21 1.535633460927386593e-21
4.630639289671296137e+04 9.215464770943246215e-22 1.529201281719703881e-21
4.632434337824384420e+04 4.056056565189468358e-21 1.472643279562800974e-21
4.634229382031324349e+04 3.832047485814361819e-21 1.504793211177180837e-21
4.636024422285558103e+04 1.873118297488317432e-21 1.596117674631237850e-21
4.637819458581757499e+04 3.715015362773664328e-22 1.519583204269828460e-21
4.639614490914288763e+04 2.448607646275955459e-21 1.586491242151756924e-21
4.641409519276830542e+04 2.379489982075052552e-21 1.683790762470991219e-21
4.643204543663970981e+04 1.497511111764360266e-21 1.628619060398681303e-21
4.644999564069726330e+04 4.986849466127686167e-21 1.590279938500418082e-21
4.646794580488631618e+04 1.475378497370648967e-21 1.606126631437024438e-21
4.648589592914459354e+04 3.624766311511568327e-21 1.603193099274780576e-21
4.650384601341680536e+04 -1.723835462329103431e-21 1.528659002731500388e-21
4.652179605764700682e+04 3.898950724780254638e-21 1.722842415861986221e-21
4.653974606177245732e+04 7.488879786755112230e-21 1.698587481930104266e-21
4.655769602573927114e+04 9.373753216964800919e-22 1.517772691323387018e-21
4.657564594949114689e+04 2.902111520044224789e-22 1.509127094525680253e-21
4.659359583296374331e+04 6.960876427790104287e-22 1.486030278640826209e-21
4.661154567610602680e+04 -3.133006898358583533e-22 1.570159917318457702e-21
4.662949547885949869e+04 -1.734447788844003695e-21 1.433787136764591290e-21
4.664744524116263347e+04 6.612090612007258488e-21 1.566233127348251688e-21
4.666539496296085417e+04 5.425538546750076292e-21 1.596917798301732557e-21
4.668334464419863070e+04 2.514860257331612825e-21 1.703815689394697499e-21
4.670129428481397190e+04 1.986945918149754369e-21 1.573345997922956214e-21
4.671924388475140586e+04 2.258513280830542977e-21 1.603837793226690586e-21
4.673719344395548978e+04 3.645482740509692419e-21 1.642115800282657298e-21
4.675514296236691007e+04 1.648647386750775586e-21 1.626978047819557927e-21
4.677309243992656411e+04 2.776543225836898019e-21 1.554504308596329551e-21
4.679104187658199226e+04 -7.843287609370046641e-22 1.531487133422699384e-21
4.680899127227284771e+04 3.367576495531178423e-21 1.563461486278317147e-21
4.682694062693980231e+04 -9.520613370905868895e-22 1.560181906568353578e-21
4.684488994052921043e+04 -2.229309162558620993e-22 1.490476291994540598e-21
4.686283921298569476e+04 1.653511404873029816e-21 1.588529832609553164e-21
4.688078844424497220e+04 -7.653876317641846491e-22 1.691050675209378383e-21
4.689873763425526704e+04 -2.282821340880691837e-22 1.468158258404482956e-21
4.691668678296113649e+04 8.579527582131476338e-22 1.720287391752405591e-21
4.693463589029859577e+04 3.587330951921330091e-21 1.588354415844408925e-21
4.695258495621641487e+04 2.209140898446095580e-21 1.661550115629865056e-21
4.697053398065808142e+04 -4.116556746719453440e-23 1.619384953479790196e-21
4.698848296356186620e+04 4.456943707523171478e-22 1.462293022403773174e-21
4.700643190487383254e+04 3.203238068679242717e-21 1.389841383443361752e-21
4.702438080453911243e+04 6.704056078544939140e-21 1.462328709949277350e-21
4.704232966249573656e+04 2.760358797549485907e-21 1.577092097657008329e-21
4.706027847868983372e+04 -1.210656921106611147e-21 1.538389965401115064e-21
4.707822725306736538e+04 -2.054595665988169508e-21 1.673556329988351488e-21
4.709617598556625308e+04 -4.685151326780661964e-22 2.043333003483409926e-21
4.711412467613062472e+04 3.304252514113421719e-21 1.769406174095640010e-21
4.713207332470949768e+04 2.657441911235387171e-21 1.774416289344928361e-21
4.715002193123903999e+04 4.896413138268471097e-21 1.793313853845223513e-21
4.716797049566492205e+04 3.867747777198293493e-21 1.657349299432815871e-21
4.718591901793372381e+04 -7.676649119035743380e-22 1.798268600121516348e-21
4.720386749798465462e+04 8.463895296582703056e-22 1.640911402993395872e-21
4.722181593576116575e+04 3.649138238830995637e-21 1.645858425529648394e-21
4.723976433121273294e+04 2.067233376330297806e-21 1.773723689733005978e-21
4.725771268427476025e+04 2.691178047737844352e-21 1.546703790917381065e-21
4.727566099489478074e+04 1.671898731852354755e-21 1.644985367209314889e-21
4.729360926301906147e+04 3.768097587484002993e-21 1.743348552516498157e-21
4.731155748858521838e+04 2.092001732238533040e-21 1.754179167106257740e-21
4.732950567153893644e+04 4.873023405532277087e-21 1.757065033920999584e-21
4.734745381182902202e+04 3.013744078995386316e-23 1.836847792914542483e-21
4.736540190939201420e+04 9.163659011387524296e-22 1.729218246889399625e-21
4.738334996417408547e+04 5.161716184575497927e-21 1.672834351255817114e-21
4.740129797612189577e+04 5.027389298810004630e-21 1.684842637150095173e-21
4.741924594517444348e+04 -2.069002497792602614e-21 1.788189220546240374e-21
4.743719387127818482e+04 2.732594842747068334e-21 1.808187538534063451e-21
4.745514175437873200e+04 -2.244153322803170374e-22 1.733823246641811898e-21
4.747308959441510524e+04 2.273257250629339778e-21 1.748592184031513525e-21
4.749103739133424824e+04 2.066205486442574900e-21 1.699642087633488299e-21
4.750898514508272638e+04 2.240140671958811911e-22 1.652590007799212709e-21
4.752693285559896322e+04 5.581621307399878634e-22 1.507927713990794034e-21
4.754488052282882563e+04 3.481931770634989887e-21 1.528360111755093895e-21
4.756282814671927918e+04 1.631168145251692116e-21 1.738253968894872598e-21
4.758077572721041361e+04 3.364762765672464487e-21 1.633333240333928239e-21
4.759872326424810308e+04 1.279114593245396477e-21 1.633306569814281746e-21
4.761667075777758146e+04 3.578186941867023552e-21 1.688050965779727091e-21
4.763461820774069201e+04 -9.326255250782539168e-22 1.623643967084118875e-21
4.765256561408359994e+04 1.747885083895522193e-21 1.680829782167523882e-21
4.767051297674830857e+04 -1.792017511788819201e-21 1.800181574229838131e-21
4.768846029567945516e+04 -8.778177599986085582e-22 1.771767540628372437e-21
4.770640757082572964e+04 1.604708994729866067e-21 1.763488324014276063e-21
4.772435480212405673e+04 5.655680013514737165e-21 1.712856461497785243e-21
4.774230198952326464e+04 1.397421606894989335e-21 1.672865536421640771e-21
4.776024913296868908e+04 3.132525614520849317e-21 1.706792419898107877e-21
4.777819623240049259e+04 4.523649777315834735e-21 1.848286375970881268e-21
4.779614328776569891e+04 4.775620777563984761e-21 1.874833218917914565e-21
4.781409029901141184e+04 5.968928975793242981e-21 2.081240827378936628e-21
4.783203726607552380e+04 1.676342083607662048e-21 1.962265059999784317e-21
4.784998418890640460e+04 3.067311746363306788e-21 1.921946126047089445e-21
4.786793106745121622e+04 6.156095715056728480e-22 1.772446069562086635e-21
4.788587790164857870e+04 3.773372210351884184e-21 1.867923505083096893e-21
4.790426264031269238e+04 5.581448460784467235e-21 1.914280215430124216e-21
4.792220941584510001e+04 6.607287793711664893e-21 1.954602825570628850e-21
4.794015614869911224e+04 1.870635171376547980e-21 1.857070243363662446e-21
4.795810283700605942e+04 7.309389723902954650e-21 1.963824217150850558e-21
4.797604948068981321e+04 -1.857984903052924694e-22 1.826884479426299906e-21
4.799399607969066710e+04 -1.510482299617237385e-21 1.775239964925528802e-21
4.801194263395858434e+04 2.306276419158603059e-22 1.731171623096434569e-21
4.802988914343312354e+04 2.202598227415516245e-22 1.758277944335480034e-21
4.804783560806086462e+04 -1.589533317566131549e-21 1.890549926123038324e-21
4.806578202778986451e+04 7.013910088959780478e-22 1.899615143912314246e-21
4.808372840256065683e+04 1.537906302003607126e-21 2.037227922214868388e-21
4.810167473232009070e+04 3.399999016545946886e-21 1.822972689278684881e-21
4.811962101701481879e+04 3.710242011932072761e-21 1.839743140324512506e-21
4.813756725658373762e+04 2.659336546462857964e-21 1.824643525415564118e-21
4.815551345097798185e+04 2.909363539776759199e-21 1.903510719832797926e-21
4.817345960014194134e+04 4.410793632202360488e-21 1.876421416248754636e-21
4.819140570401554578e+04 7.049245713542468798e-22 1.804471407967319218e-21
4.820935176254886755e+04 9.266316515706096819e-22 1.859708577553401378e-21
4.822729777568636200e+04 4.098691816076620276e-21 1.727305968256538359e-21
4.824524374337051995e+04 1.975522990912956319e-21 1.789717360980301905e-21
4.826318966555011139e+04 5.542999624820919914e-21 1.707833854188047025e-21
4.828113554210031725e+04 2.020417572693913716e-21 1.916465779939976805e-21
4.829908135937662882e+04 7.616184444779163667e-21 1.938177946233101918e-21
4.831702645642279094e+04 2.375052902118424972e-21 1.938218942616570972e-21
4.833497149922081007e+04 3.587109930511746766e-21 1.905348817014012310e-21
4.835291649624506681e+04 -1.120479602977657361e-21 2.007657170797860768e-21
4.837086144743947079e+04 7.885407275924455808e-22 1.904920334613447028e-21
4.838880635274764063e+04 -1.795277505494626744e-21 1.777765971744639843e-21
4.840675121211884834e+04 4.969322750894716482e-22 1.783959742571537685e-21
4.842469602549530828e+04 -4.728441907531881611e-22 1.688042721070900424e-21
4.844264079282239982e+04 -5.862528196039983956e-22 1.663886596102212698e-21
4.846058551404873288e+04 -2.818815525758502740e-21 1.838057594707059204e-21
4.847853018911454274e+04 3.645885316940294162e-21 1.932939002830207842e-21
4.849647481797167711e+04 2.127234609983295540e-22 1.781392138102834672e-21
4.851441940056042949e+04 3.569290216328678403e-21 1.817766188994238317e-21
4.853236393680372566e+04 -2.403849115517928452e-22 1.942303514704352237e-21
4.855030842486466281e+04 7.543736035875416425e-21 1.915402988587964017e-21
4.856869198340932780e+04 3.268127791406683111e-21 1.939358468486386908e-21
4.858663641229643690e+04 1.851690335573543096e-21 1.763000357105118024e-21
4.860458079464302864e+04 1.531860050571271809e-21 1.746349095029593381e-21
4.862252513039129553e+04 1.279879737189141754e-21 1.957450026093590065e-21
4.864046941948974563e+04 3.118150738216116936e-21 2.026649897284965268e-21
4.865841366188479151e+04 7.018225048462761093e-21 2.101234580864781308e-21
4.867635785751696676e+04 5.631877388072168946e-21 1.941324412036596592e-21
4.869430200633792265e+04 2.008073931772830963e-21 1.845700331130539433e-21
4.871224610828999721e+04 4.312746216441744472e-21 1.897791482675351975e-21
4.873019016332114552e+04 6.822355964113613566e-21 2.012672161205759268e-21
4.874813417137679789e+04 3.225976540603149355e-21 1.779265015404491723e-21
4.876607813239986717e+04 -8.991432596476447094e-22 1.943941857741057944e-21
4.878402204634178634e+04 -2.418348527564189885e-21 1.859828900697612658e-21
4.880196591314497346e+04 6.102879335212444980e-21 1.883921480270531111e-21
4.881990973275405122e+04 2.781247562107367173e-21 1.985252350365803437e-21
4.883785350511889555e+04 4.553275219118241643e-21 1.964159016322056105e-21
4.885579723018077493e+04 8.298662861510583665e-21 2.057362943001548557e-21
4.887374090789078764e+04 3.446388507920694941e-21 1.810786746128981989e-21
4.889168453819286515e+04 5.552727130052941247e-21 2.173453800430452575e-21
4.890962812103141187e+04 1.021335804234178671e-24 1.825755901150665062e-21
4.892757165635491401e+04 2.818041998079023009e-21 1.859808000294945398e-21
4.894551514410816890e+04 1.665257152851348390e-22 1.798753666411796944e-21
4.896345858423730533e+04 3.000372531774561350e-21 1.991394031228997863e-21
4.898140197669142799e+04 9.721721240773468051e-22 1.935628411030870995e-21
4.899934532141173258e+04 -2.156185105244031206e-21 1.856606784180542605e-21
4.901728861834840791e+04 4.232612332025391943e-22 1.843660579205274372e-21
4.903523186744593113e+04 -6.217774317920601720e-22 1.796258999134475271e-21
4.905317506865132600e+04 1.820083432334041854e-21 1.805802340142163933e-21
4.907111822191163810e+04 1.428625532921916562e-21 1.930059572944331951e-21
4.908906132717002765e+04 -1.535485611368291616e-21 1.970203104612069813e-21
4.910700438437673438e+04 -5.970170992399489016e-22 1.907977932781953133e-21
4.912494739347606082e+04 3.255618812482031506e-23 1.981194837926934592e-21
4.914289035441586748e+04 5.739231614744043220e-21 2.075828940460968410e-21
4.916083326714159921e+04 5.129955670212307233e-21 2.079441074774192665e-21
4.917877613159782049e+04 2.373367806031261354e-21 1.925313867212746362e-21
4.919671894773390522e+04 2.521474611772471775e-21 2.065388577300198768e-21
4.921466171549643332e+04 1.729610387923449771e-21 2.234565093462394229e-21
4.923260443483122071e+04 3.660700202124726771e-21 2.199805378621739261e-21
4.925054710568365408e+04 4.441543704780100457e-21 2.068782630180865004e-21
4.926848972800095362e+04 7.952301468539969023e-22 2.076000465831101671e-21
4.928643230173105258e+04 -2.847529913493526423e-21 1.924761674582570396e-21
4.930437482681914116e+04 5.000307384043993043e-22 2.030003688606055038e-21
4.932231730321262876e+04 3.609105437317791261e-22 1.902109356964603859e-21
4.934025973085824808e+04 4.395597021893592549e-21 1.946202245975692428e-21
4.935820210970090557e+04 -1.318901108756500110e-21 1.848311695717543785e-21
4.937614443969054992e+04 2.897558027549094549e-21 1.900697835448695616e-21
4.939408672077255324e+04 -1.180970794377403275e-21 1.947692137637491998e-21
4.941202895289367734e+04 8.976814945098927864e-22 2.076977585044591485e-21
4.942997113599925797e+04 4.046508387609164323e-21 2.075978253443781266e-21
4.944791327003668994e+04 6.497281682661102452e-21 2.142362743237869044e-21
4.946585535495598015e+04 6.740621952036732296e-21 2.175881492421692171e-21
4.948379739070039795e+04 3.348686537503120586e-21 2.086588375456021872e-21
4.950173937721902621e+04 -7.444335168800942827e-23 2.139847118007957718e-21
4.951968131445647305e+04 -1.139802123623153319e-21 1.916888521736491694e-21
4.953762320236123196e+04 2.522732303015242221e-21 1.970006675574642099e-21
4.955556504088183283e+04 -1.001696559372163592e-21 2.004811903614447885e-21
4.957350682996235264e+04 3.914503433298346418e-22 2.047945185289041266e-21
4.959144856955135765e+04 1.692165583157202369e-21 2.062602160649787416e-21
4.960939025959498395e+04 7.777185202757204860e-21 2.186297006577147269e-21
4.962733190004181961e+04 4.243971204977566423e-21 2.089771932441268918e-21
4.964527349083913577e+04 -8.929082815904779125e-22 2.090731663908953807e-21
4.966321503193178796e+04 1.853620183898539238e-21 2.140574014921468366e-21
4.968115652326773125e+04 3.778791766762707523e-21 2.015576786969066046e-21
4.969909796479624492e+04 4.035220937846637089e-21 2.077222960398381263e-21
4.971703935646300670e+04 1.767373431831758180e-22 1.990113740204541913e-21
4.973498069821392710e+04 6.231220689786784075e-21 2.139662196955047715e-21
4.975292198999691755e+04 1.774821609530911096e-21 2.017844120831559164e-21
4.977086323176158476e+04 2.416529088544875976e-21 2.150433789453760252e-21
4.978880442345297342e+04 1.431645757332955526e-21 2.149637379942599689e-21
4.980674556501889310e+04 4.194672964461978160e-22 1.962000815895461122e-21
4.982468665640620020e+04 8.903499753443895996e-22 2.139106308028926223e-21
4.984262769756372290e+04 8.986751016413173333e-21 2.816897686306577371e-21
4.986056868843888515e+04 8.586238084058966452e-21 2.261475681268851354e-21
4.987850962897630234e+04 3.468743617884009489e-21 2.135819176679395867e-21
4.989645051912501367e+04 6.440968749424776177e-22 2.178993004032790706e-21
4.991439135883370909e+04 3.294025800276459242e-21 2.188858031548821380e-21
4.993233214804907038e+04 -3.043405457001594184e-22 1.986008281548416061e-21
4.995027288671865244e+04 3.043075107758217239e-21 1.982068270038617531e-21
4.996821357478957361e+04 4.214867829489056419e-21 2.135630999692855423e-21
4.998615421220920689e+04 7.807764951935031550e-21 2.256408117124191289e-21
5.000409479892491072e+04 5.226462392945624583e-21 2.344855861345186621e-21
5.002203533488659014e+04 3.393737878065007028e-22 2.261380677470981501e-21
5.003997582003883872e+04 6.495250509525089995e-21 2.322454321580516922e-21
5.005791625433143781e+04 4.589527526031042549e-21 2.298056607513428042e-21
5.007585663771061081e+04 6.190195692156842623e-21 2.338470269432610067e-21
5.009379697012485121e+04 5.203007956868382439e-22 2.041757585454803833e-21
5.011173725152187399e+04 -3.763564197381588945e-21 2.186617417150716331e-21
5.012967748184943775e+04 -7.317051410379826491e-22 2.281843246980447862e-21
5.014761766105373681e+04 4.357096341059963097e-21 2.337068444999111594e-21
5.016555778908568755e+04 6.083142955582565079e-22 2.203706410925429959e-21
5.018349786589053838e+04 3.809491677406271085e-21 2.253744989239350383e-21
5.020143789141703019e+04 3.569434336149353620e-21 2.313859284206776069e-21
5.021937786561308167e+04 -1.520107736058690826e-21 2.024293030832108128e-21
5.023731778842652420e+04 8.347904475929922971e-21 2.229700694641114622e-21
5.025525765980493452e+04 7.534095378463772462e-22 2.222146555463883678e-21
5.027319747969596938e+04 3.806432899078856219e-21 2.218708848468506118e-21
5.029113724804812955e+04 1.478337487852785370e-22 2.327056523941506286e-21
5.030907696480938466e+04 2.154897448261755342e-21 2.230361227694118096e-21
5.032701662992849015e+04 3.934417113904947929e-21 2.175565751806276401e-21
5.034495624335113098e+04 6.402688028306592758e-21 2.250422057784331428e-21
5.036289580502763420e+04 1.032194950328437071e-20 2.393402072287023810e-21
5.038083531490436872e+04 5.357292496400183840e-21 2.190504082376785614e-21
5.039877477292955155e+04 8.465008344495256125e-21 2.264901738042202967e-21
5.041671417905356793e+04 3.807950827552317654e-21 2.325887016168508294e-21
5.043465353322142619e+04 3.595930630137146427e-22 2.175808029613952151e-21
5.045259283538408636e+04 1.273906733368294831e-21 2.182196191414821632e-21
5.047053208548708790e+04 2.379047779042811716e-21 2.251341958679163962e-21
5.048847128347991384e+04 -8.856719763728888935e-23 2.324714204461664548e-21
5.050641042931158881e+04 -1.136852377789199755e-21 2.314142546170111910e-21
5.052434952292796515e+04 1.310155449437570672e-21 2.365629572669870528e-21
5.054228856428042491e+04 3.225966389580576262e-21 2.283788096535604092e-21
5.056022755331425287e+04 3.239215905752202443e-21 2.260684269888335096e-21
5.057816648997810262e+04 1.479929094114764648e-21 2.158694985429190077e-21
5.059610537422282505e+04 7.483887988491751204e-21 2.092614648020127312e-21
5.061404420599445439e+04 3.254799999922153736e-22 2.167455073815254026e-21
5.063198298524213897e+04 1.227832976450911386e-21 2.185653202852104848e-21
5.064992171356063773e+04 2.693236582401553585e-21 2.079402910629385404e-21
5.066786041778678918e+04 1.622811924060485885e-21 2.181438738607272267e-21
5.068579906933382881e+04 2.678434734581990626e-22 2.234428452294852277e-21
5.070373766815018462e+04 -2.048314156202226019e-21 2.343440804038321218e-21
5.072167621418512863e+04 -2.093457609089494382e-21 2.435036497656185914e-21
5.073961470738471689e+04 3.333885155753053954e-21 2.504934666295134357e-21
5.075755314770130644e+04 -2.211232271013820463e-21 2.157535313743885439e-21
5.077549153507885057e+04 5.572917254182322416e-22 2.183491911276614393e-21
5.079342986946739256e+04 1.859546672761253272e-21 2.176090487399805731e-21
5.081136815081864916e+04 4.402231321349366223e-21 2.365427250876717056e-21
5.082930637907641358e+04 1.092828947143496036e-21 2.509667280238440070e-21
5.084724455419327569e+04 -5.350273949438136121e-21 2.303814302227825548e-21
5.086518267611444753e+04 1.260280660949118029e-21 2.468762527986364826e-21
5.088312074479213334e+04 2.711765504550806359e-21 2.420484295914846013e-21
5.090105876017164701e+04 5.330925906346522320e-21 2.266907768901560495e-21
5.091899672220402863e+04 2.588170877448419672e-21 2.236976906317162556e-21
5.093693463083554525e+04 9.397242910296207219e-22 2.352977708400271804e-21
5.095487248601896863e+04 1.392068078415049421e-21 2.337329773852736799e-21
5.097281028769796831e+04 3.305321576053715397e-21 2.255054035246250056e-21
5.099074803582498134e+04 2.036712970677322487e-21 2.310158110584688844e-21
5.100868573034774454e+04 -4.840886870271823501e-21 2.294033148567808315e-21
5.102662337121343444e+04 2.356873247929413552e-21 2.325071540516965596e-21
5.104456095837488829e+04 2.170048148808022030e-21 2.344227115990409852e-21
5.106249849177693250e+04 -1.195536925358875767e-21 2.311917576789259691e-21
5.108043597136987955e+04 2.955970886564131183e-21 2.351924526208968468e-21
5.109837339710289962e+04 2.129599482655629791e-21 2.506974641965809869e-21
5.111631076892391866e+04 4.790753633113542294e-21 2.581521701037340581e-21
5.113424808678428963e+04 8.358124460992677891e-22 2.583954513140055847e-21
5.115218535062893352e+04 -1.776859827985616581e-21 2.321033798668567186e-21
5.117012256040998909e+04 4.765953145085574072e-21 2.612624031353451089e-21
5.118805971607722313e+04 -1.488202003610275584e-21 2.492369032511806964e-21
5.120599681757648068e+04 2.657339463805207812e-22 2.225472828047773740e-21
5.122393386485833616e+04 5.130830676292854907e-21 2.340255767193339997e-21
5.124187085787101387e+04 2.218409898824646977e-21 2.314371989045967385e-21
5.125980779656515369e+04 1.063625331553515839e-21 2.400377013483897457e-21
5.127774468088744470e+04 4.840719467814397374e-21 2.376760462836779921e-21
5.129568151079099334e+04 7.551720656865421036e-21 2.501611222040710288e-21
5.131361828622032044e+04 1.249837430518413820e-21 2.311141475669037779e-21
5.133155500712733192e+04 6.960256005543037469e-21 2.450219369426745654e-21
5.134949167346054310e+04 6.882559181681994331e-21 2.207945375238011090e-21
5.136742828516913869e+04 4.061326951981176119e-21 2.459246824439422172e-21
5.138536484220151033e+04 2.783160603186757337e-21 2.462498865593897647e-21
5.140330134450847254e+04 2.312077650633746660e-21 2.386400852879334362e-21
5.142123779203737649e+04 1.568837742280738004e-21 2.384312991587188086e-21
5.143917418473964062e+04 -6.953611111937459807e-21 2.255866361121809044e-21
5.145711052256177209e+04 -4.295080384891477726e-21 2.426810476864668304e-21
5.147504680545553128e+04 -2.929025545847725211e-21 2.130431044585820175e-21
5.149298303336933168e+04 2.246570191681126831e-21 2.277320436175830800e-21
5.151091920625172497e+04 7.516072572283472961e-21 2.366406605191244030e-21
5.152885532405286358e+04 1.499659126095113200e-21 2.539425067759020495e-21
5.154679138672311819e+04 6.980249779965355869e-21 2.494696556040409437e-21
5.156472739420903963e+04 7.391169631615612818e-21 2.509362348962812931e-21
5.158266334646347241e+04 9.281829733673530185e-21 2.572822464168639715e-21
5.160059924343335297e+04 5.010184815614627807e-21 2.505021676898185720e-21
5.161853508506890648e+04 1.993305924199694982e-21 2.524388043671016540e-21
5.163647087131877197e+04 -3.771148246773778551e-21 2.403056691475991791e-21
5.165440660213479714e+04 -3.262959129065879580e-22 2.605236370201542152e-21
5.167234227746260876e+04 2.363093099485567348e-21 2.438682465370026249e-21
5.169027789725568437e+04 5.743040185601829617e-22 2.438950706603531080e-21
5.170821346145936695e+04 5.033433735639680810e-22 2.457414159600106918e-21
5.172614897002817452e+04 5.914936330748581312e-21 2.505167444807419820e-21
5.174408442290834500e+04 5.017070493038118517e-21 2.481084233958587821e-21
5.176201982005030732e+04 2.632724397755652770e-21 2.469920630476581327e-21
5.177995516140251857e+04 -2.875644475743658262e-21 2.439936228502151977e-21
5.179789044691774325e+04 1.077150177205875790e-21 2.449686156234850405e-21
5.181582567654024024e+04 5.347828352545991661e-21 2.435743609627885680e-21
5.183376085022549523e+04 3.876451293407940035e-21 2.482400214470591758e-21
5.185169596791894583e+04 4.950629562172642381e-21 2.618009497393361618e-21
5.186963102957372030e+04 -6.647794643018938384e-22 2.345243598557051587e-21
5.188756603513605660e+04 2.885762534532426889e-22 2.631371957828497949e-21
5.190550098455876287e+04 -2.605232325087472519e-21 2.552360473052299994e-21
5.192343587778897927e+04 -1.139703713186547779e-21 2.350085961804538826e-21
5.194137071477767313e+04 3.410396765969836834e-21 2.498799550706769511e-21
5.195930549547378905e+04 -4.679929076030586750e-21 2.456119061445364881e-21
5.197724021983048442e+04 1.789187655535044016e-21 2.441732446102968171e-21
5.199517488779247651e+04 -1.311371982739783716e-21 2.414434650600763505e-21
5.201310949931381037e+04 1.337900146818002986e-20 3.111970522978032403e-21
